0.83666 0.0845193 -0.28377 0.458183 -0.700724 -0.249892 -0.666346 0.222614 0.24536 0.0241129 0.240635 -0.685933 0.474581 
-0.570715 -0.707449 0.229397 -0.604902 -0.0850648 0.253699 0.429306 0.618552 -0.349372 0.282264 -0.503701 0.582567 0.425419 
-0.265945 0.62293 0.0543726 0.146719 0.785789 -0.00380712 0.237041 -0.841167 0.104013 -0.306377 0.263066 0.103365 -0.9 
0.83666 0.0845193 -0.28377 0.458183 -0.700724 -0.249892 -0.666346 0.222614 0.24536 0.0241129 0.240635 -0.685933 0.474581 
-0.570715 -0.707449 0.229397 -0.604902 -0.0850648 0.253699 0.429306 0.618552 -0.349372 0.282264 -0.503701 0.582567 0.425419 
-0.265945 0.62293 0.0543726 0.146719 0.785789 -0.00380712 0.237041 -0.841167 0.104013 -0.306377 0.263066 0.103365 -0.9 
0.83666 0.0845193 -0.28377 0.458183 -0.700724 -0.249892 -0.666346 0.222614 0.24536 0.0241129 0.240635 -0.685933 0.474581 
-0.570715 -0.707449 0.229397 -0.604902 -0.0850648 0.253699 0.429306 0.618552 -0.349372 0.282264 -0.503701 0.582567 0.425419 
-0.265945 0.62293 0.0543726 0.146719 0.785789 -0.00380712 0.237041 -0.841167 0.104013 -0.306377 0.263066 0.103365 -0.9 
0.83666 0.0845193 -0.28377 0.458183 -0.700724 -0.249892 -0.666346 0.222614 0.24536 0.0241129 0.240635 -0.685933 0.474581 
-0.570715 -0.707449 0.229397 -0.604902 -0.0850648 0.253699 0.429306 0.618552 -0.349372 0.282264 -0.503701 0.582567 0.425419 
-0.265945 0.62293 0.0543726 0.146719 0.785789 -0.00380712 0.237041 -0.841167 0.104013 -0.306377 0.263066 0.103365 -0.9 
0.83666 0.0845193 -0.28377 0.458183 -0.700724 -0.249892 -0.666346 0.222614 0.24536 0.0241129 0.240635 -0.685933 0.474581 
-0.570715 -0.707449 0.229397 -0.604902 -0.0850648 0.253699 0.429306 0.618552 -0.349372 0.282264 -0.503701 0.582567 0.425419 
-0.265945 0.62293 0.0543726 0.146719 0.785789 -0.00380712 0.237041 -0.841167 0.104013 -0.306377 0.263066 0.103365 -0.9 
