1 0.00182
2 0.00369
3 0.00518
4 0.01044
5 0.02209
6 0.02653
7 0.03348
8 0.03508
9 0.03858
10 0.0428
11 0.04462
12 0.06603
13 0.07977
14 0.08399
15 0.10329
16 0.10712
17 0.11064
18 0.11807
19 0.12326
20 0.12629
21 0.12825
22 0.13337
23 0.13886
24 0.14769
25 0.15029
26 0.15962
27 0.1631
28 0.18011
29 0.18418
30 0.18831
31 0.19463
32 0.20785
33 0.22057
34 0.22278
35 0.22794
36 0.23003
37 0.23754
38 0.24344
39 0.24544
40 0.26706
41 0.2855
42 0.28753
43 0.30048
44 0.30281
45 0.30999
46 0.31352
47 0.32345
48 0.32674
49 0.33647
50 0.3484
51 0.35144
52 0.36245
53 0.36777
54 0.37966
55 0.38613
56 0.39138
57 0.40306
58 0.41568
59 0.43041
60 0.44731
61 0.45712
62 0.46012
63 0.48176
64 0.4863
65 0.48772
66 0.49214
67 0.49383
68 0.4969
69 0.50125
70 0.52325
71 0.52612
72 0.53425
73 0.54232
74 0.55061
75 0.55891
76 0.56666
77 0.56946
78 0.57363
79 0.58177
80 0.58659
81 0.58825
82 0.5917
83 0.59795
84 0.60137
85 0.61273
86 0.61401
87 0.62817
88 0.636
89 0.63916
90 0.64283
91 0.64378
92 0.645
93 0.65165
94 0.65893
95 0.66376
96 0.66513
97 0.68657
98 0.69057
99 0.69304
100 0.70175
101 0.70828
102 0.71067
103 0.71363
104 0.71634
105 0.72833
106 0.73516
107 0.74162
108 0.75098
109 0.75895
110 0.76233
111 0.7821
112 0.79462
113 0.80022
114 0.80417
115 0.81454
116 0.81918
117 0.82518
118 0.82958
119 0.84607
120 0.85243
121 0.86089
122 0.86249
123 0.8646
124 0.86952
125 0.88024
126 0.88484
127 0.88671
128 0.89072
129 0.89314
130 0.89862
131 0.89984
132 0.90227
133 0.91307
134 0.91557
135 0.93238
136 0.93942
137 0.94308
138 0.94692
139 0.94871
140 0.95296
141 0.96231
142 0.96877
143 0.98515
144 0.98859
145 0.99671
146 1.00854
147 1.01857
148 1.02982
149 1.03327
150 1.04683
151 1.06275
152 1.07452
153 1.08456
154 1.08927
155 1.10206
156 1.10419
157 1.1207
158 1.13419
159 1.1386
160 1.14337
161 1.15213
162 1.16912
163 1.18555
164 1.18817
165 1.19954
166 1.20189
167 1.21975
168 1.2259
169 1.22775
170 1.23661
171 1.24094
172 1.24348
173 1.26204
174 1.28038
175 1.2899
176 1.29407
177 1.30331
178 1.31982
179 1.32757
180 1.33348
181 1.3362
182 1.34472
183 1.34944
184 1.35145
185 1.35732
186 1.36795
187 1.3703
188 1.37242
189 1.37548
190 1.38189
191 1.38775
192 1.39662
193 1.3995
194 1.40271
195 1.40783
196 1.4185
197 1.43314
198 1.43681
199 1.44998
200 1.45468
201 1.4561
202 1.46714
203 1.47566
204 1.4794
205 1.4822
206 1.48641
207 1.49149
208 1.49396
209 1.49628
210 1.49779
211 1.5104
212 1.51407
213 1.52151
214 1.52784
215 1.5412
216 1.57091
217 1.57256
218 1.5768
219 1.5813
220 1.59159
221 1.59352
222 1.60256
223 1.61099
224 1.61463
225 1.61581
226 1.63238
227 1.64094
228 1.65327
229 1.65787
230 1.66206
231 1.66502
232 1.67783
233 1.69049
234 1.69429
235 1.6984
236 1.71017
237 1.71343
238 1.72021
239 1.73468
240 1.74148
241 1.74775
242 1.75132
243 1.76571
244 1.78162
245 1.78441
246 1.79076
247 1.79364
248 1.79744
249 1.79858
250 1.81996
251 1.82425
252 1.82905
253 1.83504
254 1.84391
255 1.84746
256 1.85416
257 1.85876
258 1.86388
259 1.8686
260 1.87737
261 1.88988
262 1.89227
263 1.90449
264 1.94047
265 1.94269
266 1.94504
267 1.95168
268 1.95337
269 1.96308
270 1.96624
271 1.9812
272 1.99577
273 2.00008
274 2.00304
275 2.00927
276 2.03298
277 2.03577
278 2.05005
279 2.06091
280 2.07121
281 2.07491
282 2.07705
283 2.08263
284 2.09766
285 2.11852
286 2.12396
287 2.13055
288 2.14087
289 2.14812
290 2.16059
291 2.19021
292 2.20247
293 2.22228
294 2.22956
295 2.2457
296 2.2468
297 2.25372
298 2.2621
299 2.27958
300 2.28166
301 2.28676
302 2.2905
303 2.31161
304 2.32955
305 2.33373
306 2.35415
307 2.35693
308 2.35794
309 2.36032
310 2.36307
311 2.36926
312 2.3713
313 2.37287
314 2.37468
315 2.38215
316 2.40165
317 2.40377
318 2.40733
319 2.43184
320 2.44622
321 2.44985
322 2.45218
323 2.45643
324 2.46153
325 2.46835
326 2.48225
327 2.49512
328 2.50003
329 2.50482
330 2.52852
331 2.54791
332 2.56226
333 2.56556
334 2.57725
335 2.57997
336 2.58394
337 2.58653
338 2.59873
339 2.60345
340 2.6077
341 2.62337
342 2.63101
343 2.63594
344 2.64154
345 2.64871
346 2.65813
347 2.68442
348 2.69234
349 2.69636
350 2.70244
351 2.70502
352 2.72018
353 2.73358
354 2.74177
355 2.7448
356 2.74622
357 2.74944
358 2.75645
359 2.76372
360 2.77542
361 2.78408
362 2.78782
363 2.78924
364 2.80077
365 2.80357
366 2.81878
367 2.8248
368 2.82757
369 2.84
370 2.84633
371 2.85649
372 2.86101
373 2.87001
374 2.87231
375 2.89228
376 2.91381
377 2.93854
378 2.94072
379 2.95264
380 2.95427
381 2.96172
382 2.96811
383 2.9904
384 2.99266
385 2.99849
