1 0.00722
2 0.00851
3 0.01048
4 0.01968
5 0.02214
6 0.02908
7 0.03774
8 0.03985
9 0.0437
10 0.04643
11 0.04957
12 0.0535
13 0.05602
14 0.05831
15 0.05956
16 0.06364
17 0.06851
18 0.0734
19 0.08144
20 0.09239
21 0.09759
22 0.10308
23 0.10982
24 0.11186
25 0.11384
26 0.11897
27 0.12438
28 0.12725
29 0.14263
30 0.15055
31 0.15496
32 0.16035
33 0.16256
34 0.16686
35 0.17045
36 0.17589
37 0.1801
38 0.19239
39 0.2066
40 0.20847
41 0.21532
42 0.21657
43 0.23079
44 0.23961
45 0.25324
46 0.25628
47 0.2609
48 0.26381
49 0.26487
50 0.26763
51 0.26929
52 0.28813
53 0.30054
54 0.30568
55 0.31365
56 0.32374
57 0.32662
58 0.34173
59 0.34646
60 0.35005
61 0.35825
62 0.36633
63 0.36785
64 0.37945
65 0.39168
66 0.39318
67 0.39447
68 0.40875
69 0.41072
70 0.42002
71 0.42758
72 0.43461
73 0.4525
74 0.45687
75 0.46145
76 0.46626
77 0.47127
78 0.47365
79 0.48262
80 0.49936
81 0.5062
82 0.51524
83 0.54086
84 0.54714
85 0.55496
86 0.55762
87 0.56375
88 0.56643
89 0.56775
90 0.58106
91 0.58824
92 0.59707
93 0.6033
94 0.6071
95 0.61213
96 0.6133
97 0.61467
98 0.61993
99 0.62547
100 0.63049
101 0.64217
102 0.648
103 0.65507
104 0.66051
105 0.66215
106 0.66612
107 0.67446
108 0.68322
109 0.68742
110 0.70166
111 0.70522
112 0.70976
113 0.71239
114 0.71546
115 0.72071
116 0.72576
117 0.73586
118 0.74509
119 0.76611
120 0.78106
121 0.78377
122 0.78732
123 0.78975
124 0.79573
125 0.7985
126 0.80339
127 0.81036
128 0.81898
129 0.8441
130 0.85044
131 0.85656
132 0.86089
133 0.86261
134 0.86805
135 0.869
136 0.87067
137 0.87341
138 0.88494
139 0.88811
140 0.89299
141 0.89637
142 0.90167
143 0.90894
144 0.91051
145 0.92378
146 0.93863
147 0.94033
148 0.94179
149 0.94468
150 0.94932
151 0.95582
152 0.96404
153 0.96865
154 0.99987
155 1.00536
156 1.00965
157 1.01674
158 1.04183
159 1.04344
160 1.05199
161 1.05484
162 1.05911
163 1.0994
164 1.1064
165 1.1092
166 1.11255
167 1.1158
168 1.11923
169 1.12281
170 1.13037
171 1.1371
172 1.13974
173 1.14964
174 1.15864
175 1.16692
176 1.17174
177 1.17788
178 1.17985
179 1.18272
180 1.18657
181 1.19267
182 1.19759
183 1.20975
184 1.21136
185 1.22163
186 1.25138
187 1.25523
188 1.26152
189 1.2649
190 1.26647
191 1.28889
192 1.29494
193 1.29667
194 1.30283
195 1.30488
196 1.31293
197 1.32129
198 1.32432
199 1.34988
200 1.35933
201 1.36288
202 1.36816
203 1.37086
204 1.37675
205 1.39553
206 1.39751
207 1.40367
208 1.40849
209 1.41188
210 1.41617
211 1.42028
212 1.42465
213 1.43118
214 1.43749
215 1.45795
216 1.47015
217 1.47307
218 1.47623
219 1.47885
220 1.50253
221 1.51142
222 1.52127
223 1.53358
224 1.53584
225 1.54386
226 1.55158
227 1.55653
228 1.55874
229 1.56364
230 1.56504
231 1.56617
232 1.57328
233 1.59134
234 1.60509
235 1.61206
236 1.61466
237 1.62197
238 1.62436
239 1.64117
240 1.64568
241 1.65664
242 1.66127
243 1.66272
244 1.67758
245 1.70124
246 1.70861
247 1.71968
248 1.72082
249 1.73184
250 1.74712
251 1.74992
252 1.76218
253 1.76716
254 1.78353
255 1.78799
256 1.79051
257 1.79616
258 1.8042
259 1.81086
260 1.82027
261 1.85456
262 1.86158
263 1.86276
264 1.86866
265 1.87325
266 1.88116
267 1.88332
268 1.88556
269 1.88727
270 1.90015
271 1.91903
272 1.93028
273 1.95143
274 1.95616
275 1.96238
276 1.97481
277 1.97789
278 1.99567
279 2.00557
280 2.00871
281 2.01511
282 2.02295
283 2.03855
284 2.04648
285 2.05003
286 2.05586
287 2.05789
288 2.06101
289 2.06389
290 2.06708
291 2.07105
292 2.09948
293 2.11796
294 2.11921
295 2.12613
296 2.13335
297 2.13718
298 2.1453
299 2.15505
300 2.15794
301 2.16039
302 2.16717
303 2.17005
304 2.17286
305 2.17922
306 2.20821
307 2.22162
308 2.23264
309 2.25313
310 2.25817
311 2.26208
312 2.26623
313 2.2915
314 2.2975
315 2.29969
316 2.30969
317 2.31253
318 2.32271
319 2.32587
320 2.34782
321 2.36264
322 2.37387
323 2.37931
324 2.38921
325 2.3983
326 2.40151
327 2.41432
328 2.41911
329 2.42796
330 2.43887
331 2.4429
332 2.44554
333 2.46119
334 2.4652
335 2.47122
336 2.50001
337 2.5085
338 2.51234
339 2.51866
340 2.53822
341 2.54466
342 2.54803
343 2.55229
344 2.5547
345 2.55695
346 2.56291
347 2.5757
348 2.5938
349 2.60469
350 2.61015
351 2.61379
352 2.6161
353 2.62709
354 2.63084
355 2.6359
356 2.64195
357 2.64582
358 2.65817
359 2.66265
360 2.66631
361 2.67401
362 2.67622
363 2.68146
364 2.69937
365 2.70702
366 2.71108
367 2.71276
368 2.71692
369 2.71925
370 2.72335
371 2.73005
372 2.76101
373 2.76871
374 2.78483
375 2.78951
376 2.79289
377 2.80137
378 2.81053
379 2.81598
380 2.83692
381 2.84468
382 2.85042
383 2.86254
384 2.86622
385 2.86928
386 2.87348
387 2.87714
388 2.88191
389 2.8869
390 2.89031
391 2.90239
392 2.90771
393 2.91079
394 2.91744
395 2.91939
396 2.92112
397 2.93378
398 2.95429
399 2.95836
400 2.96208
401 2.96679
402 2.97733
