1 0.00867
2 0.01341
3 0.01516
4 0.01867
5 0.02192
6 0.03628
7 0.03727
8 0.05451
9 0.06461
10 0.07405
11 0.08963
12 0.09971
13 0.10063
14 0.10795
15 0.11895
16 0.12293
17 0.12657
18 0.14591
19 0.15054
20 0.16444
21 0.17503
22 0.1818
23 0.18672
24 0.18928
25 0.19353
26 0.20119
27 0.20275
28 0.21135
29 0.21678
30 0.21924
31 0.23127
32 0.24013
33 0.24552
34 0.26015
35 0.26259
36 0.26745
37 0.27548
38 0.2859
39 0.28862
40 0.30197
41 0.30469
42 0.30684
43 0.30935
44 0.31424
45 0.31594
46 0.32102
47 0.32817
48 0.33041
49 0.34011
50 0.34842
51 0.3577
52 0.36402
53 0.36523
54 0.36989
55 0.37283
56 0.38024
57 0.3841
58 0.39789
59 0.39875
60 0.40999
61 0.41703
62 0.42716
63 0.4289
64 0.43832
65 0.44129
66 0.46003
67 0.46352
68 0.46708
69 0.46901
70 0.48874
71 0.48971
72 0.49302
73 0.51171
74 0.51378
75 0.51685
76 0.5393
77 0.54167
78 0.5487
79 0.55436
80 0.56199
81 0.56689
82 0.57217
83 0.59446
84 0.60045
85 0.60319
86 0.60573
87 0.60891
88 0.61114
89 0.62139
90 0.62474
91 0.63073
92 0.64644
93 0.65911
94 0.66619
95 0.67608
96 0.68113
97 0.69145
98 0.69993
99 0.70321
100 0.70611
101 0.71299
102 0.71454
103 0.7241
104 0.7287
105 0.73096
106 0.74045
107 0.74274
108 0.76414
109 0.76784
110 0.77077
111 0.78141
112 0.78697
113 0.79254
114 0.80212
115 0.81029
116 0.81745
117 0.82719
118 0.84082
119 0.84563
120 0.84772
121 0.86571
122 0.87419
123 0.87936
124 0.88452
125 0.89187
126 0.89696
127 0.91604
128 0.92203
129 0.92297
130 0.93006
131 0.9338
132 0.93664
133 0.94156
134 0.94622
135 0.95159
136 0.96172
137 0.96732
138 0.98342
139 0.98796
140 0.99065
141 0.99222
142 0.99417
143 1.01082
144 1.02508
145 1.03128
146 1.03721
147 1.04832
148 1.05293
149 1.05774
150 1.06061
151 1.07121
152 1.09028
153 1.10253
154 1.10852
155 1.11805
156 1.12147
157 1.12558
158 1.12879
159 1.13727
160 1.14727
161 1.15601
162 1.16533
163 1.17241
164 1.17379
165 1.17725
166 1.18953
167 1.19263
168 1.19559
169 1.20208
170 1.20673
171 1.21188
172 1.21905
173 1.22072
174 1.23331
175 1.23591
176 1.23917
177 1.24495
178 1.24925
179 1.25762
180 1.26078
181 1.26243
182 1.2673
183 1.27674
184 1.28549
185 1.29413
186 1.3016
187 1.30349
188 1.30611
189 1.33136
190 1.33948
191 1.34274
192 1.3487
193 1.35253
194 1.36664
195 1.3687
196 1.37258
197 1.37718
198 1.40078
199 1.41606
200 1.42596
201 1.42851
202 1.43499
203 1.438
204 1.44054
205 1.4551
206 1.4729
207 1.4755
208 1.48733
209 1.50006
210 1.50968
211 1.51209
212 1.51338
213 1.51599
214 1.52417
215 1.53155
216 1.54021
217 1.55942
218 1.56452
219 1.57071
220 1.59389
221 1.59767
222 1.60498
223 1.61505
224 1.61781
225 1.61891
226 1.6218
227 1.63326
228 1.64235
229 1.64608
230 1.66001
231 1.66469
232 1.67684
233 1.6792
234 1.68436
235 1.70328
236 1.70702
237 1.71163
238 1.71438
239 1.71597
240 1.72014
241 1.72561
242 1.74442
243 1.74986
244 1.75904
245 1.76129
246 1.76282
247 1.77192
248 1.78684
249 1.7904
250 1.79631
251 1.80194
252 1.80455
253 1.80735
254 1.80889
255 1.81367
256 1.81637
257 1.81992
258 1.83717
259 1.84229
260 1.84553
261 1.85029
262 1.85376
263 1.86802
264 1.87836
265 1.88195
266 1.90295
267 1.90891
268 1.91639
269 1.92044
270 1.92773
271 1.93074
272 1.93462
273 1.93741
274 1.93872
275 1.95136
276 1.95986
277 1.96313
278 1.9656
279 1.96826
280 1.97343
281 1.98781
282 1.99865
283 2.01222
284 2.01662
285 2.02111
286 2.03465
287 2.05724
288 2.05917
289 2.06209
290 2.07181
291 2.09006
292 2.09629
293 2.1033
294 2.10437
295 2.10843
296 2.11698
297 2.12013
298 2.12471
299 2.12743
300 2.14375
301 2.15783
302 2.16379
303 2.1712
304 2.18579
305 2.18964
306 2.19901
307 2.20425
308 2.20549
309 2.20797
310 2.21351
311 2.21755
312 2.2227
313 2.22757
314 2.23184
315 2.24501
316 2.25898
317 2.26327
318 2.27104
319 2.27245
320 2.28127
321 2.28952
322 2.29175
323 2.30371
324 2.30565
325 2.30837
326 2.31086
327 2.31893
328 2.32442
329 2.34512
330 2.34662
331 2.36582
332 2.37587
333 2.39291
334 2.40019
335 2.41123
336 2.41417
337 2.4164
338 2.42029
339 2.42809
340 2.43118
341 2.43778
342 2.44678
343 2.44984
344 2.45883
345 2.47076
346 2.48612
347 2.51055
348 2.51421
349 2.51987
350 2.52438
351 2.52665
352 2.53369
353 2.53568
354 2.55441
355 2.56119
356 2.56427
357 2.56599
358 2.59403
359 2.59689
360 2.60009
361 2.60623
362 2.61649
363 2.63415
364 2.65745
365 2.66151
366 2.66274
367 2.66722
368 2.67089
369 2.6792
370 2.6833
371 2.68905
372 2.69507
373 2.69783
374 2.70691
375 2.72032
376 2.72686
377 2.74079
378 2.74217
379 2.74425
380 2.76032
381 2.77131
382 2.78809
383 2.79046
384 2.79355
385 2.80327
386 2.8053
387 2.80669
388 2.81211
389 2.84389
390 2.84627
391 2.85224
392 2.87552
393 2.89887
394 2.91744
395 2.92549
396 2.9362
397 2.94463
398 2.94774
399 2.95391
400 2.95713
401 2.96234
402 2.97319
403 2.97703
404 2.99199
