1 0.00221
2 0.00476
3 0.02426
4 0.0316
5 0.03433
6 0.03606
7 0.04464
8 0.06481
9 0.07155
10 0.07984
11 0.08499
12 0.091
13 0.1082
14 0.11006
15 0.11329
16 0.1194
17 0.12626
18 0.13426
19 0.1377
20 0.15078
21 0.15355
22 0.15803
23 0.17083
24 0.1805
25 0.19446
26 0.21004
27 0.21739
28 0.2267
29 0.23007
30 0.25135
31 0.26479
32 0.27492
33 0.2919
34 0.29771
35 0.30198
36 0.30953
37 0.31198
38 0.31508
39 0.31902
40 0.32535
41 0.32972
42 0.33684
43 0.36331
44 0.3784
45 0.38146
46 0.38455
47 0.38854
48 0.40291
49 0.42171
50 0.42645
51 0.42927
52 0.43257
53 0.43872
54 0.45
55 0.46353
56 0.47642
57 0.48485
58 0.48598
59 0.48917
60 0.50261
61 0.52624
62 0.52997
63 0.54023
64 0.54356
65 0.54498
66 0.54731
67 0.55447
68 0.56099
69 0.56258
70 0.5716
71 0.58022
72 0.59006
73 0.6102
74 0.61495
75 0.62019
76 0.63267
77 0.64736
78 0.65174
79 0.65322
80 0.65718
81 0.66351
82 0.68153
83 0.69314
84 0.70913
85 0.71319
86 0.72164
87 0.72614
88 0.73177
89 0.73704
90 0.74
91 0.74921
92 0.7617
93 0.7759
94 0.79951
95 0.80965
96 0.83036
97 0.85639
98 0.85968
99 0.87847
100 0.87998
101 0.88152
102 0.88539
103 0.8933
104 0.90247
105 0.90872
106 0.93132
107 0.93523
108 0.94189
109 0.9706
110 0.97769
111 0.98575
112 0.99792
113 1.00105
114 1.02736
115 1.02934
116 1.04295
117 1.05197
118 1.06101
119 1.06229
120 1.06776
121 1.06959
122 1.07811
123 1.08745
124 1.11408
125 1.12412
126 1.12899
127 1.13214
128 1.13324
129 1.13644
130 1.13869
131 1.14073
132 1.14654
133 1.15489
134 1.16197
135 1.16688
136 1.1688
137 1.17093
138 1.17537
139 1.18113
140 1.18735
141 1.18988
142 1.19369
143 1.19625
144 1.21043
145 1.22416
146 1.22699
147 1.23373
148 1.23901
149 1.24994
150 1.25478
151 1.28112
152 1.29148
153 1.29497
154 1.31483
155 1.34009
156 1.34559
157 1.35377
158 1.3554
159 1.35948
160 1.3672
161 1.37358
162 1.38193
163 1.39723
164 1.40604
165 1.41252
166 1.41455
167 1.4304
168 1.44273
169 1.44759
170 1.45136
171 1.46096
172 1.4701
173 1.47682
174 1.47925
175 1.48799
176 1.49989
177 1.505
178 1.5113
179 1.54349
180 1.55288
181 1.56313
182 1.5668
183 1.56898
184 1.57496
185 1.58301
186 1.5862
187 1.60152
188 1.60745
189 1.61234
190 1.62471
191 1.64875
192 1.65424
193 1.6635
194 1.66637
195 1.66805
196 1.67192
197 1.67458
198 1.68251
199 1.68822
200 1.69475
201 1.71107
202 1.72419
203 1.72969
204 1.73674
205 1.73851
206 1.75394
207 1.7928
208 1.81719
209 1.81882
210 1.82252
211 1.82738
212 1.8382
213 1.84251
214 1.84619
215 1.86287
216 1.87705
217 1.88074
218 1.8893
219 1.90221
220 1.90627
221 1.91201
222 1.91866
223 1.92389
224 1.93484
225 1.94556
226 1.96633
227 1.96771
228 1.97051
229 1.98268
230 1.98588
231 2.01914
232 2.02897
233 2.04071
234 2.0453
235 2.06275
236 2.06569
237 2.0735
238 2.08108
239 2.10594
240 2.11012
241 2.11452
242 2.12532
243 2.13212
244 2.14492
245 2.16606
246 2.1702
247 2.18892
248 2.19621
249 2.21334
250 2.24553
251 2.25978
252 2.27177
253 2.28498
254 2.29811
255 2.30994
256 2.32001
257 2.32749
258 2.32997
259 2.3349
260 2.34121
261 2.35369
262 2.36694
263 2.37847
264 2.38966
265 2.40666
266 2.40996
267 2.41503
268 2.42101
269 2.42758
270 2.43133
271 2.43672
272 2.4426
273 2.44711
274 2.46224
275 2.46949
276 2.48165
277 2.49055
278 2.49318
279 2.5124
280 2.51661
281 2.5254
282 2.52998
283 2.55595
284 2.56019
285 2.56253
286 2.56893
287 2.5752
288 2.58707
289 2.59045
290 2.5989
291 2.61368
292 2.62298
293 2.63857
294 2.65042
295 2.66012
296 2.67451
297 2.68168
298 2.68882
299 2.69725
300 2.71484
301 2.72084
302 2.73239
303 2.74058
304 2.75481
305 2.75884
306 2.76581
307 2.776
308 2.791
309 2.79325
310 2.80383
311 2.80791
312 2.81253
313 2.81433
314 2.82087
315 2.83585
316 2.85052
317 2.85809
318 2.86243
319 2.86575
320 2.88714
321 2.89578
322 2.90069
323 2.90799
324 2.91923
325 2.92996
326 2.9443
327 2.951
328 2.96204
329 2.96463
330 2.97244
331 2.98114
