1 0.00624
2 0.0134
3 0.01582
4 0.01916
5 0.02077
6 0.03736
7 0.0446
8 0.05908
9 0.06259
10 0.0654
11 0.09045
12 0.09636
13 0.11126
14 0.11871
15 0.12194
16 0.17373
17 0.17967
18 0.18127
19 0.20563
20 0.21442
21 0.21559
22 0.22184
23 0.22888
24 0.23957
25 0.27345
26 0.27659
27 0.30806
28 0.31357
29 0.32495
30 0.33058
31 0.33678
32 0.34993
33 0.35192
34 0.35331
35 0.35676
36 0.37047
37 0.418
38 0.42479
39 0.42693
40 0.43846
41 0.44604
42 0.44773
43 0.45256
44 0.45813
45 0.46337
46 0.46985
47 0.47683
48 0.47808
49 0.4904
50 0.49936
51 0.50322
52 0.52027
53 0.53126
54 0.53273
55 0.54171
56 0.54609
57 0.55805
58 0.56136
59 0.56743
60 0.58733
61 0.5901
62 0.60053
63 0.60369
64 0.61309
65 0.62227
66 0.62529
67 0.6315
68 0.63734
69 0.64007
70 0.6517
71 0.67067
72 0.67733
73 0.68755
74 0.70141
75 0.71945
76 0.72828
77 0.74343
78 0.74615
79 0.75215
80 0.7658
81 0.77374
82 0.77969
83 0.79805
84 0.8175
85 0.81905
86 0.8219
87 0.83116
88 0.85077
89 0.85259
90 0.85814
91 0.87295
92 0.87937
93 0.88707
94 0.89664
95 0.9093
96 0.92561
97 0.92708
98 0.93017
99 0.93331
100 0.96122
101 0.97104
102 0.9887
103 0.99114
104 1.01617
105 1.02539
106 1.03723
107 1.05008
108 1.06267
109 1.06937
110 1.09176
111 1.10457
112 1.10579
113 1.11138
114 1.12081
115 1.1319
116 1.14218
117 1.16342
118 1.16666
119 1.17455
120 1.17581
121 1.18561
122 1.18942
123 1.19479
124 1.19906
125 1.20801
126 1.21154
127 1.21539
128 1.2205
129 1.22353
130 1.23006
131 1.23354
132 1.24187
133 1.24822
134 1.26556
135 1.27087
136 1.28729
137 1.30949
138 1.31357
139 1.31535
140 1.324
141 1.32758
142 1.35149
143 1.35449
144 1.37032
145 1.3738
146 1.3771
147 1.37878
148 1.38181
149 1.38746
150 1.39435
151 1.39934
152 1.41593
153 1.42666
154 1.43497
155 1.44008
156 1.45588
157 1.46241
158 1.46892
159 1.49678
160 1.50119
161 1.52297
162 1.53345
163 1.54232
164 1.5623
165 1.56815
166 1.60197
167 1.60742
168 1.62412
169 1.6326
170 1.64464
171 1.65225
172 1.65793
173 1.68026
174 1.69754
175 1.7012
176 1.71286
177 1.72114
178 1.72716
179 1.74153
180 1.74878
181 1.7676
182 1.77159
183 1.78328
184 1.78941
185 1.80124
186 1.80625
187 1.8099
188 1.82839
189 1.83182
190 1.8505
191 1.85662
192 1.86131
193 1.88721
194 1.90955
195 1.91399
196 1.9223
197 1.92961
198 1.93159
199 1.93459
200 1.94815
201 1.96433
202 1.96924
203 1.9832
204 1.99218
205 2.00299
206 2.01351
207 2.01929
208 2.04192
209 2.0515
210 2.05729
211 2.06074
212 2.0618
213 2.06525
214 2.0719
215 2.0894
216 2.10176
217 2.12716
218 2.12941
219 2.13945
220 2.14497
221 2.14964
222 2.15406
223 2.16433
224 2.17698
225 2.18209
226 2.19044
227 2.19787
228 2.20153
229 2.21809
230 2.2214
231 2.22915
232 2.24279
233 2.24428
234 2.26558
235 2.28029
236 2.31079
237 2.31794
238 2.32216
239 2.33219
240 2.34744
241 2.3534
242 2.35915
243 2.37097
244 2.38012
245 2.38134
246 2.40953
247 2.4242
248 2.43775
249 2.43923
250 2.44498
251 2.44653
252 2.45341
253 2.46392
254 2.46876
255 2.48143
256 2.48633
257 2.49283
258 2.49644
259 2.50339
260 2.52118
261 2.5331
262 2.55498
263 2.55844
264 2.57595
265 2.59494
266 2.598
267 2.60754
268 2.6236
269 2.62918
270 2.63518
271 2.65131
272 2.6527
273 2.65617
274 2.66757
275 2.67271
276 2.67615
277 2.68853
278 2.69414
279 2.71098
280 2.72099
281 2.72709
282 2.73698
283 2.74014
284 2.75748
285 2.7632
286 2.76824
287 2.77248
288 2.77637
289 2.79414
290 2.80552
291 2.81268
292 2.81446
293 2.8175
294 2.83482
295 2.85193
296 2.8585
297 2.87122
298 2.88034
299 2.89795
300 2.9017
301 2.90959
302 2.92141
303 2.9272
304 2.92897
305 2.93973
306 2.94809
307 2.96007
308 2.9705
309 2.97542
310 2.99127
311 2.99265
