1 0.00173
2 0.00732
3 0.01189
4 0.01341
5 0.01605
6 0.01947
7 0.02126
8 0.03301
9 0.04255
10 0.0444
11 0.04966
12 0.05353
13 0.06495
14 0.06809
15 0.07005
16 0.07926
17 0.08399
18 0.08867
19 0.09628
20 0.10767
21 0.10954
22 0.11694
23 0.1231
24 0.1253
25 0.12775
26 0.13707
27 0.15047
28 0.15726
29 0.15927
30 0.16196
31 0.16424
32 0.17831
33 0.18778
34 0.19269
35 0.20317
36 0.21716
37 0.23003
38 0.23414
39 0.23891
40 0.2506
41 0.25164
42 0.25811
43 0.26549
44 0.27667
45 0.28516
46 0.29029
47 0.29373
48 0.29601
49 0.29855
50 0.30147
51 0.30634
52 0.31634
53 0.32123
54 0.32358
55 0.33775
56 0.34685
57 0.35684
58 0.36549
59 0.37634
60 0.37837
61 0.38187
62 0.38839
63 0.39156
64 0.39959
65 0.41028
66 0.41233
67 0.44215
68 0.45143
69 0.45271
70 0.46174
71 0.46609
72 0.46838
73 0.47044
74 0.47839
75 0.48703
76 0.48989
77 0.50071
78 0.50546
79 0.51395
80 0.52727
81 0.52995
82 0.53345
83 0.55051
84 0.56058
85 0.5694
86 0.5821
87 0.58406
88 0.5864
89 0.60039
90 0.60834
91 0.61151
92 0.61474
93 0.62356
94 0.62696
95 0.6302
96 0.63358
97 0.63582
98 0.64142
99 0.6476
100 0.65123
101 0.65935
102 0.66798
103 0.68027
104 0.68472
105 0.68665
106 0.6898
107 0.70124
108 0.7055
109 0.71005
110 0.71674
111 0.7219
112 0.72911
113 0.74548
114 0.74681
115 0.75387
116 0.77871
117 0.78234
118 0.78866
119 0.79536
120 0.79709
121 0.80277
122 0.80364
123 0.81586
124 0.8265
125 0.84102
126 0.84581
127 0.851
128 0.85806
129 0.86079
130 0.8689
131 0.88332
132 0.88444
133 0.88662
134 0.89679
135 0.91222
136 0.93475
137 0.94023
138 0.94238
139 0.94429
140 0.96411
141 0.96703
142 0.97655
143 0.97833
144 0.99146
145 0.99405
146 1.00376
147 1.0084
148 1.02412
149 1.03429
150 1.03897
151 1.04191
152 1.04426
153 1.05106
154 1.06473
155 1.06782
156 1.07421
157 1.07765
158 1.07964
159 1.08694
160 1.08971
161 1.09252
162 1.09406
163 1.0964
164 1.10559
165 1.10792
166 1.1201
167 1.12214
168 1.13083
169 1.13439
170 1.13965
171 1.14896
172 1.15277
173 1.1555
174 1.1583
175 1.16148
176 1.16751
177 1.18865
178 1.202
179 1.20552
180 1.21368
181 1.2176
182 1.23206
183 1.24026
184 1.24875
185 1.28108
186 1.28727
187 1.28991
188 1.29504
189 1.33784
190 1.34081
191 1.35142
192 1.3601
193 1.36437
194 1.38846
195 1.3974
196 1.40226
197 1.40426
198 1.40879
199 1.41127
200 1.43351
201 1.43732
202 1.4424
203 1.44963
204 1.45366
205 1.45593
206 1.47925
207 1.48308
208 1.48702
209 1.49214
210 1.49578
211 1.50047
212 1.50776
213 1.53076
214 1.5329
215 1.55143
216 1.57354
217 1.58091
218 1.58264
219 1.58524
220 1.59162
221 1.6059
222 1.60877
223 1.61778
224 1.62255
225 1.62491
226 1.63086
227 1.63559
228 1.64218
229 1.64835
230 1.65075
231 1.65386
232 1.65843
233 1.66313
234 1.6919
235 1.69541
236 1.70412
237 1.70994
238 1.71245
239 1.72371
240 1.73439
241 1.74222
242 1.75145
243 1.75912
244 1.77702
245 1.78983
246 1.80372
247 1.81764
248 1.81978
249 1.82285
250 1.8306
251 1.84861
252 1.8617
253 1.86365
254 1.86504
255 1.8712
256 1.87905
257 1.88348
258 1.89187
259 1.90201
260 1.90821
261 1.93117
262 1.9371
263 1.94668
264 1.95177
265 1.95687
266 1.9806
267 1.9827
268 1.98963
269 2.0001
270 2.00306
271 2.00783
272 2.02643
273 2.0319
274 2.04227
275 2.0533
276 2.06783
277 2.07784
278 2.08467
279 2.10375
280 2.11155
281 2.11533
282 2.11799
283 2.12421
284 2.13036
285 2.1327
286 2.13697
287 2.14285
288 2.15535
289 2.16826
290 2.18922
291 2.1916
292 2.20053
293 2.21214
294 2.22176
295 2.23088
296 2.23305
297 2.23751
298 2.24176
299 2.24512
300 2.24981
301 2.28108
302 2.2905
303 2.29793
304 2.31215
305 2.32798
306 2.34833
307 2.35734
308 2.36576
309 2.37414
310 2.3794
311 2.38337
312 2.38766
313 2.39842
314 2.40531
315 2.40871
316 2.4333
317 2.44531
318 2.45693
319 2.46159
320 2.4679
321 2.47886
322 2.48495
323 2.49004
324 2.50008
325 2.50191
326 2.51913
327 2.53184
328 2.54202
329 2.57504
330 2.58407
331 2.58952
332 2.59916
333 2.61524
334 2.61851
335 2.62293
336 2.64575
337 2.64864
338 2.65423
339 2.66346
340 2.68965
341 2.69271
342 2.69757
343 2.70063
344 2.70208
345 2.70611
346 2.70712
347 2.70809
348 2.71732
349 2.72098
350 2.7265
351 2.74054
352 2.74619
353 2.75145
354 2.76382
355 2.77237
356 2.784
357 2.80667
358 2.8157
359 2.81995
360 2.82894
361 2.83677
362 2.85793
363 2.86101
364 2.8662
365 2.87268
366 2.87538
367 2.87973
368 2.88817
369 2.88921
370 2.89274
371 2.89494
372 2.90366
373 2.93172
374 2.93827
375 2.94075
376 2.94657
377 2.95169
378 2.9631
379 2.96523
380 2.9827
381 2.98934
382 2.99178
383 2.99837
