1 0.00265
2 0.00474
3 0.01185
4 0.02392
5 0.03581
6 0.04026
7 0.04316
8 0.0516
9 0.0537
10 0.06257
11 0.06539
12 0.06709
13 0.08408
14 0.08919
15 0.09107
16 0.10042
17 0.10166
18 0.10478
19 0.11267
20 0.11649
21 0.11868
22 0.13114
23 0.1328
24 0.13619
25 0.13809
26 0.13976
27 0.14994
28 0.15163
29 0.16931
30 0.17734
31 0.17987
32 0.18854
33 0.19132
34 0.19393
35 0.20137
36 0.2048
37 0.20883
38 0.22002
39 0.22693
40 0.23348
41 0.23618
42 0.24019
43 0.24606
44 0.2483
45 0.25866
46 0.26688
47 0.27753
48 0.28795
49 0.30194
50 0.30879
51 0.31554
52 0.33408
53 0.35277
54 0.35559
55 0.35723
56 0.36395
57 0.37004
58 0.37188
59 0.37715
60 0.38458
61 0.38813
62 0.3959
63 0.39803
64 0.403
65 0.41118
66 0.42455
67 0.42663
68 0.42904
69 0.43687
70 0.44075
71 0.44368
72 0.45152
73 0.45478
74 0.47764
75 0.47895
76 0.48965
77 0.49784
78 0.51083
79 0.53804
80 0.56609
81 0.57102
82 0.58281
83 0.58884
84 0.59161
85 0.60942
86 0.61205
87 0.62173
88 0.63206
89 0.64499
90 0.64915
91 0.65462
92 0.67682
93 0.685
94 0.68723
95 0.69299
96 0.70262
97 0.70551
98 0.70737
99 0.71912
100 0.73143
101 0.73864
102 0.74341
103 0.7522
104 0.76728
105 0.81353
106 0.82027
107 0.83652
108 0.83933
109 0.8409
110 0.85283
111 0.85709
112 0.86081
113 0.86672
114 0.86945
115 0.87645
116 0.89216
117 0.89866
118 0.90404
119 0.91722
120 0.936
121 0.94683
122 0.95104
123 0.95448
124 0.9596
125 0.96805
126 0.97296
127 0.97763
128 0.984
129 0.98845
130 0.99698
131 1.00176
132 1.01271
133 1.01687
134 1.0254
135 1.03697
136 1.05675
137 1.08281
138 1.09453
139 1.10392
140 1.10624
141 1.11035
142 1.1207
143 1.12543
144 1.1302
145 1.13574
146 1.14617
147 1.15219
148 1.15813
149 1.17086
150 1.17566
151 1.17701
152 1.18606
153 1.19462
154 1.1967
155 1.20835
156 1.2209
157 1.22608
158 1.22821
159 1.23324
160 1.23731
161 1.23849
162 1.24237
163 1.263
164 1.26907
165 1.27337
166 1.28896
167 1.29429
168 1.31725
169 1.3313
170 1.34109
171 1.35447
172 1.3566
173 1.37198
174 1.38283
175 1.40361
176 1.41504
177 1.42173
178 1.42606
179 1.43537
180 1.44039
181 1.44347
182 1.44622
183 1.4519
184 1.45316
185 1.46583
186 1.4685
187 1.47687
188 1.48354
189 1.48596
190 1.48972
191 1.4963
192 1.50069
193 1.51653
194 1.51994
195 1.55061
196 1.55214
197 1.56613
198 1.57086
199 1.58687
200 1.58933
201 1.59362
202 1.60621
203 1.61619
204 1.62052
205 1.62889
206 1.62971
207 1.63189
208 1.63922
209 1.64706
210 1.65717
211 1.66446
212 1.67182
213 1.67655
214 1.68572
215 1.69178
216 1.69795
217 1.712
218 1.71896
219 1.72554
220 1.7281
221 1.73391
222 1.73644
223 1.74356
224 1.74687
225 1.75113
226 1.75633
227 1.76382
228 1.77266
229 1.78894
230 1.79769
231 1.80357
232 1.82882
233 1.83512
234 1.83933
235 1.84094
236 1.84614
237 1.8501
238 1.85477
239 1.85799
240 1.8601
241 1.8726
242 1.8768
243 1.88714
244 1.89211
245 1.91815
246 1.92005
247 1.9276
248 1.94059
249 1.94813
250 1.95106
251 1.96981
252 1.97226
253 1.97869
254 1.98233
255 1.98616
256 1.98922
257 1.9907
258 1.99377
259 2.00263
260 2.00999
261 2.01571
262 2.02633
263 2.0413
264 2.05647
265 2.07198
266 2.08128
267 2.08683
268 2.09047
269 2.09304
270 2.10054
271 2.10683
272 2.1142
273 2.11772
274 2.12352
275 2.12566
276 2.12886
277 2.13781
278 2.14261
279 2.14439
280 2.15634
281 2.16958
282 2.18459
283 2.18771
284 2.19194
285 2.20295
286 2.21184
287 2.21848
288 2.22196
289 2.23194
290 2.23625
291 2.24201
292 2.25237
293 2.25849
294 2.26195
295 2.27094
296 2.28874
297 2.2928
298 2.29985
299 2.30955
300 2.31964
301 2.33288
302 2.35066
303 2.35659
304 2.36022
305 2.36306
306 2.36643
307 2.37645
308 2.38398
309 2.38906
310 2.39588
311 2.3969
312 2.4235
313 2.43839
314 2.44728
315 2.45549
316 2.47682
317 2.47969
318 2.48471
319 2.4875
320 2.49132
321 2.49414
322 2.5024
323 2.50979
324 2.51496
325 2.51861
326 2.5339
327 2.54037
328 2.55786
329 2.58263
330 2.59277
331 2.60974
332 2.61272
333 2.61891
334 2.62367
335 2.62581
336 2.62832
337 2.63606
338 2.64561
339 2.65068
340 2.65272
341 2.6556
342 2.67127
343 2.67341
344 2.69151
345 2.69694
346 2.70107
347 2.72091
348 2.73614
349 2.74354
350 2.74651
351 2.75066
352 2.76614
353 2.76782
354 2.76944
355 2.78719
356 2.7899
357 2.81239
358 2.81511
359 2.83796
360 2.85628
361 2.85816
362 2.87345
363 2.88192
364 2.89127
365 2.90349
366 2.92615
367 2.93493
368 2.94532
369 2.95156
370 2.95566
371 2.95826
372 2.96756
373 2.97941
374 2.98514
375 2.98898
376 2.99644
