1 0.01005
2 0.03387
3 0.04727
4 0.06845
5 0.09074
6 0.09601
7 0.10557
8 0.11802
9 0.12632
10 0.15542
11 0.16292
12 0.16705
13 0.18087
14 0.19077
15 0.20098
16 0.21363
17 0.21627
18 0.21911
19 0.23065
20 0.23404
21 0.23724
22 0.24333
23 0.25597
24 0.26395
25 0.26806
26 0.28555
27 0.28706
28 0.31208
29 0.3167
30 0.32438
31 0.33127
32 0.34402
33 0.34885
34 0.35434
35 0.3571
36 0.36953
37 0.37768
38 0.39594
39 0.41191
40 0.41738
41 0.42034
42 0.46646
43 0.47062
44 0.47733
45 0.48193
46 0.48336
47 0.49318
48 0.50449
49 0.5294
50 0.53525
51 0.55403
52 0.5643
53 0.57393
54 0.58546
55 0.58884
56 0.61545
57 0.62241
58 0.62851
59 0.63797
60 0.64395
61 0.65932
62 0.66185
63 0.66878
64 0.67089
65 0.68377
66 0.69712
67 0.70308
68 0.70534
69 0.71874
70 0.72129
71 0.72917
72 0.74413
73 0.75504
74 0.76705
75 0.77737
76 0.78913
77 0.79731
78 0.80181
79 0.80691
80 0.81038
81 0.81482
82 0.81831
83 0.82621
84 0.83528
85 0.83888
86 0.85876
87 0.86133
88 0.87043
89 0.88127
90 0.88881
91 0.89254
92 0.90589
93 0.91639
94 0.91895
95 0.9213
96 0.93247
97 0.94334
98 0.96113
99 0.9657
100 0.97478
101 0.97696
102 0.98039
103 0.98241
104 0.98709
105 0.9917
106 0.99818
107 1.00747
108 1.02849
109 1.05508
110 1.07493
111 1.10854
112 1.11411
113 1.11531
114 1.1251
115 1.13019
116 1.13326
117 1.14683
118 1.15519
119 1.17388
120 1.17534
121 1.18122
122 1.2206
123 1.22406
124 1.22887
125 1.23081
126 1.24651
127 1.25419
128 1.28343
129 1.29976
130 1.30408
131 1.30885
132 1.32152
133 1.32985
134 1.33136
135 1.34093
136 1.35004
137 1.3769
138 1.39032
139 1.40609
140 1.4156
141 1.42032
142 1.42683
143 1.44032
144 1.44398
145 1.44954
146 1.45846
147 1.46444
148 1.47078
149 1.47981
150 1.4879
151 1.49382
152 1.51273
153 1.51991
154 1.52813
155 1.53371
156 1.54171
157 1.55626
158 1.56303
159 1.56938
160 1.58685
161 1.59652
162 1.61023
163 1.6195
164 1.62045
165 1.62261
166 1.63048
167 1.63493
168 1.66051
169 1.69483
170 1.70191
171 1.71922
172 1.72511
173 1.72875
174 1.73987
175 1.74846
176 1.75415
177 1.76937
178 1.77767
179 1.7825
180 1.78916
181 1.79959
182 1.8138
183 1.82124
184 1.82513
185 1.83525
186 1.83878
187 1.84969
188 1.85299
189 1.86282
190 1.86412
191 1.87303
192 1.89104
193 1.8977
194 1.90924
195 1.91464
196 1.92137
197 1.95803
198 1.97039
199 1.97432
200 1.98261
201 1.98969
202 1.99364
203 2.00106
204 2.00621
205 2.02074
206 2.02777
207 2.03646
208 2.04232
209 2.058
210 2.07891
211 2.0881
212 2.0985
213 2.10038
214 2.11306
215 2.11997
216 2.12616
217 2.13442
218 2.13821
219 2.16229
220 2.16566
221 2.17432
222 2.18333
223 2.19972
224 2.20644
225 2.22106
226 2.22406
227 2.2374
228 2.25087
229 2.2683
230 2.32411
231 2.33222
232 2.34542
233 2.35506
234 2.36069
235 2.36797
236 2.37173
237 2.37803
238 2.38512
239 2.39225
240 2.40339
241 2.41135
242 2.41831
243 2.44385
244 2.4578
245 2.46141
246 2.46461
247 2.47538
248 2.48318
249 2.48532
250 2.49761
251 2.50098
252 2.51564
253 2.51885
254 2.52373
255 2.53627
256 2.54159
257 2.54727
258 2.56864
259 2.57891
260 2.59902
261 2.60555
262 2.61403
263 2.62107
264 2.65452
265 2.65856
266 2.66156
267 2.66513
268 2.67333
269 2.67864
270 2.70008
271 2.71612
272 2.72366
273 2.73316
274 2.74286
275 2.74829
276 2.7713
277 2.77697
278 2.78049
279 2.78181
280 2.81692
281 2.82011
282 2.82515
283 2.83042
284 2.83411
285 2.85415
286 2.86307
287 2.87102
288 2.87961
289 2.8809
290 2.88404
291 2.89562
292 2.90066
293 2.90225
294 2.91229
295 2.92298
296 2.9255
297 2.9447
298 2.96368
299 2.97025
300 2.9776
301 2.98001
302 2.98111
303 2.98368
304 2.98694
305 2.9917
306 2.99476
