1 0.00346
2 0.00871
3 0.02556
4 0.0301
5 0.03855
6 0.04214
7 0.04892
8 0.05806
9 0.06825
10 0.07256
11 0.07642
12 0.07997
13 0.08376
14 0.08824
15 0.09331
16 0.10795
17 0.11706
18 0.13357
19 0.14061
20 0.1488
21 0.15397
22 0.15583
23 0.16242
24 0.1642
25 0.16581
26 0.18193
27 0.18415
28 0.19256
29 0.19583
30 0.20176
31 0.20728
32 0.2116
33 0.21653
34 0.21892
35 0.22758
36 0.23683
37 0.24138
38 0.24775
39 0.25338
40 0.25944
41 0.26516
42 0.27145
43 0.27463
44 0.27891
45 0.28723
46 0.29596
47 0.30596
48 0.31833
49 0.33252
50 0.35407
51 0.36139
52 0.38182
53 0.38364
54 0.38769
55 0.38904
56 0.39794
57 0.40498
58 0.40791
59 0.40987
60 0.41607
61 0.42317
62 0.42668
63 0.42973
64 0.43401
65 0.44232
66 0.44571
67 0.44964
68 0.45778
69 0.46565
70 0.47592
71 0.4882
72 0.49963
73 0.50793
74 0.5243
75 0.53222
76 0.53473
77 0.53997
78 0.55075
79 0.55377
80 0.5616
81 0.56817
82 0.57331
83 0.57805
84 0.57927
85 0.60019
86 0.60549
87 0.62776
88 0.63002
89 0.63325
90 0.63801
91 0.65137
92 0.65294
93 0.66374
94 0.66968
95 0.67549
96 0.67957
97 0.68669
98 0.6951
99 0.70119
100 0.70907
101 0.71299
102 0.71571
103 0.71796
104 0.71975
105 0.72592
106 0.73381
107 0.7433
108 0.75547
109 0.75842
110 0.77977
111 0.78316
112 0.78549
113 0.79234
114 0.80023
115 0.80204
116 0.80976
117 0.81843
118 0.83022
119 0.83706
120 0.86516
121 0.87712
122 0.88453
123 0.88672
124 0.89956
125 0.90535
126 0.91714
127 0.92292
128 0.92673
129 0.93107
130 0.93862
131 0.96075
132 0.96284
133 0.97368
134 0.98723
135 1.00123
136 1.01072
137 1.02217
138 1.03337
139 1.03532
140 1.04078
141 1.04513
142 1.06675
143 1.08671
144 1.09246
145 1.10291
146 1.10556
147 1.12856
148 1.13103
149 1.14102
150 1.15367
151 1.16097
152 1.16484
153 1.1677
154 1.1753
155 1.17974
156 1.18497
157 1.19399
158 1.21205
159 1.22945
160 1.23803
161 1.24515
162 1.24693
163 1.25007
164 1.25639
165 1.25867
166 1.26127
167 1.27312
168 1.27667
169 1.27959
170 1.28215
171 1.29778
172 1.30133
173 1.30285
174 1.31652
175 1.3197
176 1.32296
177 1.32786
178 1.33597
179 1.34923
180 1.35475
181 1.35929
182 1.36389
183 1.36634
184 1.37581
185 1.3782
186 1.38483
187 1.39444
188 1.39764
189 1.40667
190 1.41247
191 1.421
192 1.43208
193 1.44524
194 1.44781
195 1.45733
196 1.45952
197 1.4628
198 1.47162
199 1.47471
200 1.48043
201 1.48949
202 1.5003
203 1.50196
204 1.50344
205 1.51414
206 1.51532
207 1.52848
208 1.53385
209 1.54488
210 1.54985
211 1.55475
212 1.56004
213 1.56178
214 1.5649
215 1.5681
216 1.57849
217 1.5878
218 1.59044
219 1.60338
220 1.60536
221 1.60658
222 1.60951
223 1.6139
224 1.6281
225 1.63489
226 1.65226
227 1.65856
228 1.66173
229 1.68467
230 1.69413
231 1.71003
232 1.71539
233 1.73233
234 1.73937
235 1.7404
236 1.75388
237 1.76237
238 1.76439
239 1.78122
240 1.79365
241 1.80847
242 1.81405
243 1.82151
244 1.85004
245 1.85275
246 1.85651
247 1.86217
248 1.86761
249 1.87505
250 1.88445
251 1.89102
252 1.89724
253 1.90151
254 1.9191
255 1.92194
256 1.93179
257 1.93391
258 1.94128
259 1.94249
260 1.95788
261 1.96554
262 1.97102
263 1.99056
264 1.99448
265 2.00152
266 2.00824
267 2.02617
268 2.03437
269 2.05986
270 2.07286
271 2.08908
272 2.10157
273 2.10491
274 2.1075
275 2.13035
276 2.13705
277 2.14797
278 2.15015
279 2.15165
280 2.15849
281 2.18001
282 2.18487
283 2.18813
284 2.18921
285 2.19519
286 2.20878
287 2.21691
288 2.22237
289 2.22382
290 2.23137
291 2.2484
292 2.24996
293 2.25493
294 2.25993
295 2.29843
296 2.31151
297 2.31343
298 2.31603
299 2.32172
300 2.32677
301 2.32816
302 2.33349
303 2.33938
304 2.35058
305 2.35774
306 2.36271
307 2.36978
308 2.38805
309 2.39872
310 2.40829
311 2.41047
312 2.42064
313 2.42172
314 2.42514
315 2.43029
316 2.44514
317 2.45977
318 2.4641
319 2.47366
320 2.48502
321 2.49392
322 2.5035
323 2.51729
324 2.52155
325 2.52382
326 2.53238
327 2.5422
328 2.54376
329 2.54971
330 2.55242
331 2.55597
332 2.55875
333 2.57746
334 2.60333
335 2.6065
336 2.60771
337 2.61847
338 2.62685
339 2.62798
340 2.64766
341 2.65914
342 2.67196
343 2.67788
344 2.68103
345 2.68769
346 2.6951
347 2.7122
348 2.71592
349 2.71696
350 2.72335
351 2.73792
352 2.74935
353 2.78047
354 2.79517
355 2.7992
356 2.80278
357 2.80821
358 2.81146
359 2.82007
360 2.82581
361 2.83094
362 2.85321
363 2.85754
364 2.86302
365 2.87934
366 2.88552
367 2.89268
368 2.89957
369 2.90485
370 2.90885
371 2.91628
372 2.91815
373 2.92273
374 2.92762
375 2.93286
376 2.93509
377 2.94432
378 2.96341
379 2.96662
380 2.99149
