1 0.00234
2 0.01224
3 0.01723
4 0.02359
5 0.02719
6 0.03677
7 0.04501
8 0.05619
9 0.06196
10 0.07797
11 0.07986
12 0.09415
13 0.10928
14 0.11476
15 0.12096
16 0.12514
17 0.13902
18 0.15443
19 0.1672
20 0.17284
21 0.17501
22 0.18388
23 0.19082
24 0.19443
25 0.19571
26 0.20189
27 0.20757
28 0.21501
29 0.2261
30 0.23304
31 0.2396
32 0.24321
33 0.24587
34 0.24987
35 0.26509
36 0.28294
37 0.28702
38 0.29532
39 0.2982
40 0.30989
41 0.31333
42 0.33597
43 0.3374
44 0.34296
45 0.35182
46 0.36041
47 0.3623
48 0.36613
49 0.37464
50 0.38813
51 0.39127
52 0.41347
53 0.41989
54 0.42794
55 0.43277
56 0.44863
57 0.45296
58 0.46554
59 0.47195
60 0.47627
61 0.47822
62 0.49063
63 0.49518
64 0.50322
65 0.51343
66 0.52211
67 0.52635
68 0.54166
69 0.54438
70 0.54971
71 0.55926
72 0.56378
73 0.5694
74 0.57247
75 0.57892
76 0.58326
77 0.58761
78 0.59311
79 0.60185
80 0.60529
81 0.61039
82 0.6189
83 0.62165
84 0.62885
85 0.63324
86 0.63521
87 0.63812
88 0.64331
89 0.64844
90 0.65037
91 0.66138
92 0.67837
93 0.68673
94 0.69026
95 0.69506
96 0.70066
97 0.70994
98 0.71919
99 0.72125
100 0.74138
101 0.74273
102 0.74613
103 0.76193
104 0.76492
105 0.77046
106 0.7784
107 0.781
108 0.7958
109 0.80245
110 0.80756
111 0.80947
112 0.81366
113 0.82211
114 0.82918
115 0.83208
116 0.83663
117 0.84102
118 0.86082
119 0.86583
120 0.87359
121 0.87672
122 0.8891
123 0.90065
124 0.91516
125 0.92811
126 0.93427
127 0.94044
128 0.94902
129 0.96129
130 0.9765
131 0.98327
132 0.98668
133 0.9886
134 0.99155
135 1.00206
136 1.00873
137 1.01388
138 1.02525
139 1.02671
140 1.02951
141 1.03407
142 1.0362
143 1.04951
144 1.0552
145 1.05875
146 1.06612
147 1.07451
148 1.0885
149 1.10406
150 1.11423
151 1.13151
152 1.13963
153 1.14417
154 1.15761
155 1.17997
156 1.18375
157 1.20088
158 1.20264
159 1.219
160 1.22783
161 1.23265
162 1.23898
163 1.24389
164 1.24696
165 1.25495
166 1.26567
167 1.27493
168 1.28101
169 1.28305
170 1.28763
171 1.30112
172 1.30593
173 1.32483
174 1.32822
175 1.33856
176 1.34393
177 1.35019
178 1.35522
179 1.36226
180 1.36672
181 1.38132
182 1.39584
183 1.4253
184 1.43245
185 1.43387
186 1.43533
187 1.44023
188 1.44299
189 1.44656
190 1.44835
191 1.47757
192 1.48213
193 1.49566
194 1.52049
195 1.52597
196 1.52957
197 1.53739
198 1.54845
199 1.55164
200 1.55719
201 1.56167
202 1.56821
203 1.571
204 1.57282
205 1.58798
206 1.59036
207 1.59448
208 1.61028
209 1.62761
210 1.63544
211 1.63816
212 1.64258
213 1.65796
214 1.66764
215 1.68374
216 1.68827
217 1.68975
218 1.705
219 1.7071
220 1.70985
221 1.72032
222 1.72886
223 1.73529
224 1.73746
225 1.74783
226 1.77164
227 1.79027
228 1.79371
229 1.79924
230 1.80432
231 1.81026
232 1.82223
233 1.82361
234 1.82663
235 1.83746
236 1.84413
237 1.84762
238 1.85241
239 1.85747
240 1.8656
241 1.86665
242 1.86871
243 1.877
244 1.8839
245 1.88897
246 1.89495
247 1.90421
248 1.90849
249 1.91495
250 1.91698
251 1.93223
252 1.93731
253 1.94979
254 1.95218
255 1.96318
256 1.96669
257 1.97354
258 1.97922
259 1.99142
260 2.02011
261 2.02598
262 2.02978
263 2.03248
264 2.03974
265 2.04277
266 2.04664
267 2.05326
268 2.05903
269 2.0606
270 2.08077
271 2.09383
272 2.0961
273 2.09885
274 2.10276
275 2.1108
276 2.12925
277 2.13151
278 2.13563
279 2.13803
280 2.14693
281 2.15636
282 2.16759
283 2.18971
284 2.19354
285 2.20846
286 2.22938
287 2.2383
288 2.24647
289 2.24878
290 2.26386
291 2.26611
292 2.26836
293 2.27322
294 2.2786
295 2.28376
296 2.28831
297 2.29236
298 2.29562
299 2.29813
300 2.30751
301 2.31188
302 2.31947
303 2.33053
304 2.34635
305 2.3546
306 2.36274
307 2.37622
308 2.38414
309 2.388
310 2.39971
311 2.40547
312 2.43517
313 2.43803
314 2.44168
315 2.45612
316 2.47235
317 2.51045
318 2.52792
319 2.53085
320 2.54774
321 2.55344
322 2.55574
323 2.57598
324 2.58519
325 2.5957
326 2.60036
327 2.60457
328 2.61578
329 2.62248
330 2.64161
331 2.65096
332 2.68224
333 2.69827
334 2.71308
335 2.72247
336 2.72565
337 2.72917
338 2.73503
339 2.74444
340 2.75287
341 2.77751
342 2.80045
343 2.81436
344 2.81779
345 2.8194
346 2.82027
347 2.82639
348 2.83343
349 2.85903
350 2.87369
351 2.88672
352 2.88969
353 2.91512
354 2.91695
355 2.92708
356 2.93335
357 2.94448
358 2.94715
359 2.95847
360 2.97404
361 2.97547
362 2.98805
363 2.99297
364 2.99542
365 2.99849
