1 0.00214
2 0.008
3 0.01197
4 0.01592
5 0.0255
6 0.02991
7 0.03565
8 0.04479
9 0.06154
10 0.07167
11 0.07746
12 0.07982
13 0.08718
14 0.08891
15 0.09707
16 0.10187
17 0.10824
18 0.11158
19 0.12416
20 0.13304
21 0.14352
22 0.14935
23 0.15359
24 0.15969
25 0.16384
26 0.16749
27 0.181
28 0.19615
29 0.24035
30 0.25139
31 0.25479
32 0.25764
33 0.27183
34 0.27746
35 0.28481
36 0.28906
37 0.30236
38 0.31145
39 0.31625
40 0.3249
41 0.33601
42 0.34028
43 0.34754
44 0.35186
45 0.36159
46 0.37237
47 0.37528
48 0.39125
49 0.4009
50 0.40415
51 0.40994
52 0.41595
53 0.42585
54 0.44186
55 0.45149
56 0.46047
57 0.47094
58 0.48235
59 0.48575
60 0.49271
61 0.49462
62 0.50001
63 0.51475
64 0.51806
65 0.52449
66 0.54051
67 0.54375
68 0.55474
69 0.56727
70 0.57847
71 0.58401
72 0.59162
73 0.59425
74 0.59788
75 0.60485
76 0.61607
77 0.61814
78 0.63394
79 0.64735
80 0.65035
81 0.65282
82 0.65593
83 0.67468
84 0.68103
85 0.69387
86 0.7002
87 0.70612
88 0.70821
89 0.71821
90 0.72116
91 0.73747
92 0.74481
93 0.74744
94 0.74998
95 0.75858
96 0.76364
97 0.76964
98 0.77595
99 0.77872
100 0.80083
101 0.81814
102 0.82099
103 0.82762
104 0.83021
105 0.8367
106 0.84023
107 0.84419
108 0.85487
109 0.88082
110 0.88354
111 0.88567
112 0.89791
113 0.90095
114 0.90591
115 0.91213
116 0.91804
117 0.91942
118 0.92309
119 0.92884
120 0.94553
121 0.94934
122 0.95335
123 0.95901
124 0.96496
125 1.0031
126 1.0123
127 1.0273
128 1.03236
129 1.04296
130 1.04709
131 1.05718
132 1.06128
133 1.0654
134 1.07142
135 1.07271
136 1.0765
137 1.0848
138 1.08952
139 1.09696
140 1.10013
141 1.1057
142 1.10979
143 1.12283
144 1.12663
145 1.14825
146 1.1583
147 1.16684
148 1.1767
149 1.17922
150 1.18253
151 1.19633
152 1.20213
153 1.20989
154 1.21985
155 1.23186
156 1.23527
157 1.23703
158 1.25134
159 1.2627
160 1.26767
161 1.27986
162 1.29126
163 1.29791
164 1.29949
165 1.31547
166 1.31778
167 1.32406
168 1.33636
169 1.34387
170 1.35502
171 1.36854
172 1.38101
173 1.38581
174 1.39469
175 1.39696
176 1.40002
177 1.40323
178 1.40603
179 1.41456
180 1.41602
181 1.41869
182 1.4252
183 1.4334
184 1.44962
185 1.45887
186 1.47337
187 1.4963
188 1.49895
189 1.51959
190 1.52535
191 1.53443
192 1.57609
193 1.58805
194 1.59646
195 1.59868
196 1.60023
197 1.60476
198 1.60611
199 1.62761
200 1.6339
201 1.65011
202 1.65554
203 1.67203
204 1.69017
205 1.69387
206 1.7006
207 1.71442
208 1.73673
209 1.74704
210 1.76574
211 1.76857
212 1.79078
213 1.79207
214 1.80152
215 1.81264
216 1.82009
217 1.82263
218 1.82999
219 1.84413
220 1.84724
221 1.85166
222 1.85434
223 1.86854
224 1.87922
225 1.88458
226 1.8864
227 1.89383
228 1.89622
229 1.92005
230 1.92635
231 1.94617
232 1.95729
233 1.96339
234 1.96744
235 1.98613
236 1.9904
237 2.01331
238 2.01501
239 2.01789
240 2.02297
241 2.03324
242 2.0344
243 2.04431
244 2.04886
245 2.05366
246 2.0594
247 2.06976
248 2.07074
249 2.07583
250 2.08162
251 2.09301
252 2.10109
253 2.10323
254 2.11097
255 2.12673
256 2.13645
257 2.14181
258 2.14793
259 2.16113
260 2.16473
261 2.17709
262 2.19275
263 2.19387
264 2.20225
265 2.20683
266 2.21532
267 2.23639
268 2.24662
269 2.26652
270 2.28038
271 2.29895
272 2.30209
273 2.32154
274 2.32885
275 2.33365
276 2.34057
277 2.34731
278 2.35354
279 2.39815
280 2.40585
281 2.41834
282 2.42448
283 2.43135
284 2.44277
285 2.45962
286 2.48609
287 2.48932
288 2.49738
289 2.49945
290 2.52272
291 2.53302
292 2.54594
293 2.56542
294 2.57878
295 2.58215
296 2.59339
297 2.60567
298 2.6494
299 2.66026
300 2.66326
301 2.6642
302 2.67053
303 2.70603
304 2.71764
305 2.71958
306 2.74157
307 2.75925
308 2.76386
309 2.77686
310 2.77874
311 2.78342
312 2.78893
313 2.79605
314 2.80043
315 2.80453
316 2.80797
317 2.81832
318 2.82299
319 2.82877
320 2.83474
321 2.8464
322 2.84894
323 2.85299
324 2.85811
325 2.86537
326 2.87404
327 2.87806
328 2.88136
329 2.88645
330 2.89057
331 2.89631
332 2.89803
333 2.90243
334 2.92229
335 2.92353
336 2.93574
337 2.95075
338 2.95302
339 2.97758
340 2.98648
