1 0.00592
2 0.00878
3 0.01306
4 0.02278
5 0.02447
6 0.04323
7 0.04913
8 0.05686
9 0.06854
10 0.07916
11 0.08601
12 0.10318
13 0.10828
14 0.11744
15 0.13449
16 0.14207
17 0.14506
18 0.15408
19 0.15623
20 0.1695
21 0.17305
22 0.17648
23 0.18312
24 0.19127
25 0.19401
26 0.20461
27 0.20892
28 0.21458
29 0.23913
30 0.24979
31 0.25369
32 0.26335
33 0.27035
34 0.27354
35 0.28787
36 0.30332
37 0.31176
38 0.31748
39 0.33801
40 0.34249
41 0.34748
42 0.35048
43 0.35787
44 0.36784
45 0.37607
46 0.37998
47 0.38187
48 0.39452
49 0.40497
50 0.41277
51 0.43192
52 0.4351
53 0.44312
54 0.45475
55 0.45777
56 0.46413
57 0.47912
58 0.49488
59 0.49936
60 0.50682
61 0.51511
62 0.51975
63 0.52507
64 0.52876
65 0.54625
66 0.54898
67 0.55452
68 0.56294
69 0.56846
70 0.57503
71 0.58617
72 0.58998
73 0.59568
74 0.60049
75 0.6143
76 0.62188
77 0.62844
78 0.64332
79 0.65082
80 0.65405
81 0.68294
82 0.69449
83 0.69726
84 0.70983
85 0.71588
86 0.72287
87 0.73568
88 0.73952
89 0.74499
90 0.75189
91 0.76368
92 0.77195
93 0.78336
94 0.80786
95 0.82241
96 0.85978
97 0.86609
98 0.87459
99 0.88156
100 0.8844
101 0.89042
102 0.89883
103 0.90783
104 0.92475
105 0.93434
106 0.93661
107 0.9391
108 0.94331
109 0.95191
110 0.9662
111 1.00066
112 1.00255
113 1.00759
114 1.01882
115 1.03311
116 1.03964
117 1.04816
118 1.05383
119 1.08601
120 1.09398
121 1.10512
122 1.10955
123 1.11201
124 1.12174
125 1.14128
126 1.15666
127 1.15855
128 1.16366
129 1.16664
130 1.18222
131 1.18878
132 1.20121
133 1.21217
134 1.21832
135 1.232
136 1.2338
137 1.24379
138 1.24965
139 1.26201
140 1.26823
141 1.28447
142 1.29883
143 1.30489
144 1.31837
145 1.33634
146 1.33848
147 1.34065
148 1.34513
149 1.35736
150 1.36157
151 1.36797
152 1.38562
153 1.38886
154 1.39614
155 1.402
156 1.40802
157 1.40892
158 1.41325
159 1.42086
160 1.43484
161 1.45278
162 1.46004
163 1.46396
164 1.48341
165 1.49578
166 1.50241
167 1.51498
168 1.51796
169 1.52598
170 1.52687
171 1.53177
172 1.53787
173 1.54293
174 1.55289
175 1.56527
176 1.57896
177 1.58794
178 1.58983
179 1.60657
180 1.611
181 1.61784
182 1.61951
183 1.62324
184 1.63556
185 1.6397
186 1.65543
187 1.66898
188 1.6735
189 1.68737
190 1.6913
191 1.69413
192 1.69961
193 1.71226
194 1.71516
195 1.72846
196 1.73294
197 1.74669
198 1.75628
199 1.76632
200 1.77714
201 1.7901
202 1.80273
203 1.81591
204 1.82437
205 1.83572
206 1.84197
207 1.84397
208 1.85435
209 1.85988
210 1.86184
211 1.86947
212 1.87283
213 1.88454
214 1.90729
215 1.90926
216 1.91168
217 1.92036
218 1.92851
219 1.937
220 1.9381
221 1.94438
222 1.95584
223 1.96372
224 1.9673
225 1.97998
226 1.99332
227 2.00107
228 2.00318
229 2.00594
230 2.02531
231 2.028
232 2.03653
233 2.04155
234 2.0458
235 2.05289
236 2.06136
237 2.06368
238 2.0792
239 2.09974
240 2.10487
241 2.11819
242 2.12631
243 2.13203
244 2.13529
245 2.14731
246 2.15241
247 2.15365
248 2.16272
249 2.16676
250 2.18649
251 2.18757
252 2.19034
253 2.2127
254 2.21702
255 2.2222
256 2.22668
257 2.23026
258 2.23957
259 2.24125
260 2.24582
261 2.26638
262 2.2754
263 2.28034
264 2.28289
265 2.30272
266 2.31452
267 2.32096
268 2.32441
269 2.33312
270 2.33986
271 2.35754
272 2.36295
273 2.37696
274 2.38443
275 2.38608
276 2.39553
277 2.39899
278 2.409
279 2.41219
280 2.41923
281 2.42555
282 2.42779
283 2.4331
284 2.4361
285 2.44455
286 2.46058
287 2.4702
288 2.47314
289 2.47883
290 2.48671
291 2.49906
292 2.50645
293 2.5152
294 2.51689
295 2.526
296 2.55514
297 2.56316
298 2.57231
299 2.58681
300 2.60745
301 2.61025
302 2.6155
303 2.65185
304 2.65924
305 2.67756
306 2.6836
307 2.70632
308 2.7128
309 2.73422
310 2.73682
311 2.75867
312 2.76772
313 2.77065
314 2.78388
315 2.79419
316 2.79538
317 2.81202
318 2.82327
319 2.82677
320 2.83917
321 2.84895
322 2.8511
323 2.85351
324 2.85904
325 2.8702
326 2.87816
327 2.87967
328 2.88745
329 2.91084
330 2.93163
331 2.9418
332 2.95927
333 2.96424
334 2.97853
335 2.98217
336 2.99105
337 2.99541
338 2.99684
