1 0.00255
2 0.00722
3 0.00955
4 0.01369
5 0.02232
6 0.0249
7 0.03096
8 0.03348
9 0.04427
10 0.04551
11 0.04738
12 0.05409
13 0.07436
14 0.08069
15 0.1026
16 0.10495
17 0.11174
18 0.12388
19 0.12567
20 0.14591
21 0.14806
22 0.15559
23 0.1595
24 0.1633
25 0.16967
26 0.17232
27 0.18154
28 0.18512
29 0.19036
30 0.19886
31 0.2076
32 0.22359
33 0.23905
34 0.24493
35 0.26728
36 0.26936
37 0.2718
38 0.28342
39 0.28622
40 0.30167
41 0.30595
42 0.31438
43 0.31861
44 0.32459
45 0.35027
46 0.36011
47 0.36527
48 0.37174
49 0.37397
50 0.38502
51 0.39624
52 0.39924
53 0.40403
54 0.41407
55 0.42396
56 0.42646
57 0.43355
58 0.43647
59 0.45355
60 0.45976
61 0.46541
62 0.4813
63 0.49612
64 0.50626
65 0.51097
66 0.51854
67 0.52208
68 0.5247
69 0.52918
70 0.53843
71 0.54249
72 0.55538
73 0.55823
74 0.56796
75 0.58594
76 0.59161
77 0.60382
78 0.61136
79 0.62074
80 0.63176
81 0.63615
82 0.64302
83 0.64488
84 0.64968
85 0.6586
86 0.66314
87 0.66535
88 0.67042
89 0.6723
90 0.69123
91 0.70397
92 0.71157
93 0.71796
94 0.73225
95 0.74762
96 0.76424
97 0.76871
98 0.77662
99 0.78516
100 0.79288
101 0.81281
102 0.84742
103 0.85271
104 0.85623
105 0.8602
106 0.8653
107 0.87062
108 0.87424
109 0.87794
110 0.88189
111 0.88567
112 0.89169
113 0.89996
114 0.90902
115 0.91538
116 0.92421
117 0.93135
118 0.94168
119 0.94434
120 0.94659
121 0.94974
122 0.95389
123 0.96559
124 0.96672
125 0.97065
126 0.97353
127 0.99412
128 1.0056
129 1.01014
130 1.02083
131 1.03715
132 1.04921
133 1.05061
134 1.05274
135 1.06045
136 1.06412
137 1.06602
138 1.08596
139 1.10408
140 1.1129
141 1.11837
142 1.12566
143 1.13639
144 1.14299
145 1.14919
146 1.1631
147 1.17098
148 1.17462
149 1.19732
150 1.20875
151 1.21684
152 1.2184
153 1.22962
154 1.2531
155 1.27248
156 1.27459
157 1.27885
158 1.28356
159 1.28467
160 1.30485
161 1.3116
162 1.31836
163 1.32227
164 1.32491
165 1.33235
166 1.33442
167 1.34632
168 1.34983
169 1.35225
170 1.36156
171 1.3862
172 1.39436
173 1.40518
174 1.42543
175 1.43174
176 1.43657
177 1.44536
178 1.45376
179 1.46113
180 1.47234
181 1.49315
182 1.50263
183 1.50886
184 1.51336
185 1.52532
186 1.53527
187 1.54767
188 1.55102
189 1.56587
190 1.57863
191 1.59269
192 1.59639
193 1.60704
194 1.6166
195 1.62116
196 1.63289
197 1.64502
198 1.65151
199 1.65416
200 1.65902
201 1.66276
202 1.6646
203 1.68118
204 1.69102
205 1.69449
206 1.70305
207 1.70556
208 1.72285
209 1.72526
210 1.73523
211 1.74818
212 1.75596
213 1.77176
214 1.7807
215 1.7953
216 1.80622
217 1.80946
218 1.81526
219 1.82707
220 1.83309
221 1.8567
222 1.86112
223 1.8676
224 1.86889
225 1.87909
226 1.88709
227 1.90334
228 1.90696
229 1.91877
230 1.92087
231 1.94649
232 1.95228
233 1.95946
234 1.97359
235 1.97997
236 1.98944
237 2.00059
238 2.00337
239 2.00545
240 2.00792
241 2.01983
242 2.02383
243 2.03034
244 2.03237
245 2.04024
246 2.04752
247 2.05652
248 2.06053
249 2.06342
250 2.07044
251 2.07433
252 2.07707
253 2.08449
254 2.09045
255 2.10711
256 2.11506
257 2.11735
258 2.13298
259 2.13436
260 2.14544
261 2.1544
262 2.1609
263 2.18159
264 2.18411
265 2.19312
266 2.20525
267 2.20656
268 2.21521
269 2.22211
270 2.23173
271 2.23671
272 2.26423
273 2.27959
274 2.29532
275 2.2973
276 2.31402
277 2.31763
278 2.32075
279 2.32852
280 2.33641
281 2.34314
282 2.3478
283 2.34965
284 2.35417
285 2.36887
286 2.37478
287 2.38762
288 2.40114
289 2.40858
290 2.40955
291 2.41719
292 2.42259
293 2.42617
294 2.43175
295 2.44354
296 2.44786
297 2.45704
298 2.46436
299 2.47963
300 2.51147
301 2.52445
302 2.53131
303 2.53666
304 2.54073
305 2.56337
306 2.58399
307 2.6123
308 2.62104
309 2.62943
310 2.6377
311 2.6493
312 2.6658
313 2.66759
314 2.66986
315 2.68474
316 2.68992
317 2.69176
318 2.69844
319 2.70981
320 2.72816
321 2.73285
322 2.74502
323 2.74844
324 2.76028
325 2.77542
326 2.78578
327 2.78676
328 2.80945
329 2.82121
330 2.82275
331 2.82681
332 2.82873
333 2.82981
334 2.84007
335 2.85858
336 2.86779
337 2.87186
338 2.87955
339 2.88297
340 2.90206
341 2.9086
342 2.91543
343 2.92877
344 2.93134
345 2.93905
346 2.94653
347 2.95013
348 2.96627
349 2.97047
350 2.99389
