1 0.00233
2 0.00589
3 0.01651
4 0.02343
5 0.03607
6 0.05477
7 0.061
8 0.06855
9 0.07514
10 0.07757
11 0.08668
12 0.09268
13 0.10514
14 0.11981
15 0.123
16 0.12897
17 0.14167
18 0.15009
19 0.15684
20 0.15804
21 0.16039
22 0.16306
23 0.16942
24 0.19223
25 0.19485
26 0.19784
27 0.20882
28 0.21248
29 0.21606
30 0.21808
31 0.23651
32 0.24266
33 0.26295
34 0.26702
35 0.27303
36 0.28357
37 0.28599
38 0.28872
39 0.29644
40 0.30164
41 0.30446
42 0.30859
43 0.3124
44 0.3176
45 0.32216
46 0.33403
47 0.36206
48 0.36594
49 0.36951
50 0.37771
51 0.38012
52 0.38684
53 0.39354
54 0.39575
55 0.39811
56 0.40682
57 0.41616
58 0.42585
59 0.43244
60 0.43409
61 0.44384
62 0.44717
63 0.45364
64 0.46385
65 0.46625
66 0.46981
67 0.47203
68 0.47868
69 0.48969
70 0.49822
71 0.50719
72 0.51735
73 0.51947
74 0.52417
75 0.5317
76 0.54479
77 0.55381
78 0.56041
79 0.57126
80 0.57993
81 0.5816
82 0.58732
83 0.59191
84 0.59736
85 0.60207
86 0.60451
87 0.61103
88 0.62176
89 0.63063
90 0.63569
91 0.6383
92 0.64125
93 0.64973
94 0.65618
95 0.66468
96 0.67798
97 0.69326
98 0.69594
99 0.71008
100 0.72094
101 0.72826
102 0.73937
103 0.74151
104 0.74614
105 0.75299
106 0.75636
107 0.76616
108 0.77292
109 0.77577
110 0.77875
111 0.79508
112 0.79725
113 0.80616
114 0.81584
115 0.81721
116 0.81957
117 0.82589
118 0.82949
119 0.83578
120 0.8411
121 0.84734
122 0.86996
123 0.87396
124 0.88152
125 0.89176
126 0.89565
127 0.90943
128 0.91364
129 0.91512
130 0.91723
131 0.91992
132 0.92647
133 0.93275
134 0.94416
135 0.96312
136 0.97562
137 0.97842
138 0.99079
139 1.00352
140 1.01641
141 1.019
142 1.02381
143 1.02684
144 1.02914
145 1.0314
146 1.03905
147 1.04051
148 1.04813
149 1.05724
150 1.06064
151 1.06781
152 1.07022
153 1.07531
154 1.08225
155 1.08526
156 1.10008
157 1.10392
158 1.11627
159 1.11931
160 1.12488
161 1.1297
162 1.15041
163 1.15724
164 1.16136
165 1.16555
166 1.17369
167 1.17757
168 1.17886
169 1.18327
170 1.19321
171 1.20792
172 1.21035
173 1.21451
174 1.22883
175 1.2392
176 1.24662
177 1.25507
178 1.26889
179 1.28204
180 1.30112
181 1.30528
182 1.30974
183 1.32126
184 1.33663
185 1.33995
186 1.34676
187 1.36283
188 1.38122
189 1.40297
190 1.41168
191 1.41553
192 1.41989
193 1.42889
194 1.43054
195 1.44359
196 1.4606
197 1.46297
198 1.46625
199 1.47899
200 1.49153
201 1.49745
202 1.50377
203 1.51748
204 1.52008
205 1.52245
206 1.52905
207 1.53129
208 1.53639
209 1.54156
210 1.54501
211 1.55558
212 1.56298
213 1.56833
214 1.57466
215 1.58024
216 1.58631
217 1.59056
218 1.59202
219 1.60511
220 1.60986
221 1.63945
222 1.64846
223 1.65819
224 1.66782
225 1.67393
226 1.67631
227 1.68026
228 1.69212
229 1.69642
230 1.7123
231 1.71567
232 1.71924
233 1.72457
234 1.75431
235 1.75798
236 1.76506
237 1.77829
238 1.78519
239 1.79038
240 1.79457
241 1.79653
242 1.80675
243 1.80995
244 1.81859
245 1.83905
246 1.84663
247 1.85527
248 1.88519
249 1.88908
250 1.8906
251 1.89291
252 1.89828
253 1.91045
254 1.91526
255 1.92158
256 1.93238
257 1.94734
258 1.9624
259 1.96572
260 1.97098
261 1.9729
262 1.9847
263 1.98912
264 1.99674
265 2.00525
266 2.00987
267 2.01766
268 2.02257
269 2.02386
270 2.03672
271 2.05147
272 2.06396
273 2.06802
274 2.07459
275 2.08848
276 2.10207
277 2.10982
278 2.11165
279 2.11813
280 2.12865
281 2.13516
282 2.13718
283 2.14297
284 2.15101
285 2.16873
286 2.17581
287 2.19396
288 2.19865
289 2.20892
290 2.22582
291 2.22997
292 2.23917
293 2.25129
294 2.25394
295 2.25675
296 2.26769
297 2.28934
298 2.29974
299 2.30095
300 2.30602
301 2.32034
302 2.32535
303 2.3322
304 2.34173
305 2.34506
306 2.34675
307 2.36196
308 2.37929
309 2.38689
310 2.3982
311 2.41244
312 2.4137
313 2.42446
314 2.42913
315 2.43486
316 2.44308
317 2.44912
318 2.46263
319 2.46868
320 2.47141
321 2.48634
322 2.5098
323 2.51182
324 2.53003
325 2.54432
326 2.55041
327 2.55525
328 2.55826
329 2.56559
330 2.56741
331 2.57298
332 2.5757
333 2.57724
334 2.58126
335 2.58516
336 2.60966
337 2.61871
338 2.62563
339 2.65081
340 2.66086
341 2.67287
342 2.67717
343 2.69271
344 2.7152
345 2.74156
346 2.76215
347 2.76508
348 2.7728
349 2.78293
350 2.79133
351 2.80019
352 2.80982
353 2.81299
354 2.81815
355 2.82847
356 2.83225
357 2.83594
358 2.84726
359 2.86649
360 2.87328
361 2.88223
362 2.88712
363 2.89144
364 2.91582
365 2.9197
366 2.92172
367 2.93064
368 2.94037
369 2.95196
370 2.95941
371 2.97338
372 2.98732
