1 0.00585
2 0.01432
3 0.02308
4 0.02902
5 0.03126
6 0.03842
7 0.04733
8 0.05134
9 0.06664
10 0.08263
11 0.08572
12 0.0878
13 0.09041
14 0.09552
15 0.09687
16 0.10431
17 0.10683
18 0.11251
19 0.1168
20 0.13524
21 0.13862
22 0.1435
23 0.14672
24 0.15279
25 0.15741
26 0.16068
27 0.16213
28 0.16545
29 0.16781
30 0.17486
31 0.18278
32 0.19801
33 0.19972
34 0.20219
35 0.21149
36 0.21458
37 0.21672
38 0.22779
39 0.22968
40 0.23457
41 0.23666
42 0.24767
43 0.25084
44 0.26692
45 0.27617
46 0.28251
47 0.29523
48 0.29917
49 0.30458
50 0.31711
51 0.31973
52 0.32856
53 0.32985
54 0.33515
55 0.33747
56 0.34141
57 0.35705
58 0.36461
59 0.37307
60 0.38813
61 0.39242
62 0.39944
63 0.40388
64 0.40595
65 0.40718
66 0.41516
67 0.41774
68 0.43177
69 0.43516
70 0.44075
71 0.44958
72 0.45231
73 0.45551
74 0.458
75 0.46476
76 0.46771
77 0.47148
78 0.4755
79 0.4806
80 0.48629
81 0.49662
82 0.51152
83 0.51693
84 0.5236
85 0.52757
86 0.53332
87 0.54159
88 0.54763
89 0.55017
90 0.55308
91 0.56518
92 0.57159
93 0.58242
94 0.58692
95 0.59679
96 0.61679
97 0.63155
98 0.64606
99 0.65437
100 0.65867
101 0.6651
102 0.67746
103 0.68375
104 0.68795
105 0.69056
106 0.69679
107 0.71063
108 0.71447
109 0.71751
110 0.72594
111 0.7334
112 0.74368
113 0.74772
114 0.75269
115 0.7582
116 0.76167
117 0.76747
118 0.76929
119 0.77094
120 0.79554
121 0.82648
122 0.8294
123 0.83263
124 0.83446
125 0.83824
126 0.84094
127 0.85657
128 0.86216
129 0.88041
130 0.88702
131 0.89531
132 0.89979
133 0.90446
134 0.90769
135 0.91265
136 0.91487
137 0.92005
138 0.9231
139 0.92593
140 0.94014
141 0.94576
142 0.94831
143 0.95454
144 0.96755
145 0.97435
146 0.98106
147 0.98301
148 0.98823
149 1.00848
150 1.01587
151 1.02082
152 1.02524
153 1.03138
154 1.04557
155 1.05124
156 1.06984
157 1.08024
158 1.08447
159 1.08665
160 1.0902
161 1.09246
162 1.09477
163 1.10753
164 1.11373
165 1.12017
166 1.12598
167 1.14105
168 1.14872
169 1.15424
170 1.15714
171 1.16374
172 1.16676
173 1.17301
174 1.17754
175 1.18028
176 1.18761
177 1.19274
178 1.19373
179 1.19604
180 1.19981
181 1.20354
182 1.20864
183 1.22329
184 1.2277
185 1.23146
186 1.24205
187 1.25464
188 1.25738
189 1.26946
190 1.27221
191 1.27451
192 1.2911
193 1.29249
194 1.29388
195 1.29977
196 1.3177
197 1.33066
198 1.33578
199 1.34691
200 1.35998
201 1.37489
202 1.38287
203 1.39327
204 1.40286
205 1.41142
206 1.41831
207 1.42183
208 1.42928
209 1.43338
210 1.44012
211 1.44194
212 1.44569
213 1.44703
214 1.4565
215 1.46143
216 1.46622
217 1.48923
218 1.50615
219 1.51499
220 1.51904
221 1.52133
222 1.52655
223 1.53104
224 1.54466
225 1.54862
226 1.56362
227 1.57249
228 1.57507
229 1.58029
230 1.58244
231 1.59197
232 1.59725
233 1.6104
234 1.6132
235 1.62164
236 1.63445
237 1.64191
238 1.65513
239 1.65669
240 1.65969
241 1.66267
242 1.67137
243 1.68475
244 1.69312
245 1.69789
246 1.70231
247 1.70646
248 1.716
249 1.72445
250 1.74544
251 1.75523
252 1.76157
253 1.77221
254 1.776
255 1.78038
256 1.79088
257 1.79306
258 1.79966
259 1.80418
260 1.80757
261 1.81662
262 1.82027
263 1.82381
264 1.82932
265 1.83725
266 1.84074
267 1.84577
268 1.84801
269 1.85889
270 1.86296
271 1.86787
272 1.88141
273 1.88902
274 1.9059
275 1.9093
276 1.91279
277 1.92182
278 1.93882
279 1.94922
280 1.96513
281 1.96697
282 1.97545
283 1.99323
284 1.99861
285 2.0168
286 2.0258
287 2.03219
288 2.05012
289 2.06786
290 2.07462
291 2.08293
292 2.08597
293 2.09449
294 2.1124
295 2.11649
296 2.14242
297 2.14675
298 2.15666
299 2.16076
300 2.16649
301 2.17033
302 2.17977
303 2.20308
304 2.20668
305 2.21378
306 2.23701
307 2.24809
308 2.2634
309 2.27978
310 2.29252
311 2.29949
312 2.31555
313 2.32604
314 2.33235
315 2.33822
316 2.34526
317 2.34708
318 2.35697
319 2.37218
320 2.38754
321 2.40076
322 2.40721
323 2.41525
324 2.41708
325 2.42133
326 2.42664
327 2.43285
328 2.43763
329 2.4469
330 2.45136
331 2.46238
332 2.46511
333 2.46842
334 2.46991
335 2.47177
336 2.47719
337 2.49934
338 2.50524
339 2.50818
340 2.51718
341 2.51863
342 2.5236
343 2.54616
344 2.55494
345 2.56661
346 2.57144
347 2.58088
348 2.58456
349 2.59347
350 2.60903
351 2.61989
352 2.62946
353 2.63458
354 2.63927
355 2.64869
356 2.6597
357 2.66399
358 2.66788
359 2.66985
360 2.67811
361 2.68172
362 2.69073
363 2.6929
364 2.70208
365 2.70564
366 2.70736
367 2.71084
368 2.72012
369 2.72476
370 2.73286
371 2.73794
372 2.74089
373 2.74692
374 2.75167
375 2.7702
376 2.79642
377 2.81883
378 2.82833
379 2.83307
380 2.84068
381 2.86913
382 2.87648
383 2.90654
384 2.9135
385 2.91508
386 2.9255
387 2.92973
388 2.94158
389 2.9445
390 2.95248
391 2.95647
392 2.96018
393 2.97801
394 2.9868
395 2.99269
