1 0.00553
2 0.01177
3 0.02114
4 0.0323
5 0.04171
6 0.05734
7 0.07619
8 0.08378
9 0.08845
10 0.09238
11 0.10315
12 0.11045
13 0.12583
14 0.134
15 0.1363
16 0.15162
17 0.1719
18 0.17996
19 0.21144
20 0.21347
21 0.22606
22 0.24061
23 0.25045
24 0.25645
25 0.25837
26 0.26305
27 0.26473
28 0.272
29 0.27829
30 0.28627
31 0.28872
32 0.29606
33 0.30051
34 0.31722
35 0.33487
36 0.33754
37 0.34313
38 0.35217
39 0.35761
40 0.37266
41 0.38004
42 0.38189
43 0.38324
44 0.38519
45 0.3862
46 0.40232
47 0.43198
48 0.4454
49 0.46771
50 0.46993
51 0.48383
52 0.48724
53 0.49013
54 0.49387
55 0.5083
56 0.51354
57 0.51768
58 0.52291
59 0.52583
60 0.53588
61 0.5422
62 0.56251
63 0.58936
64 0.59209
65 0.60297
66 0.62539
67 0.64431
68 0.67702
69 0.6824
70 0.69773
71 0.71354
72 0.71916
73 0.72257
74 0.7239
75 0.72689
76 0.73741
77 0.74321
78 0.75533
79 0.76818
80 0.76975
81 0.77548
82 0.78079
83 0.7872
84 0.79414
85 0.79737
86 0.8051
87 0.81106
88 0.83095
89 0.83797
90 0.84596
91 0.85269
92 0.8577
93 0.86427
94 0.86562
95 0.87594
96 0.87745
97 0.88013
98 0.9343
99 0.93602
100 0.9644
101 0.97818
102 0.98945
103 1.00212
104 1.00654
105 1.00791
106 1.01592
107 1.01884
108 1.02031
109 1.03452
110 1.05188
111 1.05453
112 1.06397
113 1.08073
114 1.09792
115 1.10911
116 1.13496
117 1.13901
118 1.14356
119 1.14947
120 1.17334
121 1.18604
122 1.19023
123 1.19397
124 1.20461
125 1.2061
126 1.2168
127 1.22772
128 1.23119
129 1.24108
130 1.2485
131 1.26771
132 1.27636
133 1.2901
134 1.29581
135 1.30174
136 1.32303
137 1.33148
138 1.33516
139 1.35143
140 1.35647
141 1.36407
142 1.38599
143 1.39892
144 1.42913
145 1.43579
146 1.46386
147 1.46961
148 1.47143
149 1.48952
150 1.50163
151 1.50539
152 1.50695
153 1.51301
154 1.52173
155 1.5272
156 1.53231
157 1.54374
158 1.55942
159 1.57307
160 1.58363
161 1.59202
162 1.59673
163 1.60583
164 1.60741
165 1.62132
166 1.62416
167 1.62575
168 1.63127
169 1.63553
170 1.64105
171 1.65708
172 1.65995
173 1.68619
174 1.71134
175 1.71832
176 1.72358
177 1.73252
178 1.75736
179 1.77069
180 1.7746
181 1.78637
182 1.78994
183 1.7916
184 1.80949
185 1.81298
186 1.83219
187 1.84474
188 1.8502
189 1.86475
190 1.87346
191 1.87624
192 1.88819
193 1.89468
194 1.89632
195 1.93156
196 1.94733
197 1.96552
198 1.97095
199 1.97944
200 1.98288
201 1.989
202 2.003
203 2.01447
204 2.02537
205 2.03352
206 2.04813
207 2.07493
208 2.08133
209 2.09004
210 2.10672
211 2.12374
212 2.12796
213 2.13336
214 2.1465
215 2.15832
216 2.17021
217 2.17638
218 2.18765
219 2.21323
220 2.21826
221 2.22132
222 2.22453
223 2.22628
224 2.22819
225 2.24034
226 2.25933
227 2.27544
228 2.3002
229 2.31272
230 2.33239
231 2.33544
232 2.34578
233 2.34984
234 2.35126
235 2.3545
236 2.38096
237 2.38236
238 2.38687
239 2.42035
240 2.43247
241 2.46336
242 2.47389
243 2.49313
244 2.50274
245 2.50785
246 2.51293
247 2.52607
248 2.53691
249 2.54556
250 2.54773
251 2.55065
252 2.55339
253 2.5585
254 2.57028
255 2.58332
256 2.58609
257 2.58758
258 2.59624
259 2.6023
260 2.60506
261 2.62039
262 2.62549
263 2.64498
264 2.66134
265 2.71393
266 2.72271
267 2.73896
268 2.7501
269 2.75493
270 2.7614
271 2.76344
272 2.76868
273 2.77595
274 2.77759
275 2.78565
276 2.78701
277 2.79413
278 2.80006
279 2.80309
280 2.83167
281 2.84063
282 2.85394
283 2.85973
284 2.88334
285 2.89039
286 2.89591
287 2.90641
288 2.93451
289 2.94519
290 2.96274
291 2.9679
292 2.98059
