1 0.00923
2 0.01104
3 0.02285
4 0.03113
5 0.03742
6 0.04222
7 0.04837
8 0.05133
9 0.05773
10 0.06723
11 0.08001
12 0.08794
13 0.09467
14 0.1034
15 0.10663
16 0.11774
17 0.12349
18 0.13304
19 0.13633
20 0.13999
21 0.15391
22 0.17079
23 0.17795
24 0.18066
25 0.1922
26 0.22767
27 0.23373
28 0.24746
29 0.2494
30 0.25869
31 0.26037
32 0.27893
33 0.28329
34 0.32282
35 0.32846
36 0.35287
37 0.35674
38 0.36864
39 0.3768
40 0.37876
41 0.39044
42 0.39215
43 0.42107
44 0.42598
45 0.43606
46 0.43738
47 0.44107
48 0.45288
49 0.45908
50 0.46084
51 0.46251
52 0.47564
53 0.48768
54 0.49434
55 0.49797
56 0.49974
57 0.50345
58 0.50596
59 0.51672
60 0.51967
61 0.52331
62 0.52487
63 0.5331
64 0.53709
65 0.53865
66 0.57537
67 0.57965
68 0.59778
69 0.59928
70 0.61244
71 0.64477
72 0.64666
73 0.6567
74 0.65843
75 0.66014
76 0.6659
77 0.6719
78 0.67479
79 0.69274
80 0.69469
81 0.7025
82 0.71215
83 0.71558
84 0.72126
85 0.72278
86 0.73468
87 0.75436
88 0.75766
89 0.76729
90 0.77601
91 0.78581
92 0.80554
93 0.80751
94 0.80991
95 0.81309
96 0.83471
97 0.837
98 0.84465
99 0.86097
100 0.86937
101 0.87497
102 0.88235
103 0.88826
104 0.892
105 0.89421
106 0.9073
107 0.91675
108 0.92364
109 0.93624
110 0.95142
111 0.95498
112 0.96163
113 0.98418
114 0.99411
115 0.99645
116 0.99815
117 1.0011
118 1.00709
119 1.01624
120 1.02465
121 1.03088
122 1.03996
123 1.0563
124 1.07198
125 1.0757
126 1.10507
127 1.11672
128 1.12614
129 1.13602
130 1.1623
131 1.16874
132 1.20173
133 1.20511
134 1.21611
135 1.219
136 1.23557
137 1.24701
138 1.25526
139 1.26299
140 1.28906
141 1.29106
142 1.30099
143 1.3083
144 1.32805
145 1.332
146 1.34207
147 1.34657
148 1.35391
149 1.36855
150 1.39267
151 1.39638
152 1.41219
153 1.42125
154 1.43114
155 1.45241
156 1.48081
157 1.48848
158 1.49468
159 1.49856
160 1.50403
161 1.51045
162 1.52062
163 1.53087
164 1.54438
165 1.55734
166 1.56333
167 1.5688
168 1.59893
169 1.63179
170 1.63408
171 1.64138
172 1.66477
173 1.6867
174 1.68874
175 1.69596
176 1.70141
177 1.71734
178 1.7425
179 1.74795
180 1.7665
181 1.77485
182 1.77852
183 1.80316
184 1.81874
185 1.83828
186 1.85441
187 1.86722
188 1.87859
189 1.89666
190 1.90421
191 1.91404
192 1.91883
193 1.93206
194 1.93477
195 1.94506
196 1.97174
197 1.98602
198 1.99463
199 2.01647
200 2.02187
201 2.02609
202 2.0291
203 2.03626
204 2.04746
205 2.066
206 2.06985
207 2.07415
208 2.07775
209 2.08715
210 2.09457
211 2.09614
212 2.10107
213 2.11935
214 2.13397
215 2.14745
216 2.1509
217 2.15442
218 2.16285
219 2.16638
220 2.16972
221 2.17652
222 2.20296
223 2.21499
224 2.22202
225 2.22499
226 2.23658
227 2.2469
228 2.25037
229 2.2746
230 2.28826
231 2.30915
232 2.31201
233 2.33301
234 2.33608
235 2.35213
236 2.35774
237 2.36543
238 2.38446
239 2.39132
240 2.3932
241 2.41055
242 2.42706
243 2.44345
244 2.44881
245 2.45276
246 2.46062
247 2.47477
248 2.48262
249 2.49038
250 2.49215
251 2.50333
252 2.5055
253 2.51541
254 2.5202
255 2.53205
256 2.53598
257 2.55724
258 2.56026
259 2.57859
260 2.59222
261 2.60871
262 2.61682
263 2.62234
264 2.62622
265 2.64171
266 2.64348
267 2.64561
268 2.66239
269 2.67297
270 2.68863
271 2.72448
272 2.73468
273 2.74624
274 2.76228
275 2.77336
276 2.79425
277 2.79731
278 2.80186
279 2.82848
280 2.83384
281 2.84082
282 2.84266
283 2.86067
284 2.86817
285 2.8837
286 2.89071
287 2.91825
288 2.9222
289 2.92504
290 2.95321
291 2.96342
292 2.96501
293 2.96866
294 2.9744
295 2.98091
296 2.99737
