1 0.00318
2 0.00903
3 0.01346
4 0.02217
5 0.02524
6 0.03335
7 0.03925
8 0.04652
9 0.04805
10 0.0631
11 0.06926
12 0.08154
13 0.08531
14 0.09167
15 0.09605
16 0.10326
17 0.11595
18 0.12423
19 0.12729
20 0.14855
21 0.15782
22 0.16244
23 0.17562
24 0.181
25 0.18452
26 0.19197
27 0.19478
28 0.20322
29 0.20566
30 0.21058
31 0.21369
32 0.21776
33 0.22503
34 0.22582
35 0.23577
36 0.23763
37 0.26019
38 0.26947
39 0.27437
40 0.27866
41 0.2844
42 0.29447
43 0.29799
44 0.31227
45 0.32496
46 0.32951
47 0.3607
48 0.36487
49 0.38057
50 0.39637
51 0.41355
52 0.41972
53 0.4264
54 0.43359
55 0.44292
56 0.44445
57 0.44951
58 0.46255
59 0.46572
60 0.47197
61 0.47971
62 0.49723
63 0.49913
64 0.50512
65 0.51285
66 0.55347
67 0.56532
68 0.57174
69 0.58874
70 0.59885
71 0.60058
72 0.60254
73 0.61618
74 0.62301
75 0.64338
76 0.64699
77 0.6675
78 0.68001
79 0.68862
80 0.69931
81 0.7021
82 0.70548
83 0.7115
84 0.71646
85 0.72256
86 0.73121
87 0.74702
88 0.7497
89 0.75216
90 0.75832
91 0.76219
92 0.76945
93 0.7721
94 0.78231
95 0.79867
96 0.80873
97 0.81343
98 0.8183
99 0.82458
100 0.83731
101 0.8391
102 0.84457
103 0.84878
104 0.85367
105 0.85573
106 0.8697
107 0.87717
108 0.8859
109 0.88988
110 0.89909
111 0.9032
112 0.91883
113 0.92422
114 0.94369
115 0.9518
116 0.95551
117 0.96935
118 0.97562
119 0.98039
120 0.99521
121 0.99818
122 1.00111
123 1.00879
124 1.01586
125 1.02603
126 1.03076
127 1.05258
128 1.05744
129 1.06271
130 1.0653
131 1.06782
132 1.09198
133 1.10166
134 1.10547
135 1.11314
136 1.11624
137 1.11709
138 1.12707
139 1.13148
140 1.14045
141 1.14566
142 1.15375
143 1.16889
144 1.17741
145 1.17946
146 1.183
147 1.18926
148 1.20877
149 1.21817
150 1.22362
151 1.23476
152 1.24753
153 1.25116
154 1.25645
155 1.26996
156 1.29879
157 1.31077
158 1.32094
159 1.33128
160 1.3329
161 1.34401
162 1.34951
163 1.35363
164 1.36316
165 1.36986
166 1.37335
167 1.3816
168 1.39046
169 1.39542
170 1.41685
171 1.41935
172 1.43729
173 1.44222
174 1.45969
175 1.47688
176 1.48349
177 1.48791
178 1.50321
179 1.51214
180 1.51677
181 1.55678
182 1.56038
183 1.5719
184 1.59236
185 1.59612
186 1.60885
187 1.61296
188 1.6163
189 1.61957
190 1.62978
191 1.64602
192 1.66505
193 1.66965
194 1.68063
195 1.69538
196 1.70576
197 1.71788
198 1.7254
199 1.72965
200 1.74473
201 1.75741
202 1.76022
203 1.7683
204 1.7822
205 1.79373
206 1.81071
207 1.81913
208 1.82206
209 1.83052
210 1.83446
211 1.84198
212 1.84675
213 1.85369
214 1.87671
215 1.89558
216 1.89929
217 1.90633
218 1.90903
219 1.93775
220 1.94984
221 1.96972
222 1.98985
223 1.99993
224 2.00909
225 2.02014
226 2.02486
227 2.03978
228 2.06437
229 2.07306
230 2.08944
231 2.09829
232 2.10166
233 2.10597
234 2.11024
235 2.14271
236 2.15577
237 2.1763
238 2.17967
239 2.184
240 2.18819
241 2.18961
242 2.20397
243 2.2171
244 2.22255
245 2.22935
246 2.23359
247 2.23746
248 2.24485
249 2.24794
250 2.2547
251 2.25611
252 2.25964
253 2.26306
254 2.26884
255 2.27645
256 2.27921
257 2.28987
258 2.2971
259 2.30129
260 2.3117
261 2.31966
262 2.32103
263 2.3292
264 2.33915
265 2.34728
266 2.3573
267 2.36177
268 2.37489
269 2.38019
270 2.38708
271 2.39169
272 2.41738
273 2.43346
274 2.45033
275 2.45562
276 2.45808
277 2.46466
278 2.46782
279 2.4716
280 2.47495
281 2.48776
282 2.49764
283 2.50812
284 2.51284
285 2.52738
286 2.53602
287 2.55444
288 2.56022
289 2.57165
290 2.57854
291 2.5805
292 2.58925
293 2.5922
294 2.59528
295 2.60309
296 2.60718
297 2.62091
298 2.63176
299 2.64498
300 2.65365
301 2.66525
302 2.67963
303 2.68118
304 2.68615
305 2.69873
306 2.72221
307 2.73157
308 2.73557
309 2.75126
310 2.7556
311 2.76499
312 2.77249
313 2.78714
314 2.78906
315 2.80162
316 2.80717
317 2.82112
318 2.83944
319 2.84192
320 2.84362
321 2.84794
322 2.87266
323 2.89088
324 2.89901
325 2.92066
326 2.93174
327 2.93299
328 2.93792
329 2.95564
330 2.96529
331 2.98553
332 2.99313
