1 0.00368
2 0.00585
3 0.02373
4 0.03252
5 0.03443
6 0.04037
7 0.04286
8 0.045
9 0.05435
10 0.0602
11 0.06954
12 0.07267
13 0.0812
14 0.09362
15 0.09588
16 0.09926
17 0.10574
18 0.11181
19 0.12044
20 0.12537
21 0.1304
22 0.13246
23 0.13346
24 0.13773
25 0.1425
26 0.15363
27 0.16043
28 0.17395
29 0.17914
30 0.19263
31 0.19774
32 0.20117
33 0.2033
34 0.20905
35 0.22463
36 0.23817
37 0.24111
38 0.25875
39 0.27131
40 0.27931
41 0.28721
42 0.29506
43 0.30285
44 0.31481
45 0.31877
46 0.32543
47 0.33752
48 0.36925
49 0.37446
50 0.38796
51 0.39799
52 0.40319
53 0.41255
54 0.41735
55 0.42111
56 0.42652
57 0.42845
58 0.43708
59 0.44254
60 0.44828
61 0.45496
62 0.46018
63 0.46518
64 0.47793
65 0.50295
66 0.51525
67 0.52683
68 0.53719
69 0.54449
70 0.55146
71 0.58132
72 0.58644
73 0.59446
74 0.60047
75 0.61215
76 0.61352
77 0.61752
78 0.62203
79 0.63244
80 0.64475
81 0.67184
82 0.67509
83 0.68273
84 0.68792
85 0.69499
86 0.69737
87 0.70276
88 0.707
89 0.7175
90 0.7295
91 0.75374
92 0.75694
93 0.75839
94 0.76971
95 0.78583
96 0.789
97 0.79111
98 0.80162
99 0.81158
100 0.81521
101 0.81948
102 0.82106
103 0.82477
104 0.8422
105 0.85156
106 0.85991
107 0.86342
108 0.86707
109 0.88551
110 0.89227
111 0.90632
112 0.91569
113 0.93134
114 0.9457
115 0.94916
116 0.95267
117 0.95435
118 0.97338
119 0.98337
120 0.98933
121 0.99653
122 1.0068
123 1.02399
124 1.03114
125 1.0544
126 1.05806
127 1.07344
128 1.08769
129 1.11669
130 1.12145
131 1.12323
132 1.13708
133 1.14448
134 1.16008
135 1.16812
136 1.18059
137 1.19347
138 1.20461
139 1.21202
140 1.21498
141 1.2229
142 1.23244
143 1.24603
144 1.25055
145 1.26097
146 1.26802
147 1.27337
148 1.27781
149 1.28423
150 1.30139
151 1.31556
152 1.31905
153 1.32265
154 1.32463
155 1.33513
156 1.35157
157 1.36418
158 1.37346
159 1.37527
160 1.38144
161 1.38754
162 1.39248
163 1.39564
164 1.40202
165 1.40715
166 1.41275
167 1.41902
168 1.42711
169 1.44602
170 1.46746
171 1.47139
172 1.48342
173 1.49931
174 1.50832
175 1.5176
176 1.52971
177 1.54238
178 1.56117
179 1.5704
180 1.57205
181 1.57425
182 1.58396
183 1.59033
184 1.59184
185 1.5948
186 1.6034
187 1.61935
188 1.62829
189 1.63789
190 1.65127
191 1.65707
192 1.65898
193 1.66584
194 1.67431
195 1.70455
196 1.71258
197 1.72126
198 1.7257
199 1.73139
200 1.7574
201 1.76324
202 1.77579
203 1.78625
204 1.79019
205 1.79492
206 1.79963
207 1.80824
208 1.8241
209 1.84052
210 1.84755
211 1.84948
212 1.85781
213 1.85991
214 1.87022
215 1.8801
216 1.88474
217 1.89275
218 1.90538
219 1.91069
220 1.91355
221 1.9161
222 1.92355
223 1.92993
224 1.93652
225 1.95135
226 1.96004
227 1.96824
228 1.99862
229 2.02057
230 2.02631
231 2.02823
232 2.03026
233 2.03173
234 2.04843
235 2.05389
236 2.06218
237 2.07728
238 2.08566
239 2.08978
240 2.09331
241 2.0978
242 2.10698
243 2.11089
244 2.1265
245 2.13034
246 2.14561
247 2.15349
248 2.16107
249 2.1707
250 2.18328
251 2.19051
252 2.19385
253 2.20363
254 2.22428
255 2.22732
256 2.23494
257 2.24219
258 2.24572
259 2.25104
260 2.25216
261 2.27215
262 2.2781
263 2.29803
264 2.31631
265 2.32205
266 2.32922
267 2.34384
268 2.36136
269 2.36446
270 2.37035
271 2.37281
272 2.38841
273 2.405
274 2.41877
275 2.43306
276 2.44548
277 2.44782
278 2.44916
279 2.45428
280 2.46101
281 2.46511
282 2.47945
283 2.50456
284 2.51183
285 2.54958
286 2.56924
287 2.57724
288 2.58852
289 2.59292
290 2.6037
291 2.62075
292 2.62708
293 2.64896
294 2.67028
295 2.68372
296 2.693
297 2.6957
298 2.71078
299 2.72585
300 2.72952
301 2.73911
302 2.74186
303 2.74827
304 2.75612
305 2.75944
306 2.78308
307 2.79972
308 2.81729
309 2.82421
310 2.83398
311 2.83675
312 2.84001
313 2.84901
314 2.85412
315 2.86192
316 2.86556
317 2.87377
318 2.88702
319 2.89524
320 2.90552
321 2.91091
322 2.92068
323 2.95492
324 2.96513
325 2.97044
326 2.99409
