1 0.003
2 0.00431
3 0.00552
4 0.01664
5 0.01909
6 0.02569
7 0.0311
8 0.03759
9 0.04006
10 0.05174
11 0.0586
12 0.06574
13 0.06926
14 0.08752
15 0.09254
16 0.09823
17 0.12195
18 0.12447
19 0.13358
20 0.13559
21 0.1417
22 0.15731
23 0.16286
24 0.16949
25 0.17427
26 0.17797
27 0.18229
28 0.20037
29 0.21085
30 0.22108
31 0.22583
32 0.22686
33 0.25983
34 0.2749
35 0.27782
36 0.29754
37 0.3067
38 0.31377
39 0.32708
40 0.34299
41 0.34935
42 0.35579
43 0.363
44 0.36511
45 0.36709
46 0.36812
47 0.37268
48 0.37882
49 0.38846
50 0.3915
51 0.39545
52 0.39779
53 0.41758
54 0.42548
55 0.45253
56 0.45764
57 0.46297
58 0.46608
59 0.46884
60 0.47351
61 0.48088
62 0.48924
63 0.49235
64 0.50873
65 0.52037
66 0.52266
67 0.52765
68 0.53538
69 0.54162
70 0.54469
71 0.54862
72 0.55662
73 0.56988
74 0.57796
75 0.58273
76 0.61415
77 0.61503
78 0.62447
79 0.62886
80 0.63224
81 0.63774
82 0.64456
83 0.65812
84 0.66001
85 0.6752
86 0.6789
87 0.68474
88 0.69453
89 0.69773
90 0.71144
91 0.72048
92 0.73746
93 0.73848
94 0.7469
95 0.74972
96 0.75495
97 0.75755
98 0.77043
99 0.77992
100 0.78116
101 0.79756
102 0.8009
103 0.80293
104 0.82058
105 0.84259
106 0.85638
107 0.8614
108 0.86902
109 0.87915
110 0.89963
111 0.90961
112 0.91318
113 0.91734
114 0.92889
115 0.93971
116 0.94672
117 0.95081
118 0.95506
119 0.95727
120 0.96044
121 0.96266
122 0.96513
123 0.97183
124 0.97713
125 0.97865
126 0.98769
127 1.00133
128 1.00333
129 1.02895
130 1.0466
131 1.0484
132 1.05336
133 1.06948
134 1.0774
135 1.08765
136 1.08861
137 1.10181
138 1.12265
139 1.14233
140 1.15437
141 1.15591
142 1.17526
143 1.18265
144 1.18532
145 1.19816
146 1.20131
147 1.20415
148 1.21229
149 1.22105
150 1.2285
151 1.23666
152 1.25435
153 1.26351
154 1.27047
155 1.2743
156 1.28129
157 1.29124
158 1.30391
159 1.31205
160 1.32177
161 1.34028
162 1.34721
163 1.35717
164 1.36469
165 1.3725
166 1.38335
167 1.39731
168 1.42529
169 1.42793
170 1.43027
171 1.44862
172 1.45075
173 1.46134
174 1.463
175 1.46922
176 1.47531
177 1.47945
178 1.48434
179 1.49151
180 1.49422
181 1.50905
182 1.51658
183 1.52003
184 1.52698
185 1.54987
186 1.55355
187 1.55767
188 1.5625
189 1.57659
190 1.5884
191 1.6177
192 1.62598
193 1.63138
194 1.63442
195 1.67204
196 1.67785
197 1.68457
198 1.68657
199 1.6962
200 1.6997
201 1.70457
202 1.70836
203 1.7171
204 1.71915
205 1.7285
206 1.74259
207 1.7537
208 1.75935
209 1.76906
210 1.78521
211 1.80672
212 1.82945
213 1.84257
214 1.85253
215 1.86579
216 1.87222
217 1.88401
218 1.88828
219 1.89375
220 1.92042
221 1.92299
222 1.9338
223 1.94946
224 1.98504
225 1.98623
226 1.98831
227 1.99355
228 2.00075
229 2.01704
230 2.02235
231 2.02778
232 2.03482
233 2.03847
234 2.04474
235 2.05035
236 2.05554
237 2.05775
238 2.06246
239 2.0692
240 2.07138
241 2.08079
242 2.08368
243 2.08742
244 2.089
245 2.1009
246 2.11481
247 2.1262
248 2.15775
249 2.16808
250 2.16981
251 2.1723
252 2.17878
253 2.18622
254 2.19679
255 2.20562
256 2.21593
257 2.2377
258 2.25394
259 2.26243
260 2.26849
261 2.27777
262 2.29736
263 2.32149
264 2.33597
265 2.34301
266 2.34394
267 2.34921
268 2.36498
269 2.36879
270 2.37077
271 2.37956
272 2.38866
273 2.39465
274 2.39771
275 2.40738
276 2.41341
277 2.4425
278 2.45441
279 2.45826
280 2.46343
281 2.46762
282 2.47922
283 2.49128
284 2.49606
285 2.50044
286 2.50563
287 2.51071
288 2.51902
289 2.52705
290 2.53192
291 2.53365
292 2.55066
293 2.55306
294 2.57522
295 2.57993
296 2.58351
297 2.59565
298 2.6064
299 2.61011
300 2.62269
301 2.62557
302 2.63167
303 2.64105
304 2.65482
305 2.66247
306 2.67013
307 2.67869
308 2.68267
309 2.68877
310 2.69286
311 2.69853
312 2.70099
313 2.7034
314 2.71677
315 2.7358
316 2.74263
317 2.74715
318 2.74987
319 2.76161
320 2.78499
321 2.79581
322 2.8018
323 2.80542
324 2.82031
325 2.82664
326 2.8305
327 2.83244
328 2.84232
329 2.8435
330 2.85439
331 2.86362
332 2.86856
333 2.87225
334 2.87483
335 2.88154
336 2.89924
337 2.9164
338 2.91995
339 2.93009
340 2.93511
341 2.94652
342 2.9535
343 2.96346
344 2.97071
345 2.97989
346 2.99237
