1 0.00602
2 0.01093
3 0.0121
4 0.02465
5 0.02765
6 0.0329
7 0.04176
8 0.04655
9 0.06105
10 0.06941
11 0.07416
12 0.08436
13 0.09669
14 0.10041
15 0.10572
16 0.10691
17 0.11479
18 0.12417
19 0.13999
20 0.14171
21 0.14369
22 0.16755
23 0.17041
24 0.18919
25 0.20452
26 0.21202
27 0.21935
28 0.22811
29 0.24605
30 0.25002
31 0.25727
32 0.25983
33 0.26937
34 0.2741
35 0.28695
36 0.30338
37 0.31164
38 0.32487
39 0.33362
40 0.33667
41 0.33837
42 0.34935
43 0.35505
44 0.36641
45 0.3745
46 0.38047
47 0.39146
48 0.39389
49 0.39933
50 0.40552
51 0.42347
52 0.43866
53 0.44175
54 0.45174
55 0.46285
56 0.4807
57 0.48457
58 0.48766
59 0.48939
60 0.49744
61 0.501
62 0.50696
63 0.50944
64 0.51821
65 0.52809
66 0.53361
67 0.56071
68 0.57401
69 0.58314
70 0.59677
71 0.60037
72 0.61596
73 0.61877
74 0.64648
75 0.65348
76 0.66906
77 0.6729
78 0.69068
79 0.6966
80 0.70449
81 0.71017
82 0.71163
83 0.72883
84 0.73362
85 0.73589
86 0.7405
87 0.74962
88 0.76353
89 0.77343
90 0.77931
91 0.78694
92 0.79324
93 0.80612
94 0.82143
95 0.82654
96 0.82774
97 0.83453
98 0.83803
99 0.84632
100 0.85808
101 0.87299
102 0.94027
103 0.94406
104 0.94905
105 0.95228
106 0.95805
107 0.96015
108 0.96561
109 0.99544
110 0.99889
111 1.00687
112 1.01605
113 1.01929
114 1.02606
115 1.04048
116 1.04477
117 1.0517
118 1.06313
119 1.07428
120 1.08043
121 1.08187
122 1.08385
123 1.09595
124 1.09949
125 1.11027
126 1.12137
127 1.12458
128 1.13206
129 1.14315
130 1.14727
131 1.15089
132 1.15383
133 1.16202
134 1.17503
135 1.177
136 1.18561
137 1.19103
138 1.1953
139 1.2061
140 1.21182
141 1.23076
142 1.23244
143 1.23544
144 1.23851
145 1.24792
146 1.25406
147 1.26076
148 1.26819
149 1.27157
150 1.28056
151 1.28627
152 1.29289
153 1.30174
154 1.31944
155 1.32825
156 1.34772
157 1.36553
158 1.37485
159 1.37797
160 1.39618
161 1.41037
162 1.41945
163 1.42299
164 1.42453
165 1.44563
166 1.45004
167 1.45852
168 1.46567
169 1.50598
170 1.51873
171 1.52269
172 1.53444
173 1.54559
174 1.55648
175 1.55945
176 1.57801
177 1.58638
178 1.58967
179 1.59494
180 1.60118
181 1.60876
182 1.62248
183 1.6336
184 1.64878
185 1.6665
186 1.67349
187 1.67464
188 1.68669
189 1.69836
190 1.69957
191 1.70327
192 1.70824
193 1.71081
194 1.73392
195 1.73607
196 1.74266
197 1.74886
198 1.75766
199 1.77605
200 1.78321
201 1.78645
202 1.79993
203 1.80853
204 1.81028
205 1.81659
206 1.83124
207 1.84253
208 1.85363
209 1.86822
210 1.87071
211 1.87856
212 1.88726
213 1.89395
214 1.9067
215 1.9103
216 1.914
217 1.94092
218 1.9461
219 1.95476
220 1.96472
221 1.98052
222 1.99334
223 2.03063
224 2.03228
225 2.03329
226 2.03731
227 2.03936
228 2.04429
229 2.04776
230 2.05055
231 2.0561
232 2.07239
233 2.08731
234 2.09816
235 2.11721
236 2.12354
237 2.12616
238 2.14601
239 2.14869
240 2.1545
241 2.16475
242 2.16613
243 2.17645
244 2.17924
245 2.19205
246 2.19584
247 2.20238
248 2.23036
249 2.24115
250 2.24985
251 2.26369
252 2.28529
253 2.28755
254 2.29988
255 2.32015
256 2.32652
257 2.33152
258 2.34551
259 2.35076
260 2.36778
261 2.37139
262 2.37544
263 2.37815
264 2.38773
265 2.39968
266 2.40929
267 2.41814
268 2.42507
269 2.42733
270 2.43337
271 2.44115
272 2.44888
273 2.45937
274 2.46075
275 2.46625
276 2.49198
277 2.49662
278 2.50199
279 2.50628
280 2.51107
281 2.5189
282 2.52343
283 2.53912
284 2.54085
285 2.54482
286 2.57328
287 2.59174
288 2.59942
289 2.61369
290 2.64448
291 2.6492
292 2.66008
293 2.66357
294 2.67054
295 2.67709
296 2.69079
297 2.69299
298 2.69814
299 2.73031
300 2.75235
301 2.76261
302 2.76672
303 2.769
304 2.77942
305 2.78137
306 2.78667
307 2.79847
308 2.79971
309 2.80226
310 2.83515
311 2.84127
312 2.85364
313 2.86477
314 2.87419
315 2.88903
316 2.91231
317 2.94141
318 2.95829
319 2.96159
320 2.9679
321 2.98358
322 2.98955
