1 0.00165
2 0.00556
3 0.00939
4 0.01322
5 0.01548
6 0.02383
7 0.02655
8 0.02959
9 0.03093
10 0.03486
11 0.03818
12 0.04333
13 0.05115
14 0.05429
15 0.07094
16 0.07347
17 0.08201
18 0.08796
19 0.09212
20 0.09865
21 0.10053
22 0.10537
23 0.11012
24 0.11341
25 0.11707
26 0.12298
27 0.12454
28 0.12869
29 0.13144
30 0.13967
31 0.14785
32 0.15144
33 0.15313
34 0.16406
35 0.16635
36 0.16933
37 0.17669
38 0.18203
39 0.20049
40 0.21425
41 0.2169
42 0.22129
43 0.23171
44 0.23523
45 0.23781
46 0.24775
47 0.25534
48 0.26166
49 0.27038
50 0.27692
51 0.28026
52 0.28162
53 0.28422
54 0.29087
55 0.29714
56 0.29983
57 0.30205
58 0.30795
59 0.3155
60 0.32172
61 0.32364
62 0.33455
63 0.33972
64 0.34728
65 0.3553
66 0.36087
67 0.3667
68 0.37427
69 0.38098
70 0.40653
71 0.41837
72 0.42596
73 0.4337
74 0.43812
75 0.44628
76 0.45048
77 0.46307
78 0.46674
79 0.47091
80 0.47445
81 0.47681
82 0.48785
83 0.49817
84 0.50543
85 0.50929
86 0.51507
87 0.52944
88 0.53801
89 0.54169
90 0.56059
91 0.57226
92 0.57892
93 0.58051
94 0.58269
95 0.60222
96 0.60415
97 0.6108
98 0.61224
99 0.62354
100 0.62831
101 0.6319
102 0.63859
103 0.64441
104 0.64774
105 0.6736
106 0.67538
107 0.6809
108 0.70388
109 0.70906
110 0.71504
111 0.71834
112 0.72218
113 0.72766
114 0.74535
115 0.75576
116 0.75845
117 0.77046
118 0.77926
119 0.78233
120 0.7835
121 0.79302
122 0.8035
123 0.81635
124 0.81972
125 0.82298
126 0.82723
127 0.83887
128 0.84454
129 0.85687
130 0.85849
131 0.86587
132 0.86894
133 0.8768
134 0.87899
135 0.88639
136 0.89217
137 0.90992
138 0.91623
139 0.93516
140 0.94374
141 0.95215
142 0.95559
143 0.95892
144 0.9635
145 0.96984
146 0.97262
147 0.97564
148 0.97848
149 0.98727
150 0.99215
151 0.99704
152 1.01064
153 1.01261
154 1.01862
155 1.0294
156 1.03178
157 1.03705
158 1.04448
159 1.0517
160 1.05981
161 1.06622
162 1.07189
163 1.08006
164 1.08304
165 1.08838
166 1.10646
167 1.10878
168 1.1125
169 1.12447
170 1.12819
171 1.13071
172 1.13401
173 1.14301
174 1.15052
175 1.15339
176 1.15992
177 1.1611
178 1.16426
179 1.17326
180 1.17935
181 1.19392
182 1.19566
183 1.19791
184 1.19909
185 1.20331
186 1.2089
187 1.21295
188 1.21607
189 1.22579
190 1.22783
191 1.23337
192 1.23979
193 1.24295
194 1.25409
195 1.25743
196 1.26434
197 1.26539
198 1.26955
199 1.27634
200 1.28314
201 1.28552
202 1.2968
203 1.30241
204 1.31199
205 1.31445
206 1.31994
207 1.32469
208 1.33225
209 1.34784
210 1.35208
211 1.35531
212 1.36254
213 1.38016
214 1.39163
215 1.3994
216 1.40527
217 1.40853
218 1.42374
219 1.43077
220 1.43297
221 1.44021
222 1.44989
223 1.46144
224 1.46556
225 1.46822
226 1.478
227 1.48067
228 1.48814
229 1.49098
230 1.49552
231 1.51189
232 1.51928
233 1.5271
234 1.53005
235 1.53898
236 1.55088
237 1.55539
238 1.55798
239 1.56149
240 1.57116
241 1.58095
242 1.58491
243 1.5903
244 1.60326
245 1.61007
246 1.61253
247 1.62028
248 1.62824
249 1.63931
250 1.66431
251 1.6673
252 1.67883
253 1.69253
254 1.69429
255 1.69927
256 1.70491
257 1.71089
258 1.7159
259 1.72032
260 1.72325
261 1.73149
262 1.73414
263 1.75571
264 1.75673
265 1.75876
266 1.76445
267 1.76861
268 1.77581
269 1.77777
270 1.7794
271 1.78106
272 1.78261
273 1.7843
274 1.78653
275 1.79655
276 1.80817
277 1.81473
278 1.82069
279 1.82772
280 1.8381
281 1.84077
282 1.84728
283 1.85379
284 1.87224
285 1.87746
286 1.87991
287 1.88791
288 1.90456
289 1.92482
290 1.94014
291 1.94713
292 1.94973
293 1.95971
294 1.96726
295 1.97245
296 1.99079
297 1.99204
298 1.99768
299 2.00441
300 2.00662
301 2.02435
302 2.02742
303 2.0293
304 2.03513
305 2.0424
306 2.04793
307 2.05176
308 2.056
309 2.06815
310 2.0713
311 2.07784
312 2.08104
313 2.10021
314 2.10645
315 2.10776
316 2.12244
317 2.13026
318 2.15044
319 2.15382
320 2.15567
321 2.16153
322 2.17213
323 2.17363
324 2.19393
325 2.19762
326 2.21752
327 2.22229
328 2.22805
329 2.23069
330 2.23281
331 2.23959
332 2.26
333 2.27007
334 2.27404
335 2.27805
336 2.28103
337 2.28559
338 2.2881
339 2.30207
340 2.30683
341 2.32705
342 2.33292
343 2.33766
344 2.35002
345 2.35955
346 2.36069
347 2.37508
348 2.38318
349 2.39118
350 2.40405
351 2.40783
352 2.40951
353 2.42412
354 2.43638
355 2.4433
356 2.45091
357 2.47353
358 2.48324
359 2.49117
360 2.50507
361 2.50867
362 2.51701
363 2.52006
364 2.52651
365 2.53881
366 2.54386
367 2.55688
368 2.56239
369 2.57026
370 2.57877
371 2.58737
372 2.5883
373 2.60294
374 2.60404
375 2.61675
376 2.62538
377 2.62915
378 2.63621
379 2.64157
380 2.64836
381 2.6534
382 2.65488
383 2.66182
384 2.66425
385 2.66681
386 2.675
387 2.68072
388 2.69999
389 2.72061
390 2.72426
391 2.73735
392 2.74046
393 2.74357
394 2.757
395 2.76859
396 2.77402
397 2.78589
398 2.7896
399 2.80328
400 2.80606
401 2.80768
402 2.81937
403 2.83153
404 2.84092
405 2.84281
406 2.85564
407 2.85887
408 2.86502
409 2.86675
410 2.86992
411 2.88176
412 2.90105
413 2.90415
414 2.92352
415 2.92607
416 2.9534
417 2.96063
418 2.97544
419 2.98021
420 2.98704
421 2.98994
422 2.99751
423 2.99969
