1 0.00167
2 0.00917
3 0.01282
4 0.0186
5 0.02416
6 0.03127
7 0.03547
8 0.03964
9 0.04331
10 0.04852
11 0.04934
12 0.05296
13 0.05591
14 0.05756
15 0.06138
16 0.06315
17 0.07344
18 0.07928
19 0.08178
20 0.08427
21 0.08526
22 0.08874
23 0.0909
24 0.09633
25 0.10497
26 0.1072
27 0.11458
28 0.12028
29 0.12706
30 0.12972
31 0.13273
32 0.13818
33 0.14187
34 0.14598
35 0.15374
36 0.1579
37 0.16013
38 0.16131
39 0.16625
40 0.17652
41 0.18481
42 0.20161
43 0.20576
44 0.2119
45 0.22177
46 0.22651
47 0.23608
48 0.24062
49 0.27383
50 0.27585
51 0.27765
52 0.27876
53 0.28503
54 0.28915
55 0.29521
56 0.29642
57 0.29788
58 0.29978
59 0.30667
60 0.31232
61 0.31628
62 0.32747
63 0.33185
64 0.33449
65 0.3451
66 0.34958
67 0.35546
68 0.36405
69 0.3686
70 0.37965
71 0.3874
72 0.39407
73 0.4059
74 0.40766
75 0.40965
76 0.42579
77 0.42886
78 0.43207
79 0.43475
80 0.44522
81 0.44919
82 0.45242
83 0.45691
84 0.47204
85 0.48741
86 0.49381
87 0.49708
88 0.50338
89 0.51387
90 0.51958
91 0.53021
92 0.53178
93 0.53382
94 0.53881
95 0.54178
96 0.54457
97 0.5461
98 0.54773
99 0.55042
100 0.56226
101 0.56836
102 0.57102
103 0.57396
104 0.57587
105 0.57789
106 0.58172
107 0.59433
108 0.60663
109 0.6171
110 0.61994
111 0.62314
112 0.62692
113 0.63048
114 0.63533
115 0.63993
116 0.64402
117 0.64633
118 0.65517
119 0.65709
120 0.66508
121 0.6714
122 0.67415
123 0.6776
124 0.69686
125 0.70354
126 0.70513
127 0.71078
128 0.7215
129 0.72388
130 0.73379
131 0.74354
132 0.7452
133 0.74857
134 0.7652
135 0.76736
136 0.77103
137 0.77422
138 0.77759
139 0.78891
140 0.79269
141 0.80233
142 0.80409
143 0.8183
144 0.82038
145 0.82297
146 0.8355
147 0.83992
148 0.8466
149 0.85416
150 0.86197
151 0.86527
152 0.8803
153 0.88501
154 0.88862
155 0.8912
156 0.89647
157 0.90594
158 0.91209
159 0.92019
160 0.93165
161 0.94609
162 0.95161
163 0.95747
164 0.9747
165 0.98148
166 0.98782
167 0.99721
168 1.01655
169 1.01879
170 1.01972
171 1.02503
172 1.0418
173 1.05751
174 1.07581
175 1.09207
176 1.10848
177 1.1106
178 1.1133
179 1.11821
180 1.12885
181 1.13042
182 1.13885
183 1.14263
184 1.15634
185 1.15919
186 1.16806
187 1.17114
188 1.17836
189 1.19744
190 1.19943
191 1.22236
192 1.22774
193 1.22953
194 1.23617
195 1.24323
196 1.26992
197 1.27344
198 1.29216
199 1.29301
200 1.29797
201 1.30338
202 1.32562
203 1.32942
204 1.33819
205 1.34043
206 1.34224
207 1.34839
208 1.35693
209 1.35856
210 1.37164
211 1.37877
212 1.39049
213 1.3963
214 1.40404
215 1.40602
216 1.4261
217 1.4327
218 1.43496
219 1.45044
220 1.45625
221 1.471
222 1.4749
223 1.4842
224 1.48857
225 1.49749
226 1.5021
227 1.53137
228 1.53428
229 1.54897
230 1.57204
231 1.58122
232 1.58488
233 1.5866
234 1.60809
235 1.63029
236 1.63676
237 1.6483
238 1.65397
239 1.65538
240 1.65927
241 1.66818
242 1.66919
243 1.67677
244 1.6791
245 1.70758
246 1.71093
247 1.71707
248 1.72568
249 1.73416
250 1.74383
251 1.74606
252 1.74969
253 1.76366
254 1.77202
255 1.7818
256 1.7902
257 1.79855
258 1.80116
259 1.8086
260 1.81351
261 1.82501
262 1.82645
263 1.82901
264 1.85146
265 1.85727
266 1.86427
267 1.86667
268 1.87343
269 1.8789
270 1.88231
271 1.89063
272 1.89767
273 1.90512
274 1.90772
275 1.91111
276 1.9194
277 1.93006
278 1.93301
279 1.93884
280 1.94737
281 1.9502
282 1.9606
283 1.97202
284 1.97372
285 1.98928
286 1.99083
287 1.99223
288 1.99794
289 2.01393
290 2.01972
291 2.02549
292 2.03172
293 2.03452
294 2.04105
295 2.04296
296 2.0452
297 2.05016
298 2.05862
299 2.07162
300 2.08023
301 2.08124
302 2.08529
303 2.10601
304 2.11334
305 2.12938
306 2.15196
307 2.15481
308 2.16124
309 2.17158
310 2.1804
311 2.19368
312 2.20236
313 2.20544
314 2.22691
315 2.22792
316 2.23089
317 2.23353
318 2.26476
319 2.27812
320 2.29395
321 2.29509
322 2.29667
323 2.30574
324 2.32109
325 2.32461
326 2.34101
327 2.35562
328 2.35962
329 2.37839
330 2.38169
331 2.38405
332 2.39116
333 2.40174
334 2.40945
335 2.42735
336 2.43358
337 2.44161
338 2.44712
339 2.45226
340 2.45546
341 2.46227
342 2.47821
343 2.47992
344 2.4841
345 2.48886
346 2.4949
347 2.51094
348 2.51464
349 2.52429
350 2.52836
351 2.53175
352 2.53755
353 2.55048
354 2.55433
355 2.57519
356 2.5787
357 2.58455
358 2.58738
359 2.5974
360 2.61147
361 2.62086
362 2.63755
363 2.63884
364 2.65403
365 2.65682
366 2.65864
367 2.66245
368 2.66987
369 2.67634
370 2.68135
371 2.70288
372 2.72583
373 2.73149
374 2.73453
375 2.74135
376 2.74586
377 2.75057
378 2.75587
379 2.76381
380 2.76675
381 2.77354
382 2.78049
383 2.78196
384 2.79393
385 2.80282
386 2.81698
387 2.82557
388 2.82722
389 2.83841
390 2.85505
391 2.85789
392 2.86179
393 2.86635
394 2.87877
395 2.88589
396 2.89594
397 2.90229
398 2.90525
399 2.90957
400 2.912
401 2.92863
402 2.93296
403 2.94217
404 2.95117
405 2.95333
406 2.9585
407 2.97315
408 2.97853
409 2.98164
410 2.99247
411 2.99368
412 2.99965
