1 0.00168
2 0.00639
3 0.0113
4 0.01267
5 0.0196
6 0.02202
7 0.02357
8 0.02796
9 0.03036
10 0.03258
11 0.0343
12 0.03668
13 0.04464
14 0.0457
15 0.04729
16 0.04929
17 0.0523
18 0.05398
19 0.05847
20 0.06356
21 0.07031
22 0.0754
23 0.07927
24 0.08789
25 0.09077
26 0.09766
27 0.10099
28 0.10857
29 0.11088
30 0.11373
31 0.11692
32 0.1261
33 0.13587
34 0.14682
35 0.16549
36 0.17622
37 0.20182
38 0.20486
39 0.20944
40 0.21609
41 0.22927
42 0.23102
43 0.23945
44 0.24808
45 0.25935
46 0.2663
47 0.26984
48 0.27922
49 0.2828
50 0.28918
51 0.2962
52 0.30613
53 0.30955
54 0.31105
55 0.31607
56 0.31759
57 0.34512
58 0.3523
59 0.35905
60 0.36344
61 0.3706
62 0.38936
63 0.39223
64 0.39569
65 0.39841
66 0.40048
67 0.4076
68 0.41484
69 0.41855
70 0.42276
71 0.4549
72 0.46238
73 0.46621
74 0.47072
75 0.47683
76 0.4836
77 0.48903
78 0.49186
79 0.49552
80 0.50734
81 0.51282
82 0.51875
83 0.52715
84 0.52848
85 0.54163
86 0.55428
87 0.55704
88 0.56021
89 0.56423
90 0.57622
91 0.58843
92 0.59394
93 0.5981
94 0.60542
95 0.61044
96 0.61731
97 0.62103
98 0.62419
99 0.62645
100 0.63212
101 0.65082
102 0.65488
103 0.65755
104 0.67139
105 0.69815
106 0.70873
107 0.71124
108 0.71507
109 0.7221
110 0.73054
111 0.73278
112 0.73683
113 0.74261
114 0.74407
115 0.75832
116 0.76421
117 0.76998
118 0.77999
119 0.78792
120 0.80449
121 0.80907
122 0.81265
123 0.8147
124 0.8212
125 0.82638
126 0.84485
127 0.84742
128 0.85114
129 0.86177
130 0.86579
131 0.8734
132 0.88451
133 0.89198
134 0.89769
135 0.90068
136 0.91776
137 0.92104
138 0.92415
139 0.94754
140 0.9624
141 0.97615
142 0.9794
143 0.98538
144 0.98915
145 1.01483
146 1.02199
147 1.0313
148 1.03805
149 1.04786
150 1.05937
151 1.06107
152 1.07175
153 1.07605
154 1.08554
155 1.08834
156 1.09627
157 1.10588
158 1.10781
159 1.11084
160 1.11665
161 1.12379
162 1.1339
163 1.13893
164 1.14338
165 1.15245
166 1.20641
167 1.21094
168 1.21247
169 1.21414
170 1.21679
171 1.22162
172 1.22817
173 1.22948
174 1.23334
175 1.23501
176 1.25976
177 1.26631
178 1.27131
179 1.28081
180 1.29
181 1.30697
182 1.31193
183 1.31675
184 1.32023
185 1.32416
186 1.32918
187 1.33256
188 1.33471
189 1.34317
190 1.34469
191 1.34604
192 1.35872
193 1.3603
194 1.3663
195 1.36808
196 1.37229
197 1.38445
198 1.39654
199 1.39839
200 1.40135
201 1.40609
202 1.45283
203 1.46609
204 1.4694
205 1.477
206 1.47885
207 1.48229
208 1.48584
209 1.49257
210 1.50924
211 1.51132
212 1.51308
213 1.51662
214 1.52068
215 1.52311
216 1.52444
217 1.53228
218 1.53372
219 1.54851
220 1.55049
221 1.5518
222 1.56066
223 1.56572
224 1.56696
225 1.56841
226 1.57634
227 1.58146
228 1.58876
229 1.59714
230 1.60369
231 1.63626
232 1.64411
233 1.64554
234 1.64977
235 1.65234
236 1.65639
237 1.65868
238 1.66298
239 1.67566
240 1.70148
241 1.70273
242 1.70564
243 1.70812
244 1.70977
245 1.71741
246 1.72562
247 1.73127
248 1.73505
249 1.73936
250 1.74472
251 1.76205
252 1.77756
253 1.7873
254 1.79467
255 1.79774
256 1.80691
257 1.80867
258 1.81463
259 1.81615
260 1.82351
261 1.83008
262 1.84171
263 1.84731
264 1.85056
265 1.861
266 1.86768
267 1.87031
268 1.88122
269 1.89294
270 1.89884
271 1.90386
272 1.90655
273 1.91762
274 1.9266
275 1.95662
276 1.96234
277 1.96695
278 1.9696
279 1.97245
280 1.97825
281 1.98326
282 1.99039
283 1.99533
284 2.00821
285 2.01992
286 2.02285
287 2.02751
288 2.03642
289 2.04359
290 2.0452
291 2.05411
292 2.05714
293 2.06286
294 2.06879
295 2.07216
296 2.07524
297 2.08379
298 2.08595
299 2.09739
300 2.10017
301 2.1037
302 2.10561
303 2.11203
304 2.11409
305 2.11541
306 2.12143
307 2.12867
308 2.13124
309 2.13343
310 2.14329
311 2.14656
312 2.15759
313 2.17051
314 2.19365
315 2.2053
316 2.21135
317 2.22045
318 2.22684
319 2.23072
320 2.23604
321 2.23754
322 2.27275
323 2.27562
324 2.27713
325 2.30006
326 2.30433
327 2.30897
328 2.31048
329 2.31529
330 2.31709
331 2.33296
332 2.33625
333 2.3385
334 2.34356
335 2.34644
336 2.35416
337 2.35695
338 2.35873
339 2.36748
340 2.36903
341 2.37515
342 2.38244
343 2.38872
344 2.39135
345 2.39446
346 2.41614
347 2.45171
348 2.45571
349 2.46303
350 2.46758
351 2.47039
352 2.47329
353 2.47613
354 2.48065
355 2.48477
356 2.51328
357 2.51453
358 2.52073
359 2.52535
360 2.53217
361 2.54382
362 2.54936
363 2.55843
364 2.56185
365 2.57025
366 2.58031
367 2.58903
368 2.59438
369 2.61223
370 2.61427
371 2.61669
372 2.6266
373 2.6305
374 2.6375
375 2.63925
376 2.66274
377 2.66711
378 2.68581
379 2.70633
380 2.72803
381 2.7315
382 2.73591
383 2.74338
384 2.74818
385 2.75625
386 2.76198
387 2.77101
388 2.77494
389 2.7792
390 2.78368
391 2.79508
392 2.80206
393 2.80873
394 2.81245
395 2.8168
396 2.82404
397 2.82562
398 2.83652
399 2.84098
400 2.84661
401 2.84946
402 2.85501
403 2.86147
404 2.86533
405 2.87265
406 2.88243
407 2.90508
408 2.90924
409 2.91356
410 2.91824
411 2.94541
412 2.95344
413 2.95711
414 2.96019
415 2.96326
416 2.97441
417 2.97535
418 2.98337
419 2.98716
