1 0.00548
2 0.00736
3 0.0134
4 0.01846
5 0.0228
6 0.02707
7 0.04374
8 0.05112
9 0.05898
10 0.06687
11 0.07366
12 0.0752
13 0.08047
14 0.08385
15 0.08578
16 0.08757
17 0.09613
18 0.1026
19 0.10915
20 0.13687
21 0.13959
22 0.144
23 0.15045
24 0.15375
25 0.16385
26 0.17192
27 0.18399
28 0.19029
29 0.19425
30 0.20213
31 0.20702
32 0.21454
33 0.23066
34 0.25133
35 0.25458
36 0.25677
37 0.25836
38 0.27744
39 0.27947
40 0.28244
41 0.29529
42 0.30408
43 0.31391
44 0.31708
45 0.31972
46 0.32528
47 0.33165
48 0.34827
49 0.36137
50 0.38478
51 0.39017
52 0.40025
53 0.40353
54 0.41111
55 0.41946
56 0.43487
57 0.44006
58 0.44884
59 0.45811
60 0.46694
61 0.4689
62 0.48032
63 0.51179
64 0.51947
65 0.53038
66 0.54844
67 0.551
68 0.56534
69 0.56714
70 0.59026
71 0.60605
72 0.60838
73 0.61763
74 0.64645
75 0.66103
76 0.67698
77 0.68673
78 0.70711
79 0.71136
80 0.71587
81 0.71766
82 0.72044
83 0.72294
84 0.73765
85 0.73906
86 0.74457
87 0.75255
88 0.75624
89 0.75924
90 0.76795
91 0.77511
92 0.77713
93 0.77957
94 0.78886
95 0.81436
96 0.83229
97 0.85299
98 0.85613
99 0.86151
100 0.88498
101 0.89311
102 0.89947
103 0.91238
104 0.93063
105 0.93536
106 0.94749
107 0.9567
108 0.95922
109 0.96482
110 0.96996
111 0.99473
112 0.99889
113 1.0034
114 1.0054
115 1.00752
116 1.02114
117 1.04484
118 1.06194
119 1.06416
120 1.0657
121 1.06723
122 1.06962
123 1.09549
124 1.09846
125 1.11007
126 1.11214
127 1.11562
128 1.1202
129 1.13836
130 1.14264
131 1.14942
132 1.15435
133 1.1624
134 1.18229
135 1.19461
136 1.19792
137 1.20025
138 1.20976
139 1.21795
140 1.24753
141 1.25934
142 1.27039
143 1.28765
144 1.30638
145 1.32373
146 1.33583
147 1.34638
148 1.34927
149 1.3543
150 1.37055
151 1.3847
152 1.4051
153 1.43285
154 1.43528
155 1.45008
156 1.46848
157 1.47278
158 1.47897
159 1.48822
160 1.5067
161 1.51517
162 1.52024
163 1.5261
164 1.53158
165 1.53865
166 1.54807
167 1.5528
168 1.55708
169 1.56222
170 1.56887
171 1.58748
172 1.59651
173 1.59957
174 1.6117
175 1.62279
176 1.63212
177 1.63359
178 1.65386
179 1.66187
180 1.69064
181 1.69412
182 1.70065
183 1.70413
184 1.71183
185 1.71374
186 1.71662
187 1.73703
188 1.74784
189 1.75098
190 1.76954
191 1.78097
192 1.79349
193 1.80518
194 1.81001
195 1.82332
196 1.8313
197 1.84084
198 1.84495
199 1.85249
200 1.86732
201 1.88072
202 1.89321
203 1.90274
204 1.91101
205 1.91244
206 1.91515
207 1.9431
208 1.95229
209 1.96175
210 1.96628
211 1.96842
212 1.98532
213 2.0215
214 2.02473
215 2.03512
216 2.04402
217 2.04768
218 2.05336
219 2.05471
220 2.06028
221 2.06307
222 2.06918
223 2.07144
224 2.07549
225 2.08421
226 2.09316
227 2.10564
228 2.11219
229 2.1255
230 2.14177
231 2.14354
232 2.15327
233 2.15932
234 2.17076
235 2.17828
236 2.18293
237 2.18668
238 2.19163
239 2.19741
240 2.20709
241 2.21071
242 2.21601
243 2.22188
244 2.22332
245 2.24652
246 2.27409
247 2.28692
248 2.29364
249 2.30631
250 2.31373
251 2.31638
252 2.32597
253 2.34282
254 2.34748
255 2.34998
256 2.37
257 2.37215
258 2.39438
259 2.40107
260 2.41896
261 2.42986
262 2.4454
263 2.44872
264 2.45356
265 2.46767
266 2.47842
267 2.50291
268 2.5145
269 2.52199
270 2.52487
271 2.53137
272 2.53421
273 2.54087
274 2.55189
275 2.57815
276 2.59213
277 2.59473
278 2.60718
279 2.62961
280 2.6312
281 2.63338
282 2.64097
283 2.65452
284 2.657
285 2.66679
286 2.6897
287 2.70503
288 2.71464
289 2.72458
290 2.74796
291 2.75132
292 2.77446
293 2.78292
294 2.78866
295 2.79132
296 2.8019
297 2.80321
298 2.81441
299 2.82833
300 2.83693
301 2.84353
302 2.85071
303 2.86477
304 2.87086
305 2.88644
306 2.89836
307 2.90262
308 2.91247
309 2.92672
310 2.94309
311 2.95085
312 2.96042
313 2.97835
314 2.99843
