1 0.00346
2 0.01419
3 0.02338
4 0.04452
5 0.05416
6 0.05918
7 0.07265
8 0.07622
9 0.08329
10 0.08972
11 0.10924
12 0.1181
13 0.12715
14 0.13106
15 0.14305
16 0.14535
17 0.16379
18 0.17238
19 0.1929
20 0.20084
21 0.20419
22 0.20654
23 0.20899
24 0.21643
25 0.22333
26 0.23521
27 0.24493
28 0.25345
29 0.26219
30 0.26573
31 0.27258
32 0.27448
33 0.28024
34 0.30136
35 0.3079
36 0.31386
37 0.34374
38 0.34531
39 0.36688
40 0.3771
41 0.37982
42 0.39174
43 0.39439
44 0.40512
45 0.43227
46 0.43714
47 0.44243
48 0.44566
49 0.44927
50 0.45501
51 0.45722
52 0.46231
53 0.46748
54 0.4725
55 0.47551
56 0.48116
57 0.51105
58 0.52015
59 0.5233
60 0.54767
61 0.54929
62 0.55679
63 0.5688
64 0.59086
65 0.59298
66 0.60282
67 0.60519
68 0.61058
69 0.61648
70 0.6316
71 0.63826
72 0.64298
73 0.64813
74 0.65155
75 0.65562
76 0.68246
77 0.6865
78 0.70127
79 0.70613
80 0.7096
81 0.71707
82 0.72824
83 0.75769
84 0.7625
85 0.76447
86 0.77266
87 0.77809
88 0.80378
89 0.81759
90 0.82603
91 0.82991
92 0.8379
93 0.84614
94 0.85049
95 0.85664
96 0.86537
97 0.88627
98 0.88884
99 0.89142
100 0.90391
101 0.90823
102 0.91598
103 0.93211
104 0.93806
105 0.95892
106 0.96116
107 0.96724
108 0.96915
109 0.97535
110 0.9904
111 1.00674
112 1.00952
113 1.02052
114 1.02312
115 1.02473
116 1.03367
117 1.06031
118 1.09715
119 1.11066
120 1.12663
121 1.14373
122 1.1505
123 1.15353
124 1.15792
125 1.17589
126 1.19282
127 1.19476
128 1.1989
129 1.2131
130 1.21903
131 1.22852
132 1.23559
133 1.2494
134 1.25381
135 1.27372
136 1.27509
137 1.27885
138 1.3006
139 1.30703
140 1.32422
141 1.33985
142 1.34625
143 1.34776
144 1.37289
145 1.38324
146 1.38812
147 1.40304
148 1.40437
149 1.42263
150 1.43538
151 1.44727
152 1.44879
153 1.45024
154 1.45432
155 1.46322
156 1.46921
157 1.47116
158 1.47829
159 1.48817
160 1.48977
161 1.49155
162 1.49312
163 1.49779
164 1.5162
165 1.52461
166 1.53122
167 1.53474
168 1.55209
169 1.56313
170 1.58536
171 1.5904
172 1.61424
173 1.61809
174 1.62908
175 1.63131
176 1.63725
177 1.64331
178 1.64844
179 1.65851
180 1.67099
181 1.69268
182 1.69393
183 1.70247
184 1.7048
185 1.70764
186 1.71502
187 1.7165
188 1.72821
189 1.73188
190 1.73882
191 1.74897
192 1.75737
193 1.76758
194 1.76861
195 1.77944
196 1.78393
197 1.80941
198 1.81685
199 1.82915
200 1.84256
201 1.85049
202 1.86122
203 1.87036
204 1.877
205 1.87841
206 1.89372
207 1.89706
208 1.90864
209 1.91886
210 1.92107
211 1.92996
212 1.9411
213 1.95294
214 1.95937
215 1.96174
216 1.96399
217 1.97055
218 1.97259
219 1.97956
220 1.98659
221 1.99692
222 2.00727
223 2.02081
224 2.04774
225 2.05321
226 2.05743
227 2.06219
228 2.06992
229 2.0884
230 2.09938
231 2.10294
232 2.10582
233 2.11913
234 2.12516
235 2.13269
236 2.13691
237 2.14728
238 2.15025
239 2.15609
240 2.18592
241 2.18735
242 2.18918
243 2.19552
244 2.20144
245 2.20642
246 2.21519
247 2.21688
248 2.22492
249 2.2292
250 2.24577
251 2.24779
252 2.2496
253 2.25112
254 2.25349
255 2.2855
256 2.28792
257 2.29197
258 2.30396
259 2.31515
260 2.32613
261 2.34136
262 2.34341
263 2.34996
264 2.35506
265 2.36241
266 2.37088
267 2.37397
268 2.37899
269 2.38486
270 2.41717
271 2.4276
272 2.43426
273 2.43885
274 2.46126
275 2.47285
276 2.47686
277 2.48049
278 2.49035
279 2.49727
280 2.50956
281 2.53843
282 2.54677
283 2.55241
284 2.55327
285 2.56162
286 2.58264
287 2.5897
288 2.59821
289 2.60076
290 2.61192
291 2.63655
292 2.6452
293 2.67484
294 2.68171
295 2.6883
296 2.69307
297 2.69503
298 2.70178
299 2.71242
300 2.71938
301 2.73226
302 2.74502
303 2.75391
304 2.75636
305 2.76535
306 2.77624
307 2.78657
308 2.79997
309 2.80809
310 2.81916
311 2.82592
312 2.84348
313 2.85865
314 2.8624
315 2.86481
316 2.87009
317 2.87707
318 2.88613
319 2.88783
320 2.89885
321 2.90733
322 2.91968
323 2.93756
324 2.93978
325 2.95687
326 2.96194
327 2.96623
328 2.98789
329 2.99553
330 2.99786
