1 0.00644
2 0.00792
3 0.01465
4 0.02214
5 0.02351
6 0.0304
7 0.03548
8 0.04238
9 0.04566
10 0.05023
11 0.05865
12 0.06621
13 0.06796
14 0.07719
15 0.08458
16 0.0926
17 0.10945
18 0.1307
19 0.13655
20 0.13804
21 0.14068
22 0.14398
23 0.17042
24 0.18056
25 0.19359
26 0.20064
27 0.24329
28 0.2501
29 0.25747
30 0.27068
31 0.2769
32 0.28175
33 0.29876
34 0.30589
35 0.33082
36 0.33794
37 0.34248
38 0.34771
39 0.35256
40 0.35486
41 0.35993
42 0.37466
43 0.38348
44 0.39425
45 0.39946
46 0.40352
47 0.41487
48 0.43284
49 0.44693
50 0.4567
51 0.4654
52 0.48965
53 0.49653
54 0.49961
55 0.50465
56 0.51101
57 0.52162
58 0.52297
59 0.52835
60 0.53524
61 0.54057
62 0.5527
63 0.55868
64 0.56178
65 0.56703
66 0.57443
67 0.58204
68 0.5849
69 0.60782
70 0.61448
71 0.62063
72 0.63638
73 0.64144
74 0.64693
75 0.65743
76 0.67427
77 0.67916
78 0.68419
79 0.73209
80 0.73605
81 0.74954
82 0.77217
83 0.78427
84 0.79776
85 0.80716
86 0.81005
87 0.83111
88 0.84345
89 0.85199
90 0.88082
91 0.9025
92 0.90774
93 0.91972
94 0.92118
95 0.9239
96 0.9265
97 0.932
98 0.94096
99 0.94478
100 0.95798
101 0.95955
102 0.97899
103 0.98251
104 0.9897
105 0.99167
106 0.99763
107 1.00118
108 1.00247
109 1.02284
110 1.0304
111 1.03219
112 1.04579
113 1.06049
114 1.06451
115 1.074
116 1.0766
117 1.08599
118 1.09063
119 1.10701
120 1.11247
121 1.11462
122 1.12602
123 1.13778
124 1.16135
125 1.16881
126 1.17926
127 1.19086
128 1.19291
129 1.19721
130 1.19912
131 1.20534
132 1.20807
133 1.21425
134 1.23576
135 1.24463
136 1.25365
137 1.28034
138 1.2837
139 1.29921
140 1.30374
141 1.30938
142 1.32711
143 1.33365
144 1.33588
145 1.33747
146 1.34423
147 1.34811
148 1.35493
149 1.36561
150 1.37163
151 1.38599
152 1.39665
153 1.42247
154 1.42415
155 1.43098
156 1.43757
157 1.44397
158 1.4466
159 1.45939
160 1.47575
161 1.49922
162 1.50245
163 1.50853
164 1.50991
165 1.51591
166 1.52853
167 1.5326
168 1.53785
169 1.54824
170 1.55408
171 1.57509
172 1.58437
173 1.58659
174 1.59471
175 1.60211
176 1.60373
177 1.62975
178 1.63352
179 1.63949
180 1.64705
181 1.65314
182 1.6642
183 1.6708
184 1.68198
185 1.69376
186 1.70441
187 1.71139
188 1.71718
189 1.72438
190 1.73967
191 1.74509
192 1.74929
193 1.75591
194 1.75864
195 1.76054
196 1.76367
197 1.77475
198 1.78806
199 1.80069
200 1.82386
201 1.82564
202 1.83267
203 1.84194
204 1.85168
205 1.86028
206 1.86148
207 1.86507
208 1.87542
209 1.90312
210 1.90552
211 1.92381
212 1.93372
213 1.95784
214 1.96111
215 1.96447
216 1.96531
217 1.97291
218 1.97873
219 1.98474
220 1.99367
221 1.99611
222 1.99762
223 2.00674
224 2.03415
225 2.04377
226 2.05199
227 2.06772
228 2.07565
229 2.08159
230 2.08305
231 2.09669
232 2.11137
233 2.11365
234 2.12003
235 2.13287
236 2.13642
237 2.16226
238 2.17604
239 2.17858
240 2.18401
241 2.18875
242 2.19673
243 2.20749
244 2.21875
245 2.2344
246 2.24596
247 2.24991
248 2.26485
249 2.27474
250 2.28374
251 2.2926
252 2.30222
253 2.31778
254 2.32269
255 2.33577
256 2.34826
257 2.35181
258 2.35733
259 2.36293
260 2.37581
261 2.37874
262 2.38947
263 2.39402
264 2.4053
265 2.41445
266 2.42661
267 2.44052
268 2.44354
269 2.46979
270 2.4847
271 2.49543
272 2.49642
273 2.51848
274 2.52735
275 2.52968
276 2.53699
277 2.54382
278 2.54683
279 2.55012
280 2.55315
281 2.56103
282 2.57062
283 2.576
284 2.57753
285 2.58248
286 2.5976
287 2.6034
288 2.61848
289 2.63735
290 2.64377
291 2.64648
292 2.65003
293 2.65545
294 2.67754
295 2.68491
296 2.6943
297 2.70456
298 2.70659
299 2.7089
300 2.72158
301 2.72572
302 2.73211
303 2.73415
304 2.74177
305 2.77607
306 2.77737
307 2.78151
308 2.78325
309 2.79333
310 2.79613
311 2.80298
312 2.82212
313 2.82753
314 2.83871
315 2.84642
316 2.85831
317 2.8642
318 2.86547
319 2.88568
320 2.89128
321 2.90055
322 2.91633
323 2.92051
324 2.92868
325 2.94124
326 2.95836
327 2.96116
328 2.96882
329 2.99807
