1 0.0068
2 0.01597
3 0.02047
4 0.0247
5 0.02687
6 0.04487
7 0.05583
8 0.05986
9 0.06185
10 0.08309
11 0.093
12 0.09788
13 0.10047
14 0.10344
15 0.11104
16 0.1199
17 0.12361
18 0.13978
19 0.14317
20 0.14587
21 0.15486
22 0.16708
23 0.16994
24 0.17971
25 0.18313
26 0.18935
27 0.20431
28 0.2068
29 0.21754
30 0.22205
31 0.22666
32 0.24736
33 0.25118
34 0.25317
35 0.25826
36 0.27338
37 0.2747
38 0.28001
39 0.28267
40 0.28424
41 0.28539
42 0.29099
43 0.29863
44 0.3035
45 0.30803
46 0.31434
47 0.32281
48 0.33512
49 0.34462
50 0.35124
51 0.35922
52 0.3691
53 0.37573
54 0.38891
55 0.39945
56 0.40218
57 0.42084
58 0.42812
59 0.4383
60 0.44115
61 0.44281
62 0.4515
63 0.4584
64 0.48617
65 0.49034
66 0.49368
67 0.49787
68 0.50091
69 0.50802
70 0.5245
71 0.53063
72 0.54446
73 0.54593
74 0.55375
75 0.57119
76 0.59414
77 0.60099
78 0.60593
79 0.62608
80 0.62935
81 0.63425
82 0.63765
83 0.65597
84 0.664
85 0.66979
86 0.67196
87 0.6795
88 0.68916
89 0.69567
90 0.70605
91 0.71845
92 0.74287
93 0.74989
94 0.76153
95 0.76735
96 0.77168
97 0.77861
98 0.78704
99 0.80018
100 0.81132
101 0.8378
102 0.84533
103 0.8494
104 0.86276
105 0.87269
106 0.87988
107 0.89212
108 0.9014
109 0.90702
110 0.9153
111 0.91868
112 0.93807
113 0.94407
114 0.9517
115 0.95387
116 0.95587
117 0.9714
118 0.97245
119 0.97351
120 0.97508
121 0.97946
122 0.9815
123 0.9876
124 0.99139
125 0.99828
126 1.00619
127 1.00877
128 1.01467
129 1.02546
130 1.03243
131 1.03782
132 1.04507
133 1.05049
134 1.05815
135 1.06523
136 1.07388
137 1.07594
138 1.08399
139 1.09584
140 1.09781
141 1.10443
142 1.10982
143 1.12007
144 1.1243
145 1.13373
146 1.14888
147 1.15602
148 1.19699
149 1.2008
150 1.21065
151 1.21736
152 1.2252
153 1.24737
154 1.25277
155 1.26897
156 1.291
157 1.29595
158 1.30441
159 1.31308
160 1.31683
161 1.32134
162 1.34934
163 1.35598
164 1.36466
165 1.37875
166 1.3864
167 1.40125
168 1.41584
169 1.42293
170 1.42854
171 1.44304
172 1.44807
173 1.45124
174 1.46576
175 1.46944
176 1.47941
177 1.48147
178 1.49301
179 1.49846
180 1.5012
181 1.50771
182 1.51088
183 1.51831
184 1.53376
185 1.54121
186 1.55591
187 1.56099
188 1.56654
189 1.5756
190 1.58048
191 1.58271
192 1.5966
193 1.62436
194 1.62996
195 1.64334
196 1.65557
197 1.66754
198 1.68429
199 1.69002
200 1.69306
201 1.69491
202 1.69773
203 1.71087
204 1.71632
205 1.71922
206 1.72989
207 1.73594
208 1.75515
209 1.76175
210 1.77419
211 1.77846
212 1.78843
213 1.79473
214 1.81589
215 1.82677
216 1.82847
217 1.84089
218 1.8515
219 1.85683
220 1.86951
221 1.87307
222 1.89624
223 1.90765
224 1.91274
225 1.92041
226 1.93569
227 1.94347
228 1.96274
229 1.9716
230 1.97553
231 1.99415
232 1.9995
233 2.00079
234 2.00473
235 2.01208
236 2.02056
237 2.03058
238 2.03691
239 2.04754
240 2.05886
241 2.06475
242 2.07844
243 2.08465
244 2.09015
245 2.11429
246 2.12784
247 2.13984
248 2.14561
249 2.15749
250 2.16395
251 2.16845
252 2.18628
253 2.19261
254 2.19898
255 2.20646
256 2.21202
257 2.2232
258 2.24149
259 2.2431
260 2.24402
261 2.25683
262 2.27988
263 2.29201
264 2.30733
265 2.31594
266 2.3202
267 2.32973
268 2.35758
269 2.35869
270 2.38042
271 2.39371
272 2.40891
273 2.41532
274 2.43602
275 2.45006
276 2.45543
277 2.4667
278 2.47058
279 2.48409
280 2.49179
281 2.4969
282 2.51213
283 2.52718
284 2.53447
285 2.53595
286 2.54012
287 2.54712
288 2.55173
289 2.57619
290 2.58133
291 2.58555
292 2.60582
293 2.61591
294 2.61944
295 2.62188
296 2.62541
297 2.63556
298 2.64594
299 2.64749
300 2.65616
301 2.66289
302 2.66554
303 2.66988
304 2.67474
305 2.68306
306 2.68848
307 2.69998
308 2.70929
309 2.713
310 2.71661
311 2.7209
312 2.72661
313 2.72911
314 2.75583
315 2.76548
316 2.76985
317 2.77744
318 2.78234
319 2.78668
320 2.81985
321 2.82913
322 2.8318
323 2.83986
324 2.84888
325 2.85084
326 2.86247
327 2.86381
328 2.88173
329 2.8884
330 2.89023
331 2.89794
332 2.90102
333 2.91382
334 2.92738
335 2.93432
336 2.93983
337 2.9445
338 2.94812
339 2.95443
340 2.95604
341 2.98001
342 2.98233
343 2.99704
