1 0.00233
2 0.00511
3 0.01032
4 0.0143
5 0.0352
6 0.04475
7 0.04625
8 0.06183
9 0.06396
10 0.08359
11 0.0926
12 0.09441
13 0.11033
14 0.11675
15 0.13067
16 0.13716
17 0.16687
18 0.17351
19 0.17824
20 0.20392
21 0.21855
22 0.22081
23 0.23063
24 0.24859
25 0.26113
26 0.27166
27 0.28622
28 0.29504
29 0.30311
30 0.31283
31 0.31897
32 0.32908
33 0.33525
34 0.34168
35 0.35009
36 0.35227
37 0.35562
38 0.36358
39 0.36977
40 0.37508
41 0.37819
42 0.3834
43 0.39434
44 0.39598
45 0.3979
46 0.40192
47 0.41638
48 0.42162
49 0.43611
50 0.44265
51 0.4507
52 0.46614
53 0.47969
54 0.48393
55 0.48576
56 0.49438
57 0.49693
58 0.51742
59 0.51945
60 0.52639
61 0.55913
62 0.56778
63 0.58485
64 0.59065
65 0.59629
66 0.6243
67 0.62773
68 0.63645
69 0.6502
70 0.6675
71 0.67679
72 0.68135
73 0.69373
74 0.69932
75 0.71116
76 0.72973
77 0.7427
78 0.74559
79 0.75264
80 0.76346
81 0.76541
82 0.77596
83 0.79635
84 0.79996
85 0.80358
86 0.83835
87 0.85564
88 0.86393
89 0.86896
90 0.88435
91 0.893
92 0.9003
93 0.91883
94 0.92606
95 0.93646
96 0.94376
97 0.96881
98 0.98252
99 0.98757
100 0.99556
101 0.99709
102 1.01637
103 1.02892
104 1.03926
105 1.04043
106 1.05803
107 1.06396
108 1.06912
109 1.08367
110 1.08527
111 1.10609
112 1.11533
113 1.11955
114 1.12736
115 1.14197
116 1.15122
117 1.18308
118 1.19049
119 1.19289
120 1.19564
121 1.23514
122 1.24146
123 1.26036
124 1.2953
125 1.31008
126 1.3555
127 1.36432
128 1.36612
129 1.37375
130 1.38595
131 1.40885
132 1.41795
133 1.42727
134 1.4355
135 1.43731
136 1.43943
137 1.44783
138 1.45202
139 1.45437
140 1.46102
141 1.48405
142 1.48871
143 1.50127
144 1.51187
145 1.52251
146 1.53967
147 1.54773
148 1.56569
149 1.57421
150 1.60688
151 1.60962
152 1.62597
153 1.63325
154 1.63821
155 1.64321
156 1.6452
157 1.65108
158 1.65377
159 1.67064
160 1.67416
161 1.68562
162 1.69932
163 1.72347
164 1.74025
165 1.76216
166 1.77368
167 1.8312
168 1.84127
169 1.85356
170 1.85845
171 1.86464
172 1.87145
173 1.87727
174 1.88848
175 1.89126
176 1.89547
177 1.89951
178 1.92604
179 1.94048
180 1.9493
181 1.95617
182 1.98296
183 1.9889
184 1.9958
185 2.01127
186 2.01394
187 2.02757
188 2.06936
189 2.0909
190 2.09514
191 2.11223
192 2.12008
193 2.12286
194 2.16993
195 2.17664
196 2.18632
197 2.18751
198 2.19649
199 2.20022
200 2.20203
201 2.2034
202 2.22022
203 2.23579
204 2.24579
205 2.24744
206 2.24897
207 2.25138
208 2.26986
209 2.28698
210 2.3012
211 2.33269
212 2.36008
213 2.36945
214 2.37249
215 2.37876
216 2.39262
217 2.39725
218 2.41545
219 2.41897
220 2.42446
221 2.4514
222 2.47966
223 2.5003
224 2.51004
225 2.52479
226 2.52582
227 2.53721
228 2.54682
229 2.55473
230 2.5647
231 2.57366
232 2.58237
233 2.58413
234 2.59053
235 2.60043
236 2.60219
237 2.60557
238 2.62889
239 2.64419
240 2.64561
241 2.65826
242 2.67974
243 2.68612
244 2.68731
245 2.69022
246 2.69733
247 2.71152
248 2.72109
249 2.72957
250 2.73409
251 2.74485
252 2.7501
253 2.76962
254 2.77256
255 2.7873
256 2.80202
257 2.83635
258 2.8501
259 2.85523
260 2.8603
261 2.86319
262 2.86901
263 2.87669
264 2.88184
265 2.89631
266 2.90887
267 2.91908
268 2.92677
269 2.93701
270 2.94126
271 2.96658
272 2.98314
273 2.98764
274 2.98904
275 2.9931
276 2.99762
