1 0.00675
2 0.02008
3 0.02728
4 0.03127
5 0.03473
6 0.03804
7 0.04101
8 0.04215
9 0.04768
10 0.07646
11 0.07822
12 0.08492
13 0.08904
14 0.09299
15 0.09583
16 0.11179
17 0.11783
18 0.13183
19 0.14091
20 0.14359
21 0.15515
22 0.15754
23 0.18021
24 0.18555
25 0.1891
26 0.20892
27 0.21775
28 0.22628
29 0.23041
30 0.24029
31 0.26356
32 0.28192
33 0.29037
34 0.29818
35 0.29987
36 0.30297
37 0.30642
38 0.31436
39 0.32316
40 0.34453
41 0.35495
42 0.36388
43 0.36558
44 0.37095
45 0.37824
46 0.38235
47 0.39045
48 0.43252
49 0.44059
50 0.46382
51 0.46892
52 0.48009
53 0.48268
54 0.49185
55 0.50832
56 0.51497
57 0.51818
58 0.52201
59 0.5326
60 0.5448
61 0.55136
62 0.55436
63 0.56379
64 0.59223
65 0.6265
66 0.63516
67 0.65256
68 0.65849
69 0.67332
70 0.68068
71 0.70259
72 0.7183
73 0.73117
74 0.74247
75 0.74495
76 0.74624
77 0.75117
78 0.76473
79 0.77217
80 0.77694
81 0.79192
82 0.7945
83 0.79968
84 0.80409
85 0.84788
86 0.87759
87 0.89331
88 0.90091
89 0.91188
90 0.92247
91 0.92728
92 0.93056
93 0.94872
94 0.97238
95 0.97454
96 0.97751
97 0.99336
98 0.99674
99 1.01182
100 1.02518
101 1.03427
102 1.03622
103 1.04702
104 1.05037
105 1.06158
106 1.09484
107 1.10479
108 1.10567
109 1.12475
110 1.12874
111 1.13271
112 1.13806
113 1.14897
114 1.17053
115 1.1753
116 1.18493
117 1.19255
118 1.19692
119 1.2013
120 1.21919
121 1.22369
122 1.23446
123 1.24502
124 1.26134
125 1.26862
126 1.28736
127 1.29489
128 1.29857
129 1.30199
130 1.31118
131 1.31627
132 1.34246
133 1.34494
134 1.35235
135 1.36216
136 1.36566
137 1.39557
138 1.3995
139 1.41655
140 1.42672
141 1.42993
142 1.43855
143 1.44771
144 1.46485
145 1.48604
146 1.49755
147 1.50858
148 1.51742
149 1.5194
150 1.52869
151 1.53274
152 1.53446
153 1.53985
154 1.54411
155 1.55573
156 1.56531
157 1.5877
158 1.59347
159 1.59918
160 1.61327
161 1.64015
162 1.65358
163 1.6736
164 1.684
165 1.69954
166 1.71978
167 1.72287
168 1.72749
169 1.73332
170 1.74274
171 1.74481
172 1.76809
173 1.78315
174 1.78769
175 1.78943
176 1.79769
177 1.80028
178 1.80564
179 1.81192
180 1.82951
181 1.84379
182 1.85065
183 1.85258
184 1.85605
185 1.86076
186 1.86664
187 1.86954
188 1.8832
189 1.88827
190 1.89926
191 1.91065
192 1.91926
193 1.92202
194 1.94504
195 1.98245
196 2.01054
197 2.01334
198 2.01672
199 2.02431
200 2.03244
201 2.06447
202 2.07892
203 2.09182
204 2.09541
205 2.09972
206 2.11484
207 2.11765
208 2.12088
209 2.1229
210 2.12681
211 2.12942
212 2.13472
213 2.14017
214 2.14768
215 2.16806
216 2.19497
217 2.22066
218 2.23681
219 2.25675
220 2.26563
221 2.27559
222 2.29885
223 2.30062
224 2.31198
225 2.33774
226 2.34076
227 2.35773
228 2.37105
229 2.38029
230 2.38328
231 2.38884
232 2.39484
233 2.40695
234 2.4145
235 2.4202
236 2.42499
237 2.4579
238 2.46619
239 2.46913
240 2.47422
241 2.47777
242 2.49085
243 2.49692
244 2.52176
245 2.52852
246 2.53052
247 2.53468
248 2.54229
249 2.55079
250 2.55369
251 2.58
252 2.59656
253 2.60731
254 2.6226
255 2.62764
256 2.63366
257 2.63702
258 2.64445
259 2.64714
260 2.6568
261 2.67
262 2.67826
263 2.68061
264 2.68678
265 2.70139
266 2.70402
267 2.72049
268 2.72594
269 2.72927
270 2.74225
271 2.75318
272 2.76478
273 2.77501
274 2.78336
275 2.79756
276 2.80924
277 2.82744
278 2.84453
279 2.85177
280 2.86589
281 2.89233
282 2.90304
283 2.91616
284 2.9189
285 2.92351
286 2.94009
287 2.94541
288 2.95259
289 2.96782
290 2.96883
291 2.97289
292 2.9757
