1 0.00422
2 0.02414
3 0.02841
4 0.02928
5 0.03577
6 0.03726
7 0.03938
8 0.04293
9 0.04512
10 0.05041
11 0.06282
12 0.06761
13 0.086
14 0.09135
15 0.09707
16 0.10827
17 0.12467
18 0.1315
19 0.13621
20 0.14135
21 0.1447
22 0.15981
23 0.17091
24 0.18283
25 0.19197
26 0.19872
27 0.2009
28 0.20311
29 0.22103
30 0.22853
31 0.26241
32 0.27331
33 0.27814
34 0.30391
35 0.30878
36 0.3119
37 0.34994
38 0.36674
39 0.37715
40 0.3798
41 0.40576
42 0.41122
43 0.41655
44 0.4314
45 0.43861
46 0.4479
47 0.453
48 0.4741
49 0.47877
50 0.48027
51 0.4838
52 0.49851
53 0.50839
54 0.51388
55 0.51544
56 0.52181
57 0.52402
58 0.53122
59 0.53806
60 0.55196
61 0.55695
62 0.55987
63 0.5766
64 0.58133
65 0.596
66 0.60077
67 0.61209
68 0.6159
69 0.62778
70 0.63911
71 0.6551
72 0.68193
73 0.69593
74 0.69709
75 0.70137
76 0.70423
77 0.72271
78 0.73065
79 0.74146
80 0.76155
81 0.76988
82 0.77191
83 0.77655
84 0.78881
85 0.79478
86 0.8001
87 0.80123
88 0.83542
89 0.84906
90 0.86901
91 0.8727
92 0.88179
93 0.88784
94 0.9053
95 0.92523
96 0.92795
97 0.93195
98 0.93995
99 0.95059
100 0.96737
101 0.96985
102 0.9738
103 0.98214
104 0.985
105 1.01327
106 1.02478
107 1.04034
108 1.07647
109 1.08095
110 1.09021
111 1.11234
112 1.12081
113 1.12453
114 1.13775
115 1.14196
116 1.14719
117 1.16177
118 1.16807
119 1.17953
120 1.18394
121 1.18719
122 1.19073
123 1.20272
124 1.21596
125 1.22763
126 1.23396
127 1.24391
128 1.26309
129 1.26545
130 1.26707
131 1.27123
132 1.28935
133 1.29248
134 1.29784
135 1.30338
136 1.31071
137 1.33189
138 1.36074
139 1.37949
140 1.38209
141 1.4024
142 1.41909
143 1.43425
144 1.44233
145 1.44958
146 1.45614
147 1.4782
148 1.48587
149 1.48913
150 1.4961
151 1.50295
152 1.50902
153 1.51299
154 1.51924
155 1.52899
156 1.53156
157 1.53726
158 1.54794
159 1.56361
160 1.57313
161 1.58769
162 1.59565
163 1.60369
164 1.61148
165 1.62204
166 1.63542
167 1.64275
168 1.64697
169 1.66933
170 1.67557
171 1.67966
172 1.68356
173 1.69313
174 1.69793
175 1.71565
176 1.71951
177 1.72145
178 1.73207
179 1.74117
180 1.75093
181 1.75403
182 1.77472
183 1.77675
184 1.78019
185 1.78501
186 1.8068
187 1.81018
188 1.81333
189 1.82078
190 1.8366
191 1.84171
192 1.86231
193 1.88189
194 1.91533
195 1.918
196 1.92313
197 1.9326
198 1.95168
199 1.96427
200 1.97654
201 1.98303
202 1.99425
203 1.99668
204 2.00825
205 2.01807
206 2.04556
207 2.07546
208 2.08747
209 2.09759
210 2.09935
211 2.10229
212 2.11051
213 2.11611
214 2.12535
215 2.13155
216 2.14268
217 2.15709
218 2.16476
219 2.1676
220 2.17248
221 2.18001
222 2.18369
223 2.20466
224 2.21699
225 2.22205
226 2.22492
227 2.22823
228 2.23453
229 2.23737
230 2.24652
231 2.2621
232 2.26433
233 2.26912
234 2.28072
235 2.28524
236 2.28761
237 2.29135
238 2.29508
239 2.31114
240 2.31634
241 2.33472
242 2.34158
243 2.35729
244 2.36611
245 2.37073
246 2.3724
247 2.38044
248 2.39519
249 2.41224
250 2.42059
251 2.42272
252 2.42806
253 2.43424
254 2.44166
255 2.47127
256 2.47764
257 2.48248
258 2.48704
259 2.49333
260 2.50281
261 2.50429
262 2.51511
263 2.52016
264 2.52659
265 2.54011
266 2.5418
267 2.54859
268 2.55535
269 2.5939
270 2.60474
271 2.60968
272 2.6118
273 2.62717
274 2.63228
275 2.64108
276 2.64347
277 2.66404
278 2.6669
279 2.67382
280 2.68555
281 2.69129
282 2.69368
283 2.72305
284 2.73871
285 2.76614
286 2.76843
287 2.77118
288 2.7773
289 2.78805
290 2.79387
291 2.80494
292 2.80886
293 2.81628
294 2.82414
295 2.83552
296 2.84372
297 2.85143
298 2.86372
299 2.88964
300 2.90512
301 2.91502
302 2.92011
303 2.92514
304 2.93619
305 2.94292
306 2.94921
307 2.95907
308 2.96515
309 2.97404
310 2.97835
311 2.98216
312 2.98859
313 2.9944
314 2.99791
