1 0.00456
2 0.0122
3 0.01833
4 0.02365
5 0.03131
6 0.03454
7 0.04221
8 0.04432
9 0.07288
10 0.08649
11 0.09644
12 0.10968
13 0.11605
14 0.12482
15 0.12879
16 0.15207
17 0.16393
18 0.17639
19 0.20045
20 0.21206
21 0.21399
22 0.22356
23 0.22586
24 0.23332
25 0.24276
26 0.24934
27 0.28663
28 0.32673
29 0.332
30 0.33785
31 0.35077
32 0.36489
33 0.36863
34 0.37018
35 0.37691
36 0.38207
37 0.40683
38 0.42422
39 0.4263
40 0.44289
41 0.45084
42 0.46659
43 0.47031
44 0.47431
45 0.48638
46 0.49408
47 0.50723
48 0.50888
49 0.5217
50 0.53179
51 0.53523
52 0.55393
53 0.56266
54 0.57253
55 0.58295
56 0.59525
57 0.60471
58 0.62448
59 0.65337
60 0.65839
61 0.67331
62 0.67754
63 0.68137
64 0.68454
65 0.69493
66 0.70077
67 0.71558
68 0.72156
69 0.72466
70 0.73272
71 0.73666
72 0.75252
73 0.75603
74 0.77184
75 0.77796
76 0.78765
77 0.80726
78 0.81154
79 0.82158
80 0.8235
81 0.86167
82 0.87004
83 0.87131
84 0.89217
85 0.9019
86 0.91023
87 0.92514
88 0.93346
89 0.94453
90 0.95318
91 0.95519
92 0.96304
93 0.9879
94 1.00255
95 1.00523
96 1.00669
97 1.00854
98 1.0262
99 1.03285
100 1.05033
101 1.06344
102 1.07049
103 1.0721
104 1.07794
105 1.08151
106 1.08522
107 1.10678
108 1.11679
109 1.1326
110 1.1381
111 1.15121
112 1.15482
113 1.16219
114 1.18881
115 1.19997
116 1.20513
117 1.25021
118 1.2522
119 1.26281
120 1.2668
121 1.29104
122 1.31035
123 1.31737
124 1.319
125 1.32801
126 1.3422
127 1.34606
128 1.3692
129 1.39448
130 1.3962
131 1.40101
132 1.41226
133 1.41979
134 1.43112
135 1.44515
136 1.45604
137 1.48492
138 1.50081
139 1.53125
140 1.53863
141 1.54062
142 1.54845
143 1.55293
144 1.55697
145 1.55849
146 1.56157
147 1.57181
148 1.59475
149 1.6079
150 1.62012
151 1.63223
152 1.63587
153 1.66656
154 1.68032
155 1.69242
156 1.69784
157 1.70648
158 1.70873
159 1.72435
160 1.73296
161 1.7478
162 1.75247
163 1.75912
164 1.76238
165 1.77105
166 1.77303
167 1.77823
168 1.79371
169 1.79745
170 1.80542
171 1.8148
172 1.82787
173 1.83099
174 1.83521
175 1.85876
176 1.87671
177 1.87848
178 1.89259
179 1.89843
180 1.90251
181 1.90623
182 1.91185
183 1.91538
184 1.91727
185 1.93462
186 1.94531
187 1.96078
188 1.97976
189 2.00579
190 2.02419
191 2.02931
192 2.03736
193 2.05062
194 2.05643
195 2.0627
196 2.06994
197 2.08009
198 2.08338
199 2.08915
200 2.09783
201 2.11764
202 2.14567
203 2.15117
204 2.17292
205 2.17662
206 2.18019
207 2.18656
208 2.19378
209 2.20437
210 2.21329
211 2.22231
212 2.2597
213 2.27972
214 2.30773
215 2.30875
216 2.31558
217 2.31749
218 2.32495
219 2.34635
220 2.35013
221 2.37156
222 2.39197
223 2.40315
224 2.40465
225 2.42877
226 2.43451
227 2.44745
228 2.45479
229 2.45674
230 2.46574
231 2.47285
232 2.49571
233 2.50536
234 2.51847
235 2.52044
236 2.53024
237 2.56035
238 2.57346
239 2.57636
240 2.59372
241 2.61693
242 2.64537
243 2.66425
244 2.67521
245 2.68146
246 2.70485
247 2.71438
248 2.71802
249 2.72303
250 2.72694
251 2.73449
252 2.74232
253 2.75613
254 2.76197
255 2.76921
256 2.77082
257 2.77636
258 2.78795
259 2.80044
260 2.81676
261 2.82076
262 2.83058
263 2.83597
264 2.84115
265 2.84396
266 2.85289
267 2.88942
268 2.90827
269 2.91411
270 2.93366
271 2.95508
