1 0.00113
2 0.00707
3 0.01335
4 0.01476
5 0.01927
6 0.02772
7 0.0334
8 0.03802
9 0.04284
10 0.05336
11 0.05631
12 0.05914
13 0.06467
14 0.06916
15 0.07342
16 0.07643
17 0.08543
18 0.08909
19 0.09172
20 0.098
21 0.11733
22 0.12089
23 0.12563
24 0.13071
25 0.14058
26 0.14372
27 0.14466
28 0.15513
29 0.16918
30 0.17752
31 0.18206
32 0.18574
33 0.19577
34 0.20736
35 0.21468
36 0.22133
37 0.23534
38 0.2372
39 0.2422
40 0.24574
41 0.24744
42 0.24995
43 0.25092
44 0.25656
45 0.26963
46 0.28479
47 0.28828
48 0.29063
49 0.29822
50 0.306
51 0.31629
52 0.32639
53 0.34138
54 0.34264
55 0.34645
56 0.35675
57 0.36806
58 0.37465
59 0.37693
60 0.38347
61 0.386
62 0.40673
63 0.42393
64 0.42482
65 0.43194
66 0.43556
67 0.43869
68 0.45336
69 0.45605
70 0.45794
71 0.46593
72 0.46803
73 0.47477
74 0.47722
75 0.48087
76 0.48996
77 0.49199
78 0.49397
79 0.50154
80 0.50416
81 0.52076
82 0.52977
83 0.53148
84 0.54267
85 0.54645
86 0.55181
87 0.55557
88 0.55837
89 0.5667
90 0.58011
91 0.59774
92 0.60946
93 0.61456
94 0.61718
95 0.62731
96 0.63364
97 0.63774
98 0.64239
99 0.67039
100 0.67771
101 0.68715
102 0.68929
103 0.7015
104 0.70854
105 0.71158
106 0.71431
107 0.72484
108 0.73205
109 0.73379
110 0.73602
111 0.73896
112 0.74545
113 0.74674
114 0.75333
115 0.75738
116 0.76221
117 0.78777
118 0.79465
119 0.79812
120 0.80244
121 0.81618
122 0.82534
123 0.82679
124 0.83229
125 0.83403
126 0.83596
127 0.84073
128 0.85125
129 0.85551
130 0.86837
131 0.88392
132 0.89682
133 0.91677
134 0.92478
135 0.94248
136 0.95818
137 0.96933
138 0.97704
139 0.98418
140 0.99077
141 0.99286
142 0.99787
143 1.00034
144 1.00637
145 1.00851
146 1.0158
147 1.01839
148 1.03832
149 1.04323
150 1.04602
151 1.05012
152 1.05272
153 1.05966
154 1.06656
155 1.06838
156 1.07703
157 1.07917
158 1.08964
159 1.09996
160 1.10474
161 1.10801
162 1.11577
163 1.12331
164 1.1311
165 1.13687
166 1.14789
167 1.15498
168 1.17289
169 1.18536
170 1.18895
171 1.19746
172 1.20372
173 1.20657
174 1.21267
175 1.21856
176 1.22527
177 1.23246
178 1.23523
179 1.24018
180 1.24694
181 1.2481
182 1.25089
183 1.25428
184 1.25623
185 1.26226
186 1.26654
187 1.28778
188 1.29138
189 1.29317
190 1.29967
191 1.30288
192 1.31096
193 1.32225
194 1.33162
195 1.33561
196 1.34367
197 1.35855
198 1.36462
199 1.36937
200 1.37358
201 1.39034
202 1.39567
203 1.41674
204 1.42806
205 1.43346
206 1.43874
207 1.44636
208 1.45361
209 1.45818
210 1.4616
211 1.46458
212 1.46649
213 1.47376
214 1.47675
215 1.48376
216 1.4894
217 1.49051
218 1.49247
219 1.49415
220 1.49818
221 1.50516
222 1.5114
223 1.53219
224 1.53669
225 1.54222
226 1.54657
227 1.55751
228 1.57014
229 1.57668
230 1.57968
231 1.58147
232 1.58851
233 1.59161
234 1.59648
235 1.60531
236 1.60863
237 1.61256
238 1.61797
239 1.62543
240 1.62698
241 1.63021
242 1.63283
243 1.63643
244 1.64273
245 1.64974
246 1.66672
247 1.67428
248 1.67697
249 1.67862
250 1.68373
251 1.6941
252 1.69817
253 1.71174
254 1.72525
255 1.73413
256 1.73613
257 1.73963
258 1.74229
259 1.75157
260 1.76647
261 1.79057
262 1.80379
263 1.80534
264 1.80897
265 1.83029
266 1.84086
267 1.84996
268 1.86518
269 1.87361
270 1.87893
271 1.88295
272 1.88621
273 1.90043
274 1.91856
275 1.92005
276 1.9279
277 1.93242
278 1.94242
279 1.95187
280 1.96447
281 1.97319
282 1.98147
283 1.99235
284 1.99543
285 1.99781
286 1.99983
287 2.01103
288 2.0344
289 2.038
290 2.04569
291 2.0568
292 2.063
293 2.06607
294 2.06989
295 2.07861
296 2.08305
297 2.09484
298 2.10067
299 2.11815
300 2.12406
301 2.12606
302 2.13042
303 2.14587
304 2.16578
305 2.17493
306 2.18147
307 2.18444
308 2.19136
309 2.19695
310 2.21006
311 2.21331
312 2.21989
313 2.22624
314 2.23232
315 2.24155
316 2.24663
317 2.2498
318 2.25199
319 2.26223
320 2.26732
321 2.29215
322 2.29511
323 2.31579
324 2.32589
325 2.32756
326 2.33449
327 2.33641
328 2.34257
329 2.34721
330 2.3722
331 2.37496
332 2.37785
333 2.3839
334 2.38661
335 2.39429
336 2.3973
337 2.4172
338 2.42737
339 2.43473
340 2.44551
341 2.45731
342 2.46018
343 2.46463
344 2.46689
345 2.47036
346 2.47765
347 2.49385
348 2.49534
349 2.50892
350 2.53489
351 2.5389
352 2.54281
353 2.54813
354 2.55114
355 2.55366
356 2.56315
357 2.57709
358 2.58629
359 2.602
360 2.61756
361 2.61923
362 2.62312
363 2.64057
364 2.64376
365 2.66783
366 2.67234
367 2.67657
368 2.68713
369 2.69345
370 2.69603
371 2.70419
372 2.70798
373 2.71708
374 2.72635
375 2.74111
376 2.75021
377 2.75421
378 2.76044
379 2.76687
380 2.78903
381 2.79675
382 2.80685
383 2.81132
384 2.81571
385 2.8236
386 2.82751
387 2.82866
388 2.84042
389 2.84674
390 2.84887
391 2.85635
392 2.85864
393 2.8693
394 2.87985
395 2.88375
396 2.88997
397 2.9184
398 2.92267
399 2.92904
400 2.93267
401 2.93653
402 2.93924
403 2.95106
404 2.96235
405 2.96728
406 2.96961
407 2.97712
408 2.98396
409 2.99064
410 2.99393
411 2.99701
