1 0.00288
2 0.00957
3 0.0343
4 0.04001
5 0.04636
6 0.05057
7 0.05273
8 0.0634
9 0.06625
10 0.08053
11 0.09787
12 0.10333
13 0.10536
14 0.10926
15 0.11412
16 0.14398
17 0.15487
18 0.16146
19 0.17881
20 0.18444
21 0.19502
22 0.2034
23 0.21381
24 0.21653
25 0.22865
26 0.23116
27 0.23638
28 0.24183
29 0.248
30 0.25589
31 0.25902
32 0.26043
33 0.26496
34 0.27395
35 0.292
36 0.29441
37 0.29671
38 0.30622
39 0.31012
40 0.3138
41 0.31594
42 0.31902
43 0.32508
44 0.3354
45 0.35382
46 0.36132
47 0.36878
48 0.3751
49 0.37776
50 0.38769
51 0.4033
52 0.4241
53 0.44545
54 0.45142
55 0.46089
56 0.46541
57 0.47489
58 0.47753
59 0.48305
60 0.48994
61 0.50374
62 0.50607
63 0.50936
64 0.51559
65 0.52192
66 0.54846
67 0.55468
68 0.55933
69 0.56132
70 0.56442
71 0.57895
72 0.58013
73 0.5878
74 0.59331
75 0.59907
76 0.60318
77 0.62804
78 0.63916
79 0.64918
80 0.66323
81 0.66518
82 0.68435
83 0.71448
84 0.71905
85 0.72839
86 0.75269
87 0.75692
88 0.76716
89 0.77647
90 0.78082
91 0.785
92 0.79709
93 0.79936
94 0.80679
95 0.82124
96 0.82225
97 0.8256
98 0.8397
99 0.84208
100 0.8475
101 0.84892
102 0.85866
103 0.87018
104 0.87257
105 0.88683
106 0.88871
107 0.91055
108 0.93175
109 0.94097
110 0.94657
111 0.94819
112 0.95278
113 0.9581
114 0.96197
115 0.97409
116 0.98081
117 0.98417
118 0.99113
119 1.00485
120 1.01897
121 1.02143
122 1.03287
123 1.03578
124 1.04784
125 1.06143
126 1.06788
127 1.0818
128 1.09468
129 1.1029
130 1.12311
131 1.12511
132 1.13123
133 1.14125
134 1.14264
135 1.1479
136 1.15458
137 1.16997
138 1.17865
139 1.18887
140 1.1939
141 1.19639
142 1.19947
143 1.22099
144 1.22757
145 1.23608
146 1.2382
147 1.24876
148 1.25556
149 1.26317
150 1.27122
151 1.2788
152 1.28248
153 1.28711
154 1.29238
155 1.29548
156 1.31574
157 1.31771
158 1.33325
159 1.33745
160 1.34136
161 1.34406
162 1.34935
163 1.35645
164 1.35803
165 1.35987
166 1.36805
167 1.37496
168 1.38816
169 1.39599
170 1.40305
171 1.40869
172 1.42124
173 1.42391
174 1.43046
175 1.44453
176 1.45091
177 1.47061
178 1.50202
179 1.50918
180 1.52085
181 1.52852
182 1.53376
183 1.53592
184 1.53854
185 1.54105
186 1.55125
187 1.56105
188 1.56474
189 1.56813
190 1.58432
191 1.60683
192 1.60822
193 1.6285
194 1.63448
195 1.63714
196 1.63958
197 1.6468
198 1.66826
199 1.67221
200 1.68493
201 1.69539
202 1.70266
203 1.70681
204 1.71518
205 1.73535
206 1.74137
207 1.74303
208 1.74716
209 1.75155
210 1.76769
211 1.7751
212 1.77679
213 1.79443
214 1.81818
215 1.82433
216 1.83043
217 1.83713
218 1.84095
219 1.84793
220 1.86102
221 1.87103
222 1.88602
223 1.88802
224 1.90286
225 1.9153
226 1.93717
227 1.9397
228 1.9447
229 1.94699
230 1.95157
231 1.96945
232 1.98156
233 1.98607
234 1.98979
235 2.00436
236 2.00546
237 2.01164
238 2.02806
239 2.03349
240 2.03656
241 2.04792
242 2.06203
243 2.07643
244 2.08017
245 2.09061
246 2.09526
247 2.11014
248 2.11631
249 2.13516
250 2.14412
251 2.15096
252 2.16008
253 2.16508
254 2.17659
255 2.17935
256 2.18266
257 2.18378
258 2.19185
259 2.19525
260 2.20555
261 2.20994
262 2.21876
263 2.24002
264 2.24293
265 2.24648
266 2.2487
267 2.25418
268 2.25634
269 2.25791
270 2.26689
271 2.28224
272 2.29305
273 2.29752
274 2.29927
275 2.30384
276 2.32077
277 2.33631
278 2.3476
279 2.36446
280 2.38194
281 2.39269
282 2.39748
283 2.40745
284 2.40943
285 2.42243
286 2.42402
287 2.42721
288 2.43239
289 2.44092
290 2.44941
291 2.45577
292 2.46026
293 2.46503
294 2.47679
295 2.48943
296 2.49983
297 2.51231
298 2.53014
299 2.54247
300 2.55052
301 2.57135
302 2.57651
303 2.5793
304 2.59284
305 2.59872
306 2.60171
307 2.60389
308 2.625
309 2.63531
310 2.63646
311 2.63774
312 2.64873
313 2.67527
314 2.67851
315 2.68178
316 2.68755
317 2.69286
318 2.69433
319 2.69743
320 2.71022
321 2.73222
322 2.74287
323 2.75628
324 2.75912
325 2.76478
326 2.76843
327 2.76972
328 2.78349
329 2.79927
330 2.80692
331 2.83226
332 2.8395
333 2.84173
334 2.8502
335 2.86169
336 2.8668
337 2.87288
338 2.8757
339 2.88178
340 2.89899
341 2.93038
342 2.94139
343 2.95231
344 2.95467
345 2.96855
346 2.984
