1 0.00791
2 0.01578
3 0.01898
4 0.02404
5 0.03057
6 0.03671
7 0.05018
8 0.05694
9 0.06154
10 0.06543
11 0.06719
12 0.07383
13 0.08444
14 0.08608
15 0.09156
16 0.09651
17 0.09917
18 0.10669
19 0.10987
20 0.11277
21 0.12053
22 0.12265
23 0.12526
24 0.13248
25 0.13916
26 0.14423
27 0.1513
28 0.16501
29 0.16821
30 0.17141
31 0.18541
32 0.1948
33 0.2077
34 0.21698
35 0.22798
36 0.23042
37 0.23523
38 0.24222
39 0.24487
40 0.25445
41 0.25929
42 0.2615
43 0.27117
44 0.27265
45 0.27895
46 0.28455
47 0.30452
48 0.31712
49 0.32286
50 0.3309
51 0.33483
52 0.36593
53 0.37274
54 0.39114
55 0.39716
56 0.40371
57 0.40878
58 0.45208
59 0.46184
60 0.46424
61 0.4732
62 0.47754
63 0.50139
64 0.51658
65 0.51926
66 0.53419
67 0.54728
68 0.55564
69 0.56069
70 0.57183
71 0.57793
72 0.60927
73 0.6168
74 0.62657
75 0.64012
76 0.64838
77 0.67462
78 0.69182
79 0.70813
80 0.71091
81 0.71789
82 0.72095
83 0.72335
84 0.73075
85 0.7369
86 0.74095
87 0.74717
88 0.76707
89 0.77006
90 0.77798
91 0.78932
92 0.7997
93 0.80198
94 0.81231
95 0.81678
96 0.82525
97 0.82889
98 0.83623
99 0.84349
100 0.84534
101 0.84811
102 0.85621
103 0.85901
104 0.86275
105 0.86688
106 0.87402
107 0.88057
108 0.88599
109 0.8887
110 0.89728
111 0.90069
112 0.90872
113 0.91981
114 0.92763
115 0.96143
116 0.96668
117 0.9701
118 0.97436
119 0.9786
120 0.98011
121 0.98904
122 0.99106
123 1.00628
124 1.02344
125 1.03999
126 1.04321
127 1.04466
128 1.05581
129 1.06101
130 1.0656
131 1.07135
132 1.07964
133 1.0849
134 1.0914
135 1.1014
136 1.10879
137 1.12376
138 1.13526
139 1.1485
140 1.1553
141 1.16704
142 1.18329
143 1.19824
144 1.20375
145 1.21489
146 1.21615
147 1.22329
148 1.22986
149 1.2366
150 1.26256
151 1.26637
152 1.28103
153 1.29291
154 1.29785
155 1.30427
156 1.33011
157 1.33372
158 1.34348
159 1.35342
160 1.35952
161 1.37728
162 1.41266
163 1.41561
164 1.41963
165 1.42977
166 1.43784
167 1.45703
168 1.46629
169 1.47279
170 1.47839
171 1.48419
172 1.48624
173 1.51132
174 1.53053
175 1.55265
176 1.55873
177 1.56504
178 1.57713
179 1.5822
180 1.5894
181 1.59213
182 1.59579
183 1.60053
184 1.62265
185 1.63075
186 1.63346
187 1.6386
188 1.64116
189 1.64343
190 1.65238
191 1.65912
192 1.67066
193 1.67904
194 1.68764
195 1.69749
196 1.71527
197 1.7165
198 1.72123
199 1.72483
200 1.73537
201 1.73875
202 1.74452
203 1.75087
204 1.77877
205 1.78057
206 1.78305
207 1.79685
208 1.8077
209 1.81016
210 1.81267
211 1.82261
212 1.83931
213 1.84247
214 1.84488
215 1.85104
216 1.85657
217 1.8599
218 1.87116
219 1.87774
220 1.88066
221 1.88799
222 1.90263
223 1.90575
224 1.91133
225 1.91812
226 1.92707
227 1.9299
228 1.93813
229 1.95708
230 1.96664
231 1.96836
232 1.97354
233 1.97523
234 1.98399
235 1.98606
236 1.99149
237 2.00149
238 2.03437
239 2.03923
240 2.0443
241 2.05536
242 2.06149
243 2.06377
244 2.07244
245 2.07465
246 2.08521
247 2.09114
248 2.09988
249 2.11514
250 2.13072
251 2.14042
252 2.15923
253 2.17273
254 2.19113
255 2.20574
256 2.21642
257 2.22506
258 2.23321
259 2.24432
260 2.25287
261 2.25645
262 2.26664
263 2.27331
264 2.28556
265 2.29126
266 2.2998
267 2.31279
268 2.32035
269 2.32668
270 2.32881
271 2.33611
272 2.34654
273 2.365
274 2.37832
275 2.38946
276 2.39198
277 2.3977
278 2.41269
279 2.44714
280 2.45424
281 2.45995
282 2.46434
283 2.46693
284 2.47328
285 2.48171
286 2.49216
287 2.49998
288 2.50576
289 2.50838
290 2.51984
291 2.53221
292 2.54237
293 2.54785
294 2.55572
295 2.56563
296 2.57205
297 2.57552
298 2.59043
299 2.59574
300 2.60152
301 2.60633
302 2.60987
303 2.61638
304 2.61919
305 2.62595
306 2.64448
307 2.64664
308 2.6548
309 2.662
310 2.66657
311 2.66797
312 2.67492
313 2.6765
314 2.701
315 2.70574
316 2.70663
317 2.71488
318 2.72568
319 2.73656
320 2.73926
321 2.76582
322 2.76922
323 2.77154
324 2.78805
325 2.79908
326 2.8027
327 2.80599
328 2.81221
329 2.81833
330 2.81972
331 2.83551
332 2.84943
333 2.85917
334 2.87921
335 2.90108
336 2.90679
337 2.9127
338 2.91792
339 2.94154
340 2.96128
341 2.9639
342 2.96617
343 2.97121
344 2.98921
