1 0.00478
2 0.01125
3 0.02365
4 0.02634
5 0.03237
6 0.03405
7 0.0405
8 0.05155
9 0.06117
10 0.06928
11 0.07121
12 0.07779
13 0.08839
14 0.10324
15 0.10546
16 0.11043
17 0.1152
18 0.13177
19 0.13543
20 0.13793
21 0.14345
22 0.14788
23 0.16195
24 0.16758
25 0.17583
26 0.18932
27 0.21205
28 0.21512
29 0.2354
30 0.24456
31 0.24588
32 0.25272
33 0.26461
34 0.27157
35 0.27367
36 0.27628
37 0.28902
38 0.29208
39 0.29988
40 0.30644
41 0.31633
42 0.3283
43 0.33309
44 0.33764
45 0.3514
46 0.37744
47 0.38938
48 0.39217
49 0.40146
50 0.40839
51 0.41879
52 0.41998
53 0.42884
54 0.43413
55 0.4499
56 0.45962
57 0.47567
58 0.4872
59 0.49141
60 0.50383
61 0.50959
62 0.53546
63 0.5396
64 0.54162
65 0.56043
66 0.57785
67 0.58556
68 0.58852
69 0.60678
70 0.61507
71 0.62585
72 0.64748
73 0.66354
74 0.66664
75 0.67448
76 0.68191
77 0.68639
78 0.69726
79 0.71308
80 0.73549
81 0.74248
82 0.74719
83 0.7543
84 0.76218
85 0.78475
86 0.79843
87 0.80488
88 0.80616
89 0.81454
90 0.82012
91 0.83173
92 0.83615
93 0.85043
94 0.86578
95 0.876
96 0.88484
97 0.88756
98 0.88949
99 0.89777
100 0.90238
101 0.92666
102 0.92983
103 0.93265
104 0.93625
105 0.94321
106 0.96779
107 0.97142
108 0.97307
109 0.98585
110 0.99131
111 1.01603
112 1.02045
113 1.02423
114 1.04451
115 1.04742
116 1.05226
117 1.05696
118 1.07859
119 1.08126
120 1.09302
121 1.10567
122 1.12823
123 1.13624
124 1.14394
125 1.14927
126 1.15337
127 1.15901
128 1.16208
129 1.16545
130 1.17216
131 1.17433
132 1.18616
133 1.19565
134 1.20186
135 1.21772
136 1.2252
137 1.24369
138 1.24867
139 1.25481
140 1.26376
141 1.26621
142 1.27915
143 1.29372
144 1.29833
145 1.30258
146 1.30523
147 1.31575
148 1.32898
149 1.3418
150 1.34331
151 1.3445
152 1.35258
153 1.36852
154 1.38151
155 1.39266
156 1.4013
157 1.40959
158 1.42129
159 1.43265
160 1.44024
161 1.45147
162 1.4558
163 1.46105
164 1.46324
165 1.4717
166 1.4743
167 1.47622
168 1.4835
169 1.50164
170 1.52028
171 1.52624
172 1.53247
173 1.54007
174 1.54849
175 1.55452
176 1.55545
177 1.55687
178 1.55912
179 1.57083
180 1.60126
181 1.60852
182 1.61012
183 1.63001
184 1.64561
185 1.64764
186 1.67233
187 1.67843
188 1.69136
189 1.71219
190 1.71894
191 1.7258
192 1.73582
193 1.74871
194 1.76317
195 1.77005
196 1.79455
197 1.79889
198 1.80043
199 1.81174
200 1.8139
201 1.82619
202 1.82872
203 1.83903
204 1.84437
205 1.84604
206 1.85671
207 1.85887
208 1.8617
209 1.86518
210 1.88056
211 1.88337
212 1.88841
213 1.89268
214 1.90745
215 1.91117
216 1.92092
217 1.9239
218 1.93674
219 1.9414
220 1.95993
221 1.96794
222 1.98134
223 1.99247
224 2.00037
225 2.01052
226 2.01482
227 2.02673
228 2.0523
229 2.05432
230 2.06093
231 2.06655
232 2.07284
233 2.0756
234 2.1022
235 2.10939
236 2.12388
237 2.13226
238 2.15187
239 2.15466
240 2.17295
241 2.17631
242 2.20247
243 2.20455
244 2.20597
245 2.21951
246 2.22843
247 2.2316
248 2.24571
249 2.251
250 2.25338
251 2.25575
252 2.2572
253 2.26099
254 2.27182
255 2.28999
256 2.30296
257 2.30492
258 2.31164
259 2.32381
260 2.32819
261 2.33519
262 2.34579
263 2.3505
264 2.36935
265 2.38441
266 2.39247
267 2.39931
268 2.4033
269 2.41001
270 2.41816
271 2.42836
272 2.43147
273 2.43363
274 2.43755
275 2.44674
276 2.47468
277 2.48332
278 2.4896
279 2.49227
280 2.51079
281 2.52787
282 2.54077
283 2.54763
284 2.55219
285 2.55456
286 2.55668
287 2.55895
288 2.56586
289 2.60906
290 2.61151
291 2.61473
292 2.63369
293 2.63566
294 2.64077
295 2.64342
296 2.64658
297 2.66937
298 2.68173
299 2.68458
300 2.69897
301 2.71947
302 2.73605
303 2.73958
304 2.77559
305 2.78155
306 2.79862
307 2.80956
308 2.81495
309 2.82395
310 2.83569
311 2.85364
312 2.85523
313 2.88642
314 2.88762
315 2.89171
316 2.90174
317 2.90441
318 2.91306
319 2.92801
320 2.93839
321 2.94328
322 2.95751
323 2.96586
324 2.97314
325 2.97797
326 2.98658
327 2.9917
328 2.99635
329 2.99946
