1 0.00336
2 0.0172
3 0.02595
4 0.02706
5 0.0354
6 0.03987
7 0.04154
8 0.04509
9 0.06039
10 0.07059
11 0.073
12 0.07566
13 0.07851
14 0.08344
15 0.08611
16 0.08834
17 0.0953
18 0.12308
19 0.12764
20 0.13148
21 0.13471
22 0.13714
23 0.1505
24 0.15444
25 0.15775
26 0.17435
27 0.17816
28 0.19216
29 0.20483
30 0.20821
31 0.21429
32 0.21871
33 0.23325
34 0.23742
35 0.24096
36 0.2486
37 0.26538
38 0.27042
39 0.27384
40 0.28742
41 0.28946
42 0.30198
43 0.32063
44 0.32646
45 0.32995
46 0.33422
47 0.34114
48 0.34661
49 0.37206
50 0.37933
51 0.39055
52 0.39901
53 0.41861
54 0.42911
55 0.43425
56 0.43813
57 0.44572
58 0.45183
59 0.45864
60 0.46713
61 0.47703
62 0.48215
63 0.49812
64 0.50195
65 0.51432
66 0.52074
67 0.52653
68 0.53226
69 0.55138
70 0.57048
71 0.5759
72 0.57979
73 0.58141
74 0.58298
75 0.58833
76 0.59412
77 0.61824
78 0.63161
79 0.63634
80 0.65409
81 0.67515
82 0.68583
83 0.68757
84 0.70859
85 0.71167
86 0.71402
87 0.71627
88 0.72104
89 0.72664
90 0.73409
91 0.74415
92 0.75173
93 0.75424
94 0.76325
95 0.78488
96 0.7871
97 0.79614
98 0.82142
99 0.83467
100 0.8415
101 0.84535
102 0.85332
103 0.8727
104 0.87984
105 0.88709
106 0.89835
107 0.90429
108 0.92735
109 0.93796
110 0.93982
111 0.94566
112 0.95216
113 0.95579
114 0.95846
115 0.96106
116 0.96316
117 0.96593
118 0.96766
119 0.97348
120 0.97846
121 0.99555
122 1.00231
123 1.00738
124 1.01972
125 1.02453
126 1.02975
127 1.03728
128 1.05047
129 1.0744
130 1.07798
131 1.08155
132 1.08928
133 1.09316
134 1.12013
135 1.1263
136 1.13277
137 1.15211
138 1.15624
139 1.17956
140 1.18479
141 1.18983
142 1.19349
143 1.19695
144 1.20025
145 1.20722
146 1.2102
147 1.21188
148 1.21347
149 1.21486
150 1.22411
151 1.22749
152 1.23062
153 1.23798
154 1.23946
155 1.25151
156 1.26611
157 1.27543
158 1.27654
159 1.27944
160 1.28254
161 1.28465
162 1.28929
163 1.29494
164 1.29726
165 1.3136
166 1.32247
167 1.32588
168 1.32899
169 1.33161
170 1.33363
171 1.34237
172 1.34768
173 1.34992
174 1.36977
175 1.37728
176 1.3803
177 1.38898
178 1.40026
179 1.40729
180 1.42252
181 1.42958
182 1.43443
183 1.44084
184 1.44405
185 1.44842
186 1.45565
187 1.47265
188 1.47424
189 1.48165
190 1.50331
191 1.50893
192 1.51551
193 1.53037
194 1.53501
195 1.54068
196 1.54745
197 1.54993
198 1.56448
199 1.57009
200 1.57625
201 1.58233
202 1.58842
203 1.59178
204 1.62204
205 1.62883
206 1.63089
207 1.63738
208 1.65553
209 1.67037
210 1.67379
211 1.68343
212 1.68937
213 1.69214
214 1.69556
215 1.70614
216 1.71037
217 1.71168
218 1.71461
219 1.71949
220 1.7277
221 1.72958
222 1.73208
223 1.73698
224 1.74125
225 1.74298
226 1.75187
227 1.75485
228 1.75758
229 1.76504
230 1.77273
231 1.77623
232 1.78088
233 1.7825
234 1.78835
235 1.79181
236 1.7977
237 1.80075
238 1.82669
239 1.82919
240 1.83028
241 1.83143
242 1.83469
243 1.8362
244 1.83939
245 1.84224
246 1.84376
247 1.84735
248 1.873
249 1.88225
250 1.89149
251 1.89888
252 1.90119
253 1.90781
254 1.9099
255 1.93018
256 1.94379
257 1.95259
258 1.95452
259 1.95599
260 1.96201
261 1.96814
262 1.97297
263 1.98313
264 2.00135
265 2.00792
266 2.02001
267 2.02376
268 2.02847
269 2.03799
270 2.04166
271 2.04649
272 2.06176
273 2.07931
274 2.0832
275 2.08784
276 2.08997
277 2.09226
278 2.09884
279 2.1175
280 2.12012
281 2.12787
282 2.13028
283 2.13163
284 2.14643
285 2.15386
286 2.18531
287 2.19527
288 2.19984
289 2.20114
290 2.20685
291 2.21304
292 2.21612
293 2.22316
294 2.22571
295 2.23659
296 2.24773
297 2.25043
298 2.25722
299 2.26875
300 2.27057
301 2.27649
302 2.27937
303 2.28242
304 2.28741
305 2.29207
306 2.32557
307 2.32732
308 2.33126
309 2.33541
310 2.34138
311 2.37176
312 2.38151
313 2.38737
314 2.40569
315 2.42406
316 2.43334
317 2.43915
318 2.45946
319 2.46391
320 2.4682
321 2.48732
322 2.49623
323 2.50639
324 2.51651
325 2.52166
326 2.53242
327 2.54206
328 2.54928
329 2.57286
330 2.57662
331 2.57958
332 2.5856
333 2.58989
334 2.59597
335 2.62335
336 2.63225
337 2.63665
338 2.65053
339 2.65418
340 2.67858
341 2.69162
342 2.69452
343 2.69553
344 2.70031
345 2.70896
346 2.71562
347 2.72341
348 2.72735
349 2.73639
350 2.73853
351 2.74582
352 2.75151
353 2.77205
354 2.77741
355 2.78019
356 2.78431
357 2.78628
358 2.78971
359 2.79394
360 2.82281
361 2.82382
362 2.83986
363 2.84179
364 2.85137
365 2.87129
366 2.87485
367 2.89656
368 2.90376
369 2.90627
370 2.94135
371 2.94772
372 2.95137
373 2.95749
374 2.95972
375 2.96474
376 2.97061
377 2.97371
378 2.97671
379 2.98284
380 2.98453
