1 0.00112
2 0.00469
3 0.00699
4 0.01682
5 0.01972
6 0.02335
7 0.03283
8 0.04623
9 0.04947
10 0.05208
11 0.06218
12 0.0654
13 0.06936
14 0.07432
15 0.07981
16 0.08689
17 0.09054
18 0.09628
19 0.11259
20 0.11716
21 0.13658
22 0.14001
23 0.15766
24 0.15923
25 0.17068
26 0.17403
27 0.17725
28 0.17978
29 0.1861
30 0.20455
31 0.20936
32 0.2147
33 0.22774
34 0.23984
35 0.24212
36 0.25175
37 0.27013
38 0.27854
39 0.28613
40 0.28953
41 0.2962
42 0.2985
43 0.30326
44 0.31106
45 0.31509
46 0.31817
47 0.32715
48 0.33438
49 0.34023
50 0.3433
51 0.36069
52 0.3652
53 0.37424
54 0.38319
55 0.38917
56 0.39448
57 0.39808
58 0.40191
59 0.41024
60 0.41148
61 0.41478
62 0.41931
63 0.42048
64 0.4284
65 0.43137
66 0.43494
67 0.44752
68 0.45612
69 0.46324
70 0.46616
71 0.48382
72 0.48682
73 0.49113
74 0.49729
75 0.50267
76 0.50694
77 0.52148
78 0.52523
79 0.53221
80 0.53979
81 0.54587
82 0.55474
83 0.56383
84 0.57648
85 0.58134
86 0.58335
87 0.58514
88 0.58751
89 0.58898
90 0.59095
91 0.59431
92 0.61197
93 0.61351
94 0.61556
95 0.63669
96 0.64031
97 0.65853
98 0.66064
99 0.66876
100 0.67013
101 0.67284
102 0.68708
103 0.70295
104 0.70627
105 0.72418
106 0.73824
107 0.74192
108 0.7439
109 0.74706
110 0.75207
111 0.75343
112 0.76199
113 0.76722
114 0.77121
115 0.78367
116 0.78916
117 0.79034
118 0.79266
119 0.80521
120 0.80762
121 0.80978
122 0.81147
123 0.81666
124 0.82101
125 0.83254
126 0.83909
127 0.84457
128 0.85803
129 0.86302
130 0.8691
131 0.87317
132 0.88268
133 0.88759
134 0.89103
135 0.90845
136 0.91044
137 0.91792
138 0.92408
139 0.92818
140 0.93076
141 0.9337
142 0.93707
143 0.9536
144 0.97415
145 0.97727
146 0.98118
147 0.98388
148 0.99098
149 0.99628
150 1.01827
151 1.01947
152 1.03552
153 1.03713
154 1.04143
155 1.04474
156 1.05516
157 1.0666
158 1.07774
159 1.08191
160 1.09043
161 1.10077
162 1.11642
163 1.12377
164 1.1333
165 1.14241
166 1.15942
167 1.1632
168 1.16993
169 1.17113
170 1.17583
171 1.17911
172 1.185
173 1.20109
174 1.23988
175 1.24319
176 1.2456
177 1.26583
178 1.28161
179 1.29322
180 1.29473
181 1.30213
182 1.30404
183 1.31083
184 1.31365
185 1.32892
186 1.3385
187 1.34461
188 1.35165
189 1.35651
190 1.35993
191 1.36639
192 1.37075
193 1.38318
194 1.38874
195 1.39566
196 1.41429
197 1.41945
198 1.42561
199 1.43827
200 1.45548
201 1.46639
202 1.47901
203 1.48654
204 1.49084
205 1.49676
206 1.52243
207 1.53765
208 1.53942
209 1.54557
210 1.55178
211 1.55391
212 1.5601
213 1.56382
214 1.58422
215 1.58629
216 1.59318
217 1.61442
218 1.63748
219 1.64254
220 1.64569
221 1.66113
222 1.66495
223 1.66696
224 1.66938
225 1.67669
226 1.67879
227 1.68273
228 1.68901
229 1.69768
230 1.70151
231 1.70457
232 1.71387
233 1.72297
234 1.73965
235 1.74193
236 1.74652
237 1.76032
238 1.76903
239 1.77292
240 1.78799
241 1.79056
242 1.79586
243 1.80008
244 1.80133
245 1.80504
246 1.81395
247 1.81943
248 1.83348
249 1.84186
250 1.84539
251 1.85475
252 1.86214
253 1.86447
254 1.86982
255 1.88297
256 1.88459
257 1.88888
258 1.89375
259 1.91201
260 1.91623
261 1.92015
262 1.93349
263 1.94852
264 1.95039
265 1.95164
266 1.97043
267 1.99216
268 1.99327
269 1.9995
270 2.00794
271 2.01566
272 2.0221
273 2.02827
274 2.03397
275 2.03682
276 2.04328
277 2.046
278 2.05497
279 2.06376
280 2.07787
281 2.07948
282 2.08911
283 2.09525
284 2.09879
285 2.10797
286 2.12639
287 2.13554
288 2.13751
289 2.13869
290 2.14809
291 2.16335
292 2.16554
293 2.1716
294 2.17649
295 2.19985
296 2.20244
297 2.20437
298 2.20988
299 2.22216
300 2.23075
301 2.23849
302 2.24156
303 2.24282
304 2.24865
305 2.25166
306 2.2539
307 2.26472
308 2.27046
309 2.27378
310 2.28873
311 2.29289
312 2.30031
313 2.30364
314 2.30968
315 2.31158
316 2.31503
317 2.32799
318 2.33051
319 2.33953
320 2.34478
321 2.35804
322 2.36633
323 2.38352
324 2.38562
325 2.39015
326 2.3954
327 2.40569
328 2.40861
329 2.412
330 2.41354
331 2.41509
332 2.42083
333 2.42362
334 2.43031
335 2.44147
336 2.45017
337 2.45377
338 2.45561
339 2.45999
340 2.46873
341 2.47733
342 2.49339
343 2.49652
344 2.50355
345 2.53225
346 2.54869
347 2.55492
348 2.55979
349 2.564
350 2.58315
351 2.58477
352 2.58689
353 2.59263
354 2.59523
355 2.60351
356 2.6095
357 2.61059
358 2.61575
359 2.62493
360 2.64127
361 2.64345
362 2.65259
363 2.6648
364 2.66734
365 2.67226
366 2.67666
367 2.68083
368 2.68763
369 2.69748
370 2.7412
371 2.74349
372 2.75071
373 2.75511
374 2.77155
375 2.78365
376 2.79006
377 2.79282
378 2.80464
379 2.81383
380 2.82112
381 2.82496
382 2.83039
383 2.83332
384 2.84157
385 2.84954
386 2.86227
387 2.87143
388 2.88121
389 2.88389
390 2.88705
391 2.88948
392 2.91142
393 2.91514
394 2.91636
395 2.91974
396 2.92622
397 2.92946
398 2.95153
399 2.95493
400 2.95839
401 2.97226
402 2.98212
403 2.98895
404 2.9915
405 2.9946
406 2.99736
407 2.99849
