1 0.00248
2 0.01364
3 0.02427
4 0.03116
5 0.04282
6 0.05485
7 0.05903
8 0.06135
9 0.06857
10 0.07162
11 0.07719
12 0.07976
13 0.08322
14 0.09055
15 0.09541
16 0.09785
17 0.09874
18 0.10577
19 0.115
20 0.1171
21 0.12125
22 0.1259
23 0.13026
24 0.13588
25 0.14214
26 0.15105
27 0.15218
28 0.15456
29 0.15737
30 0.1592
31 0.1687
32 0.17253
33 0.17545
34 0.17801
35 0.18737
36 0.19553
37 0.20126
38 0.20312
39 0.20441
40 0.20589
41 0.2077
42 0.21685
43 0.21859
44 0.24244
45 0.24547
46 0.24683
47 0.26334
48 0.26573
49 0.26859
50 0.27562
51 0.27999
52 0.28441
53 0.28816
54 0.29477
55 0.29778
56 0.29893
57 0.30638
58 0.30899
59 0.31296
60 0.31599
61 0.31741
62 0.32202
63 0.3268
64 0.33512
65 0.34581
66 0.35302
67 0.35555
68 0.35757
69 0.36822
70 0.37894
71 0.38345
72 0.38723
73 0.39828
74 0.40346
75 0.4092
76 0.41382
77 0.41505
78 0.41716
79 0.42507
80 0.43317
81 0.43512
82 0.44471
83 0.45197
84 0.45399
85 0.46752
86 0.48571
87 0.48851
88 0.49679
89 0.51378
90 0.51503
91 0.53744
92 0.54672
93 0.55255
94 0.55503
95 0.56789
96 0.59142
97 0.59771
98 0.60071
99 0.60268
100 0.60653
101 0.61613
102 0.63819
103 0.65585
104 0.66582
105 0.66918
106 0.67425
107 0.67604
108 0.68249
109 0.69308
110 0.6974
111 0.70374
112 0.70568
113 0.71019
114 0.71816
115 0.73507
116 0.74308
117 0.74773
118 0.74989
119 0.7631
120 0.77101
121 0.7749
122 0.78693
123 0.79625
124 0.79865
125 0.80501
126 0.81445
127 0.82013
128 0.82174
129 0.82918
130 0.83135
131 0.83492
132 0.8429
133 0.85053
134 0.85402
135 0.85879
136 0.86366
137 0.87028
138 0.89732
139 0.90028
140 0.90632
141 0.90913
142 0.91565
143 0.92135
144 0.92798
145 0.93175
146 0.93358
147 0.94653
148 0.95246
149 0.95557
150 0.96875
151 0.98784
152 0.99287
153 0.99834
154 1.01261
155 1.01621
156 1.02648
157 1.04143
158 1.05343
159 1.05934
160 1.0684
161 1.07076
162 1.07915
163 1.0812
164 1.08553
165 1.08961
166 1.0973
167 1.10049
168 1.10668
169 1.10898
170 1.11444
171 1.11658
172 1.11907
173 1.13494
174 1.1447
175 1.15342
176 1.16287
177 1.1719
178 1.17582
179 1.18181
180 1.19127
181 1.19545
182 1.20529
183 1.21762
184 1.22699
185 1.23928
186 1.25446
187 1.26813
188 1.26977
189 1.27208
190 1.27757
191 1.28675
192 1.29201
193 1.30798
194 1.31967
195 1.32716
196 1.33488
197 1.34627
198 1.34723
199 1.35309
200 1.35949
201 1.36498
202 1.37413
203 1.38136
204 1.38424
205 1.39059
206 1.40105
207 1.41064
208 1.41941
209 1.42856
210 1.43081
211 1.44561
212 1.44764
213 1.45725
214 1.46182
215 1.46363
216 1.46605
217 1.47275
218 1.48702
219 1.49134
220 1.49364
221 1.51959
222 1.52591
223 1.53331
224 1.53631
225 1.547
226 1.55116
227 1.56912
228 1.57299
229 1.5756
230 1.58203
231 1.58679
232 1.59146
233 1.60293
234 1.60545
235 1.60887
236 1.61026
237 1.61878
238 1.64973
239 1.65279
240 1.65462
241 1.66254
242 1.66564
243 1.6827
244 1.70088
245 1.70989
246 1.71597
247 1.71772
248 1.72484
249 1.72848
250 1.73794
251 1.74181
252 1.75052
253 1.7654
254 1.7771
255 1.78435
256 1.8026
257 1.8067
258 1.81144
259 1.82123
260 1.82588
261 1.83005
262 1.84574
263 1.84843
264 1.85098
265 1.8531
266 1.85765
267 1.86211
268 1.86626
269 1.8722
270 1.8768
271 1.88539
272 1.89883
273 1.90169
274 1.90345
275 1.90724
276 1.92049
277 1.92813
278 1.93012
279 1.93209
280 1.94537
281 1.95747
282 1.96678
283 1.96884
284 1.9763
285 1.97793
286 1.98621
287 1.99098
288 1.99317
289 1.99475
290 1.99924
291 2.00077
292 2.00999
293 2.01831
294 2.02323
295 2.0325
296 2.03754
297 2.05004
298 2.05286
299 2.05625
300 2.0673
301 2.07161
302 2.07465
303 2.07866
304 2.08099
305 2.08843
306 2.09528
307 2.10267
308 2.10574
309 2.12236
310 2.12431
311 2.12769
312 2.13146
313 2.14534
314 2.14802
315 2.15049
316 2.15458
317 2.15749
318 2.16188
319 2.16606
320 2.1971
321 2.20185
322 2.20659
323 2.21989
324 2.22542
325 2.23698
326 2.24187
327 2.24554
328 2.26542
329 2.27362
330 2.27957
331 2.29275
332 2.30714
333 2.30986
334 2.32018
335 2.32273
336 2.32525
337 2.32663
338 2.32878
339 2.33147
340 2.334
341 2.35408
342 2.35872
343 2.36267
344 2.36857
345 2.38308
346 2.39613
347 2.40174
348 2.40372
349 2.40562
350 2.42587
351 2.4288
352 2.43272
353 2.44445
354 2.44673
355 2.45256
356 2.46273
357 2.48668
358 2.49148
359 2.49405
360 2.49808
361 2.49985
362 2.50231
363 2.5205
364 2.52678
365 2.53075
366 2.53893
367 2.55275
368 2.55504
369 2.55841
370 2.57179
371 2.57528
372 2.57865
373 2.58803
374 2.594
375 2.59943
376 2.60699
377 2.60991
378 2.62089
379 2.63164
380 2.63534
381 2.64025
382 2.64855
383 2.64977
384 2.65304
385 2.66364
386 2.66739
387 2.67603
388 2.68165
389 2.68254
390 2.70587
391 2.71103
392 2.72296
393 2.77009
394 2.77683
395 2.78521
396 2.7965
397 2.80124
398 2.80412
399 2.82276
400 2.82438
401 2.82685
402 2.82934
403 2.83159
404 2.83873
405 2.84173
406 2.8461
407 2.85338
408 2.86052
409 2.86315
410 2.87093
411 2.88045
412 2.90623
413 2.91535
414 2.9182
415 2.92317
416 2.92829
417 2.93354
418 2.9509
419 2.95532
420 2.96491
421 2.96813
422 2.97414
423 2.99288
