1 0.00798
2 0.02021
3 0.02425
4 0.02609
5 0.04077
6 0.04442
7 0.04639
8 0.05051
9 0.05826
10 0.07227
11 0.07966
12 0.08129
13 0.08481
14 0.0905
15 0.09299
16 0.0952
17 0.104
18 0.10797
19 0.12162
20 0.13449
21 0.1505
22 0.15644
23 0.16671
24 0.17134
25 0.18539
26 0.19193
27 0.19437
28 0.19661
29 0.20095
30 0.20219
31 0.21999
32 0.22501
33 0.24346
34 0.24818
35 0.25277
36 0.26337
37 0.26881
38 0.27091
39 0.27453
40 0.27749
41 0.28167
42 0.28341
43 0.29177
44 0.30808
45 0.31384
46 0.32732
47 0.33033
48 0.33255
49 0.3407
50 0.34449
51 0.3571
52 0.36435
53 0.38095
54 0.39558
55 0.39973
56 0.41328
57 0.41781
58 0.42564
59 0.4401
60 0.44304
61 0.44618
62 0.45013
63 0.47312
64 0.4803
65 0.48597
66 0.49946
67 0.51397
68 0.52268
69 0.53873
70 0.54909
71 0.56634
72 0.57594
73 0.58474
74 0.58756
75 0.59162
76 0.59578
77 0.60527
78 0.63922
79 0.64287
80 0.65163
81 0.66575
82 0.67018
83 0.68941
84 0.71225
85 0.71962
86 0.73454
87 0.74205
88 0.74925
89 0.77261
90 0.78303
91 0.78619
92 0.8001
93 0.80732
94 0.81859
95 0.82403
96 0.82718
97 0.84684
98 0.85154
99 0.86141
100 0.86389
101 0.86945
102 0.87723
103 0.88404
104 0.88815
105 0.89301
106 0.89949
107 0.9093
108 0.92206
109 0.92807
110 0.93924
111 0.94313
112 0.94574
113 0.94738
114 0.95583
115 0.96731
116 0.97074
117 0.975
118 0.98241
119 0.99034
120 1.00351
121 1.00669
122 1.01146
123 1.02126
124 1.02558
125 1.02841
126 1.03013
127 1.03809
128 1.05079
129 1.05942
130 1.07732
131 1.0852
132 1.09123
133 1.09706
134 1.10225
135 1.10435
136 1.10934
137 1.11542
138 1.11881
139 1.13749
140 1.13845
141 1.15369
142 1.15782
143 1.18163
144 1.18786
145 1.19392
146 1.19661
147 1.2011
148 1.20548
149 1.21051
150 1.21507
151 1.21968
152 1.22993
153 1.25377
154 1.26463
155 1.26637
156 1.27215
157 1.27384
158 1.27608
159 1.28401
160 1.29853
161 1.31569
162 1.34316
163 1.34554
164 1.35494
165 1.36699
166 1.37243
167 1.37747
168 1.38042
169 1.38923
170 1.39445
171 1.40862
172 1.41106
173 1.41691
174 1.42622
175 1.4381
176 1.45505
177 1.47257
178 1.47969
179 1.50451
180 1.51926
181 1.52657
182 1.53704
183 1.53853
184 1.55049
185 1.55616
186 1.57035
187 1.57239
188 1.57864
189 1.58731
190 1.59795
191 1.60217
192 1.60598
193 1.63294
194 1.63892
195 1.64621
196 1.64893
197 1.66033
198 1.67417
199 1.6815
200 1.68748
201 1.70411
202 1.71294
203 1.73119
204 1.75205
205 1.75974
206 1.76366
207 1.76626
208 1.76854
209 1.77866
210 1.78028
211 1.78921
212 1.79415
213 1.80766
214 1.82347
215 1.8497
216 1.85247
217 1.86379
218 1.87245
219 1.88707
220 1.90428
221 1.9063
222 1.91431
223 1.92891
224 1.9455
225 1.96739
226 1.99119
227 2.00071
228 2.02974
229 2.03211
230 2.03661
231 2.04704
232 2.06569
233 2.07396
234 2.07921
235 2.0856
236 2.09291
237 2.09925
238 2.10028
239 2.12452
240 2.14473
241 2.16375
242 2.16638
243 2.17894
244 2.18533
245 2.18737
246 2.19335
247 2.20195
248 2.20973
249 2.21615
250 2.22658
251 2.23522
252 2.24572
253 2.25797
254 2.26019
255 2.26359
256 2.26974
257 2.29625
258 2.30232
259 2.31288
260 2.3512
261 2.35809
262 2.35945
263 2.36524
264 2.37222
265 2.3821
266 2.43117
267 2.43491
268 2.44792
269 2.45143
270 2.4614
271 2.46786
272 2.47454
273 2.49028
274 2.49491
275 2.49898
276 2.50816
277 2.52809
278 2.54483
279 2.55596
280 2.56468
281 2.57158
282 2.57997
283 2.59387
284 2.59638
285 2.60335
286 2.60946
287 2.64231
288 2.64674
289 2.64884
290 2.65289
291 2.66007
292 2.67029
293 2.6846
294 2.69437
295 2.71063
296 2.72635
297 2.72978
298 2.7394
299 2.74109
300 2.74797
301 2.75082
302 2.75187
303 2.75899
304 2.76454
305 2.77629
306 2.78148
307 2.78686
308 2.78871
309 2.79063
310 2.80045
311 2.81487
312 2.82256
313 2.85073
314 2.85956
315 2.86305
316 2.873
317 2.87983
318 2.89162
319 2.89834
320 2.9087
321 2.92422
322 2.94111
323 2.95076
324 2.95794
325 2.96308
326 2.97589
327 2.97775
328 2.98031
329 2.99729
