1 0.00228
2 0.01583
3 0.01982
4 0.02134
5 0.02797
6 0.03755
7 0.04011
8 0.04659
9 0.06109
10 0.06197
11 0.06473
12 0.0717
13 0.07657
14 0.08266
15 0.08561
16 0.09879
17 0.10078
18 0.10345
19 0.12127
20 0.12397
21 0.12592
22 0.13127
23 0.1327
24 0.14015
25 0.14394
26 0.15111
27 0.15657
28 0.16748
29 0.18157
30 0.19213
31 0.19742
32 0.20259
33 0.21429
34 0.22031
35 0.22281
36 0.22594
37 0.23039
38 0.23426
39 0.25053
40 0.26766
41 0.27239
42 0.27614
43 0.27815
44 0.28166
45 0.29672
46 0.30656
47 0.31036
48 0.318
49 0.32175
50 0.32916
51 0.33298
52 0.34591
53 0.34754
54 0.34951
55 0.35621
56 0.35838
57 0.37834
58 0.38437
59 0.39254
60 0.39649
61 0.40221
62 0.42708
63 0.43142
64 0.44422
65 0.4471
66 0.45562
67 0.45961
68 0.46235
69 0.47181
70 0.47993
71 0.48297
72 0.49046
73 0.49845
74 0.50233
75 0.50879
76 0.53157
77 0.53598
78 0.53928
79 0.54357
80 0.56501
81 0.57661
82 0.58516
83 0.59748
84 0.60333
85 0.60727
86 0.62071
87 0.62891
88 0.63188
89 0.63568
90 0.64471
91 0.64793
92 0.65018
93 0.66752
94 0.67804
95 0.6921
96 0.69472
97 0.70094
98 0.70688
99 0.70941
100 0.71474
101 0.73411
102 0.74274
103 0.74636
104 0.76323
105 0.76594
106 0.77214
107 0.77389
108 0.78006
109 0.79272
110 0.79509
111 0.81008
112 0.81524
113 0.81879
114 0.82223
115 0.82588
116 0.84525
117 0.85041
118 0.86308
119 0.87318
120 0.89716
121 0.92685
122 0.93303
123 0.94282
124 0.94721
125 0.95175
126 0.96031
127 0.96615
128 0.97717
129 0.98904
130 0.99336
131 1.00077
132 1.00944
133 1.01768
134 1.02689
135 1.03177
136 1.04311
137 1.05834
138 1.06898
139 1.0714
140 1.08286
141 1.09544
142 1.10092
143 1.1061
144 1.1212
145 1.12304
146 1.12998
147 1.13541
148 1.14375
149 1.15269
150 1.16469
151 1.17325
152 1.18199
153 1.1874
154 1.1905
155 1.19166
156 1.19717
157 1.20129
158 1.21632
159 1.22292
160 1.22427
161 1.23137
162 1.2355
163 1.23898
164 1.24694
165 1.25001
166 1.25426
167 1.26664
168 1.27649
169 1.29178
170 1.3067
171 1.30767
172 1.30907
173 1.32168
174 1.32927
175 1.33893
176 1.35072
177 1.35585
178 1.36901
179 1.38766
180 1.39381
181 1.39801
182 1.42534
183 1.43378
184 1.437
185 1.43954
186 1.44902
187 1.45237
188 1.46231
189 1.46865
190 1.4756
191 1.4822
192 1.49076
193 1.49879
194 1.51167
195 1.51785
196 1.51997
197 1.52198
198 1.52536
199 1.52758
200 1.53024
201 1.54102
202 1.56236
203 1.56816
204 1.57133
205 1.57217
206 1.57823
207 1.58111
208 1.59537
209 1.60105
210 1.60646
211 1.60775
212 1.6225
213 1.62537
214 1.63127
215 1.63348
216 1.63644
217 1.63968
218 1.65462
219 1.66873
220 1.67884
221 1.68798
222 1.70029
223 1.70759
224 1.71498
225 1.71719
226 1.72307
227 1.73096
228 1.73746
229 1.73916
230 1.74112
231 1.74976
232 1.75795
233 1.76125
234 1.76832
235 1.78097
236 1.78517
237 1.79159
238 1.81224
239 1.81828
240 1.82916
241 1.84868
242 1.85721
243 1.87434
244 1.87864
245 1.89224
246 1.91827
247 1.92059
248 1.93888
249 1.94352
250 1.96239
251 1.97398
252 1.98169
253 1.99345
254 2.00254
255 2.0143
256 2.01594
257 2.02471
258 2.02666
259 2.03094
260 2.04097
261 2.04712
262 2.05618
263 2.06194
264 2.06973
265 2.08028
266 2.09835
267 2.10623
268 2.11027
269 2.12214
270 2.12487
271 2.13277
272 2.14089
273 2.14742
274 2.16075
275 2.16793
276 2.17682
277 2.18452
278 2.1874
279 2.19377
280 2.22331
281 2.23493
282 2.23982
283 2.2421
284 2.24865
285 2.26795
286 2.26873
287 2.27334
288 2.27767
289 2.27936
290 2.28266
291 2.28752
292 2.30803
293 2.31478
294 2.31781
295 2.32552
296 2.33082
297 2.33416
298 2.35285
299 2.35466
300 2.35588
301 2.3709
302 2.37571
303 2.37795
304 2.38415
305 2.38712
306 2.38836
307 2.39823
308 2.4224
309 2.42437
310 2.43219
311 2.43788
312 2.44767
313 2.44919
314 2.4594
315 2.46266
316 2.4745
317 2.4785
318 2.48304
319 2.48741
320 2.48885
321 2.49342
322 2.49511
323 2.50243
324 2.5165
325 2.52063
326 2.52261
327 2.53127
328 2.54525
329 2.55736
330 2.55865
331 2.56626
332 2.59697
333 2.61378
334 2.61867
335 2.6209
336 2.62696
337 2.62841
338 2.64003
339 2.64392
340 2.6533
341 2.66907
342 2.67428
343 2.67649
344 2.68165
345 2.68445
346 2.68979
347 2.69508
348 2.70328
349 2.7067
350 2.71522
351 2.71833
352 2.7396
353 2.75341
354 2.77836
355 2.78012
356 2.79941
357 2.80926
358 2.81491
359 2.82855
360 2.85198
361 2.86278
362 2.87252
363 2.88404
364 2.89661
365 2.89821
366 2.91312
367 2.92009
368 2.92505
369 2.9307
370 2.95549
371 2.97751
372 2.9906
373 2.9987
