1 0.01111
2 0.0162
3 0.02348
4 0.02569
5 0.03046
6 0.03869
7 0.04103
8 0.04607
9 0.06487
10 0.07061
11 0.08281
12 0.08711
13 0.09428
14 0.10158
15 0.10896
16 0.13205
17 0.13474
18 0.1501
19 0.1548
20 0.1634
21 0.17665
22 0.1802
23 0.2075
24 0.21624
25 0.22371
26 0.22504
27 0.22993
28 0.23944
29 0.24549
30 0.26036
31 0.27239
32 0.28832
33 0.29629
34 0.31005
35 0.32839
36 0.33268
37 0.34499
38 0.35193
39 0.35582
40 0.35724
41 0.3669
42 0.3718
43 0.37504
44 0.38058
45 0.38278
46 0.38894
47 0.39843
48 0.41095
49 0.43765
50 0.44671
51 0.4621
52 0.47074
53 0.4811
54 0.52502
55 0.53686
56 0.54048
57 0.57015
58 0.57393
59 0.58214
60 0.59072
61 0.59407
62 0.60899
63 0.615
64 0.64111
65 0.65902
66 0.66684
67 0.67029
68 0.67861
69 0.68983
70 0.70196
71 0.707
72 0.7177
73 0.73104
74 0.73722
75 0.73874
76 0.74958
77 0.75116
78 0.75281
79 0.77594
80 0.7944
81 0.8034
82 0.82414
83 0.84783
84 0.85481
85 0.86071
86 0.87688
87 0.87933
88 0.90927
89 0.93501
90 0.93906
91 0.94064
92 0.96485
93 0.96832
94 0.97194
95 0.99296
96 0.994
97 1.00045
98 1.02164
99 1.02601
100 1.04427
101 1.05125
102 1.07324
103 1.07478
104 1.08682
105 1.09028
106 1.09882
107 1.1106
108 1.12502
109 1.13073
110 1.14414
111 1.14996
112 1.15269
113 1.15993
114 1.16402
115 1.16805
116 1.17254
117 1.19533
118 1.19654
119 1.20885
120 1.21377
121 1.21704
122 1.23093
123 1.23661
124 1.24902
125 1.25612
126 1.26306
127 1.26692
128 1.28219
129 1.28387
130 1.3036
131 1.30839
132 1.3157
133 1.32574
134 1.33373
135 1.34304
136 1.34633
137 1.35938
138 1.36694
139 1.37886
140 1.39411
141 1.40706
142 1.41638
143 1.43877
144 1.45061
145 1.45947
146 1.47904
147 1.48051
148 1.48321
149 1.4954
150 1.5035
151 1.51033
152 1.52228
153 1.5502
154 1.58248
155 1.59327
156 1.60932
157 1.62097
158 1.65356
159 1.65667
160 1.66739
161 1.67333
162 1.67621
163 1.68698
164 1.69215
165 1.69785
166 1.71384
167 1.72249
168 1.73404
169 1.74532
170 1.74901
171 1.75392
172 1.75968
173 1.76463
174 1.76771
175 1.77169
176 1.78091
177 1.79473
178 1.79634
179 1.81343
180 1.82281
181 1.83695
182 1.85104
183 1.85752
184 1.86309
185 1.89439
186 1.90795
187 1.92553
188 1.92733
189 1.94496
190 1.95022
191 1.96455
192 1.98136
193 1.98605
194 1.99016
195 1.99201
196 2.01571
197 2.0246
198 2.03068
199 2.03458
200 2.04024
201 2.04666
202 2.05889
203 2.07218
204 2.08008
205 2.08272
206 2.11244
207 2.14461
208 2.15122
209 2.15408
210 2.15649
211 2.17243
212 2.20086
213 2.21328
214 2.21659
215 2.23917
216 2.24471
217 2.26062
218 2.26603
219 2.30112
220 2.30443
221 2.30872
222 2.31454
223 2.32463
224 2.32907
225 2.33394
226 2.34522
227 2.34678
228 2.35245
229 2.35593
230 2.36119
231 2.37658
232 2.41122
233 2.4231
234 2.425
235 2.42822
236 2.44716
237 2.45541
238 2.47117
239 2.48477
240 2.49438
241 2.49792
242 2.50591
243 2.52249
244 2.54258
245 2.5446
246 2.55173
247 2.56422
248 2.57241
249 2.5825
250 2.58659
251 2.59864
252 2.60392
253 2.60623
254 2.62054
255 2.63867
256 2.64621
257 2.65255
258 2.67526
259 2.68434
260 2.69204
261 2.69566
262 2.69716
263 2.70284
264 2.70446
265 2.71813
266 2.72353
267 2.7345
268 2.74946
269 2.75231
270 2.76894
271 2.77637
272 2.7965
273 2.81104
274 2.83107
275 2.8384
276 2.84183
277 2.84394
278 2.84586
279 2.85878
280 2.87655
281 2.88052
282 2.88704
283 2.89126
284 2.89962
285 2.90709
286 2.9123
287 2.91366
288 2.95435
289 2.97733
290 2.97971
291 2.98244
292 2.99058
