1 0.00146
2 0.00296
3 0.00606
4 0.00849
5 0.01461
6 0.03317
7 0.04068
8 0.04539
9 0.05307
10 0.05958
11 0.06145
12 0.0681
13 0.07019
14 0.07572
15 0.07854
16 0.09051
17 0.09647
18 0.09952
19 0.10201
20 0.1043
21 0.1136
22 0.11725
23 0.12767
24 0.13362
25 0.13602
26 0.13737
27 0.14623
28 0.15791
29 0.15998
30 0.16153
31 0.16764
32 0.17161
33 0.17673
34 0.19304
35 0.19658
36 0.19909
37 0.2023
38 0.20596
39 0.20803
40 0.21148
41 0.21315
42 0.23643
43 0.25223
44 0.25462
45 0.25844
46 0.2664
47 0.26973
48 0.27086
49 0.28429
50 0.30653
51 0.31935
52 0.32721
53 0.32955
54 0.33234
55 0.33585
56 0.34265
57 0.34737
58 0.35507
59 0.3595
60 0.36332
61 0.36544
62 0.36681
63 0.38112
64 0.38517
65 0.40179
66 0.40724
67 0.4142
68 0.42038
69 0.42696
70 0.43725
71 0.44303
72 0.44922
73 0.45142
74 0.4549
75 0.46081
76 0.46689
77 0.47396
78 0.47667
79 0.49618
80 0.52011
81 0.54623
82 0.55411
83 0.55799
84 0.56351
85 0.56582
86 0.57031
87 0.57441
88 0.58269
89 0.5888
90 0.60376
91 0.60855
92 0.6213
93 0.63228
94 0.65582
95 0.65892
96 0.65986
97 0.66244
98 0.67023
99 0.67278
100 0.67464
101 0.68749
102 0.68857
103 0.69359
104 0.69765
105 0.69853
106 0.70177
107 0.70527
108 0.70778
109 0.71449
110 0.72232
111 0.72818
112 0.73188
113 0.73601
114 0.73976
115 0.74405
116 0.7509
117 0.75517
118 0.75736
119 0.76262
120 0.77121
121 0.81021
122 0.8184
123 0.82379
124 0.8388
125 0.85545
126 0.86186
127 0.86336
128 0.86519
129 0.86759
130 0.8726
131 0.87641
132 0.87924
133 0.89338
134 0.90832
135 0.91751
136 0.9244
137 0.9269
138 0.94172
139 0.95561
140 0.96464
141 0.96962
142 0.99635
143 1.00431
144 1.01386
145 1.01629
146 1.02512
147 1.04848
148 1.05195
149 1.05372
150 1.05616
151 1.05946
152 1.07124
153 1.09231
154 1.10043
155 1.10841
156 1.11044
157 1.11962
158 1.12234
159 1.13002
160 1.13417
161 1.15617
162 1.15973
163 1.17026
164 1.17953
165 1.1857
166 1.19304
167 1.19747
168 1.20027
169 1.20442
170 1.20723
171 1.21204
172 1.21698
173 1.23236
174 1.2468
175 1.2534
176 1.25468
177 1.27136
178 1.28537
179 1.30103
180 1.31198
181 1.31399
182 1.32048
183 1.33228
184 1.34228
185 1.3438
186 1.34896
187 1.3551
188 1.35834
189 1.36614
190 1.36787
191 1.3722
192 1.37729
193 1.38433
194 1.39375
195 1.40418
196 1.41321
197 1.41464
198 1.41884
199 1.4221
200 1.42862
201 1.43052
202 1.43348
203 1.43511
204 1.44821
205 1.45213
206 1.45808
207 1.49205
208 1.49326
209 1.49814
210 1.50045
211 1.50289
212 1.50844
213 1.55792
214 1.55998
215 1.57151
216 1.58321
217 1.59011
218 1.60095
219 1.61513
220 1.62312
221 1.62446
222 1.62578
223 1.6293
224 1.65389
225 1.65744
226 1.66001
227 1.66244
228 1.67836
229 1.68068
230 1.69535
231 1.70381
232 1.70915
233 1.7123
234 1.71767
235 1.73285
236 1.74175
237 1.74741
238 1.75388
239 1.75906
240 1.76038
241 1.76438
242 1.79864
243 1.80392
244 1.80925
245 1.81253
246 1.81836
247 1.8225
248 1.82377
249 1.82672
250 1.84165
251 1.85397
252 1.85706
253 1.86414
254 1.86934
255 1.8746
256 1.88198
257 1.88706
258 1.89476
259 1.89789
260 1.90205
261 1.91116
262 1.91921
263 1.93161
264 1.93619
265 1.94355
266 1.95705
267 1.97596
268 1.99353
269 2.00122
270 2.00533
271 2.01257
272 2.02047
273 2.02323
274 2.04809
275 2.05742
276 2.06275
277 2.06679
278 2.07737
279 2.08556
280 2.10259
281 2.10592
282 2.10906
283 2.1129
284 2.12098
285 2.12888
286 2.13421
287 2.1374
288 2.15105
289 2.15821
290 2.15954
291 2.16232
292 2.17422
293 2.17672
294 2.18173
295 2.1892
296 2.19973
297 2.20175
298 2.21123
299 2.2181
300 2.23939
301 2.24775
302 2.25253
303 2.25894
304 2.26109
305 2.27266
306 2.29991
307 2.30845
308 2.31155
309 2.31513
310 2.31945
311 2.32544
312 2.33273
313 2.33514
314 2.3369
315 2.34387
316 2.35457
317 2.36348
318 2.36724
319 2.369
320 2.39845
321 2.40851
322 2.41051
323 2.41614
324 2.42719
325 2.43444
326 2.43948
327 2.45145
328 2.46749
329 2.48995
330 2.4912
331 2.49711
332 2.49876
333 2.50446
334 2.51102
335 2.51311
336 2.51614
337 2.52478
338 2.55051
339 2.55942
340 2.56329
341 2.5677
342 2.57076
343 2.57992
344 2.58161
345 2.58393
346 2.58899
347 2.60076
348 2.60303
349 2.60656
350 2.61755
351 2.62567
352 2.63434
353 2.63817
354 2.64151
355 2.65475
356 2.66109
357 2.66467
358 2.67048
359 2.67135
360 2.67378
361 2.67647
362 2.68572
363 2.68885
364 2.69323
365 2.69751
366 2.70428
367 2.72865
368 2.73802
369 2.74685
370 2.75276
371 2.7545
372 2.75831
373 2.77209
374 2.80083
375 2.81241
376 2.81412
377 2.81596
378 2.82152
379 2.82549
380 2.83323
381 2.83739
382 2.83888
383 2.84745
384 2.85096
385 2.85542
386 2.86471
387 2.87099
388 2.87792
389 2.90096
390 2.91186
391 2.91319
392 2.91846
393 2.92264
394 2.93008
395 2.93623
396 2.9454
397 2.94791
398 2.94987
399 2.96006
400 2.96768
401 2.96922
402 2.99679
