1 0.00491
2 0.00932
3 0.01075
4 0.01384
5 0.02036
6 0.0328
7 0.03516
8 0.04403
9 0.04671
10 0.06792
11 0.07782
12 0.083
13 0.09548
14 0.09998
15 0.10401
16 0.13585
17 0.14599
18 0.14786
19 0.15598
20 0.16182
21 0.16401
22 0.17162
23 0.18116
24 0.19028
25 0.19765
26 0.20077
27 0.22199
28 0.22369
29 0.23507
30 0.25781
31 0.26206
32 0.26626
33 0.27243
34 0.27394
35 0.28158
36 0.28348
37 0.29228
38 0.31287
39 0.31421
40 0.32401
41 0.32944
42 0.33665
43 0.35144
44 0.35522
45 0.35729
46 0.36175
47 0.37852
48 0.38715
49 0.3977
50 0.40797
51 0.41083
52 0.41883
53 0.43236
54 0.43559
55 0.44084
56 0.45541
57 0.4618
58 0.47571
59 0.49224
60 0.50521
61 0.50803
62 0.51323
63 0.517
64 0.52622
65 0.5424
66 0.56021
67 0.56159
68 0.56719
69 0.57847
70 0.58452
71 0.58818
72 0.59885
73 0.60896
74 0.61245
75 0.63147
76 0.64053
77 0.64371
78 0.65072
79 0.65368
80 0.65545
81 0.66254
82 0.67073
83 0.68218
84 0.69158
85 0.70361
86 0.70901
87 0.73376
88 0.74511
89 0.75752
90 0.76083
91 0.76535
92 0.77766
93 0.7879
94 0.80157
95 0.8186
96 0.8221
97 0.83053
98 0.84462
99 0.85052
100 0.85509
101 0.87096
102 0.89179
103 0.89263
104 0.90178
105 0.90698
106 0.90964
107 0.91946
108 0.92662
109 0.92975
110 0.93447
111 0.95013
112 0.96473
113 0.96878
114 0.97302
115 0.9959
116 0.99888
117 1.01407
118 1.01731
119 1.02894
120 1.0336
121 1.05819
122 1.07836
123 1.08346
124 1.09659
125 1.10722
126 1.11203
127 1.11733
128 1.14078
129 1.14653
130 1.15652
131 1.17221
132 1.18138
133 1.19521
134 1.19995
135 1.20719
136 1.22415
137 1.2407
138 1.24862
139 1.25858
140 1.2643
141 1.26694
142 1.27047
143 1.28125
144 1.30993
145 1.31492
146 1.32084
147 1.32853
148 1.33661
149 1.34317
150 1.34863
151 1.35938
152 1.36146
153 1.36375
154 1.37617
155 1.39159
156 1.40065
157 1.40202
158 1.41011
159 1.42521
160 1.43894
161 1.44144
162 1.45406
163 1.46535
164 1.48118
165 1.48948
166 1.49776
167 1.51142
168 1.52248
169 1.52712
170 1.53367
171 1.5372
172 1.54282
173 1.55909
174 1.56389
175 1.56694
176 1.57405
177 1.58181
178 1.58749
179 1.59549
180 1.61148
181 1.62003
182 1.62826
183 1.63752
184 1.63923
185 1.64343
186 1.64924
187 1.65578
188 1.66649
189 1.67693
190 1.68272
191 1.69013
192 1.70038
193 1.71343
194 1.71862
195 1.72377
196 1.72787
197 1.75115
198 1.7554
199 1.75768
200 1.76636
201 1.76977
202 1.77349
203 1.77595
204 1.78044
205 1.81448
206 1.82485
207 1.84256
208 1.84528
209 1.85338
210 1.85989
211 1.88171
212 1.88739
213 1.88881
214 1.90844
215 1.90987
216 1.93608
217 1.94126
218 1.94558
219 1.94953
220 1.95393
221 1.96266
222 1.97137
223 2.01734
224 2.0217
225 2.02697
226 2.03048
227 2.04101
228 2.0587
229 2.06199
230 2.06862
231 2.07164
232 2.07576
233 2.08369
234 2.09222
235 2.09446
236 2.1094
237 2.13283
238 2.14502
239 2.15144
240 2.15778
241 2.16593
242 2.17674
243 2.1911
244 2.19753
245 2.20708
246 2.21277
247 2.2234
248 2.2316
249 2.24284
250 2.26092
251 2.26779
252 2.26934
253 2.27229
254 2.29061
255 2.31523
256 2.3234
257 2.32929
258 2.34832
259 2.35423
260 2.35763
261 2.36347
262 2.37276
263 2.39303
264 2.39552
265 2.40243
266 2.40941
267 2.41516
268 2.42968
269 2.4448
270 2.45271
271 2.45826
272 2.46358
273 2.49425
274 2.51602
275 2.51942
276 2.52695
277 2.53279
278 2.54451
279 2.55569
280 2.56253
281 2.5642
282 2.57051
283 2.57292
284 2.59765
285 2.61482
286 2.62349
287 2.64005
288 2.64548
289 2.64813
290 2.65708
291 2.66475
292 2.68225
293 2.69955
294 2.73018
295 2.73618
296 2.74996
297 2.7604
298 2.78052
299 2.79281
300 2.80171
301 2.80426
302 2.8201
303 2.8328
304 2.84432
305 2.84713
306 2.8567
307 2.8634
308 2.8688
309 2.87813
310 2.89546
311 2.90385
312 2.90998
313 2.91532
314 2.93548
315 2.93798
316 2.94357
317 2.95536
318 2.96044
319 2.97482
320 2.98948
