1 0.00516
2 0.0133
3 0.03085
4 0.035
5 0.0371
6 0.04047
7 0.04259
8 0.04806
9 0.05116
10 0.05569
11 0.05943
12 0.06328
13 0.07046
14 0.07853
15 0.08244
16 0.08863
17 0.09142
18 0.09568
19 0.10908
20 0.11048
21 0.12146
22 0.12918
23 0.13136
24 0.14498
25 0.14756
26 0.1584
27 0.18157
28 0.18292
29 0.18495
30 0.1873
31 0.19336
32 0.20282
33 0.22392
34 0.2263
35 0.23424
36 0.2362
37 0.24989
38 0.25333
39 0.2596
40 0.2655
41 0.26762
42 0.28333
43 0.29439
44 0.30081
45 0.3044
46 0.3055
47 0.30799
48 0.31118
49 0.31766
50 0.32055
51 0.32872
52 0.33258
53 0.33878
54 0.34878
55 0.35504
56 0.35834
57 0.36033
58 0.36341
59 0.36467
60 0.3775
61 0.38635
62 0.39894
63 0.41365
64 0.42356
65 0.42803
66 0.44013
67 0.45776
68 0.47101
69 0.47757
70 0.48221
71 0.4902
72 0.50447
73 0.50672
74 0.51176
75 0.51478
76 0.51864
77 0.52182
78 0.5255
79 0.53062
80 0.53642
81 0.53784
82 0.54099
83 0.54827
84 0.55352
85 0.5558
86 0.56607
87 0.57173
88 0.59402
89 0.60087
90 0.61606
91 0.61733
92 0.62726
93 0.6341
94 0.65153
95 0.65703
96 0.66019
97 0.66378
98 0.67566
99 0.6802
100 0.68256
101 0.68774
102 0.69042
103 0.69978
104 0.70225
105 0.70634
106 0.7135
107 0.71804
108 0.72097
109 0.72336
110 0.72894
111 0.7399
112 0.74416
113 0.76531
114 0.76747
115 0.77324
116 0.78081
117 0.79533
118 0.79752
119 0.80087
120 0.80353
121 0.80776
122 0.81037
123 0.82363
124 0.83527
125 0.84099
126 0.85597
127 0.86061
128 0.86529
129 0.87901
130 0.88425
131 0.88781
132 0.89848
133 0.90444
134 0.91628
135 0.92953
136 0.93877
137 0.9408
138 0.94567
139 0.95146
140 0.96176
141 0.96686
142 0.97014
143 0.98058
144 1.01269
145 1.02035
146 1.02381
147 1.02835
148 1.03768
149 1.04309
150 1.04896
151 1.05259
152 1.05622
153 1.06921
154 1.0728
155 1.0864
156 1.10055
157 1.1064
158 1.10768
159 1.11967
160 1.12744
161 1.15145
162 1.15823
163 1.1623
164 1.17814
165 1.18438
166 1.19382
167 1.21642
168 1.21899
169 1.22138
170 1.23277
171 1.23689
172 1.23799
173 1.25387
174 1.26352
175 1.26978
176 1.27446
177 1.27569
178 1.29123
179 1.29285
180 1.30364
181 1.30874
182 1.3178
183 1.32195
184 1.32646
185 1.33041
186 1.34013
187 1.35707
188 1.36152
189 1.36497
190 1.381
191 1.38679
192 1.38801
193 1.39851
194 1.4017
195 1.40448
196 1.41253
197 1.41628
198 1.41928
199 1.42285
200 1.42636
201 1.42832
202 1.4312
203 1.44709
204 1.45162
205 1.46159
206 1.4684
207 1.47721
208 1.48484
209 1.49257
210 1.50938
211 1.52673
212 1.52923
213 1.54255
214 1.54895
215 1.57721
216 1.5848
217 1.59183
218 1.60708
219 1.62712
220 1.63649
221 1.65438
222 1.65764
223 1.66383
224 1.67121
225 1.67843
226 1.69162
227 1.69348
228 1.69596
229 1.70153
230 1.71754
231 1.72336
232 1.72745
233 1.73641
234 1.74618
235 1.75137
236 1.77064
237 1.77293
238 1.77512
239 1.78816
240 1.79367
241 1.79907
242 1.80393
243 1.80553
244 1.81806
245 1.83162
246 1.83718
247 1.84044
248 1.84655
249 1.86237
250 1.87552
251 1.87806
252 1.88114
253 1.88812
254 1.89404
255 1.89877
256 1.92062
257 1.92829
258 1.93982
259 1.94505
260 1.95527
261 1.96677
262 1.98638
263 2.0064
264 2.00918
265 2.02716
266 2.02923
267 2.03584
268 2.05102
269 2.05989
270 2.06973
271 2.07682
272 2.08546
273 2.09328
274 2.10803
275 2.11789
276 2.12618
277 2.13758
278 2.14773
279 2.15393
280 2.15671
281 2.15853
282 2.16326
283 2.17347
284 2.17938
285 2.18641
286 2.19015
287 2.19176
288 2.21313
289 2.22034
290 2.23934
291 2.24817
292 2.27459
293 2.27977
294 2.29283
295 2.2991
296 2.30441
297 2.30628
298 2.31091
299 2.31847
300 2.32997
301 2.33621
302 2.34253
303 2.34784
304 2.3509
305 2.35525
306 2.37283
307 2.37766
308 2.39222
309 2.39824
310 2.40889
311 2.41789
312 2.4304
313 2.43163
314 2.44649
315 2.45171
316 2.45953
317 2.46949
318 2.47129
319 2.49036
320 2.49564
321 2.50802
322 2.51074
323 2.51718
324 2.5225
325 2.53918
326 2.54267
327 2.55264
328 2.55492
329 2.56548
330 2.57047
331 2.58407
332 2.58939
333 2.60384
334 2.62039
335 2.6351
336 2.64623
337 2.65237
338 2.65982
339 2.66172
340 2.66593
341 2.67265
342 2.68085
343 2.68306
344 2.68616
345 2.69791
346 2.71081
347 2.72596
348 2.72813
349 2.73623
350 2.74062
351 2.74376
352 2.74969
353 2.76856
354 2.77326
355 2.7796
356 2.78131
357 2.78636
358 2.78827
359 2.79721
360 2.80389
361 2.80982
362 2.81333
363 2.81443
364 2.81911
365 2.82703
366 2.83415
367 2.83899
368 2.84386
369 2.85674
370 2.86202
371 2.86531
372 2.86672
373 2.86859
374 2.86974
375 2.87487
376 2.8824
377 2.88519
378 2.88908
379 2.90787
380 2.92247
381 2.92758
382 2.93758
383 2.96778
384 2.97414
385 2.97492
386 2.97859
387 2.98899
388 2.99497
389 2.99675
