1 0.00237
2 0.00494
3 0.00623
4 0.02088
5 0.02525
6 0.0297
7 0.03945
8 0.04788
9 0.05416
10 0.07044
11 0.08367
12 0.09168
13 0.09854
14 0.10658
15 0.11464
16 0.13523
17 0.13676
18 0.14502
19 0.16004
20 0.17338
21 0.18049
22 0.19049
23 0.19166
24 0.20196
25 0.21994
26 0.22241
27 0.24058
28 0.26311
29 0.27065
30 0.28212
31 0.28689
32 0.30885
33 0.31731
34 0.32955
35 0.33451
36 0.3395
37 0.342
38 0.34986
39 0.35262
40 0.38566
41 0.39803
42 0.40308
43 0.4087
44 0.412
45 0.41929
46 0.42155
47 0.42556
48 0.4266
49 0.43312
50 0.45074
51 0.45794
52 0.4673
53 0.46996
54 0.4764
55 0.48425
56 0.48554
57 0.49135
58 0.49354
59 0.50894
60 0.51149
61 0.51673
62 0.52183
63 0.52533
64 0.54532
65 0.5481
66 0.56841
67 0.59558
68 0.59921
69 0.6212
70 0.62453
71 0.62776
72 0.63481
73 0.63638
74 0.65313
75 0.67035
76 0.6894
77 0.70374
78 0.72149
79 0.73551
80 0.75108
81 0.75674
82 0.76436
83 0.77869
84 0.79964
85 0.80218
86 0.81257
87 0.83362
88 0.8413
89 0.85521
90 0.85681
91 0.85862
92 0.86829
93 0.87416
94 0.88347
95 0.89261
96 0.89853
97 0.90202
98 0.90615
99 0.90979
100 0.92413
101 0.92652
102 0.9276
103 0.93317
104 0.94329
105 0.94927
106 0.95631
107 0.96658
108 0.97271
109 0.97907
110 0.99147
111 0.99487
112 1.00701
113 1.00983
114 1.0246
115 1.0346
116 1.04005
117 1.04216
118 1.04737
119 1.05851
120 1.0633
121 1.06569
122 1.07168
123 1.08193
124 1.09016
125 1.09955
126 1.1092
127 1.11193
128 1.11552
129 1.11994
130 1.12183
131 1.12885
132 1.1386
133 1.14946
134 1.15166
135 1.15684
136 1.1707
137 1.17312
138 1.20014
139 1.20587
140 1.21624
141 1.21905
142 1.23309
143 1.23781
144 1.24905
145 1.26164
146 1.2867
147 1.28929
148 1.29809
149 1.3073
150 1.33192
151 1.33453
152 1.34955
153 1.35465
154 1.3678
155 1.37473
156 1.38553
157 1.39825
158 1.41467
159 1.41977
160 1.42944
161 1.45814
162 1.4619
163 1.46879
164 1.47523
165 1.47792
166 1.48136
167 1.48612
168 1.49179
169 1.50096
170 1.51008
171 1.51521
172 1.52015
173 1.52167
174 1.52626
175 1.52964
176 1.53595
177 1.54012
178 1.55685
179 1.56618
180 1.57285
181 1.57886
182 1.59183
183 1.59733
184 1.60053
185 1.60571
186 1.60991
187 1.63415
188 1.63888
189 1.6432
190 1.64806
191 1.64963
192 1.65467
193 1.66698
194 1.67017
195 1.67428
196 1.69068
197 1.70246
198 1.70655
199 1.7171
200 1.73232
201 1.74806
202 1.76556
203 1.76687
204 1.79213
205 1.79413
206 1.80318
207 1.81182
208 1.81644
209 1.82611
210 1.83172
211 1.84132
212 1.84401
213 1.86859
214 1.8748
215 1.87878
216 1.88852
217 1.89243
218 1.8954
219 1.9174
220 1.92068
221 1.92807
222 1.93784
223 1.95552
224 1.95942
225 1.96504
226 1.96751
227 1.97571
228 1.98223
229 1.9841
230 1.98502
231 2.00601
232 2.01141
233 2.04548
234 2.08624
235 2.09048
236 2.09473
237 2.10625
238 2.11354
239 2.11966
240 2.12754
241 2.13224
242 2.14022
243 2.14942
244 2.15685
245 2.15996
246 2.16706
247 2.18167
248 2.18375
249 2.18897
250 2.20637
251 2.22532
252 2.23398
253 2.23573
254 2.23907
255 2.257
256 2.26398
257 2.27652
258 2.27814
259 2.28756
260 2.29666
261 2.3222
262 2.33237
263 2.34139
264 2.35438
265 2.3623
266 2.36876
267 2.37455
268 2.37984
269 2.38319
270 2.3927
271 2.39803
272 2.40384
273 2.41584
274 2.42795
275 2.42991
276 2.43346
277 2.43529
278 2.45101
279 2.45279
280 2.45596
281 2.45837
282 2.4678
283 2.48451
284 2.4911
285 2.50031
286 2.52377
287 2.53716
288 2.54091
289 2.55759
290 2.56096
291 2.57166
292 2.57912
293 2.5838
294 2.59643
295 2.61136
296 2.61309
297 2.62364
298 2.64382
299 2.64805
300 2.65273
301 2.67082
302 2.67359
303 2.68086
304 2.69932
305 2.70643
306 2.71446
307 2.72853
308 2.73196
309 2.76827
310 2.78442
311 2.79628
312 2.82186
313 2.82982
314 2.84028
315 2.84214
316 2.84705
317 2.85445
318 2.86223
319 2.88052
320 2.88643
321 2.89148
322 2.90152
323 2.90393
324 2.91538
325 2.92777
326 2.9342
327 2.94398
328 2.957
329 2.96348
330 2.97982
