1 0.01039
2 0.01801
3 0.02479
4 0.02884
5 0.03035
6 0.04412
7 0.04931
8 0.05429
9 0.05556
10 0.0576
11 0.06176
12 0.06634
13 0.06767
14 0.07114
15 0.07219
16 0.07982
17 0.08288
18 0.10206
19 0.10314
20 0.10991
21 0.11359
22 0.11615
23 0.12023
24 0.12565
25 0.13097
26 0.13325
27 0.13505
28 0.14224
29 0.14996
30 0.15632
31 0.15895
32 0.16714
33 0.17239
34 0.175
35 0.18308
36 0.1856
37 0.18937
38 0.19246
39 0.19498
40 0.19828
41 0.20602
42 0.21687
43 0.21967
44 0.22208
45 0.23291
46 0.23777
47 0.24678
48 0.26286
49 0.26535
50 0.28201
51 0.28519
52 0.28696
53 0.29243
54 0.296
55 0.30146
56 0.30284
57 0.30397
58 0.30927
59 0.31583
60 0.33016
61 0.33318
62 0.3354
63 0.34241
64 0.35113
65 0.3562
66 0.36965
67 0.37285
68 0.37859
69 0.39586
70 0.41309
71 0.41595
72 0.42407
73 0.42592
74 0.43308
75 0.43487
76 0.44411
77 0.44502
78 0.44893
79 0.4543
80 0.45717
81 0.45963
82 0.46519
83 0.46733
84 0.47166
85 0.4792
86 0.48635
87 0.4979
88 0.52904
89 0.53524
90 0.5393
91 0.54782
92 0.55346
93 0.55826
94 0.56417
95 0.57729
96 0.57978
97 0.58828
98 0.60516
99 0.61054
100 0.61452
101 0.6235
102 0.62875
103 0.63116
104 0.63416
105 0.63663
106 0.64138
107 0.65145
108 0.65508
109 0.65917
110 0.66908
111 0.68334
112 0.68576
113 0.69445
114 0.69577
115 0.70559
116 0.71144
117 0.71452
118 0.71699
119 0.72662
120 0.73138
121 0.73454
122 0.75511
123 0.75872
124 0.77684
125 0.77976
126 0.78185
127 0.79115
128 0.80188
129 0.80914
130 0.81086
131 0.81464
132 0.8206
133 0.83619
134 0.84891
135 0.85558
136 0.86674
137 0.86978
138 0.87618
139 0.88542
140 0.891
141 0.90337
142 0.90678
143 0.91455
144 0.92348
145 0.92763
146 0.93243
147 0.93564
148 0.94076
149 0.94768
150 0.95275
151 0.95997
152 0.96613
153 0.98182
154 1.00755
155 1.01372
156 1.01603
157 1.03319
158 1.0448
159 1.05108
160 1.05485
161 1.06948
162 1.07764
163 1.09862
164 1.10237
165 1.11069
166 1.11637
167 1.12292
168 1.12873
169 1.14047
170 1.15489
171 1.15842
172 1.16494
173 1.17326
174 1.17478
175 1.17899
176 1.18653
177 1.19371
178 1.20066
179 1.20202
180 1.21379
181 1.22621
182 1.23369
183 1.23978
184 1.24501
185 1.25193
186 1.25544
187 1.25822
188 1.28017
189 1.30157
190 1.30295
191 1.31362
192 1.317
193 1.31797
194 1.32451
195 1.3274
196 1.32981
197 1.34625
198 1.35842
199 1.36888
200 1.37832
201 1.38154
202 1.38302
203 1.38481
204 1.40134
205 1.40895
206 1.42015
207 1.4335
208 1.43749
209 1.44165
210 1.44828
211 1.45322
212 1.4574
213 1.4612
214 1.46219
215 1.46639
216 1.47503
217 1.4793
218 1.48951
219 1.50145
220 1.51215
221 1.5327
222 1.54019
223 1.54436
224 1.54896
225 1.55247
226 1.55367
227 1.5554
228 1.55956
229 1.57234
230 1.57694
231 1.60607
232 1.6079
233 1.618
234 1.62227
235 1.62503
236 1.64085
237 1.64532
238 1.6544
239 1.65775
240 1.66329
241 1.66582
242 1.67072
243 1.67321
244 1.67814
245 1.68468
246 1.69212
247 1.70387
248 1.70866
249 1.71257
250 1.72016
251 1.73041
252 1.73945
253 1.74749
254 1.74906
255 1.76077
256 1.77191
257 1.77519
258 1.77837
259 1.78976
260 1.79054
261 1.79955
262 1.8096
263 1.81615
264 1.82066
265 1.82576
266 1.83646
267 1.84144
268 1.86225
269 1.86692
270 1.87371
271 1.87579
272 1.8835
273 1.8855
274 1.8927
275 1.90328
276 1.91089
277 1.92439
278 1.92968
279 1.93596
280 1.9407
281 1.9481
282 1.96086
283 1.96667
284 1.9696
285 1.97766
286 1.98439
287 1.99228
288 1.99606
289 2.0288
290 2.03566
291 2.0434
292 2.06054
293 2.07265
294 2.08176
295 2.10273
296 2.10628
297 2.10987
298 2.11503
299 2.13264
300 2.13693
301 2.15666
302 2.16365
303 2.16911
304 2.17228
305 2.18014
306 2.189
307 2.19589
308 2.19851
309 2.21064
310 2.21209
311 2.22208
312 2.22563
313 2.2313
314 2.23346
315 2.28329
316 2.28514
317 2.29227
318 2.29798
319 2.30332
320 2.31198
321 2.31879
322 2.32112
323 2.33073
324 2.34313
325 2.35311
326 2.37076
327 2.37955
328 2.38544
329 2.38714
330 2.40576
331 2.40984
332 2.41167
333 2.42121
334 2.4301
335 2.43581
336 2.4486
337 2.45472
338 2.46232
339 2.47575
340 2.48128
341 2.48332
342 2.49109
343 2.50155
344 2.52125
345 2.52926
346 2.53159
347 2.53705
348 2.5409
349 2.54624
350 2.55327
351 2.56339
352 2.56877
353 2.57536
354 2.59189
355 2.61004
356 2.61672
357 2.62411
358 2.63658
359 2.64619
360 2.65035
361 2.65638
362 2.66464
363 2.66849
364 2.67191
365 2.67572
366 2.67937
367 2.68914
368 2.69618
369 2.69873
370 2.70556
371 2.71017
372 2.71402
373 2.71571
374 2.71782
375 2.7212
376 2.72475
377 2.73239
378 2.73461
379 2.73556
380 2.76408
381 2.77954
382 2.78394
383 2.79997
384 2.81003
385 2.81887
386 2.82043
387 2.83124
388 2.85662
389 2.8666
390 2.87209
391 2.87657
392 2.87963
393 2.88254
394 2.88824
395 2.90242
396 2.918
397 2.92551
398 2.9287
399 2.94418
400 2.94994
401 2.95379
402 2.95771
403 2.9653
404 2.96819
405 2.98778
406 2.98917
