1 0.00593
2 0.01331
3 0.03013
4 0.03346
5 0.03588
6 0.04319
7 0.04838
8 0.05107
9 0.0585
10 0.06597
11 0.06836
12 0.07333
13 0.07867
14 0.08287
15 0.08504
16 0.08811
17 0.11056
18 0.11448
19 0.1167
20 0.13604
21 0.14067
22 0.149
23 0.15342
24 0.1624
25 0.16719
26 0.16885
27 0.17665
28 0.19533
29 0.20101
30 0.22901
31 0.23444
32 0.23919
33 0.26903
34 0.27972
35 0.2875
36 0.29482
37 0.30268
38 0.30559
39 0.30803
40 0.31851
41 0.3237
42 0.32468
43 0.33385
44 0.33655
45 0.34819
46 0.35464
47 0.36288
48 0.36407
49 0.39486
50 0.41268
51 0.41597
52 0.42194
53 0.42559
54 0.43061
55 0.45882
56 0.47247
57 0.47625
58 0.48094
59 0.48677
60 0.49054
61 0.4999
62 0.51274
63 0.51988
64 0.52753
65 0.53567
66 0.54148
67 0.54487
68 0.55589
69 0.56395
70 0.56671
71 0.57071
72 0.57853
73 0.60407
74 0.61287
75 0.63576
76 0.64614
77 0.65048
78 0.65779
79 0.66374
80 0.67712
81 0.70814
82 0.72248
83 0.72626
84 0.7285
85 0.75117
86 0.76112
87 0.76583
88 0.78028
89 0.78778
90 0.79385
91 0.79567
92 0.80649
93 0.81372
94 0.81656
95 0.82627
96 0.82951
97 0.83268
98 0.83594
99 0.84607
100 0.85329
101 0.85712
102 0.87266
103 0.90558
104 0.91668
105 0.91774
106 0.92258
107 0.92686
108 0.949
109 0.9723
110 0.97616
111 0.97994
112 0.99292
113 0.99874
114 1.01408
115 1.01974
116 1.02829
117 1.03894
118 1.04449
119 1.05079
120 1.05384
121 1.05581
122 1.0615
123 1.07382
124 1.07636
125 1.08067
126 1.10752
127 1.11061
128 1.11286
129 1.12268
130 1.15365
131 1.15735
132 1.16334
133 1.1821
134 1.19754
135 1.204
136 1.22186
137 1.22595
138 1.22854
139 1.2348
140 1.24082
141 1.24225
142 1.27028
143 1.27266
144 1.27979
145 1.28995
146 1.29399
147 1.29991
148 1.30347
149 1.30691
150 1.31101
151 1.31648
152 1.32743
153 1.3303
154 1.3407
155 1.35731
156 1.35949
157 1.36389
158 1.37571
159 1.39925
160 1.40231
161 1.41199
162 1.42263
163 1.42551
164 1.42901
165 1.43507
166 1.4727
167 1.48377
168 1.48715
169 1.4896
170 1.49965
171 1.5023
172 1.51676
173 1.51853
174 1.5214
175 1.52261
176 1.52579
177 1.52682
178 1.53116
179 1.54105
180 1.54509
181 1.55118
182 1.55343
183 1.55942
184 1.56306
185 1.57035
186 1.58146
187 1.58785
188 1.59729
189 1.61222
190 1.62761
191 1.63235
192 1.64749
193 1.65219
194 1.65949
195 1.66282
196 1.6686
197 1.67304
198 1.70138
199 1.70595
200 1.72067
201 1.74362
202 1.75912
203 1.76076
204 1.76709
205 1.77677
206 1.7838
207 1.7901
208 1.80155
209 1.80494
210 1.8162
211 1.81784
212 1.82045
213 1.83205
214 1.84039
215 1.84959
216 1.85773
217 1.85868
218 1.86201
219 1.864
220 1.87126
221 1.8841
222 1.88762
223 1.89991
224 1.90421
225 1.91149
226 1.91365
227 1.91679
228 1.92057
229 1.92507
230 1.95204
231 1.97955
232 1.98273
233 1.98504
234 1.98818
235 2.0085
236 2.02078
237 2.0227
238 2.02641
239 2.05499
240 2.06449
241 2.06697
242 2.07862
243 2.08118
244 2.09385
245 2.10333
246 2.1106
247 2.1474
248 2.16042
249 2.16635
250 2.17164
251 2.20408
252 2.22141
253 2.2281
254 2.23538
255 2.24023
256 2.24704
257 2.25176
258 2.26242
259 2.26663
260 2.27318
261 2.28145
262 2.28771
263 2.29014
264 2.31035
265 2.31552
266 2.324
267 2.32505
268 2.32807
269 2.32952
270 2.3343
271 2.34269
272 2.3484
273 2.35409
274 2.3633
275 2.36885
276 2.39633
277 2.4047
278 2.41409
279 2.4223
280 2.42513
281 2.45028
282 2.4777
283 2.47985
284 2.48741
285 2.49536
286 2.50873
287 2.51379
288 2.51983
289 2.52262
290 2.5237
291 2.52663
292 2.53348
293 2.53702
294 2.54868
295 2.55453
296 2.5624
297 2.57296
298 2.57526
299 2.58077
300 2.59923
301 2.60439
302 2.60771
303 2.61121
304 2.62337
305 2.63904
306 2.65367
307 2.66421
308 2.67046
309 2.67204
310 2.67568
311 2.68139
312 2.70747
313 2.71114
314 2.7175
315 2.74101
316 2.75823
317 2.77546
318 2.7853
319 2.78908
320 2.79188
321 2.79461
322 2.79563
323 2.80102
324 2.80646
325 2.80932
326 2.81486
327 2.8214
328 2.82405
329 2.83097
330 2.84602
331 2.8578
332 2.86747
333 2.87409
334 2.88757
335 2.89756
336 2.90568
337 2.90818
338 2.91064
339 2.91221
340 2.91754
341 2.92356
342 2.9265
343 2.93177
344 2.95187
345 2.95464
346 2.98254
347 2.98648
348 2.98853
349 2.99048
