1 0.00169
2 0.00672
3 0.00896
4 0.011
5 0.01383
6 0.01578
7 0.01933
8 0.02284
9 0.03332
10 0.03727
11 0.05673
12 0.05966
13 0.06577
14 0.07277
15 0.07606
16 0.07793
17 0.08505
18 0.10275
19 0.10695
20 0.11938
21 0.12175
22 0.1298
23 0.13217
24 0.13563
25 0.14147
26 0.14825
27 0.15449
28 0.16068
29 0.17078
30 0.17811
31 0.1839
32 0.18878
33 0.19206
34 0.20334
35 0.21033
36 0.21505
37 0.21627
38 0.21784
39 0.22415
40 0.2346
41 0.24983
42 0.25098
43 0.26058
44 0.26908
45 0.27773
46 0.28634
47 0.29298
48 0.319
49 0.3204
50 0.33658
51 0.33752
52 0.34326
53 0.35877
54 0.36294
55 0.37232
56 0.3813
57 0.38252
58 0.39269
59 0.41409
60 0.41774
61 0.42464
62 0.42732
63 0.43179
64 0.43381
65 0.44485
66 0.4482
67 0.45118
68 0.45579
69 0.47023
70 0.47242
71 0.47519
72 0.49321
73 0.49786
74 0.50523
75 0.50685
76 0.50837
77 0.51438
78 0.51903
79 0.53656
80 0.5511
81 0.5687
82 0.57419
83 0.57536
84 0.58572
85 0.58823
86 0.59124
87 0.59873
88 0.60442
89 0.6178
90 0.62394
91 0.62977
92 0.63444
93 0.63663
94 0.64868
95 0.65948
96 0.66232
97 0.66597
98 0.67786
99 0.68099
100 0.69326
101 0.69764
102 0.6994
103 0.70467
104 0.70661
105 0.72197
106 0.72508
107 0.72836
108 0.73569
109 0.73809
110 0.74649
111 0.75178
112 0.75857
113 0.77024
114 0.7733
115 0.77782
116 0.78389
117 0.78649
118 0.79182
119 0.79378
120 0.79706
121 0.79884
122 0.8091
123 0.81781
124 0.82493
125 0.83019
126 0.835
127 0.83808
128 0.84958
129 0.85556
130 0.86303
131 0.87304
132 0.89709
133 0.90045
134 0.90871
135 0.91823
136 0.92753
137 0.9391
138 0.94918
139 0.95452
140 0.95769
141 0.96145
142 0.96874
143 0.97115
144 0.97597
145 0.97813
146 0.98896
147 0.99925
148 1.00329
149 1.01843
150 1.02159
151 1.02995
152 1.03363
153 1.03498
154 1.03771
155 1.04078
156 1.04749
157 1.04919
158 1.06575
159 1.07019
160 1.07585
161 1.07794
162 1.08414
163 1.08995
164 1.09283
165 1.09886
166 1.10193
167 1.10563
168 1.10979
169 1.11769
170 1.12305
171 1.13416
172 1.14192
173 1.15373
174 1.15691
175 1.15916
176 1.16404
177 1.17913
178 1.1929
179 1.21179
180 1.21522
181 1.21806
182 1.2224
183 1.23333
184 1.23825
185 1.24386
186 1.25034
187 1.26873
188 1.27167
189 1.27429
190 1.29311
191 1.29855
192 1.3039
193 1.30893
194 1.31056
195 1.3196
196 1.32546
197 1.33147
198 1.33426
199 1.33862
200 1.34641
201 1.35327
202 1.35965
203 1.39618
204 1.40452
205 1.41061
206 1.41918
207 1.42947
208 1.4394
209 1.44176
210 1.44345
211 1.45598
212 1.45771
213 1.45935
214 1.46598
215 1.47286
216 1.4766
217 1.48412
218 1.48522
219 1.49234
220 1.50002
221 1.51631
222 1.52471
223 1.53173
224 1.53491
225 1.5484
226 1.55028
227 1.55377
228 1.55855
229 1.56245
230 1.56674
231 1.57241
232 1.58158
233 1.5849
234 1.59094
235 1.5994
236 1.60145
237 1.60759
238 1.61546
239 1.62048
240 1.62934
241 1.64907
242 1.65748
243 1.66119
244 1.6696
245 1.67625
246 1.68909
247 1.6946
248 1.70979
249 1.71105
250 1.71486
251 1.72067
252 1.74327
253 1.75378
254 1.76526
255 1.77161
256 1.78398
257 1.78855
258 1.79303
259 1.79696
260 1.80024
261 1.80907
262 1.83365
263 1.83787
264 1.84302
265 1.84618
266 1.85802
267 1.86297
268 1.86703
269 1.87484
270 1.87681
271 1.88418
272 1.88953
273 1.90748
274 1.91312
275 1.92195
276 1.93403
277 1.95001
278 1.95466
279 1.96238
280 1.97082
281 1.97567
282 1.98913
283 1.9908
284 1.99957
285 2.00427
286 2.01877
287 2.01996
288 2.02987
289 2.03464
290 2.04268
291 2.05731
292 2.05971
293 2.06665
294 2.07699
295 2.08591
296 2.10117
297 2.12103
298 2.12988
299 2.13334
300 2.15354
301 2.15956
302 2.1698
303 2.17542
304 2.17665
305 2.17932
306 2.19336
307 2.20033
308 2.20803
309 2.21524
310 2.22626
311 2.22869
312 2.23632
313 2.24386
314 2.25239
315 2.2575
316 2.27007
317 2.27632
318 2.2812
319 2.2846
320 2.29771
321 2.30901
322 2.31641
323 2.33642
324 2.3626
325 2.37061
326 2.37667
327 2.38688
328 2.39516
329 2.4125
330 2.43393
331 2.43862
332 2.44884
333 2.45599
334 2.46133
335 2.46697
336 2.48194
337 2.4914
338 2.49486
339 2.49879
340 2.50147
341 2.50801
342 2.51737
343 2.51945
344 2.52399
345 2.53131
346 2.54009
347 2.54306
348 2.5482
349 2.55152
350 2.56084
351 2.5633
352 2.56758
353 2.57785
354 2.58671
355 2.58938
356 2.59351
357 2.5981
358 2.61158
359 2.61424
360 2.63323
361 2.6371
362 2.64078
363 2.64688
364 2.65182
365 2.65564
366 2.65847
367 2.65989
368 2.66502
369 2.67154
370 2.67478
371 2.68209
372 2.69061
373 2.69602
374 2.70146
375 2.70332
376 2.7141
377 2.72991
378 2.73988
379 2.74411
380 2.74804
381 2.75123
382 2.75526
383 2.76964
384 2.77612
385 2.77982
386 2.80118
387 2.81244
388 2.81641
389 2.82921
390 2.83084
391 2.84584
392 2.85018
393 2.85622
394 2.86269
395 2.86823
396 2.87207
397 2.88452
398 2.88789
399 2.90365
400 2.9094
401 2.91561
402 2.9192
403 2.93064
404 2.9368
405 2.94162
406 2.95369
407 2.95706
408 2.96662
409 2.96931
410 2.9783
411 2.99978
