1 0.01261
2 0.02211
3 0.02435
4 0.03
5 0.03653
6 0.04024
7 0.04993
8 0.06129
9 0.06389
10 0.06794
11 0.07146
12 0.07854
13 0.0844
14 0.09048
15 0.09562
16 0.097
17 0.10922
18 0.11495
19 0.1179
20 0.12429
21 0.12701
22 0.14491
23 0.15114
24 0.15706
25 0.1588
26 0.16146
27 0.16444
28 0.16677
29 0.17439
30 0.19068
31 0.19424
32 0.19606
33 0.20524
34 0.21415
35 0.216
36 0.22158
37 0.23628
38 0.24134
39 0.24411
40 0.25319
41 0.25546
42 0.2619
43 0.26958
44 0.28328
45 0.29339
46 0.29962
47 0.30842
48 0.31221
49 0.32405
50 0.33167
51 0.34046
52 0.35171
53 0.3603
54 0.36903
55 0.37736
56 0.39702
57 0.40701
58 0.41238
59 0.41973
60 0.42923
61 0.43921
62 0.44458
63 0.44902
64 0.45435
65 0.47097
66 0.47808
67 0.48625
68 0.49325
69 0.49863
70 0.5076
71 0.51851
72 0.53139
73 0.54397
74 0.54858
75 0.55016
76 0.55182
77 0.5548
78 0.56766
79 0.57927
80 0.58263
81 0.5907
82 0.59597
83 0.61058
84 0.61321
85 0.61854
86 0.62252
87 0.63286
88 0.64224
89 0.64856
90 0.66445
91 0.67513
92 0.67813
93 0.68807
94 0.70878
95 0.71897
96 0.72444
97 0.73212
98 0.74104
99 0.74991
100 0.75288
101 0.77238
102 0.78262
103 0.78928
104 0.79296
105 0.79984
106 0.80495
107 0.81053
108 0.82394
109 0.8372
110 0.84534
111 0.8502
112 0.8572
113 0.86101
114 0.86654
115 0.86892
116 0.87535
117 0.87857
118 0.88182
119 0.88628
120 0.89487
121 0.9043
122 0.90886
123 0.91547
124 0.92332
125 0.93736
126 0.93872
127 0.94414
128 0.95303
129 0.96739
130 0.96838
131 0.97445
132 0.98579
133 0.99256
134 0.99753
135 0.99986
136 1.00873
137 1.02199
138 1.0248
139 1.02686
140 1.03946
141 1.04441
142 1.04744
143 1.04937
144 1.05636
145 1.07317
146 1.07889
147 1.0837
148 1.10623
149 1.12101
150 1.13226
151 1.14183
152 1.16354
153 1.17481
154 1.18437
155 1.19238
156 1.1965
157 1.20146
158 1.21783
159 1.22229
160 1.23253
161 1.2375
162 1.24793
163 1.25386
164 1.25833
165 1.26379
166 1.26801
167 1.27426
168 1.28031
169 1.28417
170 1.28565
171 1.28896
172 1.29199
173 1.29949
174 1.30357
175 1.30697
176 1.32073
177 1.32775
178 1.33586
179 1.34087
180 1.35213
181 1.35962
182 1.36411
183 1.37831
184 1.38456
185 1.38649
186 1.40119
187 1.40545
188 1.41456
189 1.41869
190 1.42527
191 1.43724
192 1.444
193 1.44798
194 1.45383
195 1.47732
196 1.47902
197 1.49807
198 1.50065
199 1.50892
200 1.51738
201 1.52405
202 1.53001
203 1.53528
204 1.53732
205 1.53964
206 1.54324
207 1.54489
208 1.55048
209 1.56105
210 1.5705
211 1.5798
212 1.58807
213 1.59509
214 1.59831
215 1.60144
216 1.60753
217 1.60874
218 1.61953
219 1.6263
220 1.63006
221 1.63323
222 1.64064
223 1.64279
224 1.65411
225 1.65795
226 1.66038
227 1.66316
228 1.67424
229 1.68318
230 1.69541
231 1.70088
232 1.70703
233 1.71261
234 1.71727
235 1.7262
236 1.73143
237 1.73266
238 1.73439
239 1.74338
240 1.75514
241 1.76568
242 1.76901
243 1.77334
244 1.7899
245 1.79649
246 1.82222
247 1.83651
248 1.85409
249 1.85802
250 1.8667
251 1.87092
252 1.87229
253 1.89219
254 1.89582
255 1.89895
256 1.90757
257 1.92204
258 1.92807
259 1.93007
260 1.93552
261 1.94995
262 1.96271
263 1.9667
264 1.96916
265 1.97234
266 1.99567
267 1.99793
268 2.00466
269 2.00915
270 2.01365
271 2.0185
272 2.03446
273 2.04436
274 2.05009
275 2.064
276 2.08242
277 2.10487
278 2.11289
279 2.12049
280 2.12235
281 2.12541
282 2.13081
283 2.13361
284 2.13999
285 2.14317
286 2.15254
287 2.16111
288 2.165
289 2.17298
290 2.17723
291 2.18372
292 2.18923
293 2.19552
294 2.19895
295 2.20142
296 2.21379
297 2.2199
298 2.22351
299 2.23119
300 2.23557
301 2.24777
302 2.2511
303 2.26079
304 2.26833
305 2.27565
306 2.28188
307 2.28905
308 2.30408
309 2.30747
310 2.32086
311 2.32661
312 2.34103
313 2.35186
314 2.35813
315 2.36443
316 2.37467
317 2.37652
318 2.38748
319 2.39196
320 2.3936
321 2.39537
322 2.40469
323 2.41032
324 2.41397
325 2.42544
326 2.43286
327 2.44258
328 2.45012
329 2.45346
330 2.47672
331 2.49067
332 2.52173
333 2.52862
334 2.53445
335 2.55388
336 2.56716
337 2.5706
338 2.57509
339 2.57852
340 2.58896
341 2.59252
342 2.59805
343 2.6161
344 2.62321
345 2.62563
346 2.62729
347 2.64886
348 2.65519
349 2.65783
350 2.67636
351 2.68852
352 2.69735
353 2.70301
354 2.71039
355 2.71303
356 2.71407
357 2.71612
358 2.72134
359 2.73383
360 2.74949
361 2.75689
362 2.75989
363 2.76721
364 2.77595
365 2.78546
366 2.78748
367 2.79699
368 2.79869
369 2.8057
370 2.81052
371 2.82082
372 2.84479
373 2.84938
374 2.87463
375 2.8908
376 2.90364
377 2.91277
378 2.91838
379 2.92922
380 2.9344
381 2.95701
382 2.95791
383 2.97776
384 2.98136
385 2.99276
386 2.99946
