1 0.00227
2 0.00771
3 0.01839
4 0.02271
5 0.02426
6 0.03198
7 0.03433
8 0.04011
9 0.04299
10 0.04605
11 0.05227
12 0.05416
13 0.05719
14 0.06351
15 0.06676
16 0.07881
17 0.08726
18 0.08882
19 0.09543
20 0.09847
21 0.10652
22 0.1121
23 0.11611
24 0.11839
25 0.13293
26 0.1368
27 0.14019
28 0.14183
29 0.1497
30 0.15676
31 0.15889
32 0.16128
33 0.16353
34 0.16669
35 0.17005
36 0.17547
37 0.18047
38 0.18929
39 0.19343
40 0.20084
41 0.20222
42 0.20748
43 0.21915
44 0.22575
45 0.23782
46 0.2426
47 0.24729
48 0.25
49 0.2655
50 0.27274
51 0.27649
52 0.27974
53 0.28184
54 0.28458
55 0.28644
56 0.28852
57 0.30424
58 0.31239
59 0.3152
60 0.32388
61 0.32727
62 0.3362
63 0.34097
64 0.34865
65 0.36547
66 0.36812
67 0.39327
68 0.4063
69 0.41873
70 0.42464
71 0.4292
72 0.4316
73 0.43611
74 0.44189
75 0.44483
76 0.4473
77 0.45012
78 0.45213
79 0.46174
80 0.46776
81 0.48421
82 0.48687
83 0.50059
84 0.51406
85 0.51702
86 0.51927
87 0.52608
88 0.52948
89 0.53095
90 0.53619
91 0.5479
92 0.55804
93 0.56889
94 0.57016
95 0.58023
96 0.58458
97 0.5863
98 0.5895
99 0.59744
100 0.60566
101 0.6082
102 0.61405
103 0.61592
104 0.63305
105 0.64748
106 0.65471
107 0.65706
108 0.66527
109 0.67341
110 0.68698
111 0.69652
112 0.69817
113 0.70804
114 0.71115
115 0.71664
116 0.72724
117 0.72913
118 0.74393
119 0.74753
120 0.76624
121 0.77148
122 0.77669
123 0.7781
124 0.7881
125 0.78971
126 0.79417
127 0.79933
128 0.81845
129 0.82217
130 0.82496
131 0.83181
132 0.83685
133 0.84165
134 0.84526
135 0.84733
136 0.85989
137 0.86699
138 0.88437
139 0.88917
140 0.89223
141 0.90502
142 0.9073
143 0.91116
144 0.91393
145 0.93688
146 0.94117
147 0.9447
148 0.94884
149 0.95081
150 0.95521
151 0.96679
152 0.97281
153 0.99147
154 1.00551
155 1.01564
156 1.01697
157 1.01855
158 1.02281
159 1.02917
160 1.03574
161 1.04463
162 1.04994
163 1.0578
164 1.05983
165 1.06216
166 1.06331
167 1.07326
168 1.08636
169 1.08878
170 1.0961
171 1.09849
172 1.11154
173 1.11554
174 1.14104
175 1.15471
176 1.1576
177 1.16295
178 1.16913
179 1.17341
180 1.17506
181 1.18527
182 1.19264
183 1.19756
184 1.20213
185 1.21087
186 1.21508
187 1.22477
188 1.23994
189 1.24282
190 1.25002
191 1.25469
192 1.26629
193 1.26866
194 1.28429
195 1.28624
196 1.29666
197 1.30102
198 1.30386
199 1.30911
200 1.31418
201 1.32542
202 1.33414
203 1.33932
204 1.34035
205 1.35115
206 1.36809
207 1.38653
208 1.39495
209 1.40992
210 1.41623
211 1.42031
212 1.42601
213 1.4322
214 1.43631
215 1.4437
216 1.45142
217 1.45444
218 1.46871
219 1.47215
220 1.48533
221 1.49253
222 1.49674
223 1.51272
224 1.522
225 1.52538
226 1.53618
227 1.54199
228 1.55913
229 1.56207
230 1.56484
231 1.56837
232 1.57958
233 1.5827
234 1.58478
235 1.59163
236 1.59437
237 1.61748
238 1.63543
239 1.64006
240 1.65106
241 1.65852
242 1.66587
243 1.67457
244 1.67764
245 1.68721
246 1.69994
247 1.70366
248 1.71476
249 1.71886
250 1.72788
251 1.73473
252 1.73647
253 1.74197
254 1.7448
255 1.74599
256 1.77193
257 1.775
258 1.78042
259 1.7912
260 1.79984
261 1.81551
262 1.82536
263 1.83483
264 1.83976
265 1.86231
266 1.86538
267 1.88844
268 1.90327
269 1.90818
270 1.91205
271 1.92551
272 1.9289
273 1.93563
274 1.94407
275 1.94614
276 1.95318
277 1.95631
278 1.9604
279 1.96448
280 1.9695
281 1.97235
282 1.97461
283 1.9866
284 1.99258
285 2.01143
286 2.01579
287 2.02788
288 2.04173
289 2.04423
290 2.06392
291 2.06909
292 2.08283
293 2.08493
294 2.08856
295 2.09417
296 2.10277
297 2.10714
298 2.13051
299 2.14005
300 2.14242
301 2.15253
302 2.1594
303 2.16439
304 2.17303
305 2.17604
306 2.18966
307 2.20229
308 2.21442
309 2.22458
310 2.23791
311 2.24357
312 2.24565
313 2.249
314 2.26507
315 2.2718
316 2.27634
317 2.28056
318 2.28844
319 2.29352
320 2.29628
321 2.30828
322 2.31653
323 2.31801
324 2.33231
325 2.34738
326 2.35638
327 2.36214
328 2.37844
329 2.38258
330 2.38595
331 2.38979
332 2.4083
333 2.42161
334 2.43001
335 2.43691
336 2.4386
337 2.44024
338 2.44485
339 2.44953
340 2.45397
341 2.46043
342 2.46787
343 2.48555
344 2.49281
345 2.49657
346 2.49824
347 2.51344
348 2.51586
349 2.52152
350 2.52723
351 2.53196
352 2.5359
353 2.54454
354 2.55509
355 2.55767
356 2.56754
357 2.57209
358 2.57391
359 2.59035
360 2.60008
361 2.60203
362 2.6141
363 2.61755
364 2.63583
365 2.63922
366 2.65506
367 2.65847
368 2.6661
369 2.67302
370 2.67931
371 2.68508
372 2.68695
373 2.68957
374 2.69179
375 2.69816
376 2.70685
377 2.71893
378 2.72429
379 2.74169
380 2.74507
381 2.75336
382 2.75931
383 2.76899
384 2.77249
385 2.78085
386 2.78877
387 2.79379
388 2.79958
389 2.80267
390 2.80879
391 2.81095
392 2.81458
393 2.82116
394 2.82974
395 2.8384
396 2.84144
397 2.84639
398 2.86517
399 2.87395
400 2.88752
401 2.89118
402 2.9046
403 2.90887
404 2.91021
405 2.91646
406 2.92878
407 2.93084
408 2.94123
409 2.9436
410 2.96132
411 2.96948
412 2.98632
413 2.99072
414 2.99216
415 2.9994
