1 0.00244
2 0.00431
3 0.00593
4 0.0231
5 0.02812
6 0.03065
7 0.03255
8 0.03939
9 0.04055
10 0.04334
11 0.06916
12 0.08288
13 0.08883
14 0.09209
15 0.09562
16 0.10529
17 0.11119
18 0.11263
19 0.13439
20 0.14329
21 0.1477
22 0.16129
23 0.1742
24 0.18127
25 0.18534
26 0.18793
27 0.20085
28 0.20411
29 0.20699
30 0.21937
31 0.22265
32 0.23411
33 0.23812
34 0.24739
35 0.25059
36 0.26192
37 0.2658
38 0.27941
39 0.28508
40 0.29022
41 0.29643
42 0.3133
43 0.32715
44 0.33169
45 0.33837
46 0.34819
47 0.35715
48 0.35911
49 0.36219
50 0.37156
51 0.38006
52 0.3853
53 0.39407
54 0.40728
55 0.43574
56 0.43977
57 0.44851
58 0.45293
59 0.45529
60 0.47496
61 0.48094
62 0.49016
63 0.49468
64 0.50193
65 0.51255
66 0.52596
67 0.52948
68 0.53773
69 0.55034
70 0.55869
71 0.56091
72 0.57436
73 0.57536
74 0.57785
75 0.58544
76 0.59211
77 0.59446
78 0.59772
79 0.60215
80 0.61487
81 0.61587
82 0.63633
83 0.64844
84 0.65107
85 0.65363
86 0.66277
87 0.67505
88 0.67928
89 0.68797
90 0.69509
91 0.7023
92 0.71939
93 0.72833
94 0.73243
95 0.73924
96 0.74957
97 0.75276
98 0.75515
99 0.75735
100 0.76368
101 0.76666
102 0.76888
103 0.77001
104 0.78096
105 0.78937
106 0.80014
107 0.80386
108 0.82984
109 0.83928
110 0.8413
111 0.84264
112 0.84594
113 0.85302
114 0.85698
115 0.85978
116 0.86595
117 0.88446
118 0.89562
119 0.90954
120 0.9203
121 0.93352
122 0.93618
123 0.94267
124 0.94684
125 0.9583
126 0.97362
127 0.98758
128 0.99126
129 1.00397
130 1.00966
131 1.01725
132 1.0331
133 1.04337
134 1.05962
135 1.07051
136 1.07299
137 1.07763
138 1.08257
139 1.08455
140 1.08802
141 1.09476
142 1.09679
143 1.13027
144 1.15085
145 1.15561
146 1.17926
147 1.18721
148 1.18914
149 1.19415
150 1.20275
151 1.22341
152 1.23364
153 1.23525
154 1.24321
155 1.25197
156 1.25968
157 1.2829
158 1.28844
159 1.3052
160 1.31245
161 1.31815
162 1.32236
163 1.32402
164 1.32729
165 1.34271
166 1.34666
167 1.35592
168 1.36209
169 1.37958
170 1.38293
171 1.3853
172 1.40043
173 1.40563
174 1.41865
175 1.4242
176 1.43028
177 1.44135
178 1.44658
179 1.44784
180 1.45245
181 1.45416
182 1.47725
183 1.48086
184 1.48608
185 1.49514
186 1.50667
187 1.51349
188 1.52072
189 1.52362
190 1.5321
191 1.53767
192 1.54276
193 1.55177
194 1.55527
195 1.56921
196 1.58119
197 1.58246
198 1.59077
199 1.59278
200 1.59486
201 1.60256
202 1.62658
203 1.63027
204 1.64582
205 1.64957
206 1.65501
207 1.66774
208 1.67599
209 1.68749
210 1.70156
211 1.70534
212 1.71595
213 1.72336
214 1.72807
215 1.73284
216 1.73651
217 1.74171
218 1.76396
219 1.76896
220 1.77215
221 1.78099
222 1.79673
223 1.82476
224 1.83632
225 1.83954
226 1.84802
227 1.85791
228 1.86714
229 1.87113
230 1.88585
231 1.8996
232 1.90529
233 1.90845
234 1.92756
235 1.93423
236 1.9404
237 1.94825
238 1.9731
239 1.97453
240 1.98135
241 1.98362
242 1.99444
243 1.99792
244 2.00894
245 2.02014
246 2.03256
247 2.03644
248 2.03828
249 2.04035
250 2.06069
251 2.07169
252 2.07849
253 2.08627
254 2.09042
255 2.09472
256 2.10721
257 2.11219
258 2.12947
259 2.14799
260 2.15713
261 2.18261
262 2.18425
263 2.1871
264 2.19757
265 2.2001
266 2.22386
267 2.22667
268 2.23736
269 2.24559
270 2.2693
271 2.27515
272 2.27915
273 2.28678
274 2.29999
275 2.31382
276 2.33196
277 2.34923
278 2.36448
279 2.36982
280 2.39172
281 2.41132
282 2.42262
283 2.43078
284 2.43656
285 2.46599
286 2.47865
287 2.48543
288 2.49609
289 2.50208
290 2.50859
291 2.51902
292 2.53728
293 2.54628
294 2.55645
295 2.56306
296 2.56741
297 2.58157
298 2.58588
299 2.59978
300 2.60818
301 2.62351
302 2.62868
303 2.6417
304 2.6574
305 2.6865
306 2.69091
307 2.7027
308 2.7096
309 2.71901
310 2.73329
311 2.74131
312 2.75351
313 2.76069
314 2.77341
315 2.78072
316 2.78763
317 2.79517
318 2.80948
319 2.81582
320 2.82227
321 2.82577
322 2.83371
323 2.84061
324 2.85691
325 2.85912
326 2.86131
327 2.88693
328 2.89944
329 2.9114
330 2.9226
331 2.93824
332 2.94205
333 2.94718
334 2.95062
335 2.95543
336 2.96344
337 2.96439
338 2.97397
339 2.97675
340 2.98555
