1 0.0044
2 0.00569
3 0.00747
4 0.01789
5 0.01995
6 0.04514
7 0.05282
8 0.07955
9 0.09354
10 0.09525
11 0.10804
12 0.11199
13 0.11717
14 0.12018
15 0.12317
16 0.1368
17 0.13887
18 0.1702
19 0.20084
20 0.20824
21 0.21287
22 0.22206
23 0.22407
24 0.22702
25 0.23352
26 0.24431
27 0.2487
28 0.25976
29 0.26634
30 0.26888
31 0.27721
32 0.29204
33 0.30196
34 0.30728
35 0.31689
36 0.32777
37 0.33455
38 0.34435
39 0.34543
40 0.35243
41 0.36011
42 0.36669
43 0.37795
44 0.38695
45 0.40098
46 0.43488
47 0.44375
48 0.46306
49 0.47052
50 0.47407
51 0.47889
52 0.48312
53 0.49397
54 0.51391
55 0.51717
56 0.52045
57 0.54095
58 0.5492
59 0.55329
60 0.55601
61 0.56002
62 0.57067
63 0.59304
64 0.60317
65 0.62101
66 0.63315
67 0.64206
68 0.65005
69 0.65354
70 0.66418
71 0.67062
72 0.68658
73 0.69681
74 0.70073
75 0.70362
76 0.71034
77 0.7152
78 0.72039
79 0.74847
80 0.75107
81 0.75935
82 0.7892
83 0.79646
84 0.80181
85 0.81863
86 0.82922
87 0.84144
88 0.84662
89 0.86161
90 0.87368
91 0.87726
92 0.88874
93 0.89191
94 0.89953
95 0.90822
96 0.91066
97 0.91921
98 0.93928
99 0.94115
100 0.94682
101 0.96178
102 0.97824
103 0.9829
104 0.98585
105 0.99296
106 1.00238
107 1.01161
108 1.01826
109 1.02653
110 1.03353
111 1.03928
112 1.04692
113 1.04976
114 1.05877
115 1.08132
116 1.0881
117 1.09548
118 1.1017
119 1.11296
120 1.13043
121 1.15437
122 1.15802
123 1.16958
124 1.19152
125 1.19389
126 1.21961
127 1.23669
128 1.24157
129 1.25404
130 1.27211
131 1.28358
132 1.28747
133 1.30498
134 1.30714
135 1.32499
136 1.32637
137 1.33721
138 1.34497
139 1.34643
140 1.35526
141 1.36162
142 1.38192
143 1.38406
144 1.39327
145 1.39815
146 1.39928
147 1.40313
148 1.40538
149 1.40769
150 1.43343
151 1.45113
152 1.46993
153 1.4797
154 1.48836
155 1.50126
156 1.50839
157 1.53835
158 1.55038
159 1.55726
160 1.57743
161 1.58268
162 1.6009
163 1.61004
164 1.61831
165 1.63351
166 1.645
167 1.68832
168 1.70579
169 1.71525
170 1.72722
171 1.73182
172 1.73952
173 1.74125
174 1.74655
175 1.75156
176 1.75816
177 1.76065
178 1.76284
179 1.76496
180 1.77533
181 1.79505
182 1.80512
183 1.81013
184 1.82241
185 1.85038
186 1.8518
187 1.8613
188 1.86749
189 1.87911
190 1.89316
191 1.9187
192 1.93009
193 1.9383
194 1.94679
195 1.95553
196 1.96961
197 1.98017
198 1.99187
199 1.99292
200 2.00931
201 2.02542
202 2.05388
203 2.05849
204 2.07753
205 2.09497
206 2.105
207 2.1091
208 2.11855
209 2.12041
210 2.14002
211 2.14968
212 2.15839
213 2.17247
214 2.18934
215 2.20462
216 2.21683
217 2.23915
218 2.24516
219 2.25705
220 2.26458
221 2.27606
222 2.28326
223 2.2963
224 2.30206
225 2.32626
226 2.33218
227 2.35181
228 2.36167
229 2.37566
230 2.38197
231 2.39889
232 2.40201
233 2.45503
234 2.46235
235 2.46495
236 2.4728
237 2.47477
238 2.48041
239 2.48851
240 2.49276
241 2.50349
242 2.50801
243 2.51803
244 2.52659
245 2.54562
246 2.5625
247 2.59549
248 2.60259
249 2.60625
250 2.60947
251 2.61342
252 2.61843
253 2.62317
254 2.62715
255 2.63277
256 2.67073
257 2.67666
258 2.68323
259 2.68648
260 2.69192
261 2.69813
262 2.70364
263 2.7094
264 2.7136
265 2.7273
266 2.73604
267 2.74391
268 2.74992
269 2.75482
270 2.76254
271 2.76682
272 2.79209
273 2.79975
274 2.80334
275 2.81202
276 2.82864
277 2.83244
278 2.84156
279 2.84539
280 2.85722
281 2.87081
282 2.87986
283 2.89239
284 2.89912
285 2.91703
286 2.91897
287 2.92068
288 2.92193
289 2.94126
290 2.94816
291 2.95413
292 2.96863
293 2.97414
294 2.98789
295 2.99532
