1 0.0087
2 0.01874
3 0.02381
4 0.02555
5 0.03409
6 0.05041
7 0.0522
8 0.056
9 0.05818
10 0.06709
11 0.07596
12 0.07939
13 0.08743
14 0.09298
15 0.11185
16 0.11786
17 0.12572
18 0.14953
19 0.15672
20 0.16274
21 0.1697
22 0.17864
23 0.20233
24 0.20883
25 0.21552
26 0.24924
27 0.25326
28 0.26774
29 0.26936
30 0.27748
31 0.28465
32 0.29054
33 0.29779
34 0.30839
35 0.32878
36 0.3302
37 0.33591
38 0.34189
39 0.35381
40 0.35616
41 0.36769
42 0.38773
43 0.39828
44 0.40538
45 0.41153
46 0.42353
47 0.4255
48 0.43135
49 0.44142
50 0.45746
51 0.4658
52 0.48605
53 0.51771
54 0.51958
55 0.52354
56 0.54782
57 0.55451
58 0.58237
59 0.58406
60 0.58748
61 0.59403
62 0.60136
63 0.60646
64 0.61398
65 0.63559
66 0.65115
67 0.65446
68 0.66491
69 0.68167
70 0.71348
71 0.72319
72 0.75368
73 0.76652
74 0.81529
75 0.82612
76 0.82962
77 0.83133
78 0.85203
79 0.86431
80 0.8712
81 0.88445
82 0.91347
83 0.91779
84 0.93191
85 0.94238
86 0.95385
87 0.96389
88 0.97588
89 0.99378
90 1.01845
91 1.02736
92 1.03373
93 1.03718
94 1.04196
95 1.06465
96 1.06989
97 1.07757
98 1.09807
99 1.10609
100 1.11359
101 1.1365
102 1.14205
103 1.1515
104 1.15561
105 1.17684
106 1.18066
107 1.18637
108 1.19991
109 1.20395
110 1.20759
111 1.24088
112 1.25337
113 1.26801
114 1.27745
115 1.28131
116 1.28909
117 1.30143
118 1.31152
119 1.31628
120 1.3183
121 1.32258
122 1.32895
123 1.33827
124 1.34361
125 1.35165
126 1.36703
127 1.39752
128 1.4009
129 1.40305
130 1.41251
131 1.41666
132 1.42381
133 1.43508
134 1.44894
135 1.45494
136 1.4565
137 1.46041
138 1.48826
139 1.5165
140 1.53974
141 1.54364
142 1.55749
143 1.56505
144 1.57402
145 1.58321
146 1.58517
147 1.59089
148 1.62818
149 1.63753
150 1.63938
151 1.64683
152 1.64811
153 1.6519
154 1.65554
155 1.66391
156 1.67903
157 1.6834
158 1.6891
159 1.69601
160 1.70386
161 1.71429
162 1.71746
163 1.72706
164 1.73926
165 1.75458
166 1.77752
167 1.79027
168 1.81187
169 1.82625
170 1.84844
171 1.85005
172 1.85328
173 1.85917
174 1.86488
175 1.90413
176 1.90607
177 1.91135
178 1.93009
179 1.94488
180 1.96133
181 1.97247
182 1.97585
183 2.01933
184 2.02471
185 2.04445
186 2.05029
187 2.05546
188 2.071
189 2.07549
190 2.07861
191 2.08147
192 2.10044
193 2.10579
194 2.10935
195 2.13381
196 2.16015
197 2.16377
198 2.16889
199 2.17074
200 2.18038
201 2.18574
202 2.18986
203 2.19726
204 2.20297
205 2.21168
206 2.23327
207 2.24226
208 2.27364
209 2.29732
210 2.31091
211 2.31254
212 2.32051
213 2.32234
214 2.32741
215 2.33892
216 2.34411
217 2.35803
218 2.36134
219 2.37832
220 2.38403
221 2.39115
222 2.40404
223 2.40942
224 2.4195
225 2.4323
226 2.43401
227 2.45624
228 2.46793
229 2.49269
230 2.50609
231 2.51901
232 2.52595
233 2.53116
234 2.55755
235 2.57764
236 2.57952
237 2.60561
238 2.60901
239 2.63395
240 2.6565
241 2.6652
242 2.679
243 2.68765
244 2.71954
245 2.72293
246 2.74423
247 2.7781
248 2.78564
249 2.7898
250 2.81004
251 2.82997
252 2.83197
253 2.84234
254 2.8532
255 2.85775
256 2.88105
257 2.90129
258 2.91402
259 2.94797
260 2.95471
261 2.97334
262 2.9823
263 2.99128
264 2.99906
