1 0.00377
2 0.00852
3 0.01199
4 0.01894
5 0.02978
6 0.04684
7 0.05144
8 0.06082
9 0.07397
10 0.08234
11 0.08437
12 0.08624
13 0.08817
14 0.09552
15 0.1011
16 0.11539
17 0.11797
18 0.14641
19 0.15632
20 0.16936
21 0.17932
22 0.18442
23 0.18662
24 0.1881
25 0.1986
26 0.20774
27 0.21087
28 0.21423
29 0.22933
30 0.23269
31 0.24519
32 0.25606
33 0.26273
34 0.27133
35 0.28261
36 0.28542
37 0.29637
38 0.30085
39 0.30867
40 0.31091
41 0.32251
42 0.32921
43 0.34112
44 0.34246
45 0.34949
46 0.35125
47 0.35635
48 0.35942
49 0.36209
50 0.36612
51 0.3697
52 0.38228
53 0.38833
54 0.39897
55 0.40313
56 0.41161
57 0.41381
58 0.42
59 0.42557
60 0.43307
61 0.44399
62 0.44586
63 0.45289
64 0.45456
65 0.45566
66 0.45831
67 0.46598
68 0.47676
69 0.48151
70 0.48355
71 0.48468
72 0.48551
73 0.50271
74 0.50721
75 0.51337
76 0.52159
77 0.52488
78 0.52802
79 0.53418
80 0.54505
81 0.55464
82 0.55994
83 0.56453
84 0.56941
85 0.57554
86 0.58405
87 0.58741
88 0.60208
89 0.61053
90 0.61637
91 0.62359
92 0.63156
93 0.64985
94 0.65845
95 0.67214
96 0.6813
97 0.68632
98 0.69795
99 0.70207
100 0.70977
101 0.71789
102 0.72513
103 0.7297
104 0.73633
105 0.74349
106 0.7503
107 0.75604
108 0.76078
109 0.76635
110 0.76923
111 0.7708
112 0.77356
113 0.77847
114 0.79065
115 0.79187
116 0.7947
117 0.80218
118 0.80901
119 0.81351
120 0.81715
121 0.8183
122 0.82999
123 0.84048
124 0.84425
125 0.84762
126 0.85072
127 0.85304
128 0.8627
129 0.86603
130 0.87229
131 0.89099
132 0.90652
133 0.91212
134 0.92116
135 0.92724
136 0.94299
137 0.95253
138 0.96179
139 0.97321
140 0.9746
141 0.99171
142 1.00043
143 1.01585
144 1.02007
145 1.02337
146 1.03102
147 1.04323
148 1.04528
149 1.04655
150 1.05296
151 1.05741
152 1.06007
153 1.0682
154 1.0811
155 1.09772
156 1.09972
157 1.1035
158 1.10712
159 1.10887
160 1.11092
161 1.12418
162 1.13002
163 1.13479
164 1.14459
165 1.14772
166 1.15386
167 1.16191
168 1.16504
169 1.17222
170 1.18499
171 1.18881
172 1.20583
173 1.21175
174 1.21816
175 1.22462
176 1.22738
177 1.22909
178 1.23356
179 1.23947
180 1.25275
181 1.25552
182 1.2623
183 1.26661
184 1.28011
185 1.28533
186 1.28754
187 1.28993
188 1.30025
189 1.3044
190 1.30679
191 1.32059
192 1.32695
193 1.33715
194 1.35326
195 1.36379
196 1.36988
197 1.37614
198 1.37823
199 1.38489
200 1.39286
201 1.40139
202 1.40856
203 1.41884
204 1.4216
205 1.4236
206 1.42759
207 1.43502
208 1.44156
209 1.44849
210 1.46592
211 1.47276
212 1.47544
213 1.49144
214 1.49712
215 1.52037
216 1.52785
217 1.53392
218 1.53985
219 1.54341
220 1.55141
221 1.5559
222 1.56461
223 1.57224
224 1.58718
225 1.58887
226 1.59062
227 1.59836
228 1.59961
229 1.60702
230 1.61498
231 1.62006
232 1.62155
233 1.64614
234 1.65329
235 1.66514
236 1.67277
237 1.67907
238 1.68905
239 1.69547
240 1.70802
241 1.71215
242 1.71493
243 1.73138
244 1.73425
245 1.74802
246 1.76268
247 1.77089
248 1.77741
249 1.7817
250 1.7847
251 1.78784
252 1.80067
253 1.80712
254 1.80944
255 1.81868
256 1.821
257 1.8334
258 1.83636
259 1.83763
260 1.84127
261 1.84439
262 1.84769
263 1.84878
264 1.85173
265 1.85507
266 1.85654
267 1.87934
268 1.90493
269 1.91636
270 1.91785
271 1.92282
272 1.92486
273 1.93237
274 1.94177
275 1.94306
276 1.94974
277 1.95597
278 1.96141
279 1.96915
280 1.97119
281 1.99051
282 1.99503
283 2.00594
284 2.00795
285 2.01377
286 2.01735
287 2.02272
288 2.03429
289 2.03626
290 2.04041
291 2.0538
292 2.05767
293 2.06179
294 2.06428
295 2.06963
296 2.07552
297 2.08184
298 2.08923
299 2.09484
300 2.10534
301 2.11483
302 2.1213
303 2.12772
304 2.13232
305 2.14912
306 2.159
307 2.16406
308 2.16902
309 2.17234
310 2.18063
311 2.1837
312 2.19039
313 2.21114
314 2.21591
315 2.21971
316 2.22172
317 2.22602
318 2.2315
319 2.23673
320 2.25755
321 2.26358
322 2.27034
323 2.27243
324 2.28078
325 2.2852
326 2.29616
327 2.29896
328 2.30482
329 2.30924
330 2.31801
331 2.32457
332 2.32733
333 2.33192
334 2.34419
335 2.34637
336 2.35237
337 2.35545
338 2.36207
339 2.36824
340 2.3795
341 2.39149
342 2.39815
343 2.40324
344 2.40851
345 2.41077
346 2.41368
347 2.42414
348 2.43959
349 2.44327
350 2.44595
351 2.45002
352 2.45846
353 2.46311
354 2.46863
355 2.47025
356 2.47159
357 2.4762
358 2.50216
359 2.51522
360 2.51897
361 2.52773
362 2.52983
363 2.53156
364 2.54082
365 2.54647
366 2.5512
367 2.55514
368 2.57179
369 2.59078
370 2.60253
371 2.6046
372 2.6128
373 2.61421
374 2.64506
375 2.65041
376 2.65375
377 2.66061
378 2.66498
379 2.67182
380 2.677
381 2.69754
382 2.70565
383 2.70967
384 2.7196
385 2.73394
386 2.74551
387 2.7493
388 2.75202
389 2.75315
390 2.76186
391 2.77119
392 2.77626
393 2.7859
394 2.78729
395 2.79659
396 2.81059
397 2.81903
398 2.82746
399 2.8371
400 2.84524
401 2.85719
402 2.86418
403 2.86754
404 2.87505
405 2.88212
406 2.88533
407 2.90562
408 2.91486
409 2.91803
410 2.94136
411 2.95054
412 2.95462
413 2.96819
414 2.97201
415 2.97959
416 2.99575
