1 0.0095
2 0.01784
3 0.01965
4 0.04361
5 0.05962
6 0.06126
7 0.06469
8 0.07295
9 0.09193
10 0.09934
11 0.10626
12 0.12363
13 0.14502
14 0.1625
15 0.16499
16 0.17241
17 0.19413
18 0.21081
19 0.22423
20 0.23838
21 0.26543
22 0.27218
23 0.29699
24 0.33131
25 0.33995
26 0.34858
27 0.35042
28 0.35522
29 0.35672
30 0.36225
31 0.3902
32 0.40824
33 0.41181
34 0.42338
35 0.42926
36 0.44682
37 0.45147
38 0.45283
39 0.46107
40 0.46817
41 0.4871
42 0.49886
43 0.51573
44 0.52105
45 0.53202
46 0.53902
47 0.5479
48 0.55214
49 0.58543
50 0.59579
51 0.59902
52 0.62043
53 0.64566
54 0.67139
55 0.69553
56 0.71076
57 0.71284
58 0.72047
59 0.73452
60 0.73876
61 0.74038
62 0.74456
63 0.75342
64 0.75971
65 0.78444
66 0.7961
67 0.83263
68 0.83411
69 0.83973
70 0.8466
71 0.84935
72 0.85324
73 0.87631
74 0.90898
75 0.91842
76 0.92205
77 0.92394
78 0.94973
79 0.97725
80 0.98723
81 0.99512
82 1.00698
83 1.01293
84 1.01635
85 1.02278
86 1.02785
87 1.03601
88 1.04011
89 1.04905
90 1.07467
91 1.08023
92 1.08572
93 1.09709
94 1.11822
95 1.12899
96 1.13039
97 1.1418
98 1.1577
99 1.16726
100 1.17739
101 1.19266
102 1.20599
103 1.20912
104 1.21906
105 1.23257
106 1.24233
107 1.24379
108 1.24759
109 1.25392
110 1.25702
111 1.27502
112 1.28375
113 1.2943
114 1.2965
115 1.30234
116 1.30852
117 1.33915
118 1.34877
119 1.35454
120 1.35657
121 1.3621
122 1.37275
123 1.37598
124 1.3978
125 1.4213
126 1.42293
127 1.44813
128 1.46301
129 1.46619
130 1.47997
131 1.49795
132 1.51076
133 1.5145
134 1.52018
135 1.52219
136 1.52574
137 1.52774
138 1.53382
139 1.54844
140 1.55787
141 1.56112
142 1.57477
143 1.58622
144 1.59662
145 1.60626
146 1.61921
147 1.62483
148 1.62687
149 1.64098
150 1.69815
151 1.73381
152 1.743
153 1.74614
154 1.75062
155 1.76441
156 1.77422
157 1.78146
158 1.79457
159 1.80802
160 1.81139
161 1.81523
162 1.8337
163 1.84557
164 1.85142
165 1.88387
166 1.89284
167 1.91605
168 1.91971
169 1.94249
170 1.96396
171 1.97043
172 1.98197
173 1.98944
174 1.9985
175 2.00976
176 2.01926
177 2.02277
178 2.04231
179 2.08017
180 2.09261
181 2.09991
182 2.13293
183 2.13448
184 2.15274
185 2.15464
186 2.16936
187 2.19442
188 2.19922
189 2.21382
190 2.2338
191 2.24663
192 2.25045
193 2.256
194 2.2641
195 2.27141
196 2.29339
197 2.2969
198 2.30084
199 2.30479
200 2.30666
201 2.31277
202 2.32013
203 2.32996
204 2.34224
205 2.35257
206 2.37148
207 2.39579
208 2.40329
209 2.43031
210 2.45345
211 2.46264
212 2.50266
213 2.50827
214 2.51712
215 2.51874
216 2.52379
217 2.53378
218 2.53808
219 2.54876
220 2.56001
221 2.57895
222 2.59644
223 2.60626
224 2.6104
225 2.62591
226 2.6437
227 2.6468
228 2.66456
229 2.67204
230 2.70628
231 2.7278
232 2.75313
233 2.75644
234 2.76075
235 2.76586
236 2.79052
237 2.81203
238 2.83065
239 2.84002
240 2.8523
241 2.87069
242 2.87296
243 2.89632
244 2.89965
245 2.9025
246 2.92293
247 2.92426
248 2.95518
249 2.96023
250 2.98396
251 2.99477
252 2.99648
