1 0.01872
2 0.02521
3 0.02881
4 0.03259
5 0.04188
6 0.04367
7 0.05362
8 0.06327
9 0.0728
10 0.07399
11 0.07658
12 0.0892
13 0.10488
14 0.10943
15 0.11856
16 0.12237
17 0.12508
18 0.13203
19 0.13799
20 0.13901
21 0.15201
22 0.15832
23 0.16407
24 0.16608
25 0.17849
26 0.19386
27 0.2005
28 0.21934
29 0.22325
30 0.24098
31 0.24388
32 0.25976
33 0.26665
34 0.27238
35 0.274
36 0.28104
37 0.28273
38 0.28832
39 0.29254
40 0.30753
41 0.31566
42 0.32768
43 0.33277
44 0.34209
45 0.36373
46 0.37093
47 0.38297
48 0.38968
49 0.39315
50 0.3982
51 0.4106
52 0.41785
53 0.4255
54 0.42912
55 0.43538
56 0.44447
57 0.45072
58 0.45963
59 0.46388
60 0.46879
61 0.48251
62 0.49694
63 0.50892
64 0.51343
65 0.52293
66 0.52643
67 0.53481
68 0.54392
69 0.54752
70 0.5659
71 0.58864
72 0.59092
73 0.60011
74 0.60875
75 0.60987
76 0.61673
77 0.62151
78 0.62555
79 0.62811
80 0.635
81 0.64128
82 0.685
83 0.68873
84 0.69501
85 0.71267
86 0.72126
87 0.73587
88 0.74006
89 0.74414
90 0.75004
91 0.75378
92 0.77015
93 0.77266
94 0.78709
95 0.79742
96 0.80286
97 0.81188
98 0.81632
99 0.87099
100 0.89032
101 0.89985
102 0.90237
103 0.91036
104 0.93966
105 0.94681
106 0.97069
107 0.98689
108 0.99003
109 0.99469
110 0.99909
111 1.00158
112 1.0079
113 1.01995
114 1.02333
115 1.02662
116 1.03749
117 1.03874
118 1.05048
119 1.05939
120 1.06317
121 1.06681
122 1.07608
123 1.08863
124 1.12699
125 1.1396
126 1.15787
127 1.16533
128 1.16655
129 1.18255
130 1.18746
131 1.19466
132 1.2124
133 1.21668
134 1.22013
135 1.22502
136 1.22902
137 1.23035
138 1.24461
139 1.24801
140 1.25292
141 1.26275
142 1.27393
143 1.2908
144 1.29374
145 1.30681
146 1.32068
147 1.32247
148 1.34123
149 1.38351
150 1.39191
151 1.40101
152 1.4099
153 1.41247
154 1.4216
155 1.42591
156 1.42958
157 1.45017
158 1.45419
159 1.46126
160 1.46617
161 1.47724
162 1.48147
163 1.48847
164 1.50267
165 1.51911
166 1.52813
167 1.53792
168 1.54278
169 1.56879
170 1.58964
171 1.5936
172 1.59901
173 1.60061
174 1.60703
175 1.63452
176 1.65485
177 1.67245
178 1.68275
179 1.69199
180 1.70272
181 1.70931
182 1.71523
183 1.72929
184 1.7331
185 1.7381
186 1.74204
187 1.76761
188 1.7728
189 1.79123
190 1.81247
191 1.82876
192 1.83917
193 1.84337
194 1.85147
195 1.85487
196 1.85694
197 1.86178
198 1.86454
199 1.8718
200 1.88007
201 1.89012
202 1.89842
203 1.93694
204 1.93997
205 1.94489
206 1.98308
207 1.99417
208 1.99623
209 2.00056
210 2.00658
211 2.01774
212 2.02353
213 2.02753
214 2.03288
215 2.0417
216 2.05246
217 2.06838
218 2.07073
219 2.08
220 2.08553
221 2.09889
222 2.12402
223 2.12506
224 2.12757
225 2.13807
226 2.14677
227 2.14952
228 2.15244
229 2.17778
230 2.20028
231 2.21496
232 2.21648
233 2.21894
234 2.23257
235 2.24231
236 2.24412
237 2.27198
238 2.28191
239 2.3157
240 2.32161
241 2.33035
242 2.33445
243 2.35056
244 2.36509
245 2.37492
246 2.3817
247 2.38615
248 2.39298
249 2.39722
250 2.40714
251 2.41253
252 2.4172
253 2.42504
254 2.43395
255 2.44777
256 2.45664
257 2.47942
258 2.49442
259 2.50106
260 2.52507
261 2.5281
262 2.52976
263 2.54515
264 2.55407
265 2.56352
266 2.57585
267 2.60081
268 2.63826
269 2.67293
270 2.6753
271 2.68691
272 2.69896
273 2.70378
274 2.71574
275 2.72625
276 2.73578
277 2.75174
278 2.76575
279 2.76941
280 2.77136
281 2.77907
282 2.7919
283 2.79572
284 2.80498
285 2.80998
286 2.81746
287 2.84554
288 2.84902
289 2.8518
290 2.86809
291 2.88675
292 2.89355
293 2.90074
294 2.90417
295 2.91455
296 2.91717
297 2.91926
298 2.92874
299 2.93793
300 2.94762
301 2.95822
302 2.96831
303 2.97329
304 2.9743
