1 0.00725
2 0.02353
3 0.03062
4 0.03905
5 0.04356
6 0.06583
7 0.0734
8 0.07568
9 0.086
10 0.09703
11 0.0995
12 0.11656
13 0.11974
14 0.12435
15 0.13597
16 0.13764
17 0.14647
18 0.15627
19 0.1676
20 0.1841
21 0.19456
22 0.20482
23 0.23104
24 0.25696
25 0.26842
26 0.27886
27 0.28014
28 0.2829
29 0.29296
30 0.31051
31 0.32287
32 0.32999
33 0.33475
34 0.35697
35 0.36077
36 0.39039
37 0.39328
38 0.40081
39 0.41543
40 0.43013
41 0.43507
42 0.44821
43 0.45393
44 0.45947
45 0.47933
46 0.48094
47 0.49181
48 0.49699
49 0.51305
50 0.53201
51 0.54193
52 0.5591
53 0.56264
54 0.57431
55 0.57614
56 0.57953
57 0.58304
58 0.58425
59 0.5916
60 0.59679
61 0.59959
62 0.60229
63 0.60446
64 0.61104
65 0.61773
66 0.63809
67 0.64246
68 0.65085
69 0.657
70 0.66156
71 0.66559
72 0.67391
73 0.67927
74 0.71145
75 0.72766
76 0.73263
77 0.73406
78 0.73737
79 0.74367
80 0.75445
81 0.75783
82 0.77314
83 0.7937
84 0.79592
85 0.82552
86 0.83656
87 0.83856
88 0.84597
89 0.86238
90 0.87203
91 0.88813
92 0.89478
93 0.9013
94 0.90859
95 0.91393
96 0.96752
97 0.98047
98 0.98337
99 0.99562
100 0.99833
101 1.00428
102 1.01023
103 1.01294
104 1.01563
105 1.01829
106 1.02872
107 1.0324
108 1.0373
109 1.04156
110 1.05633
111 1.05873
112 1.07273
113 1.08208
114 1.09174
115 1.10361
116 1.10884
117 1.13049
118 1.13836
119 1.14324
120 1.15933
121 1.16335
122 1.16835
123 1.17194
124 1.1788
125 1.18295
126 1.18854
127 1.199
128 1.21202
129 1.2197
130 1.22862
131 1.23251
132 1.24344
133 1.25344
134 1.26077
135 1.2763
136 1.28233
137 1.28683
138 1.2894
139 1.29256
140 1.30259
141 1.32195
142 1.32546
143 1.33627
144 1.33888
145 1.34656
146 1.34903
147 1.35758
148 1.36418
149 1.38906
150 1.39328
151 1.40098
152 1.40453
153 1.40904
154 1.41548
155 1.42142
156 1.42927
157 1.43457
158 1.44266
159 1.45123
160 1.467
161 1.47968
162 1.49189
163 1.50311
164 1.52148
165 1.52513
166 1.52605
167 1.5287
168 1.53496
169 1.53792
170 1.54105
171 1.55062
172 1.55756
173 1.57059
174 1.58142
175 1.58588
176 1.60548
177 1.6221
178 1.64122
179 1.64416
180 1.66403
181 1.68887
182 1.69644
183 1.69971
184 1.70569
185 1.73559
186 1.75503
187 1.77668
188 1.784
189 1.82406
190 1.84436
191 1.84721
192 1.85492
193 1.85642
194 1.86296
195 1.8651
196 1.88165
197 1.88589
198 1.88699
199 1.89665
200 1.92048
201 1.94406
202 1.94756
203 1.95404
204 1.95645
205 1.97776
206 1.9824
207 1.9833
208 1.98751
209 1.9901
210 2.00553
211 2.01165
212 2.03161
213 2.0339
214 2.03603
215 2.03963
216 2.04791
217 2.05424
218 2.05889
219 2.06269
220 2.08549
221 2.09235
222 2.09459
223 2.10409
224 2.1136
225 2.12393
226 2.12763
227 2.13544
228 2.1469
229 2.15416
230 2.16887
231 2.17147
232 2.17588
233 2.18442
234 2.19371
235 2.20506
236 2.20829
237 2.20974
238 2.21334
239 2.21916
240 2.22963
241 2.23357
242 2.24855
243 2.25275
244 2.2599
245 2.2623
246 2.26573
247 2.2674
248 2.28602
249 2.2963
250 2.30722
251 2.31468
252 2.32763
253 2.34787
254 2.35194
255 2.36417
256 2.36896
257 2.38197
258 2.38519
259 2.38668
260 2.39556
261 2.4057
262 2.40731
263 2.4445
264 2.45592
265 2.45932
266 2.48111
267 2.48306
268 2.49043
269 2.50861
270 2.52535
271 2.53402
272 2.53547
273 2.54726
274 2.55191
275 2.58131
276 2.59183
277 2.60824
278 2.61081
279 2.61582
280 2.61899
281 2.62481
282 2.63793
283 2.64393
284 2.66062
285 2.66733
286 2.6846
287 2.68839
288 2.70253
289 2.73595
290 2.74936
291 2.7628
292 2.77265
293 2.78307
294 2.78674
295 2.79918
296 2.80919
297 2.8101
298 2.8367
299 2.83856
300 2.8426
301 2.85715
302 2.86136
303 2.86425
304 2.86802
305 2.87553
306 2.88594
307 2.89398
308 2.91256
309 2.91914
310 2.92691
311 2.95996
312 2.96912
313 2.98346
