1 0.00866
2 0.01253
3 0.01766
4 0.02586
5 0.03368
6 0.03857
7 0.04133
8 0.06855
9 0.0773
10 0.08373
11 0.08572
12 0.09326
13 0.09705
14 0.11536
15 0.12229
16 0.1241
17 0.1307
18 0.1332
19 0.1347
20 0.15232
21 0.157
22 0.16197
23 0.16971
24 0.17502
25 0.18378
26 0.1958
27 0.20769
28 0.22738
29 0.23397
30 0.24069
31 0.25787
32 0.26292
33 0.26522
34 0.28023
35 0.28352
36 0.30122
37 0.30755
38 0.31774
39 0.32428
40 0.32845
41 0.34141
42 0.34399
43 0.34598
44 0.35548
45 0.36771
46 0.37221
47 0.38588
48 0.39194
49 0.42034
50 0.42789
51 0.44182
52 0.44517
53 0.45004
54 0.45946
55 0.50664
56 0.52076
57 0.52941
58 0.54042
59 0.54413
60 0.55406
61 0.5592
62 0.56962
63 0.57829
64 0.59513
65 0.59833
66 0.61084
67 0.61835
68 0.62714
69 0.64508
70 0.65148
71 0.65423
72 0.66163
73 0.66618
74 0.66891
75 0.67373
76 0.6998
77 0.71638
78 0.71878
79 0.72607
80 0.73845
81 0.7453
82 0.74931
83 0.75166
84 0.76137
85 0.76708
86 0.77497
87 0.78494
88 0.79333
89 0.81616
90 0.81941
91 0.82399
92 0.83303
93 0.8404
94 0.8413
95 0.84527
96 0.85612
97 0.88009
98 0.88874
99 0.89356
100 0.90892
101 0.91871
102 0.92654
103 0.9301
104 0.93798
105 0.95544
106 0.96837
107 0.97699
108 0.99013
109 0.99542
110 1.01004
111 1.01581
112 1.01875
113 1.02124
114 1.02373
115 1.03265
116 1.03547
117 1.05387
118 1.06228
119 1.08327
120 1.10611
121 1.10843
122 1.11189
123 1.11305
124 1.13313
125 1.16586
126 1.17071
127 1.17276
128 1.19641
129 1.20074
130 1.20624
131 1.21561
132 1.23014
133 1.23214
134 1.23493
135 1.24353
136 1.24813
137 1.25216
138 1.2544
139 1.27382
140 1.28756
141 1.28979
142 1.29432
143 1.30767
144 1.30871
145 1.31459
146 1.32047
147 1.32462
148 1.35099
149 1.3569
150 1.37497
151 1.37656
152 1.38722
153 1.40428
154 1.41302
155 1.41543
156 1.41702
157 1.41944
158 1.42289
159 1.42841
160 1.43027
161 1.44708
162 1.46293
163 1.48917
164 1.50233
165 1.51449
166 1.54032
167 1.54461
168 1.59276
169 1.60353
170 1.61946
171 1.62637
172 1.63529
173 1.64504
174 1.65432
175 1.65915
176 1.67209
177 1.70313
178 1.70422
179 1.71392
180 1.72716
181 1.733
182 1.74235
183 1.74396
184 1.75413
185 1.7569
186 1.76158
187 1.76625
188 1.77373
189 1.77576
190 1.78125
191 1.78349
192 1.79798
193 1.79926
194 1.80241
195 1.81378
196 1.82119
197 1.82328
198 1.84972
199 1.85177
200 1.85936
201 1.87307
202 1.87759
203 1.89278
204 1.89702
205 1.93515
206 1.9409
207 1.95719
208 1.96923
209 1.99604
210 1.99965
211 2.01478
212 2.02784
213 2.03191
214 2.0431
215 2.04558
216 2.05924
217 2.08834
218 2.09201
219 2.10161
220 2.11422
221 2.1235
222 2.12615
223 2.13305
224 2.14194
225 2.15271
226 2.16825
227 2.16936
228 2.17433
229 2.1882
230 2.19232
231 2.19434
232 2.20502
233 2.21061
234 2.22103
235 2.22602
236 2.22981
237 2.23177
238 2.23725
239 2.25728
240 2.26608
241 2.26932
242 2.27734
243 2.28202
244 2.30795
245 2.31449
246 2.31875
247 2.32255
248 2.33691
249 2.34912
250 2.37905
251 2.3938
252 2.41975
253 2.43703
254 2.45222
255 2.45555
256 2.48104
257 2.48681
258 2.50234
259 2.53125
260 2.53363
261 2.53642
262 2.55008
263 2.57722
264 2.58555
265 2.59438
266 2.60799
267 2.62315
268 2.63394
269 2.63647
270 2.64303
271 2.64434
272 2.66878
273 2.67347
274 2.67888
275 2.70103
276 2.71461
277 2.71643
278 2.73151
279 2.74547
280 2.75657
281 2.76679
282 2.77922
283 2.80293
284 2.81263
285 2.82133
286 2.82626
287 2.8331
288 2.84517
289 2.85228
290 2.85768
291 2.86554
292 2.87002
293 2.87284
294 2.88235
295 2.88378
296 2.89545
297 2.90461
298 2.90859
299 2.91462
300 2.92308
301 2.9366
302 2.94468
303 2.96378
304 2.98497
305 2.99631
