1 0.004
2 0.00516
3 0.01771
4 0.02114
5 0.02246
6 0.02604
7 0.02769
8 0.04238
9 0.04499
10 0.04619
11 0.05396
12 0.05609
13 0.06511
14 0.06859
15 0.07426
16 0.07674
17 0.07886
18 0.08718
19 0.09256
20 0.09393
21 0.09914
22 0.10542
23 0.10633
24 0.11829
25 0.12189
26 0.12626
27 0.12836
28 0.13058
29 0.13227
30 0.14277
31 0.14582
32 0.14837
33 0.15179
34 0.15949
35 0.16698
36 0.16945
37 0.18822
38 0.19849
39 0.20155
40 0.20704
41 0.20856
42 0.21817
43 0.2312
44 0.23828
45 0.24086
46 0.24952
47 0.25235
48 0.25798
49 0.26511
50 0.27956
51 0.28881
52 0.29054
53 0.29555
54 0.29875
55 0.30116
56 0.30591
57 0.30961
58 0.31858
59 0.32972
60 0.33536
61 0.34008
62 0.34163
63 0.35198
64 0.36753
65 0.37956
66 0.39016
67 0.39192
68 0.41129
69 0.41358
70 0.41464
71 0.42362
72 0.43618
73 0.43828
74 0.44773
75 0.4499
76 0.45419
77 0.45939
78 0.46447
79 0.46546
80 0.47207
81 0.47727
82 0.48253
83 0.48578
84 0.49189
85 0.4981
86 0.50076
87 0.50392
88 0.51002
89 0.5145
90 0.51597
91 0.52132
92 0.52952
93 0.53335
94 0.54432
95 0.55271
96 0.56326
97 0.5673
98 0.57535
99 0.57838
100 0.58287
101 0.59186
102 0.5938
103 0.60598
104 0.60695
105 0.6112
106 0.61516
107 0.61967
108 0.62978
109 0.63315
110 0.63952
111 0.64333
112 0.64923
113 0.65406
114 0.65575
115 0.65859
116 0.66303
117 0.66786
118 0.69308
119 0.69639
120 0.70418
121 0.71255
122 0.71572
123 0.71942
124 0.73547
125 0.74398
126 0.75968
127 0.78246
128 0.78953
129 0.7982
130 0.8148
131 0.82802
132 0.83947
133 0.84521
134 0.85478
135 0.85899
136 0.86292
137 0.87654
138 0.88009
139 0.88283
140 0.88693
141 0.88827
142 0.89335
143 0.90163
144 0.90418
145 0.90768
146 0.93668
147 0.93901
148 0.94932
149 0.9586
150 0.96128
151 0.97567
152 0.98081
153 0.98442
154 0.98774
155 0.99056
156 0.99617
157 0.99794
158 1.0042
159 1.01
160 1.01394
161 1.03448
162 1.04552
163 1.06664
164 1.07758
165 1.08523
166 1.09132
167 1.09638
168 1.10047
169 1.1046
170 1.11254
171 1.12482
172 1.12871
173 1.13796
174 1.13971
175 1.14605
176 1.15376
177 1.16223
178 1.17632
179 1.18817
180 1.19306
181 1.19496
182 1.19827
183 1.2014
184 1.2036
185 1.22601
186 1.22999
187 1.23569
188 1.24095
189 1.24391
190 1.24494
191 1.26423
192 1.26972
193 1.28026
194 1.28373
195 1.29116
196 1.29843
197 1.30324
198 1.33006
199 1.33159
200 1.33622
201 1.34195
202 1.34991
203 1.35146
204 1.35413
205 1.35708
206 1.36165
207 1.37099
208 1.37299
209 1.37716
210 1.38174
211 1.38767
212 1.3895
213 1.3918
214 1.39597
215 1.40143
216 1.40868
217 1.41182
218 1.43755
219 1.44185
220 1.44963
221 1.45211
222 1.45576
223 1.46263
224 1.46652
225 1.47131
226 1.47359
227 1.48925
228 1.49237
229 1.50506
230 1.50983
231 1.51205
232 1.53997
233 1.54202
234 1.54928
235 1.55218
236 1.57041
237 1.57514
238 1.59677
239 1.59918
240 1.61241
241 1.61609
242 1.62485
243 1.63047
244 1.64167
245 1.6502
246 1.6551
247 1.66445
248 1.66875
249 1.68493
250 1.70159
251 1.71365
252 1.71812
253 1.73491
254 1.73999
255 1.74675
256 1.75119
257 1.75952
258 1.76322
259 1.77453
260 1.77778
261 1.80292
262 1.82114
263 1.82822
264 1.83772
265 1.84544
266 1.86588
267 1.87047
268 1.87948
269 1.89226
270 1.89798
271 1.90644
272 1.91704
273 1.93395
274 1.93689
275 1.94375
276 1.94884
277 1.95851
278 1.96479
279 1.96827
280 1.97246
281 1.99366
282 2.00018
283 2.01574
284 2.01767
285 2.02404
286 2.03335
287 2.03931
288 2.05479
289 2.07502
290 2.08121
291 2.09122
292 2.10265
293 2.11788
294 2.12025
295 2.12256
296 2.13214
297 2.13619
298 2.14293
299 2.14776
300 2.15478
301 2.16199
302 2.16853
303 2.1875
304 2.18944
305 2.20155
306 2.2068
307 2.2123
308 2.22083
309 2.23944
310 2.24456
311 2.25273
312 2.25615
313 2.25758
314 2.2618
315 2.26827
316 2.28093
317 2.30681
318 2.30969
319 2.31674
320 2.32114
321 2.32364
322 2.32475
323 2.32736
324 2.33332
325 2.34171
326 2.36558
327 2.36714
328 2.37553
329 2.38063
330 2.38433
331 2.38809
332 2.39645
333 2.40048
334 2.40687
335 2.41384
336 2.4361
337 2.44467
338 2.44715
339 2.45215
340 2.4608
341 2.46485
342 2.47308
343 2.47697
344 2.48797
345 2.49419
346 2.49898
347 2.50579
348 2.51901
349 2.52658
350 2.53334
351 2.54003
352 2.54521
353 2.54843
354 2.55242
355 2.56037
356 2.56654
357 2.56764
358 2.57404
359 2.57973
360 2.58154
361 2.58578
362 2.59344
363 2.6053
364 2.61971
365 2.62351
366 2.62612
367 2.64045
368 2.64385
369 2.64548
370 2.65587
371 2.65926
372 2.66472
373 2.66709
374 2.67953
375 2.68484
376 2.68743
377 2.6962
378 2.69751
379 2.70934
380 2.72911
381 2.73915
382 2.74468
383 2.75344
384 2.75596
385 2.75826
386 2.76216
387 2.76847
388 2.78049
389 2.78883
390 2.79357
391 2.80535
392 2.81494
393 2.82053
394 2.82501
395 2.83443
396 2.83934
397 2.84929
398 2.8562
399 2.86544
400 2.87146
401 2.87518
402 2.89865
403 2.90037
404 2.90548
405 2.9088
406 2.91078
407 2.9131
408 2.91538
409 2.9359
410 2.94141
411 2.94837
412 2.95319
413 2.95729
414 2.9592
415 2.96227
416 2.96977
417 2.9792
418 2.98171
419 2.98379
420 2.98955
421 2.99749
422 2.99996
