1 0.00787
2 0.01468
3 0.02469
4 0.03522
5 0.03784
6 0.05958
7 0.06669
8 0.07687
9 0.09116
10 0.09767
11 0.10021
12 0.11127
13 0.1206
14 0.12353
15 0.12887
16 0.13384
17 0.1482
18 0.15148
19 0.15697
20 0.17668
21 0.1839
22 0.20302
23 0.21021
24 0.21742
25 0.21864
26 0.22493
27 0.23296
28 0.23809
29 0.23973
30 0.24505
31 0.25318
32 0.27572
33 0.28606
34 0.28788
35 0.29105
36 0.29674
37 0.31008
38 0.33012
39 0.39791
40 0.40172
41 0.40926
42 0.42995
43 0.44441
44 0.44851
45 0.45815
46 0.4624
47 0.47105
48 0.48821
49 0.49889
50 0.5032
51 0.51572
52 0.52261
53 0.52382
54 0.52807
55 0.53329
56 0.53482
57 0.53787
58 0.5492
59 0.55975
60 0.56599
61 0.56794
62 0.59417
63 0.59833
64 0.60515
65 0.61698
66 0.6288
67 0.63189
68 0.64674
69 0.64965
70 0.66336
71 0.67042
72 0.67908
73 0.682
74 0.6868
75 0.68912
76 0.69494
77 0.70434
78 0.72174
79 0.72296
80 0.72739
81 0.73107
82 0.74275
83 0.75504
84 0.76706
85 0.77014
86 0.79139
87 0.82654
88 0.82801
89 0.84109
90 0.85879
91 0.87373
92 0.89909
93 0.90208
94 0.91725
95 0.92504
96 0.93184
97 0.93536
98 0.93687
99 0.95228
100 0.95467
101 0.96137
102 0.96547
103 0.9668
104 0.96915
105 0.9799
106 0.98774
107 0.99781
108 1.00111
109 1.0037
110 1.00816
111 1.0105
112 1.02281
113 1.03542
114 1.03871
115 1.04155
116 1.0441
117 1.05525
118 1.05815
119 1.06621
120 1.07714
121 1.08031
122 1.08155
123 1.10047
124 1.12331
125 1.14604
126 1.16058
127 1.17377
128 1.19129
129 1.19612
130 1.20016
131 1.20888
132 1.21475
133 1.22638
134 1.24863
135 1.25949
136 1.26873
137 1.27134
138 1.27242
139 1.27712
140 1.27866
141 1.28668
142 1.31269
143 1.3313
144 1.33339
145 1.34921
146 1.35353
147 1.36387
148 1.36965
149 1.37161
150 1.37426
151 1.38238
152 1.39951
153 1.407
154 1.41784
155 1.4364
156 1.43964
157 1.44332
158 1.45071
159 1.45437
160 1.46001
161 1.46518
162 1.46777
163 1.4701
164 1.47753
165 1.48355
166 1.48657
167 1.49515
168 1.5022
169 1.51336
170 1.51729
171 1.53572
172 1.55695
173 1.56279
174 1.56437
175 1.56985
176 1.57758
177 1.58336
178 1.59262
179 1.61737
180 1.62658
181 1.63305
182 1.63881
183 1.64952
184 1.65624
185 1.67016
186 1.697
187 1.70004
188 1.70484
189 1.7082
190 1.71796
191 1.72275
192 1.72703
193 1.7341
194 1.75335
195 1.75671
196 1.77169
197 1.77931
198 1.78398
199 1.79419
200 1.80522
201 1.81542
202 1.82392
203 1.82841
204 1.84085
205 1.85746
206 1.86667
207 1.869
208 1.87752
209 1.88466
210 1.89186
211 1.89941
212 1.9048
213 1.91414
214 1.91537
215 1.93551
216 1.93765
217 1.9392
218 1.94351
219 1.95124
220 1.95253
221 1.95621
222 1.96125
223 1.98585
224 2.01444
225 2.01689
226 2.02214
227 2.0253
228 2.03201
229 2.04485
230 2.07481
231 2.07588
232 2.08418
233 2.10015
234 2.12371
235 2.12609
236 2.13969
237 2.14893
238 2.1528
239 2.16601
240 2.18009
241 2.18512
242 2.19155
243 2.19529
244 2.20317
245 2.21167
246 2.22091
247 2.22693
248 2.23249
249 2.24024
250 2.24959
251 2.25618
252 2.2775
253 2.28298
254 2.29357
255 2.30101
256 2.306
257 2.31783
258 2.32552
259 2.33358
260 2.35154
261 2.3577
262 2.36352
263 2.37498
264 2.37909
265 2.38635
266 2.38859
267 2.40269
268 2.4105
269 2.41368
270 2.42084
271 2.4554
272 2.46498
273 2.47209
274 2.47444
275 2.47946
276 2.5015
277 2.50324
278 2.5043
279 2.51079
280 2.52132
281 2.53637
282 2.53962
283 2.57283
284 2.57744
285 2.60347
286 2.60892
287 2.61075
288 2.61286
289 2.62579
290 2.62866
291 2.63376
292 2.64841
293 2.65245
294 2.65386
295 2.6676
296 2.68765
297 2.71088
298 2.71918
299 2.72166
300 2.727
301 2.72858
302 2.73191
303 2.74595
304 2.74806
305 2.75356
306 2.76344
307 2.76614
308 2.78701
309 2.79668
310 2.79771
311 2.80658
312 2.82075
313 2.82836
314 2.84089
315 2.84409
316 2.84897
317 2.86132
318 2.88119
319 2.88479
320 2.89292
321 2.90214
322 2.93903
323 2.9456
324 2.94877
325 2.95089
326 2.95803
327 2.98256
328 2.98586
329 2.99173
330 2.99417
