1 0.00142
2 0.00287
3 0.00477
4 0.02071
5 0.02204
6 0.02323
7 0.03002
8 0.03258
9 0.03511
10 0.05357
11 0.05881
12 0.06217
13 0.06806
14 0.07034
15 0.07341
16 0.07568
17 0.07922
18 0.08618
19 0.09684
20 0.09965
21 0.10868
22 0.11343
23 0.12492
24 0.12588
25 0.13474
26 0.13645
27 0.13799
28 0.1409
29 0.14476
30 0.15148
31 0.15948
32 0.16435
33 0.17377
34 0.18089
35 0.19054
36 0.19209
37 0.19846
38 0.20107
39 0.20429
40 0.20756
41 0.21584
42 0.22144
43 0.22485
44 0.22893
45 0.23066
46 0.23387
47 0.24266
48 0.24764
49 0.25041
50 0.25344
51 0.26701
52 0.27409
53 0.28426
54 0.28899
55 0.29472
56 0.30566
57 0.31336
58 0.31582
59 0.31915
60 0.32895
61 0.34129
62 0.34748
63 0.3533
64 0.35971
65 0.36359
66 0.373
67 0.37509
68 0.37966
69 0.38295
70 0.40508
71 0.40951
72 0.41191
73 0.42768
74 0.43209
75 0.43325
76 0.43754
77 0.44226
78 0.44535
79 0.46744
80 0.47439
81 0.48348
82 0.48687
83 0.49058
84 0.49563
85 0.49768
86 0.51852
87 0.53121
88 0.53368
89 0.55466
90 0.55705
91 0.5678
92 0.56914
93 0.57913
94 0.58067
95 0.58581
96 0.59394
97 0.59867
98 0.60928
99 0.61658
100 0.61812
101 0.62394
102 0.62807
103 0.63777
104 0.64331
105 0.65079
106 0.6646
107 0.67475
108 0.67707
109 0.69365
110 0.70004
111 0.7209
112 0.72714
113 0.73872
114 0.74413
115 0.74559
116 0.7505
117 0.75559
118 0.75823
119 0.76603
120 0.78172
121 0.7977
122 0.81103
123 0.81647
124 0.8188
125 0.8223
126 0.82889
127 0.82984
128 0.83354
129 0.85248
130 0.85761
131 0.86656
132 0.86925
133 0.8746
134 0.87843
135 0.88216
136 0.88748
137 0.89212
138 0.89762
139 0.90137
140 0.90962
141 0.93099
142 0.9319
143 0.93997
144 0.94444
145 0.94735
146 0.95543
147 0.97239
148 0.97601
149 0.98693
150 1.00251
151 1.00936
152 1.02757
153 1.03028
154 1.03932
155 1.04823
156 1.05666
157 1.06154
158 1.06976
159 1.07441
160 1.07565
161 1.08318
162 1.09357
163 1.11317
164 1.11708
165 1.11857
166 1.1221
167 1.12899
168 1.13148
169 1.13478
170 1.14302
171 1.16451
172 1.17745
173 1.18132
174 1.18766
175 1.19069
176 1.19359
177 1.19471
178 1.19803
179 1.21937
180 1.22264
181 1.22971
182 1.23186
183 1.23577
184 1.24188
185 1.24477
186 1.25787
187 1.2771
188 1.28125
189 1.28358
190 1.28642
191 1.28791
192 1.29009
193 1.30725
194 1.31686
195 1.31967
196 1.32373
197 1.3259
198 1.32704
199 1.32926
200 1.33495
201 1.3424
202 1.34648
203 1.35072
204 1.3611
205 1.36744
206 1.37162
207 1.37847
208 1.39559
209 1.40195
210 1.40885
211 1.43384
212 1.43535
213 1.43979
214 1.44608
215 1.4481
216 1.47391
217 1.47739
218 1.48476
219 1.49503
220 1.50921
221 1.51703
222 1.53531
223 1.54169
224 1.54906
225 1.5556
226 1.56564
227 1.57195
228 1.57637
229 1.5833
230 1.5887
231 1.59653
232 1.60492
233 1.61261
234 1.62125
235 1.63396
236 1.63985
237 1.65197
238 1.66008
239 1.66691
240 1.6757
241 1.67863
242 1.69027
243 1.69177
244 1.69479
245 1.70584
246 1.72305
247 1.72675
248 1.72945
249 1.73281
250 1.73748
251 1.73938
252 1.74189
253 1.7481
254 1.75394
255 1.77722
256 1.78416
257 1.80474
258 1.80724
259 1.80949
260 1.8117
261 1.81985
262 1.82363
263 1.83851
264 1.84085
265 1.85242
266 1.85325
267 1.85884
268 1.86532
269 1.871
270 1.87677
271 1.88291
272 1.89463
273 1.92629
274 1.93023
275 1.9454
276 1.95005
277 1.97552
278 1.98191
279 1.98768
280 1.99119
281 1.99918
282 2.00255
283 2.02479
284 2.03136
285 2.0395
286 2.0495
287 2.05734
288 2.06189
289 2.07311
290 2.0776
291 2.07965
292 2.09725
293 2.11536
294 2.12205
295 2.12743
296 2.1344
297 2.13656
298 2.14348
299 2.15111
300 2.15904
301 2.18199
302 2.19314
303 2.20165
304 2.22614
305 2.23402
306 2.25923
307 2.26318
308 2.27231
309 2.27548
310 2.27698
311 2.30892
312 2.31747
313 2.31971
314 2.32849
315 2.33485
316 2.34051
317 2.34435
318 2.35351
319 2.35746
320 2.36496
321 2.36737
322 2.36832
323 2.37329
324 2.37889
325 2.38296
326 2.39094
327 2.39773
328 2.4162
329 2.42232
330 2.42755
331 2.45093
332 2.46716
333 2.47326
334 2.48352
335 2.48941
336 2.49123
337 2.51099
338 2.52485
339 2.5321
340 2.53553
341 2.55024
342 2.5584
343 2.56228
344 2.56922
345 2.57206
346 2.57441
347 2.58206
348 2.60912
349 2.61682
350 2.62404
351 2.62772
352 2.63364
353 2.6426
354 2.64841
355 2.65177
356 2.65636
357 2.65785
358 2.6602
359 2.67666
360 2.6829
361 2.68465
362 2.69764
363 2.72482
364 2.73746
365 2.7433
366 2.7444
367 2.74752
368 2.75974
369 2.76592
370 2.77499
371 2.78274
372 2.80465
373 2.8136
374 2.81703
375 2.82044
376 2.82986
377 2.84824
378 2.86219
379 2.86523
380 2.87088
381 2.87783
382 2.88802
383 2.89429
384 2.90715
385 2.91684
386 2.92776
387 2.9293
388 2.94228
389 2.9448
390 2.96939
391 2.97518
392 2.98233
393 2.98989
394 2.99882
