1 0.00252
2 0.02211
3 0.02993
4 0.03627
5 0.05831
6 0.06126
7 0.07632
8 0.07823
9 0.08828
10 0.09978
11 0.10345
12 0.1101
13 0.12155
14 0.1297
15 0.13812
16 0.14097
17 0.14414
18 0.14541
19 0.14872
20 0.1587
21 0.16694
22 0.17217
23 0.18842
24 0.20618
25 0.21101
26 0.21633
27 0.2214
28 0.24944
29 0.27187
30 0.28185
31 0.28373
32 0.2952
33 0.3005
34 0.3138
35 0.31696
36 0.32641
37 0.3308
38 0.33745
39 0.346
40 0.35441
41 0.37988
42 0.39583
43 0.40104
44 0.40842
45 0.41043
46 0.4224
47 0.43323
48 0.43744
49 0.44933
50 0.45815
51 0.47146
52 0.47559
53 0.47921
54 0.48744
55 0.50575
56 0.5172
57 0.53288
58 0.53612
59 0.54408
60 0.56532
61 0.58076
62 0.58815
63 0.59944
64 0.61034
65 0.6158
66 0.61998
67 0.62238
68 0.63267
69 0.63658
70 0.66102
71 0.67337
72 0.69143
73 0.69779
74 0.7035
75 0.70691
76 0.72912
77 0.74591
78 0.75313
79 0.77297
80 0.78329
81 0.78548
82 0.80445
83 0.80575
84 0.80998
85 0.8446
86 0.84806
87 0.85571
88 0.86391
89 0.86673
90 0.87715
91 0.88647
92 0.89714
93 0.91217
94 0.91639
95 0.92252
96 0.94138
97 0.94518
98 0.9543
99 0.95646
100 0.95997
101 0.9685
102 0.97643
103 0.98013
104 0.98826
105 1.00369
106 1.02076
107 1.03983
108 1.04251
109 1.04717
110 1.05753
111 1.0625
112 1.06398
113 1.06841
114 1.07475
115 1.07763
116 1.08427
117 1.08527
118 1.09707
119 1.11852
120 1.12632
121 1.12889
122 1.16077
123 1.17055
124 1.17173
125 1.18314
126 1.19616
127 1.20894
128 1.20999
129 1.22019
130 1.23164
131 1.23848
132 1.24881
133 1.26936
134 1.27607
135 1.28701
136 1.30694
137 1.31196
138 1.32511
139 1.3334
140 1.33823
141 1.34491
142 1.34714
143 1.35258
144 1.35918
145 1.36649
146 1.38014
147 1.3922
148 1.40175
149 1.41674
150 1.42229
151 1.43239
152 1.43808
153 1.44838
154 1.46042
155 1.46951
156 1.48786
157 1.49839
158 1.51557
159 1.52711
160 1.5343
161 1.54267
162 1.54775
163 1.54883
164 1.57065
165 1.58156
166 1.59903
167 1.602
168 1.60672
169 1.61526
170 1.61917
171 1.62595
172 1.63896
173 1.6503
174 1.66539
175 1.66987
176 1.68301
177 1.69094
178 1.69809
179 1.70031
180 1.70413
181 1.71072
182 1.71715
183 1.72743
184 1.72936
185 1.73199
186 1.7381
187 1.7588
188 1.76293
189 1.77339
190 1.78478
191 1.79336
192 1.7952
193 1.80307
194 1.81717
195 1.8535
196 1.87157
197 1.89368
198 1.90082
199 1.91946
200 1.92397
201 1.93635
202 1.94544
203 1.95035
204 1.97631
205 1.99117
206 1.996
207 2.00601
208 2.00769
209 2.01529
210 2.01726
211 2.02039
212 2.02702
213 2.03479
214 2.04746
215 2.05986
216 2.07365
217 2.0925
218 2.09843
219 2.11261
220 2.12849
221 2.14179
222 2.14952
223 2.15228
224 2.16326
225 2.16704
226 2.17271
227 2.1757
228 2.18229
229 2.18569
230 2.19212
231 2.20941
232 2.21696
233 2.22968
234 2.23092
235 2.2466
236 2.25572
237 2.27222
238 2.27609
239 2.28799
240 2.31444
241 2.32899
242 2.35022
243 2.35851
244 2.36651
245 2.37607
246 2.39549
247 2.40049
248 2.40937
249 2.41265
250 2.41452
251 2.41575
252 2.42224
253 2.4373
254 2.43932
255 2.44225
256 2.44608
257 2.44965
258 2.45339
259 2.4604
260 2.4721
261 2.48225
262 2.49198
263 2.49587
264 2.49959
265 2.50302
266 2.50437
267 2.50567
268 2.50759
269 2.50941
270 2.51265
271 2.51756
272 2.51898
273 2.52208
274 2.53229
275 2.54276
276 2.55181
277 2.56399
278 2.57859
279 2.5853
280 2.59341
281 2.60148
282 2.61234
283 2.62068
284 2.63565
285 2.64275
286 2.65149
287 2.65646
288 2.67221
289 2.68165
290 2.68447
291 2.69954
292 2.7009
293 2.70522
294 2.71718
295 2.72641
296 2.73855
297 2.77633
298 2.78334
299 2.79183
300 2.79438
301 2.81266
302 2.81919
303 2.8534
304 2.85764
305 2.86573
306 2.86803
307 2.88512
308 2.88722
309 2.90703
310 2.91382
311 2.93144
312 2.94833
313 2.95254
314 2.96095
315 2.96427
316 2.97047
317 2.97881
318 2.99382
319 2.99546
