1 0.00117
2 0.00891
3 0.01353
4 0.01621
5 0.01998
6 0.02629
7 0.03278
8 0.03525
9 0.05065
10 0.06246
11 0.06386
12 0.06545
13 0.07961
14 0.09388
15 0.09566
16 0.09814
17 0.12159
18 0.13207
19 0.13563
20 0.14442
21 0.15216
22 0.15581
23 0.16296
24 0.17889
25 0.19127
26 0.19489
27 0.20396
28 0.21378
29 0.21514
30 0.21862
31 0.22104
32 0.23213
33 0.24264
34 0.24424
35 0.25418
36 0.2609
37 0.26587
38 0.26901
39 0.27878
40 0.28322
41 0.28789
42 0.29042
43 0.30972
44 0.32114
45 0.32522
46 0.32996
47 0.34352
48 0.34502
49 0.35516
50 0.3607
51 0.37278
52 0.37487
53 0.37726
54 0.38324
55 0.38657
56 0.39671
57 0.39884
58 0.40069
59 0.40464
60 0.42145
61 0.42457
62 0.43255
63 0.44494
64 0.45325
65 0.46938
66 0.47379
67 0.47715
68 0.4838
69 0.49827
70 0.5025
71 0.50862
72 0.51207
73 0.51493
74 0.52976
75 0.53257
76 0.54087
77 0.56308
78 0.57216
79 0.57503
80 0.5949
81 0.59612
82 0.6018
83 0.61043
84 0.61742
85 0.63085
86 0.63662
87 0.64856
88 0.65048
89 0.65868
90 0.66009
91 0.67792
92 0.69124
93 0.70742
94 0.7224
95 0.74043
96 0.7524
97 0.75461
98 0.75854
99 0.76206
100 0.77848
101 0.78585
102 0.79405
103 0.79878
104 0.80044
105 0.81679
106 0.82495
107 0.83286
108 0.85293
109 0.8592
110 0.87162
111 0.87982
112 0.90036
113 0.90234
114 0.90668
115 0.92049
116 0.93761
117 0.94742
118 0.96036
119 0.96542
120 0.98266
121 0.98519
122 0.99022
123 1.00998
124 1.01098
125 1.01279
126 1.01572
127 1.02513
128 1.03975
129 1.04636
130 1.05335
131 1.06692
132 1.07074
133 1.07425
134 1.07785
135 1.08465
136 1.0945
137 1.10009
138 1.11023
139 1.12995
140 1.14395
141 1.14529
142 1.17681
143 1.18643
144 1.19272
145 1.19954
146 1.21232
147 1.21544
148 1.22017
149 1.23419
150 1.26292
151 1.26673
152 1.27715
153 1.27822
154 1.31484
155 1.32016
156 1.32299
157 1.34076
158 1.35341
159 1.35846
160 1.36048
161 1.36786
162 1.37542
163 1.38688
164 1.40189
165 1.40315
166 1.40473
167 1.41112
168 1.41963
169 1.4242
170 1.43313
171 1.44101
172 1.47106
173 1.47368
174 1.48063
175 1.49013
176 1.50799
177 1.52395
178 1.53541
179 1.53679
180 1.54851
181 1.55376
182 1.56306
183 1.56784
184 1.57474
185 1.57801
186 1.58096
187 1.58244
188 1.58907
189 1.59259
190 1.59672
191 1.60069
192 1.60418
193 1.6251
194 1.62726
195 1.63305
196 1.63935
197 1.64994
198 1.65843
199 1.65977
200 1.66502
201 1.67401
202 1.67694
203 1.70776
204 1.71203
205 1.72711
206 1.75253
207 1.75444
208 1.76078
209 1.76887
210 1.78799
211 1.80146
212 1.81842
213 1.82046
214 1.83363
215 1.85424
216 1.86631
217 1.86975
218 1.87547
219 1.88168
220 1.89138
221 1.89511
222 1.89736
223 1.89959
224 1.90756
225 1.92197
226 1.93495
227 1.94499
228 1.95039
229 1.95339
230 1.95823
231 1.96209
232 1.968
233 1.97181
234 1.97603
235 1.98017
236 1.98993
237 1.99169
238 2.00118
239 2.00647
240 2.0289
241 2.03927
242 2.04083
243 2.04194
244 2.05223
245 2.05875
246 2.07324
247 2.08517
248 2.08647
249 2.094
250 2.10386
251 2.10913
252 2.12972
253 2.13695
254 2.14944
255 2.15561
256 2.1587
257 2.17881
258 2.18394
259 2.18732
260 2.1993
261 2.20344
262 2.21514
263 2.22318
264 2.22819
265 2.233
266 2.23416
267 2.24773
268 2.25653
269 2.26533
270 2.26837
271 2.27395
272 2.277
273 2.28391
274 2.29669
275 2.30115
276 2.30249
277 2.30577
278 2.31548
279 2.32758
280 2.34823
281 2.35032
282 2.36154
283 2.37979
284 2.38337
285 2.39366
286 2.40259
287 2.41702
288 2.43432
289 2.44643
290 2.45243
291 2.45739
292 2.46812
293 2.47249
294 2.49138
295 2.4982
296 2.50614
297 2.50991
298 2.51156
299 2.52138
300 2.53641
301 2.55244
302 2.56531
303 2.57073
304 2.57389
305 2.57876
306 2.59897
307 2.60035
308 2.60635
309 2.61768
310 2.6211
311 2.62482
312 2.62726
313 2.62916
314 2.63314
315 2.64596
316 2.65813
317 2.66348
318 2.67599
319 2.7172
320 2.72201
321 2.73098
322 2.73783
323 2.74338
324 2.74939
325 2.7554
326 2.75684
327 2.75844
328 2.77694
329 2.78174
330 2.78981
331 2.80025
332 2.81084
333 2.81526
334 2.81989
335 2.82506
336 2.83178
337 2.85851
338 2.8636
339 2.87739
340 2.88236
341 2.88649
342 2.89071
343 2.9216
344 2.92578
345 2.93099
346 2.96182
347 2.97812
