1 0.00194
2 0.00865
3 0.01127
4 0.01403
5 0.01605
6 0.0193
7 0.0226
8 0.03082
9 0.03576
10 0.03843
11 0.0399
12 0.04659
13 0.04848
14 0.06357
15 0.06987
16 0.08071
17 0.09653
18 0.1242
19 0.12629
20 0.12941
21 0.13261
22 0.13621
23 0.15261
24 0.15621
25 0.15763
26 0.16707
27 0.1744
28 0.17892
29 0.18995
30 0.19859
31 0.20122
32 0.20834
33 0.2234
34 0.22728
35 0.23447
36 0.24332
37 0.26174
38 0.2672
39 0.27781
40 0.2876
41 0.29396
42 0.2965
43 0.30864
44 0.31481
45 0.3285
46 0.33117
47 0.33366
48 0.34201
49 0.3537
50 0.35956
51 0.36268
52 0.37363
53 0.37675
54 0.37961
55 0.3891
56 0.39398
57 0.39678
58 0.42013
59 0.42545
60 0.42935
61 0.4326
62 0.43921
63 0.4426
64 0.44726
65 0.45397
66 0.45698
67 0.45865
68 0.46641
69 0.48384
70 0.49393
71 0.49759
72 0.51826
73 0.53619
74 0.5379
75 0.5427
76 0.56316
77 0.56429
78 0.56748
79 0.57082
80 0.57828
81 0.60189
82 0.60993
83 0.62952
84 0.63828
85 0.64466
86 0.64957
87 0.65145
88 0.65574
89 0.65688
90 0.67296
91 0.67432
92 0.68574
93 0.68741
94 0.6912
95 0.6937
96 0.69632
97 0.70242
98 0.71313
99 0.71841
100 0.72493
101 0.72692
102 0.7284
103 0.73001
104 0.74596
105 0.74733
106 0.75401
107 0.76734
108 0.77314
109 0.7749
110 0.78722
111 0.78923
112 0.79442
113 0.80046
114 0.80558
115 0.81497
116 0.81909
117 0.82787
118 0.83675
119 0.85061
120 0.85707
121 0.86017
122 0.86347
123 0.87354
124 0.87827
125 0.87965
126 0.88213
127 0.899
128 0.90502
129 0.91096
130 0.91311
131 0.93086
132 0.93775
133 0.94949
134 0.95434
135 0.95962
136 0.96954
137 0.98337
138 0.99051
139 0.99586
140 0.99819
141 1.01944
142 1.0237
143 1.02704
144 1.03972
145 1.04158
146 1.04507
147 1.06153
148 1.07927
149 1.08525
150 1.10205
151 1.11236
152 1.11961
153 1.13022
154 1.13878
155 1.1408
156 1.14441
157 1.1538
158 1.15768
159 1.17217
160 1.18423
161 1.18779
162 1.19265
163 1.19524
164 1.21254
165 1.21834
166 1.22918
167 1.23251
168 1.24543
169 1.25107
170 1.25244
171 1.25457
172 1.2586
173 1.26986
174 1.27285
175 1.28103
176 1.2928
177 1.3028
178 1.3053
179 1.315
180 1.31673
181 1.32147
182 1.32427
183 1.3269
184 1.33364
185 1.34997
186 1.35423
187 1.36011
188 1.3637
189 1.37848
190 1.38266
191 1.39236
192 1.39511
193 1.39707
194 1.41107
195 1.4152
196 1.42834
197 1.43529
198 1.43788
199 1.44293
200 1.45015
201 1.45789
202 1.48028
203 1.48896
204 1.49725
205 1.4998
206 1.50481
207 1.51331
208 1.51466
209 1.52112
210 1.53337
211 1.53789
212 1.5463
213 1.54921
214 1.56393
215 1.56676
216 1.59753
217 1.60475
218 1.60667
219 1.60919
220 1.62904
221 1.63977
222 1.64128
223 1.65308
224 1.65989
225 1.66585
226 1.67273
227 1.68136
228 1.68278
229 1.68768
230 1.69796
231 1.70408
232 1.72098
233 1.72358
234 1.74329
235 1.74553
236 1.74854
237 1.75072
238 1.75412
239 1.7703
240 1.7927
241 1.79674
242 1.80009
243 1.81029
244 1.81995
245 1.82639
246 1.82882
247 1.84824
248 1.85643
249 1.85858
250 1.86569
251 1.88254
252 1.88691
253 1.88786
254 1.89731
255 1.89951
256 1.90272
257 1.90568
258 1.918
259 1.92983
260 1.9328
261 1.94108
262 1.94617
263 1.96042
264 1.9629
265 1.97743
266 1.97852
267 1.99412
268 2.00584
269 2.02413
270 2.04375
271 2.06107
272 2.06887
273 2.08216
274 2.09081
275 2.09746
276 2.10097
277 2.10313
278 2.10841
279 2.13338
280 2.14198
281 2.14476
282 2.15628
283 2.16125
284 2.1661
285 2.17033
286 2.17582
287 2.18041
288 2.18555
289 2.18938
290 2.19345
291 2.20566
292 2.21781
293 2.22858
294 2.23137
295 2.25057
296 2.25327
297 2.25532
298 2.2707
299 2.27245
300 2.27743
301 2.29132
302 2.30153
303 2.30581
304 2.31514
305 2.3192
306 2.32426
307 2.33735
308 2.34725
309 2.35144
310 2.3597
311 2.36378
312 2.3781
313 2.38007
314 2.38796
315 2.38966
316 2.396
317 2.40797
318 2.4248
319 2.42693
320 2.4339
321 2.44136
322 2.44565
323 2.45286
324 2.45414
325 2.45872
326 2.47459
327 2.47771
328 2.49718
329 2.50112
330 2.50458
331 2.50872
332 2.5195
333 2.52442
334 2.54084
335 2.5481
336 2.55071
337 2.56425
338 2.57406
339 2.58307
340 2.59864
341 2.60385
342 2.6058
343 2.61004
344 2.61228
345 2.62822
346 2.63281
347 2.6342
348 2.63682
349 2.64366
350 2.64762
351 2.65623
352 2.66608
353 2.67899
354 2.69132
355 2.69353
356 2.69581
357 2.69808
358 2.72409
359 2.72785
360 2.7375
361 2.74376
362 2.74861
363 2.75132
364 2.76062
365 2.76737
366 2.78966
367 2.79579
368 2.81562
369 2.81741
370 2.84066
371 2.84678
372 2.85214
373 2.85772
374 2.85913
375 2.86228
376 2.87424
377 2.87628
378 2.89026
379 2.89489
380 2.90196
381 2.9121
382 2.92893
383 2.93633
384 2.94712
385 2.95088
386 2.95614
387 2.97293
388 2.97927
389 2.98699
390 2.99567
