1 0.00379
2 0.01259
3 0.02157
4 0.02576
5 0.03521
6 0.03963
7 0.04412
8 0.06084
9 0.06413
10 0.06705
11 0.07607
12 0.08192
13 0.09244
14 0.09745
15 0.10114
16 0.10762
17 0.11245
18 0.12299
19 0.12986
20 0.13824
21 0.15401
22 0.16042
23 0.16376
24 0.16803
25 0.19253
26 0.2243
27 0.229
28 0.23895
29 0.25012
30 0.25418
31 0.26996
32 0.27101
33 0.27587
34 0.27988
35 0.28944
36 0.29611
37 0.30575
38 0.31052
39 0.31933
40 0.32512
41 0.33625
42 0.33865
43 0.35212
44 0.3609
45 0.36393
46 0.37894
47 0.38329
48 0.393
49 0.39725
50 0.40612
51 0.4173
52 0.42254
53 0.42732
54 0.43694
55 0.43889
56 0.45488
57 0.46102
58 0.47954
59 0.51511
60 0.52249
61 0.52388
62 0.52685
63 0.53203
64 0.5356
65 0.54007
66 0.54568
67 0.54807
68 0.55447
69 0.56446
70 0.56848
71 0.57482
72 0.57678
73 0.57917
74 0.58036
75 0.58678
76 0.60121
77 0.60868
78 0.61194
79 0.61469
80 0.61931
81 0.6467
82 0.65962
83 0.67583
84 0.68622
85 0.69832
86 0.7019
87 0.71454
88 0.72179
89 0.73028
90 0.7475
91 0.75877
92 0.76987
93 0.77429
94 0.77691
95 0.78519
96 0.79066
97 0.80344
98 0.82468
99 0.82849
100 0.8313
101 0.83345
102 0.8438
103 0.84705
104 0.85246
105 0.85838
106 0.86578
107 0.86995
108 0.88059
109 0.88608
110 0.90043
111 0.90684
112 0.91591
113 0.92519
114 0.93751
115 0.95561
116 0.97318
117 0.99576
118 0.99835
119 1.00437
120 1.02234
121 1.02715
122 1.02984
123 1.04276
124 1.04869
125 1.05787
126 1.06173
127 1.0663
128 1.07327
129 1.07887
130 1.08631
131 1.09741
132 1.10553
133 1.11504
134 1.11665
135 1.12036
136 1.13715
137 1.14625
138 1.15073
139 1.15768
140 1.16729
141 1.17817
142 1.18137
143 1.21306
144 1.22416
145 1.23018
146 1.23587
147 1.23841
148 1.24025
149 1.25706
150 1.2823
151 1.29796
152 1.30305
153 1.31059
154 1.32123
155 1.33153
156 1.34022
157 1.34214
158 1.3577
159 1.36043
160 1.36884
161 1.39011
162 1.39617
163 1.41102
164 1.41907
165 1.42243
166 1.42721
167 1.44305
168 1.45677
169 1.47937
170 1.48661
171 1.48902
172 1.49249
173 1.49505
174 1.50097
175 1.51404
176 1.51743
177 1.52731
178 1.53335
179 1.54272
180 1.54943
181 1.55654
182 1.55986
183 1.57023
184 1.5746
185 1.58253
186 1.5984
187 1.6097
188 1.62174
189 1.63673
190 1.6492
191 1.66081
192 1.67603
193 1.69508
194 1.70045
195 1.72166
196 1.72506
197 1.735
198 1.73609
199 1.74391
200 1.76989
201 1.78585
202 1.79058
203 1.79396
204 1.7971
205 1.8045
206 1.81417
207 1.83001
208 1.83797
209 1.84362
210 1.85351
211 1.85687
212 1.8708
213 1.87873
214 1.90662
215 1.91028
216 1.92109
217 1.96446
218 1.98115
219 1.98754
220 2.01158
221 2.01718
222 2.02318
223 2.02924
224 2.031
225 2.03325
226 2.03806
227 2.04448
228 2.04735
229 2.06723
230 2.07679
231 2.08313
232 2.09125
233 2.10523
234 2.11445
235 2.12129
236 2.12412
237 2.12658
238 2.15104
239 2.16214
240 2.1718
241 2.18885
242 2.20142
243 2.20961
244 2.21733
245 2.22751
246 2.2307
247 2.24148
248 2.24807
249 2.25211
250 2.26337
251 2.26593
252 2.27883
253 2.29662
254 2.31905
255 2.32786
256 2.33298
257 2.33439
258 2.34296
259 2.37343
260 2.3776
261 2.38593
262 2.38997
263 2.40246
264 2.40639
265 2.41646
266 2.45492
267 2.47
268 2.47545
269 2.48333
270 2.51271
271 2.51623
272 2.52253
273 2.53357
274 2.54521
275 2.55377
276 2.56442
277 2.57427
278 2.57947
279 2.59769
280 2.60347
281 2.61439
282 2.61729
283 2.62079
284 2.6448
285 2.65667
286 2.65851
287 2.66392
288 2.66677
289 2.68427
290 2.68806
291 2.70703
292 2.73008
293 2.73368
294 2.76876
295 2.77548
296 2.78119
297 2.7876
298 2.7985
299 2.80557
300 2.80913
301 2.81157
302 2.81732
303 2.82431
304 2.83212
305 2.85674
306 2.85935
307 2.87326
308 2.89901
309 2.90349
310 2.90972
311 2.91412
312 2.92751
313 2.93932
314 2.95297
315 2.97499
316 2.98099
317 2.99277
318 2.99764
