1 0.0061
2 0.00983
3 0.01194
4 0.01662
5 0.02214
6 0.0272
7 0.0406
8 0.05317
9 0.06843
10 0.08671
11 0.08895
12 0.10035
13 0.10783
14 0.11054
15 0.11613
16 0.13313
17 0.13918
18 0.14807
19 0.1572
20 0.16435
21 0.17186
22 0.1823
23 0.18735
24 0.20005
25 0.20637
26 0.21941
27 0.23049
28 0.23572
29 0.24674
30 0.2543
31 0.26127
32 0.27848
33 0.29589
34 0.30913
35 0.31622
36 0.32588
37 0.33681
38 0.36032
39 0.36687
40 0.37171
41 0.38586
42 0.39
43 0.398
44 0.40152
45 0.4069
46 0.40919
47 0.41393
48 0.43272
49 0.43474
50 0.45322
51 0.46142
52 0.48212
53 0.48579
54 0.49394
55 0.5051
56 0.50651
57 0.51229
58 0.5233
59 0.53493
60 0.54133
61 0.54992
62 0.55462
63 0.57683
64 0.58069
65 0.58783
66 0.5999
67 0.60382
68 0.61054
69 0.61722
70 0.62127
71 0.62438
72 0.64105
73 0.64641
74 0.66361
75 0.66832
76 0.67426
77 0.6891
78 0.70423
79 0.70803
80 0.72132
81 0.74085
82 0.75604
83 0.76188
84 0.78606
85 0.81678
86 0.8254
87 0.82912
88 0.84107
89 0.84896
90 0.85304
91 0.87599
92 0.89094
93 0.89333
94 0.90314
95 0.91344
96 0.92586
97 0.93089
98 0.93947
99 0.96249
100 0.96495
101 0.97676
102 0.97997
103 0.98505
104 0.99187
105 0.99797
106 1.00115
107 1.00643
108 1.02051
109 1.02471
110 1.04343
111 1.04506
112 1.04952
113 1.05948
114 1.07177
115 1.08672
116 1.09854
117 1.10066
118 1.10305
119 1.10701
120 1.1157
121 1.13105
122 1.14385
123 1.14786
124 1.15549
125 1.15893
126 1.17189
127 1.187
128 1.19704
129 1.20334
130 1.21025
131 1.23742
132 1.24679
133 1.25542
134 1.26617
135 1.2709
136 1.27917
137 1.29067
138 1.30005
139 1.30624
140 1.309
141 1.31181
142 1.33582
143 1.3449
144 1.34859
145 1.36369
146 1.3753
147 1.3887
148 1.39155
149 1.3968
150 1.41526
151 1.42304
152 1.42981
153 1.44406
154 1.45221
155 1.46828
156 1.48364
157 1.48552
158 1.49389
159 1.49682
160 1.51044
161 1.52966
162 1.5342
163 1.54168
164 1.5481
165 1.55112
166 1.5621
167 1.56506
168 1.57384
169 1.57718
170 1.58107
171 1.58804
172 1.61081
173 1.63404
174 1.63741
175 1.63979
176 1.64384
177 1.64547
178 1.65149
179 1.65852
180 1.67019
181 1.67976
182 1.68639
183 1.69269
184 1.70041
185 1.7018
186 1.71265
187 1.719
188 1.72334
189 1.73808
190 1.73948
191 1.74157
192 1.75863
193 1.76376
194 1.77146
195 1.77615
196 1.78728
197 1.79729
198 1.82635
199 1.83248
200 1.85207
201 1.85601
202 1.85896
203 1.86592
204 1.86827
205 1.86923
206 1.89645
207 1.89782
208 1.90474
209 1.91421
210 1.91851
211 1.92432
212 1.92772
213 1.9332
214 1.95011
215 1.9623
216 1.98399
217 1.98577
218 1.99398
219 1.99731
220 2.01212
221 2.0189
222 2.02422
223 2.04466
224 2.04924
225 2.06569
226 2.07335
227 2.09113
228 2.09416
229 2.1026
230 2.11012
231 2.11814
232 2.1459
233 2.15131
234 2.1546
235 2.15794
236 2.16642
237 2.16981
238 2.17306
239 2.18011
240 2.20192
241 2.21407
242 2.22557
243 2.24248
244 2.26025
245 2.28077
246 2.28993
247 2.30444
248 2.32728
249 2.34814
250 2.364
251 2.37051
252 2.37393
253 2.38888
254 2.39592
255 2.39747
256 2.39847
257 2.4098
258 2.41578
259 2.4188
260 2.43717
261 2.44686
262 2.45342
263 2.45578
264 2.47151
265 2.47806
266 2.49132
267 2.50185
268 2.50928
269 2.51107
270 2.51512
271 2.53638
272 2.54023
273 2.55131
274 2.55527
275 2.57465
276 2.57995
277 2.5869
278 2.59429
279 2.59939
280 2.60408
281 2.60786
282 2.62293
283 2.63979
284 2.64917
285 2.65227
286 2.67484
287 2.67911
288 2.68684
289 2.69199
290 2.69488
291 2.69917
292 2.7007
293 2.70996
294 2.73001
295 2.74566
296 2.75801
297 2.76045
298 2.79217
299 2.80342
300 2.82514
301 2.83446
302 2.84866
303 2.86374
304 2.86874
305 2.87165
306 2.88598
307 2.88708
308 2.89169
309 2.90111
310 2.9072
311 2.91094
312 2.91802
313 2.93684
314 2.94584
315 2.95343
316 2.95682
317 2.96599
318 2.98105
319 2.98686
320 2.99863
