1 0.00495
2 0.00789
3 0.01553
4 0.0199
5 0.02936
6 0.03265
7 0.05408
8 0.05529
9 0.06568
10 0.06987
11 0.08071
12 0.12155
13 0.15018
14 0.15297
15 0.16485
16 0.17531
17 0.18603
18 0.19921
19 0.21691
20 0.22233
21 0.22894
22 0.24385
23 0.25846
24 0.27042
25 0.2735
26 0.2884
27 0.29673
28 0.30178
29 0.3124
30 0.32031
31 0.32216
32 0.33402
33 0.3429
34 0.35566
35 0.36681
36 0.38003
37 0.39428
38 0.39756
39 0.40851
40 0.41196
41 0.41865
42 0.42992
43 0.43495
44 0.44107
45 0.4487
46 0.48128
47 0.49183
48 0.4993
49 0.50812
50 0.51714
51 0.52768
52 0.53318
53 0.53703
54 0.54447
55 0.54767
56 0.55048
57 0.55955
58 0.57005
59 0.57789
60 0.58657
61 0.5907
62 0.59979
63 0.61113
64 0.62229
65 0.64102
66 0.65019
67 0.65163
68 0.65925
69 0.68918
70 0.6924
71 0.69442
72 0.69656
73 0.70237
74 0.70703
75 0.70865
76 0.72727
77 0.72977
78 0.74559
79 0.7509
80 0.75515
81 0.80651
82 0.81045
83 0.82336
84 0.82549
85 0.82827
86 0.83088
87 0.84082
88 0.84271
89 0.8446
90 0.85202
91 0.86663
92 0.87813
93 0.88368
94 0.89434
95 0.90288
96 0.90866
97 0.91329
98 0.92643
99 0.92986
100 0.93462
101 0.94448
102 0.96506
103 0.97893
104 0.99471
105 1.00055
106 1.02155
107 1.02717
108 1.02889
109 1.05919
110 1.06572
111 1.07626
112 1.08461
113 1.09079
114 1.09573
115 1.12041
116 1.12675
117 1.13735
118 1.15575
119 1.16512
120 1.1767
121 1.18393
122 1.19992
123 1.22481
124 1.23527
125 1.2469
126 1.25263
127 1.26208
128 1.26536
129 1.27394
130 1.30782
131 1.31996
132 1.32612
133 1.33109
134 1.33917
135 1.36062
136 1.36466
137 1.36759
138 1.37072
139 1.3859
140 1.40095
141 1.40245
142 1.41019
143 1.41549
144 1.42062
145 1.43399
146 1.43731
147 1.43905
148 1.45639
149 1.4635
150 1.46658
151 1.47581
152 1.50808
153 1.51574
154 1.5211
155 1.52641
156 1.54482
157 1.54709
158 1.55001
159 1.55732
160 1.5601
161 1.56652
162 1.57435
163 1.58427
164 1.58658
165 1.59332
166 1.59784
167 1.63674
168 1.6393
169 1.64279
170 1.64612
171 1.64915
172 1.6523
173 1.66356
174 1.68299
175 1.68806
176 1.69144
177 1.70224
178 1.72306
179 1.73012
180 1.74217
181 1.75065
182 1.75643
183 1.77187
184 1.7794
185 1.78069
186 1.78595
187 1.79678
188 1.80638
189 1.81499
190 1.8164
191 1.83192
192 1.84434
193 1.86001
194 1.86644
195 1.86762
196 1.87035
197 1.88463
198 1.888
199 1.89872
200 1.91664
201 1.92684
202 1.93529
203 1.94366
204 1.95067
205 1.95677
206 1.95984
207 1.96548
208 1.97584
209 1.9788
210 1.9808
211 1.99853
212 2.01066
213 2.0185
214 2.02957
215 2.03267
216 2.03602
217 2.05122
218 2.06206
219 2.07394
220 2.09155
221 2.12882
222 2.1415
223 2.15021
224 2.18377
225 2.18876
226 2.19462
227 2.19745
228 2.20475
229 2.21243
230 2.21609
231 2.21765
232 2.22345
233 2.22939
234 2.23311
235 2.23938
236 2.25496
237 2.26615
238 2.29928
239 2.31262
240 2.3159
241 2.32844
242 2.34249
243 2.34416
244 2.39132
245 2.39693
246 2.39931
247 2.40665
248 2.42574
249 2.46104
250 2.4728
251 2.474
252 2.4827
253 2.49243
254 2.50205
255 2.51207
256 2.52232
257 2.53658
258 2.54743
259 2.55337
260 2.56181
261 2.56359
262 2.56857
263 2.57184
264 2.58223
265 2.59774
266 2.60301
267 2.61616
268 2.62788
269 2.63983
270 2.64245
271 2.64596
272 2.67784
273 2.68808
274 2.70054
275 2.71177
276 2.72973
277 2.7316
278 2.74407
279 2.77234
280 2.78054
281 2.79587
282 2.80695
283 2.81083
284 2.82467
285 2.83571
286 2.84176
287 2.84321
288 2.84769
289 2.86045
290 2.87707
291 2.8824
292 2.88821
293 2.89185
294 2.90022
295 2.90712
296 2.9112
297 2.92124
298 2.93136
299 2.93753
300 2.94116
301 2.96592
302 2.9802
303 2.99071
