1 0.00787
2 0.0125
3 0.01689
4 0.02008
5 0.02649
6 0.03272
7 0.03451
8 0.04886
9 0.0527
10 0.05427
11 0.07137
12 0.08167
13 0.08891
14 0.10372
15 0.10644
16 0.11246
17 0.12345
18 0.1368
19 0.13991
20 0.14661
21 0.15046
22 0.1579
23 0.17088
24 0.17288
25 0.19399
26 0.20045
27 0.21195
28 0.21385
29 0.23515
30 0.24417
31 0.2526
32 0.26975
33 0.27762
34 0.32284
35 0.32686
36 0.33562
37 0.35259
38 0.36703
39 0.37854
40 0.40134
41 0.40317
42 0.40882
43 0.41459
44 0.43618
45 0.44891
46 0.47218
47 0.48617
48 0.49581
49 0.49858
50 0.51382
51 0.5271
52 0.53012
53 0.53176
54 0.53354
55 0.54284
56 0.56252
57 0.56895
58 0.60065
59 0.6066
60 0.61235
61 0.62085
62 0.64475
63 0.65703
64 0.66443
65 0.66999
66 0.68263
67 0.69134
68 0.71965
69 0.7232
70 0.72893
71 0.73115
72 0.73478
73 0.77186
74 0.77598
75 0.78415
76 0.78804
77 0.79995
78 0.83155
79 0.83493
80 0.86468
81 0.86787
82 0.87309
83 0.89382
84 0.89915
85 0.90217
86 0.90717
87 0.90859
88 0.91296
89 0.93191
90 0.93496
91 0.96126
92 0.96339
93 0.96839
94 0.97108
95 0.97312
96 0.97499
97 1.01624
98 1.02255
99 1.04038
100 1.05051
101 1.05369
102 1.0816
103 1.09045
104 1.10343
105 1.11325
106 1.12196
107 1.13264
108 1.14264
109 1.14552
110 1.14967
111 1.15439
112 1.16078
113 1.16548
114 1.17378
115 1.18895
116 1.19088
117 1.20691
118 1.21071
119 1.23448
120 1.26152
121 1.2666
122 1.27011
123 1.27343
124 1.27512
125 1.28879
126 1.29271
127 1.30243
128 1.3144
129 1.32433
130 1.32677
131 1.33216
132 1.35375
133 1.36342
134 1.3671
135 1.3743
136 1.37802
137 1.38677
138 1.38959
139 1.4024
140 1.40585
141 1.41443
142 1.44324
143 1.45422
144 1.45748
145 1.46685
146 1.47359
147 1.50229
148 1.5119
149 1.5152
150 1.52052
151 1.53091
152 1.5346
153 1.54086
154 1.56271
155 1.60605
156 1.61834
157 1.62466
158 1.63215
159 1.64116
160 1.64832
161 1.65644
162 1.68859
163 1.69038
164 1.69632
165 1.69773
166 1.70373
167 1.71721
168 1.76075
169 1.77088
170 1.77684
171 1.77827
172 1.78028
173 1.79202
174 1.79361
175 1.80532
176 1.81539
177 1.82067
178 1.82968
179 1.83969
180 1.85085
181 1.85389
182 1.86401
183 1.86711
184 1.87112
185 1.88587
186 1.89191
187 1.89666
188 1.8986
189 1.91049
190 1.91572
191 1.91898
192 1.92785
193 1.94644
194 1.961
195 1.96997
196 2.00697
197 2.01462
198 2.02757
199 2.02929
200 2.06061
201 2.06996
202 2.07211
203 2.07806
204 2.07996
205 2.10744
206 2.12151
207 2.12879
208 2.14567
209 2.15089
210 2.15628
211 2.16486
212 2.17264
213 2.1766
214 2.18017
215 2.18406
216 2.19001
217 2.19186
218 2.20599
219 2.21011
220 2.23264
221 2.25537
222 2.26142
223 2.26836
224 2.2764
225 2.27987
226 2.31908
227 2.32515
228 2.33303
229 2.34042
230 2.34184
231 2.34483
232 2.35199
233 2.35782
234 2.35987
235 2.36322
236 2.37392
237 2.37707
238 2.39324
239 2.39666
240 2.41378
241 2.42096
242 2.42541
243 2.44312
244 2.4488
245 2.46031
246 2.47058
247 2.47825
248 2.49202
249 2.5266
250 2.57661
251 2.59346
252 2.60859
253 2.61874
254 2.62043
255 2.62843
256 2.64191
257 2.6541
258 2.65928
259 2.67145
260 2.68133
261 2.68306
262 2.69449
263 2.71801
264 2.72493
265 2.72704
266 2.73062
267 2.75892
268 2.78012
269 2.78792
270 2.81675
271 2.84898
272 2.85313
273 2.85853
274 2.86363
275 2.87936
276 2.88541
277 2.88916
278 2.89275
279 2.90417
280 2.91232
281 2.92399
282 2.93803
283 2.93959
284 2.94184
285 2.96325
286 2.96697
287 2.97551
288 2.97917
289 2.99967
