1 0.00129
2 0.00475
3 0.01992
4 0.02759
5 0.03039
6 0.03252
7 0.0355
8 0.03934
9 0.04105
10 0.05389
11 0.05637
12 0.0599
13 0.0649
14 0.06817
15 0.07522
16 0.07859
17 0.0835
18 0.0853
19 0.09323
20 0.10458
21 0.10884
22 0.11417
23 0.12273
24 0.13877
25 0.15305
26 0.16264
27 0.16608
28 0.1768
29 0.18155
30 0.18489
31 0.1969
32 0.19873
33 0.20122
34 0.20559
35 0.21138
36 0.22001
37 0.23118
38 0.24284
39 0.25685
40 0.2745
41 0.27654
42 0.28153
43 0.28833
44 0.31723
45 0.32708
46 0.3358
47 0.34936
48 0.36611
49 0.36855
50 0.37419
51 0.37754
52 0.38046
53 0.39055
54 0.39242
55 0.39461
56 0.39638
57 0.4007
58 0.40699
59 0.40829
60 0.41145
61 0.4256
62 0.42789
63 0.43085
64 0.43865
65 0.45498
66 0.46251
67 0.47664
68 0.48355
69 0.48806
70 0.4965
71 0.49817
72 0.50259
73 0.51276
74 0.52189
75 0.52465
76 0.5298
77 0.53574
78 0.54385
79 0.54775
80 0.55101
81 0.55464
82 0.56821
83 0.56921
84 0.57466
85 0.5861
86 0.59217
87 0.60111
88 0.60533
89 0.62211
90 0.63061
91 0.63595
92 0.64312
93 0.64645
94 0.64914
95 0.65417
96 0.66298
97 0.67296
98 0.67852
99 0.68846
100 0.69361
101 0.69834
102 0.70107
103 0.70599
104 0.71867
105 0.72351
106 0.73329
107 0.73774
108 0.7435
109 0.75108
110 0.7596
111 0.76554
112 0.77691
113 0.78175
114 0.79188
115 0.79657
116 0.8047
117 0.80804
118 0.81999
119 0.82749
120 0.83327
121 0.84045
122 0.84179
123 0.84477
124 0.85143
125 0.85713
126 0.8697
127 0.8709
128 0.87554
129 0.88093
130 0.89129
131 0.89748
132 0.9104
133 0.91756
134 0.92358
135 0.92847
136 0.92989
137 0.93196
138 0.94388
139 0.95097
140 0.95831
141 0.96344
142 0.96547
143 0.97258
144 0.97731
145 0.97911
146 0.98084
147 0.98947
148 0.99616
149 0.99931
150 1.0017
151 1.0065
152 1.01634
153 1.02693
154 1.0404
155 1.04252
156 1.05409
157 1.06643
158 1.07962
159 1.09503
160 1.10648
161 1.11944
162 1.12548
163 1.12917
164 1.13256
165 1.13425
166 1.13911
167 1.1573
168 1.16041
169 1.16674
170 1.17048
171 1.17735
172 1.17863
173 1.18372
174 1.18905
175 1.19713
176 1.20212
177 1.20532
178 1.21951
179 1.22475
180 1.23398
181 1.2437
182 1.24542
183 1.25088
184 1.25255
185 1.25651
186 1.25841
187 1.26736
188 1.27236
189 1.27552
190 1.27995
191 1.2839
192 1.28685
193 1.2977
194 1.30113
195 1.30354
196 1.31522
197 1.33021
198 1.33794
199 1.34175
200 1.3445
201 1.34949
202 1.35272
203 1.35471
204 1.36003
205 1.3693
206 1.3728
207 1.38148
208 1.39059
209 1.39312
210 1.39882
211 1.41227
212 1.4198
213 1.4247
214 1.43056
215 1.4353
216 1.45845
217 1.46218
218 1.46623
219 1.47756
220 1.49046
221 1.49417
222 1.49669
223 1.50038
224 1.51072
225 1.51529
226 1.52281
227 1.53234
228 1.53532
229 1.5374
230 1.54698
231 1.54924
232 1.55757
233 1.57854
234 1.58157
235 1.58882
236 1.59754
237 1.60415
238 1.61594
239 1.61829
240 1.6207
241 1.62543
242 1.62738
243 1.6324
244 1.63478
245 1.64227
246 1.64704
247 1.64961
248 1.66316
249 1.67346
250 1.67689
251 1.68356
252 1.6973
253 1.70087
254 1.7033
255 1.70907
256 1.72271
257 1.72536
258 1.72979
259 1.73643
260 1.74682
261 1.75022
262 1.77509
263 1.77976
264 1.78168
265 1.78461
266 1.78742
267 1.79862
268 1.8128
269 1.82087
270 1.82425
271 1.83228
272 1.84464
273 1.85088
274 1.85472
275 1.85664
276 1.85903
277 1.86102
278 1.86807
279 1.87398
280 1.8847
281 1.88764
282 1.89442
283 1.90372
284 1.91064
285 1.92266
286 1.93115
287 1.95456
288 1.95573
289 1.95991
290 1.97009
291 1.97268
292 1.97675
293 1.97888
294 1.98458
295 1.99179
296 1.99356
297 2.00212
298 2.00552
299 2.00863
300 2.01227
301 2.01655
302 2.02417
303 2.03517
304 2.04157
305 2.04482
306 2.05142
307 2.06203
308 2.07026
309 2.07655
310 2.08679
311 2.08947
312 2.09415
313 2.10042
314 2.1036
315 2.10531
316 2.10679
317 2.11169
318 2.11497
319 2.11733
320 2.12043
321 2.12748
322 2.13992
323 2.14943
324 2.15774
325 2.16787
326 2.17298
327 2.18495
328 2.19406
329 2.20165
330 2.21136
331 2.21259
332 2.2224
333 2.23588
334 2.24293
335 2.24699
336 2.25264
337 2.25384
338 2.27247
339 2.27419
340 2.2771
341 2.28217
342 2.28923
343 2.29733
344 2.31697
345 2.32656
346 2.32838
347 2.34136
348 2.34584
349 2.35052
350 2.36088
351 2.37412
352 2.37656
353 2.38447
354 2.38863
355 2.39096
356 2.40578
357 2.41006
358 2.41879
359 2.42546
360 2.43392
361 2.44507
362 2.45064
363 2.46238
364 2.46828
365 2.48145
366 2.4835
367 2.49017
368 2.49499
369 2.50009
370 2.50227
371 2.50573
372 2.51141
373 2.52231
374 2.53221
375 2.53889
376 2.54593
377 2.55307
378 2.55911
379 2.58033
380 2.58508
381 2.59151
382 2.59759
383 2.60315
384 2.62086
385 2.62292
386 2.64159
387 2.64716
388 2.65539
389 2.66338
390 2.66745
391 2.67391
392 2.67972
393 2.68289
394 2.69973
395 2.7072
396 2.71392
397 2.72202
398 2.74062
399 2.74956
400 2.75419
401 2.76832
402 2.77303
403 2.77907
404 2.78978
405 2.79429
406 2.80333
407 2.80886
408 2.82584
409 2.82956
410 2.83312
411 2.84546
412 2.84719
413 2.85662
414 2.88989
415 2.89622
416 2.8981
417 2.90144
418 2.9117
419 2.92502
420 2.93362
421 2.93567
422 2.93856
423 2.94854
424 2.95108
425 2.95598
426 2.95839
427 2.96422
428 2.96739
429 2.97385
430 2.98263
431 2.98532
432 2.99739
