1 0.00141
2 0.01511
3 0.01855
4 0.0231
5 0.02491
6 0.03258
7 0.03746
8 0.03996
9 0.05113
10 0.05343
11 0.05669
12 0.06078
13 0.06453
14 0.06768
15 0.07561
16 0.07867
17 0.08774
18 0.09445
19 0.10123
20 0.11155
21 0.11497
22 0.11835
23 0.12641
24 0.13825
25 0.14337
26 0.15339
27 0.16671
28 0.18926
29 0.19261
30 0.19622
31 0.20012
32 0.21166
33 0.22408
34 0.22582
35 0.2271
36 0.25299
37 0.25971
38 0.26524
39 0.26815
40 0.27332
41 0.28485
42 0.29977
43 0.30088
44 0.30921
45 0.31187
46 0.32218
47 0.35067
48 0.35284
49 0.35855
50 0.36608
51 0.37653
52 0.39395
53 0.40372
54 0.41593
55 0.41944
56 0.42543
57 0.43065
58 0.43284
59 0.4353
60 0.44131
61 0.4449
62 0.45006
63 0.45634
64 0.46724
65 0.47217
66 0.47407
67 0.48475
68 0.4914
69 0.49577
70 0.4994
71 0.50482
72 0.51533
73 0.51768
74 0.52056
75 0.52936
76 0.53088
77 0.54105
78 0.5425
79 0.55344
80 0.55754
81 0.56047
82 0.57144
83 0.57675
84 0.59181
85 0.59581
86 0.60046
87 0.60169
88 0.60742
89 0.63649
90 0.64546
91 0.64717
92 0.65073
93 0.65617
94 0.66651
95 0.67058
96 0.67586
97 0.68078
98 0.68693
99 0.69081
100 0.6951
101 0.69766
102 0.70358
103 0.72758
104 0.7338
105 0.73909
106 0.74348
107 0.74874
108 0.75439
109 0.75853
110 0.76508
111 0.7738
112 0.78095
113 0.78979
114 0.81621
115 0.83349
116 0.8494
117 0.85462
118 0.85629
119 0.86672
120 0.87123
121 0.87623
122 0.87983
123 0.88153
124 0.89386
125 0.89848
126 0.89963
127 0.90431
128 0.91944
129 0.92375
130 0.92464
131 0.92895
132 0.9371
133 0.93986
134 0.94382
135 0.95045
136 0.95363
137 0.97514
138 0.97928
139 0.98338
140 0.99461
141 1.01468
142 1.01767
143 1.02109
144 1.02757
145 1.02986
146 1.0383
147 1.04143
148 1.05648
149 1.06548
150 1.07595
151 1.08086
152 1.09061
153 1.09192
154 1.09451
155 1.1021
156 1.10511
157 1.10831
158 1.11287
159 1.11443
160 1.12142
161 1.13378
162 1.14263
163 1.1506
164 1.15637
165 1.16776
166 1.17381
167 1.17778
168 1.18618
169 1.18829
170 1.19542
171 1.19911
172 1.22966
173 1.23245
174 1.24024
175 1.24307
176 1.26369
177 1.27409
178 1.28148
179 1.2844
180 1.29221
181 1.29997
182 1.30245
183 1.32874
184 1.33072
185 1.33646
186 1.33985
187 1.34809
188 1.35473
189 1.35713
190 1.37022
191 1.37735
192 1.38872
193 1.39709
194 1.40355
195 1.41855
196 1.42032
197 1.42493
198 1.42894
199 1.43158
200 1.43563
201 1.44512
202 1.44689
203 1.44908
204 1.45535
205 1.46043
206 1.47831
207 1.48328
208 1.48542
209 1.51074
210 1.52484
211 1.52794
212 1.5392
213 1.54299
214 1.54557
215 1.5475
216 1.55257
217 1.57536
218 1.58266
219 1.58496
220 1.5916
221 1.59819
222 1.59934
223 1.60225
224 1.60562
225 1.61051
226 1.61588
227 1.62007
228 1.62457
229 1.62659
230 1.64417
231 1.64804
232 1.65184
233 1.65656
234 1.6645
235 1.6751
236 1.68357
237 1.68491
238 1.69081
239 1.69706
240 1.70543
241 1.71812
242 1.74231
243 1.76053
244 1.78733
245 1.79682
246 1.80182
247 1.80662
248 1.80919
249 1.81388
250 1.8335
251 1.85192
252 1.8543
253 1.85698
254 1.8597
255 1.86733
256 1.8734
257 1.87994
258 1.89152
259 1.91107
260 1.9295
261 1.95143
262 1.9555
263 1.95664
264 1.97685
265 1.9797
266 1.98453
267 1.98648
268 1.99093
269 2.00868
270 2.01235
271 2.01683
272 2.02008
273 2.02427
274 2.02915
275 2.03269
276 2.03464
277 2.04356
278 2.04555
279 2.05632
280 2.06677
281 2.08258
282 2.08901
283 2.09406
284 2.09622
285 2.11123
286 2.1157
287 2.12154
288 2.12499
289 2.12734
290 2.13863
291 2.14141
292 2.15789
293 2.17267
294 2.18052
295 2.18368
296 2.18973
297 2.19639
298 2.20072
299 2.21297
300 2.22432
301 2.23543
302 2.24243
303 2.25339
304 2.26479
305 2.27613
306 2.28453
307 2.29608
308 2.30209
309 2.30541
310 2.32702
311 2.34245
312 2.35283
313 2.35862
314 2.37171
315 2.37307
316 2.394
317 2.4053
318 2.41778
319 2.42062
320 2.42293
321 2.43841
322 2.4448
323 2.45227
324 2.46483
325 2.47612
326 2.47846
327 2.47989
328 2.4886
329 2.50326
330 2.5175
331 2.52735
332 2.53248
333 2.53416
334 2.55742
335 2.56165
336 2.58198
337 2.58979
338 2.59265
339 2.60041
340 2.60388
341 2.60658
342 2.61652
343 2.62104
344 2.64143
345 2.64346
346 2.64578
347 2.65038
348 2.66454
349 2.67445
350 2.68142
351 2.69489
352 2.71003
353 2.71727
354 2.72283
355 2.73459
356 2.73776
357 2.74039
358 2.75789
359 2.76275
360 2.76987
361 2.77468
362 2.77898
363 2.78476
364 2.796
365 2.8029
366 2.8052
367 2.81348
368 2.8256
369 2.8294
370 2.84137
371 2.85204
372 2.85805
373 2.86796
374 2.87542
375 2.88938
376 2.90307
377 2.90653
378 2.92165
379 2.92958
380 2.94079
381 2.94238
382 2.9511
383 2.97565
384 2.98082
385 2.9834
386 2.99428
