1 0.00229
2 0.00425
3 0.00745
4 0.01115
5 0.02025
6 0.02936
7 0.03483
8 0.04162
9 0.04887
10 0.05372
11 0.06552
12 0.07499
13 0.07925
14 0.09213
15 0.09601
16 0.09812
17 0.11432
18 0.11974
19 0.13189
20 0.14416
21 0.15238
22 0.15417
23 0.16504
24 0.16658
25 0.17014
26 0.18325
27 0.1966
28 0.21086
29 0.22353
30 0.22997
31 0.23163
32 0.23635
33 0.24098
34 0.24352
35 0.25464
36 0.25822
37 0.26966
38 0.27295
39 0.27959
40 0.2957
41 0.3183
42 0.32143
43 0.32954
44 0.33266
45 0.33881
46 0.34467
47 0.35393
48 0.35899
49 0.36478
50 0.39428
51 0.39522
52 0.40889
53 0.41065
54 0.42256
55 0.43325
56 0.45875
57 0.47189
58 0.47748
59 0.49269
60 0.49562
61 0.5024
62 0.50706
63 0.51361
64 0.52414
65 0.53678
66 0.53961
67 0.54628
68 0.55778
69 0.56131
70 0.57291
71 0.5882
72 0.59513
73 0.60967
74 0.63874
75 0.64586
76 0.669
77 0.6804
78 0.68675
79 0.68932
80 0.694
81 0.69808
82 0.70084
83 0.71045
84 0.72498
85 0.73459
86 0.74657
87 0.75389
88 0.76
89 0.76231
90 0.76913
91 0.79283
92 0.80178
93 0.80327
94 0.81028
95 0.81739
96 0.82517
97 0.83887
98 0.84146
99 0.86442
100 0.87316
101 0.87474
102 0.87734
103 0.88263
104 0.88603
105 0.89916
106 0.90065
107 0.9119
108 0.93195
109 0.9347
110 0.93783
111 0.94338
112 0.95043
113 0.95993
114 0.9683
115 0.97215
116 0.97674
117 0.97822
118 0.98172
119 0.9925
120 0.99586
121 0.99944
122 1.00973
123 1.0184
124 1.02021
125 1.02268
126 1.02858
127 1.05321
128 1.05965
129 1.07185
130 1.11866
131 1.11959
132 1.13643
133 1.14844
134 1.157
135 1.17649
136 1.18807
137 1.19504
138 1.198
139 1.20065
140 1.22274
141 1.23658
142 1.24478
143 1.24617
144 1.24946
145 1.25399
146 1.26777
147 1.27408
148 1.28197
149 1.28727
150 1.28944
151 1.30505
152 1.30597
153 1.30794
154 1.3152
155 1.32512
156 1.33529
157 1.34186
158 1.34728
159 1.35006
160 1.36942
161 1.38725
162 1.38814
163 1.39158
164 1.39481
165 1.4071
166 1.40972
167 1.41262
168 1.42982
169 1.43155
170 1.43539
171 1.44178
172 1.44676
173 1.45627
174 1.46347
175 1.47615
176 1.47842
177 1.48119
178 1.48808
179 1.4971
180 1.50431
181 1.50785
182 1.53364
183 1.54584
184 1.55393
185 1.55787
186 1.56511
187 1.58187
188 1.59064
189 1.59493
190 1.59723
191 1.60189
192 1.6122
193 1.62054
194 1.63147
195 1.64212
196 1.64389
197 1.65475
198 1.65748
199 1.68422
200 1.694
201 1.71043
202 1.72768
203 1.73969
204 1.75724
205 1.7613
206 1.77384
207 1.78642
208 1.80025
209 1.80696
210 1.81839
211 1.82007
212 1.82654
213 1.83388
214 1.84614
215 1.85201
216 1.85418
217 1.85872
218 1.87687
219 1.88067
220 1.8873
221 1.89182
222 1.91544
223 1.94981
224 1.95418
225 1.9633
226 1.96812
227 1.97267
228 1.97466
229 1.98599
230 1.99425
231 1.99805
232 2.00086
233 2.02024
234 2.02565
235 2.04706
236 2.05906
237 2.06849
238 2.07243
239 2.08418
240 2.09104
241 2.09652
242 2.10354
243 2.10696
244 2.11921
245 2.12368
246 2.13144
247 2.14223
248 2.14535
249 2.15205
250 2.18143
251 2.19584
252 2.19907
253 2.20337
254 2.20619
255 2.21025
256 2.21348
257 2.21884
258 2.22605
259 2.22759
260 2.23793
261 2.24006
262 2.24113
263 2.25111
264 2.25746
265 2.2711
266 2.27376
267 2.27997
268 2.31515
269 2.33663
270 2.34668
271 2.35603
272 2.3645
273 2.37182
274 2.39283
275 2.40426
276 2.41137
277 2.44552
278 2.44673
279 2.45992
280 2.46508
281 2.46984
282 2.48092
283 2.4974
284 2.50427
285 2.51761
286 2.52123
287 2.52491
288 2.53725
289 2.53962
290 2.55471
291 2.56028
292 2.56442
293 2.57568
294 2.58761
295 2.5942
296 2.60133
297 2.61919
298 2.634
299 2.63846
300 2.64179
301 2.6547
302 2.65711
303 2.67021
304 2.68788
305 2.69291
306 2.70216
307 2.71461
308 2.71802
309 2.72106
310 2.74326
311 2.75128
312 2.76523
313 2.77068
314 2.79159
315 2.79863
316 2.80407
317 2.81019
318 2.81441
319 2.84025
320 2.84274
321 2.86715
322 2.87573
323 2.88564
324 2.8965
325 2.91731
326 2.91959
327 2.93253
328 2.94367
329 2.95826
330 2.95999
331 2.9621
332 2.97396
333 2.9809
334 2.98547
335 2.99106
336 2.99659
