1 0.00455
2 0.00684
3 0.00875
4 0.01095
5 0.02046
6 0.0317
7 0.04225
8 0.05497
9 0.0575
10 0.06353
11 0.06866
12 0.08467
13 0.09772
14 0.11664
15 0.1217
16 0.12486
17 0.12671
18 0.13655
19 0.14446
20 0.14926
21 0.15172
22 0.16427
23 0.16867
24 0.17231
25 0.17622
26 0.1826
27 0.19623
28 0.22542
29 0.22806
30 0.23302
31 0.23918
32 0.24281
33 0.24668
34 0.2478
35 0.25912
36 0.26645
37 0.26953
38 0.27348
39 0.27959
40 0.28741
41 0.2909
42 0.2963
43 0.30496
44 0.3081
45 0.31504
46 0.33884
47 0.34167
48 0.35328
49 0.35524
50 0.36344
51 0.37556
52 0.38467
53 0.40402
54 0.40752
55 0.41491
56 0.41764
57 0.42918
58 0.43602
59 0.44628
60 0.45939
61 0.47163
62 0.483
63 0.48879
64 0.49016
65 0.49641
66 0.50573
67 0.50725
68 0.51132
69 0.51713
70 0.5244
71 0.54951
72 0.55864
73 0.56449
74 0.56743
75 0.57231
76 0.57638
77 0.60097
78 0.60437
79 0.61299
80 0.61752
81 0.62331
82 0.62935
83 0.63296
84 0.63587
85 0.64144
86 0.64912
87 0.65053
88 0.66253
89 0.67031
90 0.67759
91 0.68135
92 0.68358
93 0.69404
94 0.71248
95 0.71676
96 0.73969
97 0.75234
98 0.75844
99 0.76439
100 0.76896
101 0.78489
102 0.78905
103 0.79571
104 0.80295
105 0.81141
106 0.81921
107 0.82928
108 0.83476
109 0.853
110 0.86568
111 0.87339
112 0.88597
113 0.8914
114 0.89755
115 0.90334
116 0.92015
117 0.92494
118 0.93481
119 0.94595
120 0.95207
121 0.97335
122 0.97991
123 0.98647
124 0.99543
125 0.99804
126 1.0035
127 1.01155
128 1.02167
129 1.03182
130 1.0459
131 1.05024
132 1.05724
133 1.05834
134 1.07368
135 1.10036
136 1.11336
137 1.11717
138 1.12253
139 1.13548
140 1.14029
141 1.15315
142 1.16077
143 1.16356
144 1.17093
145 1.17716
146 1.20397
147 1.22589
148 1.23461
149 1.24137
150 1.24482
151 1.25364
152 1.25949
153 1.2947
154 1.3092
155 1.32222
156 1.32713
157 1.33501
158 1.33951
159 1.34986
160 1.35173
161 1.36082
162 1.36795
163 1.37013
164 1.37425
165 1.37848
166 1.39092
167 1.39653
168 1.41393
169 1.41691
170 1.44068
171 1.44894
172 1.46651
173 1.47305
174 1.47505
175 1.48101
176 1.48232
177 1.4851
178 1.48594
179 1.49023
180 1.49379
181 1.50257
182 1.51352
183 1.52812
184 1.5302
185 1.55233
186 1.5536
187 1.56006
188 1.56977
189 1.57579
190 1.59008
191 1.59842
192 1.60586
193 1.61453
194 1.61746
195 1.62147
196 1.63508
197 1.64511
198 1.66727
199 1.67716
200 1.68486
201 1.6942
202 1.70554
203 1.71236
204 1.72851
205 1.7397
206 1.74752
207 1.76037
208 1.76334
209 1.79011
210 1.79362
211 1.79576
212 1.80764
213 1.81702
214 1.82129
215 1.83347
216 1.84333
217 1.85114
218 1.85855
219 1.86783
220 1.87063
221 1.8765
222 1.88328
223 1.88994
224 1.90547
225 1.92679
226 1.93417
227 1.94655
228 1.96873
229 1.97681
230 1.97941
231 1.98489
232 1.99673
233 1.99982
234 2.00287
235 2.01507
236 2.02262
237 2.03307
238 2.0408
239 2.05494
240 2.0583
241 2.06373
242 2.06819
243 2.07252
244 2.08104
245 2.09052
246 2.09264
247 2.09873
248 2.10381
249 2.11641
250 2.11967
251 2.12485
252 2.13495
253 2.13798
254 2.14739
255 2.15014
256 2.15549
257 2.17428
258 2.17903
259 2.1834
260 2.18998
261 2.20918
262 2.23197
263 2.23445
264 2.23663
265 2.24479
266 2.25477
267 2.27127
268 2.27818
269 2.2861
270 2.29482
271 2.30255
272 2.31819
273 2.3444
274 2.37169
275 2.38815
276 2.38984
277 2.39942
278 2.4154
279 2.41769
280 2.42231
281 2.42627
282 2.42876
283 2.44518
284 2.45147
285 2.45909
286 2.46778
287 2.48433
288 2.48629
289 2.48907
290 2.49825
291 2.5006
292 2.51218
293 2.5189
294 2.52526
295 2.535
296 2.54159
297 2.55176
298 2.56378
299 2.5653
300 2.57189
301 2.57713
302 2.59063
303 2.60117
304 2.60545
305 2.61082
306 2.61712
307 2.62176
308 2.62308
309 2.63292
310 2.63889
311 2.64251
312 2.64989
313 2.65449
314 2.65645
315 2.66423
316 2.66798
317 2.6808
318 2.7158
319 2.72461
320 2.74564
321 2.76147
322 2.76289
323 2.79073
324 2.79993
325 2.81243
326 2.82148
327 2.83554
328 2.84626
329 2.85697
330 2.86058
331 2.86864
332 2.87269
333 2.8805
334 2.88218
335 2.89032
336 2.896
337 2.89932
338 2.90363
339 2.91562
340 2.92696
341 2.97632
342 2.98369
343 2.98894
