1 0.00157
2 0.00954
3 0.01182
4 0.01806
5 0.02033
6 0.02355
7 0.02689
8 0.02928
9 0.03302
10 0.03714
11 0.042
12 0.04371
13 0.05303
14 0.05726
15 0.06381
16 0.07028
17 0.07478
18 0.08606
19 0.09663
20 0.10135
21 0.10433
22 0.10516
23 0.11031
24 0.11164
25 0.1163
26 0.1241
27 0.13301
28 0.13604
29 0.14303
30 0.14608
31 0.14747
32 0.15188
33 0.15409
34 0.15944
35 0.17491
36 0.18913
37 0.19544
38 0.20133
39 0.2045
40 0.2088
41 0.2108
42 0.22126
43 0.22618
44 0.25921
45 0.26444
46 0.26933
47 0.27113
48 0.27751
49 0.2796
50 0.28903
51 0.29969
52 0.3119
53 0.31456
54 0.32426
55 0.33177
56 0.33964
57 0.34146
58 0.34652
59 0.3547
60 0.35673
61 0.3645
62 0.3699
63 0.38881
64 0.39302
65 0.40066
66 0.42438
67 0.43622
68 0.44347
69 0.44718
70 0.44935
71 0.45605
72 0.46164
73 0.46307
74 0.46446
75 0.47826
76 0.48439
77 0.48805
78 0.51021
79 0.51592
80 0.52436
81 0.52627
82 0.53346
83 0.55214
84 0.55584
85 0.55933
86 0.56408
87 0.56747
88 0.5832
89 0.60057
90 0.60286
91 0.60615
92 0.61595
93 0.61892
94 0.62153
95 0.63049
96 0.63287
97 0.65332
98 0.65471
99 0.65869
100 0.67706
101 0.69911
102 0.70249
103 0.7179
104 0.72577
105 0.73255
106 0.73904
107 0.74278
108 0.76378
109 0.76727
110 0.76858
111 0.77032
112 0.7754
113 0.77741
114 0.78544
115 0.79231
116 0.7966
117 0.80287
118 0.80541
119 0.81054
120 0.82059
121 0.82753
122 0.83343
123 0.83921
124 0.84469
125 0.85465
126 0.86369
127 0.86663
128 0.87133
129 0.874
130 0.88004
131 0.88819
132 0.89063
133 0.89364
134 0.9016
135 0.90857
136 0.91593
137 0.94925
138 0.95336
139 0.95767
140 0.97285
141 0.98132
142 0.98436
143 0.9894
144 1.01682
145 1.0214
146 1.03159
147 1.03672
148 1.04137
149 1.04765
150 1.05583
151 1.06072
152 1.06761
153 1.07214
154 1.07531
155 1.07763
156 1.08042
157 1.08341
158 1.11568
159 1.15242
160 1.16808
161 1.17144
162 1.19152
163 1.19725
164 1.20712
165 1.22067
166 1.22495
167 1.23175
168 1.25905
169 1.2726
170 1.27488
171 1.2804
172 1.28744
173 1.29378
174 1.29814
175 1.30286
176 1.30848
177 1.31261
178 1.31431
179 1.31678
180 1.32275
181 1.32546
182 1.33031
183 1.33408
184 1.34068
185 1.35137
186 1.35442
187 1.3613
188 1.36438
189 1.37669
190 1.38653
191 1.38822
192 1.39701
193 1.40199
194 1.44493
195 1.45361
196 1.46346
197 1.4654
198 1.47401
199 1.47662
200 1.48436
201 1.49177
202 1.50614
203 1.53061
204 1.53529
205 1.54808
206 1.56299
207 1.57308
208 1.58433
209 1.59112
210 1.60207
211 1.60326
212 1.60683
213 1.61373
214 1.62665
215 1.64471
216 1.64803
217 1.65044
218 1.6559
219 1.65989
220 1.67306
221 1.70035
222 1.71772
223 1.72203
224 1.72424
225 1.73408
226 1.75605
227 1.76023
228 1.76406
229 1.7711
230 1.77439
231 1.7765
232 1.78871
233 1.79383
234 1.79791
235 1.81437
236 1.82226
237 1.8244
238 1.83754
239 1.8413
240 1.84743
241 1.85724
242 1.86773
243 1.88161
244 1.88811
245 1.89178
246 1.89856
247 1.9043
248 1.90913
249 1.91223
250 1.91478
251 1.94096
252 1.94631
253 1.95396
254 1.95878
255 1.96099
256 1.96732
257 1.96997
258 1.97271
259 1.97916
260 1.98283
261 2.00943
262 2.02035
263 2.02882
264 2.03003
265 2.03592
266 2.05606
267 2.06074
268 2.07355
269 2.0812
270 2.08619
271 2.10004
272 2.11897
273 2.13761
274 2.13932
275 2.14464
276 2.14916
277 2.15073
278 2.15446
279 2.16203
280 2.1969
281 2.20593
282 2.2088
283 2.2197
284 2.22899
285 2.24251
286 2.26047
287 2.26812
288 2.27112
289 2.27711
290 2.28098
291 2.29776
292 2.29939
293 2.30334
294 2.30443
295 2.30785
296 2.30937
297 2.31694
298 2.31964
299 2.3263
300 2.33543
301 2.34304
302 2.34627
303 2.34832
304 2.35591
305 2.36851
306 2.37203
307 2.38882
308 2.39759
309 2.40238
310 2.4074
311 2.41457
312 2.41986
313 2.44484
314 2.45666
315 2.47464
316 2.48379
317 2.50828
318 2.51822
319 2.53418
320 2.53558
321 2.5423
322 2.54583
323 2.553
324 2.58504
325 2.60399
326 2.60907
327 2.61057
328 2.6125
329 2.62888
330 2.63352
331 2.64361
332 2.66169
333 2.66583
334 2.66776
335 2.67226
336 2.68799
337 2.69592
338 2.70169
339 2.70717
340 2.70901
341 2.71258
342 2.71477
343 2.72396
344 2.72648
345 2.73057
346 2.73626
347 2.76199
348 2.7655
349 2.76912
350 2.77509
351 2.77672
352 2.7802
353 2.78141
354 2.78402
355 2.79055
356 2.80253
357 2.80812
358 2.81194
359 2.81638
360 2.8233
361 2.83104
362 2.83443
363 2.83907
364 2.84589
365 2.84911
366 2.85526
367 2.87113
368 2.87939
369 2.88148
370 2.89104
371 2.89737
372 2.91044
373 2.9169
374 2.96071
375 2.96215
376 2.96579
377 2.97223
378 2.9798
379 2.98796
