1 0.00282
2 0.0082
3 0.01453
4 0.01651
5 0.0288
6 0.03108
7 0.03437
8 0.0396
9 0.05412
10 0.05589
11 0.05694
12 0.06097
13 0.06945
14 0.07301
15 0.07825
16 0.08242
17 0.09219
18 0.09879
19 0.1093
20 0.13388
21 0.13615
22 0.14147
23 0.15334
24 0.15785
25 0.16204
26 0.16735
27 0.18065
28 0.18328
29 0.19231
30 0.1938
31 0.20515
32 0.22561
33 0.24
34 0.24547
35 0.26064
36 0.2714
37 0.27491
38 0.28971
39 0.29176
40 0.3049
41 0.31694
42 0.32327
43 0.3281
44 0.336
45 0.33829
46 0.34065
47 0.34686
48 0.35595
49 0.36684
50 0.38103
51 0.38934
52 0.39156
53 0.40192
54 0.41511
55 0.41933
56 0.4312
57 0.44037
58 0.45749
59 0.48732
60 0.49742
61 0.50249
62 0.50504
63 0.51643
64 0.51813
65 0.52153
66 0.53371
67 0.53647
68 0.5414
69 0.54573
70 0.5487
71 0.55168
72 0.55789
73 0.56953
74 0.57564
75 0.58512
76 0.58884
77 0.59357
78 0.59899
79 0.61217
80 0.61538
81 0.61709
82 0.63578
83 0.6426
84 0.64889
85 0.66157
86 0.68228
87 0.69214
88 0.70588
89 0.71743
90 0.72075
91 0.72248
92 0.74484
93 0.74973
94 0.75518
95 0.7582
96 0.76185
97 0.76338
98 0.76839
99 0.77401
100 0.77678
101 0.77942
102 0.78299
103 0.79665
104 0.79977
105 0.80477
106 0.81666
107 0.82759
108 0.83445
109 0.85288
110 0.85793
111 0.86441
112 0.86932
113 0.87724
114 0.88775
115 0.89599
116 0.90687
117 0.91536
118 0.92028
119 0.92289
120 0.92608
121 0.94338
122 0.94565
123 0.95032
124 0.95405
125 0.96567
126 0.96836
127 0.97075
128 0.97946
129 0.9838
130 0.99707
131 1.01386
132 1.02825
133 1.03131
134 1.03679
135 1.04458
136 1.06263
137 1.08392
138 1.08675
139 1.09239
140 1.09519
141 1.10358
142 1.11057
143 1.11341
144 1.12288
145 1.1283
146 1.1359
147 1.14491
148 1.14951
149 1.16088
150 1.16193
151 1.1655
152 1.17918
153 1.18449
154 1.19576
155 1.21347
156 1.21765
157 1.21994
158 1.22897
159 1.23115
160 1.23889
161 1.26256
162 1.26718
163 1.26933
164 1.27497
165 1.28427
166 1.29777
167 1.31324
168 1.32962
169 1.33416
170 1.33833
171 1.35447
172 1.36645
173 1.36878
174 1.37551
175 1.38916
176 1.39776
177 1.40133
178 1.4123
179 1.41739
180 1.42327
181 1.43348
182 1.44159
183 1.44534
184 1.47052
185 1.47578
186 1.48662
187 1.4954
188 1.5066
189 1.51445
190 1.52201
191 1.52456
192 1.54158
193 1.56404
194 1.58113
195 1.58956
196 1.59447
197 1.60248
198 1.62243
199 1.62826
200 1.63714
201 1.64654
202 1.66256
203 1.66528
204 1.67043
205 1.67579
206 1.68007
207 1.6885
208 1.69139
209 1.69629
210 1.6991
211 1.71501
212 1.71889
213 1.72553
214 1.72768
215 1.74696
216 1.75903
217 1.76329
218 1.77256
219 1.77636
220 1.78655
221 1.79996
222 1.80435
223 1.82381
224 1.82677
225 1.83495
226 1.84507
227 1.86381
228 1.8659
229 1.87014
230 1.87276
231 1.8747
232 1.87681
233 1.89536
234 1.91285
235 1.91689
236 1.94244
237 1.94646
238 1.95138
239 1.96027
240 1.97273
241 1.98259
242 1.99448
243 1.99746
244 2.01972
245 2.02785
246 2.03026
247 2.03878
248 2.0423
249 2.07968
250 2.0892
251 2.10238
252 2.12505
253 2.13386
254 2.13583
255 2.13825
256 2.14643
257 2.15525
258 2.16134
259 2.1719
260 2.18233
261 2.18657
262 2.19034
263 2.19696
264 2.20274
265 2.21686
266 2.2358
267 2.2418
268 2.2621
269 2.27069
270 2.28075
271 2.29203
272 2.29514
273 2.3003
274 2.30951
275 2.31429
276 2.32809
277 2.34013
278 2.35916
279 2.36244
280 2.36676
281 2.36875
282 2.38105
283 2.38431
284 2.39249
285 2.39567
286 2.39892
287 2.40112
288 2.41465
289 2.42182
290 2.44226
291 2.45285
292 2.45757
293 2.46943
294 2.47544
295 2.48138
296 2.50783
297 2.51567
298 2.5263
299 2.53503
300 2.53937
301 2.54274
302 2.54675
303 2.56268
304 2.57555
305 2.5839
306 2.58706
307 2.59951
308 2.60865
309 2.61515
310 2.63207
311 2.63417
312 2.65018
313 2.6548
314 2.65897
315 2.66132
316 2.66414
317 2.66764
318 2.67067
319 2.68563
320 2.70656
321 2.71368
322 2.72057
323 2.72995
324 2.74501
325 2.76453
326 2.77779
327 2.79274
328 2.79861
329 2.80159
330 2.80392
331 2.80856
332 2.81935
333 2.83392
334 2.83795
335 2.84937
336 2.85691
337 2.86707
338 2.8722
339 2.88712
340 2.93045
341 2.93806
342 2.94454
343 2.9495
344 2.95416
345 2.9703
346 2.99318
