1 0.0044
2 0.01269
3 0.01779
4 0.02928
5 0.03882
6 0.04047
7 0.0464
8 0.04952
9 0.0552
10 0.05844
11 0.06483
12 0.0669
13 0.0755
14 0.0784
15 0.0822
16 0.08337
17 0.09237
18 0.09684
19 0.12021
20 0.12494
21 0.13157
22 0.13789
23 0.14033
24 0.14915
25 0.15319
26 0.15886
27 0.17743
28 0.18122
29 0.18439
30 0.18613
31 0.18966
32 0.19154
33 0.19516
34 0.19983
35 0.20911
36 0.21426
37 0.22406
38 0.22912
39 0.23857
40 0.24764
41 0.25454
42 0.26026
43 0.27014
44 0.27562
45 0.27789
46 0.2853
47 0.30265
48 0.3063
49 0.31007
50 0.31285
51 0.31877
52 0.32931
53 0.33913
54 0.3472
55 0.36317
56 0.36735
57 0.37017
58 0.37614
59 0.39175
60 0.41038
61 0.41573
62 0.41772
63 0.43578
64 0.45113
65 0.46251
66 0.46883
67 0.47327
68 0.47843
69 0.48276
70 0.49542
71 0.50049
72 0.50556
73 0.50861
74 0.51045
75 0.5142
76 0.5192
77 0.52459
78 0.53393
79 0.53693
80 0.54661
81 0.56055
82 0.56584
83 0.58362
84 0.59288
85 0.61204
86 0.61618
87 0.61871
88 0.62145
89 0.62425
90 0.63437
91 0.63811
92 0.64672
93 0.64879
94 0.66639
95 0.67411
96 0.68378
97 0.69332
98 0.7124
99 0.72097
100 0.72909
101 0.73403
102 0.74405
103 0.75751
104 0.76653
105 0.7703
106 0.77561
107 0.77937
108 0.78505
109 0.79508
110 0.8042
111 0.8097
112 0.81716
113 0.82646
114 0.83487
115 0.83914
116 0.84138
117 0.84501
118 0.84993
119 0.87573
120 0.88346
121 0.89064
122 0.89376
123 0.89647
124 0.89987
125 0.91428
126 0.91875
127 0.93233
128 0.93543
129 0.94189
130 0.94786
131 0.96816
132 0.9765
133 0.98214
134 0.99109
135 1.00028
136 1.00555
137 1.00986
138 1.0119
139 1.01964
140 1.02093
141 1.02173
142 1.03017
143 1.03358
144 1.04755
145 1.05127
146 1.05553
147 1.06856
148 1.07273
149 1.08722
150 1.09438
151 1.0982
152 1.1139
153 1.11869
154 1.12255
155 1.13187
156 1.14159
157 1.14747
158 1.14928
159 1.15954
160 1.16227
161 1.17211
162 1.18505
163 1.19022
164 1.19466
165 1.2133
166 1.2146
167 1.22564
168 1.2291
169 1.23872
170 1.24192
171 1.24737
172 1.25168
173 1.27006
174 1.27334
175 1.28323
176 1.29765
177 1.29916
178 1.30686
179 1.31044
180 1.32309
181 1.3348
182 1.34178
183 1.34415
184 1.36726
185 1.37148
186 1.37871
187 1.39188
188 1.39692
189 1.41353
190 1.43433
191 1.44284
192 1.46189
193 1.46603
194 1.47018
195 1.47668
196 1.48012
197 1.48163
198 1.48555
199 1.49871
200 1.50444
201 1.52988
202 1.53974
203 1.54511
204 1.55105
205 1.56317
206 1.56892
207 1.57342
208 1.58306
209 1.58978
210 1.59283
211 1.61556
212 1.61741
213 1.62096
214 1.62594
215 1.62741
216 1.63985
217 1.64321
218 1.64881
219 1.65483
220 1.65978
221 1.66334
222 1.66889
223 1.68232
224 1.68996
225 1.69157
226 1.7106
227 1.71331
228 1.71949
229 1.72828
230 1.73094
231 1.73796
232 1.73904
233 1.75413
234 1.75942
235 1.76343
236 1.77294
237 1.78135
238 1.7836
239 1.78798
240 1.79413
241 1.8032
242 1.80544
243 1.81282
244 1.81861
245 1.8205
246 1.83679
247 1.83962
248 1.84132
249 1.87315
250 1.87441
251 1.88032
252 1.88268
253 1.88668
254 1.89084
255 1.89483
256 1.91092
257 1.91763
258 1.91903
259 1.92011
260 1.92377
261 1.9416
262 1.94429
263 1.9469
264 1.96048
265 1.96315
266 1.96531
267 1.97268
268 1.97653
269 1.9784
270 1.98856
271 1.99094
272 1.99728
273 2.0001
274 2.00287
275 2.00726
276 2.01016
277 2.02344
278 2.03251
279 2.04559
280 2.05146
281 2.0554
282 2.06226
283 2.07005
284 2.0737
285 2.07952
286 2.08934
287 2.11077
288 2.11641
289 2.12351
290 2.12895
291 2.13832
292 2.14264
293 2.14377
294 2.16609
295 2.17125
296 2.18429
297 2.1907
298 2.19727
299 2.21222
300 2.21586
301 2.21744
302 2.22036
303 2.22526
304 2.2295
305 2.23274
306 2.23944
307 2.24141
308 2.25264
309 2.26037
310 2.26317
311 2.26626
312 2.2697
313 2.28425
314 2.28569
315 2.28939
316 2.29483
317 2.29731
318 2.30826
319 2.31732
320 2.32682
321 2.33399
322 2.34266
323 2.3619
324 2.36713
325 2.3703
326 2.37257
327 2.38451
328 2.39108
329 2.39478
330 2.41089
331 2.41932
332 2.43462
333 2.43874
334 2.46222
335 2.46505
336 2.47185
337 2.47324
338 2.47749
339 2.48079
340 2.48506
341 2.49551
342 2.49832
343 2.50212
344 2.50883
345 2.51226
346 2.52898
347 2.53871
348 2.54284
349 2.54526
350 2.55216
351 2.55549
352 2.56653
353 2.57083
354 2.58239
355 2.5876
356 2.59435
357 2.61008
358 2.61624
359 2.62346
360 2.62878
361 2.63176
362 2.63768
363 2.64456
364 2.65175
365 2.66263
366 2.6654
367 2.67303
368 2.68152
369 2.68563
370 2.69078
371 2.72283
372 2.74612
373 2.75496
374 2.76527
375 2.78817
376 2.79529
377 2.80111
378 2.80756
379 2.81072
380 2.81955
381 2.84254
382 2.863
383 2.87261
384 2.87436
385 2.87591
386 2.88485
387 2.88905
388 2.89066
389 2.89306
390 2.91134
391 2.91692
392 2.9357
393 2.93837
394 2.9576
395 2.96234
396 2.96498
397 2.97409
398 2.97687
399 2.98323
400 2.9887
401 2.99886
