1 0.00286
2 0.00827
3 0.0117
4 0.01417
5 0.01977
6 0.02646
7 0.0384
8 0.03998
9 0.04609
10 0.05298
11 0.06422
12 0.07641
13 0.08061
14 0.09104
15 0.09509
16 0.10051
17 0.10389
18 0.11062
19 0.11374
20 0.1221
21 0.1238
22 0.12653
23 0.14173
24 0.14392
25 0.15574
26 0.16852
27 0.17128
28 0.18526
29 0.18798
30 0.19373
31 0.19821
32 0.19946
33 0.21039
34 0.22392
35 0.23131
36 0.23336
37 0.23815
38 0.24512
39 0.26602
40 0.26881
41 0.27405
42 0.28871
43 0.29383
44 0.30143
45 0.32166
46 0.32408
47 0.33215
48 0.33906
49 0.34284
50 0.34748
51 0.3555
52 0.3627
53 0.36745
54 0.37068
55 0.37648
56 0.38508
57 0.38821
58 0.39165
59 0.41062
60 0.42954
61 0.44283
62 0.44792
63 0.45051
64 0.45586
65 0.46638
66 0.47138
67 0.47573
68 0.50757
69 0.51416
70 0.51726
71 0.52203
72 0.52813
73 0.53184
74 0.53496
75 0.53826
76 0.54406
77 0.54627
78 0.55112
79 0.55879
80 0.57563
81 0.57971
82 0.594
83 0.59675
84 0.61212
85 0.61738
86 0.6205
87 0.62259
88 0.64536
89 0.66368
90 0.6692
91 0.67031
92 0.67927
93 0.6893
94 0.69877
95 0.70469
96 0.70668
97 0.71179
98 0.72108
99 0.72612
100 0.72925
101 0.73615
102 0.74374
103 0.75928
104 0.76652
105 0.77221
106 0.78047
107 0.78625
108 0.79071
109 0.79207
110 0.79385
111 0.80256
112 0.80553
113 0.80839
114 0.8205
115 0.82767
116 0.83308
117 0.84237
118 0.84474
119 0.84681
120 0.85086
121 0.8624
122 0.86666
123 0.86983
124 0.87136
125 0.8741
126 0.87805
127 0.88849
128 0.89688
129 0.90448
130 0.91838
131 0.923
132 0.93546
133 0.94627
134 0.94976
135 0.95203
136 0.96369
137 0.97059
138 0.97815
139 0.98798
140 1.00351
141 1.0087
142 1.01234
143 1.01842
144 1.02045
145 1.0295
146 1.03703
147 1.03865
148 1.05003
149 1.07867
150 1.08344
151 1.0946
152 1.09736
153 1.09859
154 1.10282
155 1.1098
156 1.11415
157 1.11665
158 1.12351
159 1.13157
160 1.13935
161 1.14094
162 1.14658
163 1.1499
164 1.16178
165 1.16866
166 1.17266
167 1.17821
168 1.19792
169 1.20119
170 1.21297
171 1.21635
172 1.22039
173 1.22441
174 1.22572
175 1.22855
176 1.23723
177 1.24924
178 1.2575
179 1.26816
180 1.27589
181 1.279
182 1.28567
183 1.2932
184 1.29997
185 1.30769
186 1.31592
187 1.3173
188 1.32262
189 1.32826
190 1.34273
191 1.34571
192 1.35586
193 1.36393
194 1.36853
195 1.37042
196 1.37286
197 1.38568
198 1.39687
199 1.40751
200 1.40839
201 1.41385
202 1.42127
203 1.42394
204 1.43998
205 1.44313
206 1.44538
207 1.44926
208 1.4546
209 1.4621
210 1.46914
211 1.4737
212 1.47753
213 1.48022
214 1.48501
215 1.51568
216 1.53262
217 1.53863
218 1.54535
219 1.55262
220 1.55603
221 1.55757
222 1.5736
223 1.57537
224 1.58484
225 1.59045
226 1.59379
227 1.59708
228 1.59968
229 1.61602
230 1.61834
231 1.63708
232 1.64041
233 1.64589
234 1.64878
235 1.65921
236 1.66935
237 1.67201
238 1.67502
239 1.67672
240 1.68151
241 1.68939
242 1.69412
243 1.69971
244 1.70587
245 1.71045
246 1.713
247 1.71832
248 1.72372
249 1.72578
250 1.74288
251 1.75112
252 1.76192
253 1.76624
254 1.77073
255 1.78392
256 1.79172
257 1.79531
258 1.80523
259 1.81067
260 1.82644
261 1.83998
262 1.84895
263 1.85287
264 1.86304
265 1.8689
266 1.87707
267 1.88739
268 1.89189
269 1.89614
270 1.91304
271 1.9162
272 1.92045
273 1.92887
274 1.93432
275 1.94417
276 1.94966
277 1.95608
278 1.95979
279 1.96231
280 1.97233
281 1.97847
282 1.98803
283 1.99111
284 2.01949
285 2.02137
286 2.03754
287 2.04021
288 2.0465
289 2.04852
290 2.07956
291 2.08293
292 2.08437
293 2.09189
294 2.09719
295 2.12342
296 2.13145
297 2.14292
298 2.14721
299 2.15708
300 2.16317
301 2.16473
302 2.16697
303 2.19176
304 2.19812
305 2.20595
306 2.22696
307 2.24257
308 2.24801
309 2.26919
310 2.27084
311 2.27408
312 2.28539
313 2.28997
314 2.30078
315 2.30675
316 2.30807
317 2.31964
318 2.32525
319 2.33008
320 2.34473
321 2.34614
322 2.35702
323 2.3657
324 2.37373
325 2.38785
326 2.41849
327 2.42138
328 2.42578
329 2.42933
330 2.43487
331 2.43825
332 2.44451
333 2.44693
334 2.45221
335 2.46766
336 2.48061
337 2.50732
338 2.51563
339 2.52873
340 2.53057
341 2.53503
342 2.54323
343 2.54933
344 2.55583
345 2.55847
346 2.5725
347 2.58791
348 2.59132
349 2.59788
350 2.60485
351 2.6154
352 2.61791
353 2.619
354 2.62345
355 2.6343
356 2.63677
357 2.63912
358 2.64295
359 2.65089
360 2.66336
361 2.66838
362 2.67022
363 2.68197
364 2.69171
365 2.69729
366 2.70564
367 2.71159
368 2.71508
369 2.71893
370 2.72081
371 2.73423
372 2.73938
373 2.76875
374 2.77976
375 2.78945
376 2.80895
377 2.81996
378 2.82256
379 2.82645
380 2.83607
381 2.84125
382 2.84586
383 2.85055
384 2.85407
385 2.86259
386 2.87376
387 2.8774
388 2.8803
389 2.88654
390 2.892
391 2.89488
392 2.91188
393 2.91391
394 2.91972
395 2.9356
396 2.94538
397 2.94996
398 2.95107
399 2.96044
400 2.96749
401 2.97064
402 2.97526
403 2.97887
404 2.99715
