1 0.00505
2 0.01903
3 0.04488
4 0.0489
5 0.05232
6 0.06069
7 0.08072
8 0.08543
9 0.08851
10 0.09575
11 0.11009
12 0.12108
13 0.12725
14 0.1325
15 0.13411
16 0.13888
17 0.14057
18 0.14987
19 0.15783
20 0.16295
21 0.16695
22 0.16951
23 0.17227
24 0.19112
25 0.19559
26 0.19835
27 0.21047
28 0.21431
29 0.21733
30 0.23522
31 0.23734
32 0.24274
33 0.2577
34 0.26428
35 0.2699
36 0.28855
37 0.30356
38 0.31261
39 0.33457
40 0.36191
41 0.37053
42 0.37426
43 0.3761
44 0.39823
45 0.40746
46 0.41516
47 0.4164
48 0.4292
49 0.43397
50 0.44636
51 0.4539
52 0.47553
53 0.48109
54 0.50145
55 0.51347
56 0.51851
57 0.52177
58 0.54394
59 0.56971
60 0.58513
61 0.58702
62 0.5901
63 0.60332
64 0.61825
65 0.62017
66 0.62568
67 0.63353
68 0.64757
69 0.66008
70 0.66531
71 0.68172
72 0.68344
73 0.70644
74 0.7227
75 0.7251
76 0.72799
77 0.73473
78 0.73824
79 0.76223
80 0.76754
81 0.77385
82 0.77619
83 0.77892
84 0.79211
85 0.80543
86 0.82201
87 0.8373
88 0.85146
89 0.85351
90 0.85774
91 0.86388
92 0.87933
93 0.89261
94 0.9033
95 0.92284
96 0.93879
97 0.94028
98 0.94625
99 0.95568
100 0.96109
101 0.9627
102 0.96867
103 0.97284
104 0.97834
105 0.99672
106 1.0045
107 1.00778
108 1.00973
109 1.01271
110 1.01453
111 1.02565
112 1.05038
113 1.06161
114 1.06665
115 1.07601
116 1.08482
117 1.0931
118 1.09858
119 1.09991
120 1.11454
121 1.11958
122 1.12117
123 1.12528
124 1.12618
125 1.13563
126 1.17632
127 1.18422
128 1.18522
129 1.1998
130 1.21677
131 1.22243
132 1.23209
133 1.24607
134 1.27302
135 1.27614
136 1.28796
137 1.29373
138 1.29549
139 1.30558
140 1.30811
141 1.31008
142 1.33423
143 1.34451
144 1.34592
145 1.36136
146 1.3649
147 1.36719
148 1.37024
149 1.38431
150 1.39318
151 1.40977
152 1.42384
153 1.4349
154 1.44666
155 1.46412
156 1.4841
157 1.50242
158 1.51372
159 1.53203
160 1.55392
161 1.55594
162 1.56069
163 1.5625
164 1.56391
165 1.57305
166 1.58956
167 1.5936
168 1.59507
169 1.6099
170 1.61426
171 1.62116
172 1.63784
173 1.64191
174 1.64318
175 1.65282
176 1.68186
177 1.68523
178 1.70795
179 1.71932
180 1.72742
181 1.73287
182 1.7423
183 1.76205
184 1.76891
185 1.77767
186 1.77999
187 1.78962
188 1.79273
189 1.80597
190 1.80821
191 1.81191
192 1.82376
193 1.83095
194 1.83711
195 1.84181
196 1.85104
197 1.85587
198 1.86161
199 1.87412
200 1.88898
201 1.90507
202 1.90745
203 1.92862
204 1.93067
205 1.93976
206 1.94495
207 1.96276
208 1.96835
209 1.97415
210 1.97672
211 1.98837
212 2.02856
213 2.04769
214 2.06003
215 2.06374
216 2.06569
217 2.06755
218 2.07112
219 2.08753
220 2.09214
221 2.10003
222 2.12188
223 2.13258
224 2.14873
225 2.15042
226 2.15945
227 2.16271
228 2.18381
229 2.19321
230 2.21603
231 2.22003
232 2.22481
233 2.23489
234 2.2402
235 2.25809
236 2.26358
237 2.26843
238 2.28549
239 2.30686
240 2.31082
241 2.31441
242 2.33382
243 2.34028
244 2.34768
245 2.3578
246 2.36608
247 2.38519
248 2.39126
249 2.40826
250 2.41251
251 2.42218
252 2.42775
253 2.43694
254 2.4496
255 2.45628
256 2.47332
257 2.49823
258 2.50573
259 2.51783
260 2.52087
261 2.53136
262 2.54529
263 2.55747
264 2.56137
265 2.5847
266 2.61602
267 2.63913
268 2.65347
269 2.66123
270 2.66392
271 2.67667
272 2.69442
273 2.71952
274 2.7406
275 2.76495
276 2.7725
277 2.78581
278 2.79156
279 2.80381
280 2.83351
281 2.84556
282 2.84695
283 2.86914
284 2.88503
285 2.89976
286 2.90938
287 2.91473
288 2.92018
289 2.93494
290 2.93669
291 2.94545
292 2.94912
293 2.95017
294 2.95883
295 2.96176
296 2.96347
297 2.97151
