1 0.00298
2 0.00537
3 0.00999
4 0.01243
5 0.028
6 0.03341
7 0.03718
8 0.03951
9 0.04485
10 0.05553
11 0.06273
12 0.0645
13 0.06888
14 0.07433
15 0.08738
16 0.0924
17 0.0963
18 0.10227
19 0.11203
20 0.12489
21 0.12906
22 0.13264
23 0.13747
24 0.13927
25 0.15372
26 0.15565
27 0.16546
28 0.16628
29 0.16891
30 0.1764
31 0.19354
32 0.20847
33 0.21976
34 0.22316
35 0.23156
36 0.23421
37 0.24004
38 0.2444
39 0.24815
40 0.25889
41 0.26157
42 0.26817
43 0.26986
44 0.28129
45 0.28297
46 0.28575
47 0.28917
48 0.29486
49 0.3047
50 0.30875
51 0.31502
52 0.32279
53 0.32769
54 0.3461
55 0.35091
56 0.36168
57 0.37103
58 0.37672
59 0.38485
60 0.38733
61 0.39178
62 0.39438
63 0.41748
64 0.42228
65 0.42823
66 0.43122
67 0.44806
68 0.44993
69 0.465
70 0.4692
71 0.4733
72 0.47771
73 0.48759
74 0.49555
75 0.49713
76 0.50546
77 0.51104
78 0.51541
79 0.52068
80 0.52859
81 0.53309
82 0.53741
83 0.54522
84 0.55001
85 0.55649
86 0.55855
87 0.56049
88 0.56392
89 0.5671
90 0.56894
91 0.58568
92 0.59167
93 0.59724
94 0.60094
95 0.62126
96 0.62938
97 0.63378
98 0.63754
99 0.66128
100 0.67424
101 0.68729
102 0.69921
103 0.7161
104 0.72079
105 0.73677
106 0.76436
107 0.76868
108 0.7718
109 0.77454
110 0.78128
111 0.78301
112 0.78869
113 0.79502
114 0.79938
115 0.81184
116 0.82129
117 0.83956
118 0.8477
119 0.85054
120 0.85609
121 0.8608
122 0.86566
123 0.87444
124 0.87669
125 0.88624
126 0.88978
127 0.9124
128 0.92184
129 0.92733
130 0.92918
131 0.948
132 0.9655
133 0.96733
134 0.97323
135 0.97609
136 0.97744
137 0.98439
138 0.9868
139 0.98987
140 0.99145
141 1.00418
142 1.0213
143 1.02953
144 1.03136
145 1.03747
146 1.04171
147 1.05606
148 1.05838
149 1.06314
150 1.06496
151 1.07074
152 1.08551
153 1.10372
154 1.11977
155 1.12264
156 1.12681
157 1.13088
158 1.13853
159 1.14241
160 1.15925
161 1.16776
162 1.17775
163 1.184
164 1.18889
165 1.19717
166 1.21197
167 1.22263
168 1.22418
169 1.2364
170 1.23901
171 1.25067
172 1.25977
173 1.26454
174 1.2686
175 1.28212
176 1.28968
177 1.29336
178 1.3055
179 1.30693
180 1.31098
181 1.31347
182 1.31556
183 1.31841
184 1.34134
185 1.34374
186 1.36163
187 1.3645
188 1.36809
189 1.37756
190 1.37931
191 1.38849
192 1.39052
193 1.39637
194 1.40116
195 1.41619
196 1.4235
197 1.4294
198 1.43234
199 1.45132
200 1.46534
201 1.47183
202 1.48888
203 1.49063
204 1.49317
205 1.51094
206 1.52242
207 1.52826
208 1.53094
209 1.53779
210 1.55271
211 1.55486
212 1.55686
213 1.55978
214 1.56429
215 1.56852
216 1.57167
217 1.58881
218 1.59029
219 1.59271
220 1.59718
221 1.608
222 1.61855
223 1.62657
224 1.6306
225 1.65173
226 1.66687
227 1.67175
228 1.68024
229 1.69498
230 1.71395
231 1.71619
232 1.73284
233 1.73896
234 1.75232
235 1.76023
236 1.76835
237 1.77658
238 1.77774
239 1.78574
240 1.78976
241 1.79922
242 1.80468
243 1.8082
244 1.81141
245 1.81504
246 1.82733
247 1.83582
248 1.84182
249 1.8445
250 1.85376
251 1.8632
252 1.86832
253 1.87288
254 1.87754
255 1.88253
256 1.89642
257 1.92315
258 1.92838
259 1.93192
260 1.93509
261 1.93773
262 1.96274
263 1.96958
264 1.97501
265 1.9833
266 1.99017
267 1.99383
268 2.00661
269 2.00985
270 2.01146
271 2.01866
272 2.02922
273 2.03488
274 2.04348
275 2.05207
276 2.05439
277 2.06133
278 2.0634
279 2.09294
280 2.09594
281 2.10259
282 2.11182
283 2.11406
284 2.11919
285 2.12082
286 2.13062
287 2.13439
288 2.13558
289 2.14151
290 2.16868
291 2.17672
292 2.18261
293 2.1864
294 2.19378
295 2.19762
296 2.20197
297 2.21676
298 2.21902
299 2.22381
300 2.22604
301 2.23864
302 2.24958
303 2.25742
304 2.26513
305 2.2721
306 2.27484
307 2.27612
308 2.28432
309 2.29513
310 2.29857
311 2.30626
312 2.31197
313 2.32533
314 2.33876
315 2.3448
316 2.34654
317 2.34973
318 2.3627
319 2.36992
320 2.37307
321 2.37715
322 2.37845
323 2.38682
324 2.4178
325 2.42515
326 2.43362
327 2.44369
328 2.4522
329 2.46638
330 2.47051
331 2.4886
332 2.48962
333 2.49429
334 2.49796
335 2.50712
336 2.51707
337 2.5256
338 2.53268
339 2.53445
340 2.54266
341 2.55496
342 2.55666
343 2.56422
344 2.57435
345 2.57773
346 2.59125
347 2.59965
348 2.61387
349 2.6188
350 2.62682
351 2.63752
352 2.65276
353 2.65531
354 2.67074
355 2.67333
356 2.67995
357 2.68936
358 2.70115
359 2.71505
360 2.71809
361 2.73575
362 2.74352
363 2.75906
364 2.77001
365 2.77299
366 2.78021
367 2.78916
368 2.80122
369 2.81258
370 2.81439
371 2.82156
372 2.83981
373 2.84216
374 2.85804
375 2.86739
376 2.86911
377 2.87155
378 2.87494
379 2.88048
380 2.88442
381 2.89974
382 2.90557
383 2.91165
384 2.92105
385 2.92471
386 2.93114
387 2.93433
388 2.93694
389 2.94762
390 2.96324
391 2.96587
392 2.97654
393 2.98321
394 2.99176
395 2.99511
