1 0.00917
2 0.01086
3 0.01291
4 0.01633
5 0.02466
6 0.02808
7 0.04264
8 0.05193
9 0.06028
10 0.06608
11 0.06844
12 0.07441
13 0.07794
14 0.08479
15 0.10516
16 0.10709
17 0.10945
18 0.12029
19 0.13618
20 0.13787
21 0.14447
22 0.14722
23 0.14997
24 0.16613
25 0.16915
26 0.17686
27 0.17877
28 0.18377
29 0.18928
30 0.20591
31 0.21228
32 0.21583
33 0.22084
34 0.228
35 0.23231
36 0.23752
37 0.2445
38 0.24763
39 0.26168
40 0.27271
41 0.27938
42 0.28416
43 0.28827
44 0.30054
45 0.31746
46 0.32646
47 0.33287
48 0.33584
49 0.33811
50 0.3417
51 0.35873
52 0.36405
53 0.36674
54 0.37332
55 0.37732
56 0.38808
57 0.39365
58 0.39825
59 0.40179
60 0.40718
61 0.41565
62 0.41923
63 0.42688
64 0.42794
65 0.43773
66 0.43951
67 0.44468
68 0.44897
69 0.45447
70 0.45924
71 0.46212
72 0.4653
73 0.47002
74 0.48394
75 0.50248
76 0.51304
77 0.52458
78 0.55109
79 0.55366
80 0.55451
81 0.56337
82 0.56705
83 0.57116
84 0.58854
85 0.60863
86 0.61292
87 0.61734
88 0.6234
89 0.6282
90 0.63357
91 0.64063
92 0.65328
93 0.65805
94 0.66464
95 0.67001
96 0.67555
97 0.679
98 0.68878
99 0.69586
100 0.70729
101 0.71297
102 0.71703
103 0.72963
104 0.7451
105 0.74735
106 0.74882
107 0.75335
108 0.75676
109 0.76314
110 0.7717
111 0.79087
112 0.79441
113 0.80302
114 0.81143
115 0.81525
116 0.81926
117 0.82168
118 0.82478
119 0.82871
120 0.82983
121 0.84695
122 0.85886
123 0.88063
124 0.88342
125 0.88467
126 0.89116
127 0.89483
128 0.90485
129 0.91519
130 0.92022
131 0.92808
132 0.93505
133 0.94018
134 0.9551
135 0.96626
136 0.98392
137 0.99079
138 0.99253
139 1.00962
140 1.01225
141 1.02176
142 1.0396
143 1.04366
144 1.05257
145 1.05689
146 1.06933
147 1.07528
148 1.08205
149 1.10371
150 1.11864
151 1.12147
152 1.12434
153 1.13195
154 1.1362
155 1.13789
156 1.1402
157 1.14895
158 1.15504
159 1.16064
160 1.16567
161 1.16969
162 1.17187
163 1.17533
164 1.17765
165 1.18506
166 1.18647
167 1.19368
168 1.20505
169 1.21042
170 1.21488
171 1.22019
172 1.22614
173 1.25523
174 1.25965
175 1.26121
176 1.2871
177 1.2944
178 1.31522
179 1.3247
180 1.33039
181 1.33266
182 1.34618
183 1.35794
184 1.36781
185 1.37052
186 1.37409
187 1.3815
188 1.38914
189 1.39544
190 1.39953
191 1.41558
192 1.42217
193 1.42739
194 1.4304
195 1.44044
196 1.47919
197 1.48104
198 1.48689
199 1.50675
200 1.51189
201 1.5165
202 1.53857
203 1.5463
204 1.54775
205 1.55141
206 1.5541
207 1.56549
208 1.56821
209 1.57236
210 1.57619
211 1.59048
212 1.60072
213 1.60742
214 1.61606
215 1.62092
216 1.62659
217 1.62804
218 1.63717
219 1.64383
220 1.6477
221 1.6526
222 1.65657
223 1.66033
224 1.66302
225 1.68076
226 1.68747
227 1.68892
228 1.69366
229 1.70397
230 1.70904
231 1.71953
232 1.72579
233 1.73547
234 1.73912
235 1.74775
236 1.75008
237 1.75298
238 1.75762
239 1.76053
240 1.76469
241 1.76829
242 1.78418
243 1.7989
244 1.81011
245 1.81195
246 1.81453
247 1.8516
248 1.86478
249 1.87025
250 1.87899
251 1.88305
252 1.88488
253 1.88621
254 1.88996
255 1.89192
256 1.89827
257 1.91409
258 1.92371
259 1.9289
260 1.93257
261 1.9357
262 1.93859
263 1.94554
264 1.94802
265 1.96261
266 1.96894
267 1.9752
268 1.98508
269 1.98841
270 1.99229
271 2.00345
272 2.01317
273 2.01863
274 2.04426
275 2.05157
276 2.06213
277 2.06837
278 2.07127
279 2.07583
280 2.08215
281 2.08696
282 2.11883
283 2.12018
284 2.12821
285 2.13051
286 2.13172
287 2.1381
288 2.14211
289 2.14509
290 2.16577
291 2.16935
292 2.17112
293 2.18086
294 2.19175
295 2.19828
296 2.21975
297 2.22898
298 2.24896
299 2.2543
300 2.26811
301 2.29126
302 2.29846
303 2.3039
304 2.33712
305 2.34775
306 2.35418
307 2.35585
308 2.36781
309 2.37311
310 2.37948
311 2.38274
312 2.38992
313 2.39308
314 2.39925
315 2.4047
316 2.40588
317 2.41251
318 2.41546
319 2.42883
320 2.43678
321 2.43959
322 2.4433
323 2.44537
324 2.45001
325 2.46303
326 2.47436
327 2.50569
328 2.50952
329 2.51529
330 2.51752
331 2.52566
332 2.54996
333 2.5529
334 2.55748
335 2.56496
336 2.56807
337 2.57296
338 2.57497
339 2.61705
340 2.6203
341 2.62858
342 2.63022
343 2.63428
344 2.6368
345 2.64306
346 2.65249
347 2.66881
348 2.67149
349 2.67462
350 2.67822
351 2.68185
352 2.69703
353 2.71105
354 2.7136
355 2.72176
356 2.72465
357 2.74461
358 2.75398
359 2.76886
360 2.77283
361 2.79062
362 2.79685
363 2.80193
364 2.80396
365 2.80996
366 2.81272
367 2.81916
368 2.82497
369 2.82778
370 2.84539
371 2.87155
372 2.8734
373 2.87636
374 2.88133
375 2.8967
376 2.90008
377 2.90261
378 2.91261
379 2.91793
380 2.92007
381 2.93243
382 2.9354
383 2.93713
384 2.95689
385 2.96613
386 2.97269
387 2.9798
388 2.98279
389 2.98778
