1 0.00388
2 0.01956
3 0.02642
4 0.03429
5 0.04216
6 0.04823
7 0.05907
8 0.06823
9 0.07092
10 0.07416
11 0.07656
12 0.08294
13 0.08629
14 0.09138
15 0.0949
16 0.09969
17 0.11699
18 0.13609
19 0.15358
20 0.16192
21 0.16795
22 0.18009
23 0.18506
24 0.18941
25 0.19273
26 0.19655
27 0.20344
28 0.20551
29 0.21542
30 0.21924
31 0.22227
32 0.24192
33 0.25434
34 0.2774
35 0.29282
36 0.30261
37 0.30597
38 0.3089
39 0.31874
40 0.32426
41 0.33286
42 0.34594
43 0.35398
44 0.35629
45 0.35914
46 0.36946
47 0.37484
48 0.38042
49 0.39472
50 0.39722
51 0.40719
52 0.41129
53 0.41563
54 0.43015
55 0.43834
56 0.45478
57 0.4594
58 0.47437
59 0.48689
60 0.50402
61 0.50993
62 0.51253
63 0.52224
64 0.52816
65 0.5356
66 0.53893
67 0.54142
68 0.54692
69 0.55186
70 0.55919
71 0.56593
72 0.56895
73 0.5751
74 0.58228
75 0.58604
76 0.58855
77 0.59517
78 0.60473
79 0.61711
80 0.62561
81 0.63054
82 0.64055
83 0.64852
84 0.67461
85 0.67873
86 0.69424
87 0.6974
88 0.70729
89 0.72332
90 0.72976
91 0.73611
92 0.7425
93 0.74684
94 0.75309
95 0.75478
96 0.77359
97 0.78147
98 0.79674
99 0.79924
100 0.80285
101 0.80441
102 0.81393
103 0.8208
104 0.82349
105 0.83252
106 0.8337
107 0.83827
108 0.84109
109 0.85391
110 0.8556
111 0.86007
112 0.87735
113 0.88094
114 0.89578
115 0.90178
116 0.90495
117 0.92721
118 0.94115
119 0.96852
120 0.97525
121 0.97795
122 0.98955
123 0.99295
124 0.99954
125 1.00497
126 1.00765
127 1.01616
128 1.03158
129 1.04407
130 1.04894
131 1.05672
132 1.07688
133 1.08914
134 1.09198
135 1.10725
136 1.10874
137 1.1256
138 1.13116
139 1.13838
140 1.15025
141 1.15607
142 1.17063
143 1.176
144 1.19419
145 1.20575
146 1.21057
147 1.22087
148 1.22261
149 1.23054
150 1.23653
151 1.24272
152 1.24724
153 1.26362
154 1.286
155 1.2977
156 1.309
157 1.31628
158 1.33161
159 1.34114
160 1.34742
161 1.35266
162 1.35762
163 1.35929
164 1.36254
165 1.37658
166 1.38114
167 1.38373
168 1.401
169 1.40415
170 1.42168
171 1.43037
172 1.4361
173 1.44328
174 1.45893
175 1.46232
176 1.46841
177 1.47767
178 1.48216
179 1.49213
180 1.50598
181 1.5071
182 1.52173
183 1.53666
184 1.54514
185 1.5507
186 1.56751
187 1.58084
188 1.58759
189 1.5917
190 1.60753
191 1.63021
192 1.64235
193 1.64722
194 1.65372
195 1.66318
196 1.67506
197 1.6947
198 1.70415
199 1.71955
200 1.72241
201 1.7366
202 1.74295
203 1.76472
204 1.78265
205 1.7904
206 1.79721
207 1.80161
208 1.80611
209 1.8133
210 1.82676
211 1.83082
212 1.83521
213 1.85618
214 1.86278
215 1.86801
216 1.87705
217 1.87982
218 1.91247
219 1.91721
220 1.92341
221 1.9244
222 1.93219
223 1.93771
224 1.93966
225 1.94907
226 1.95423
227 1.96805
228 1.98589
229 1.99086
230 2.0045
231 2.0077
232 2.02145
233 2.03626
234 2.0432
235 2.04844
236 2.05498
237 2.05757
238 2.06614
239 2.06743
240 2.07809
241 2.08426
242 2.09283
243 2.0994
244 2.11072
245 2.13119
246 2.14116
247 2.14289
248 2.15243
249 2.15993
250 2.17218
251 2.18046
252 2.18273
253 2.21123
254 2.21953
255 2.23979
256 2.24402
257 2.25088
258 2.25417
259 2.27829
260 2.2859
261 2.30384
262 2.32574
263 2.33571
264 2.34018
265 2.35065
266 2.35727
267 2.36454
268 2.36948
269 2.38388
270 2.40924
271 2.41518
272 2.42106
273 2.42585
274 2.4369
275 2.46757
276 2.49451
277 2.50192
278 2.50933
279 2.51457
280 2.5287
281 2.53112
282 2.53269
283 2.54335
284 2.54943
285 2.55158
286 2.55938
287 2.56821
288 2.57269
289 2.58902
290 2.60206
291 2.61173
292 2.62009
293 2.62765
294 2.62975
295 2.63522
296 2.64781
297 2.65192
298 2.65758
299 2.6644
300 2.66773
301 2.66985
302 2.67193
303 2.67689
304 2.68737
305 2.6916
306 2.69546
307 2.70366
308 2.71267
309 2.71791
310 2.71957
311 2.73501
312 2.74025
313 2.76358
314 2.80085
315 2.80338
316 2.80495
317 2.80687
318 2.80884
319 2.81669
320 2.82545
321 2.84026
322 2.86019
323 2.86718
324 2.87206
325 2.88506
326 2.89209
327 2.90056
328 2.90596
329 2.9178
330 2.9223
331 2.92519
332 2.93079
333 2.94483
334 2.94594
335 2.97592
336 2.98277
337 2.98678
338 2.9964
