1 0.00564
2 0.01911
3 0.02399
4 0.02534
5 0.034
6 0.04306
7 0.04808
8 0.05344
9 0.05847
10 0.06545
11 0.06936
12 0.07347
13 0.07727
14 0.08714
15 0.09956
16 0.10273
17 0.10445
18 0.10962
19 0.12726
20 0.13405
21 0.1445
22 0.15019
23 0.15479
24 0.16014
25 0.1635
26 0.17652
27 0.17845
28 0.18972
29 0.19785
30 0.20172
31 0.20999
32 0.21716
33 0.22395
34 0.22852
35 0.24225
36 0.2454
37 0.24708
38 0.25187
39 0.25751
40 0.26835
41 0.27357
42 0.29475
43 0.30976
44 0.31679
45 0.32079
46 0.32196
47 0.32508
48 0.33077
49 0.33721
50 0.35384
51 0.35978
52 0.36269
53 0.3797
54 0.38321
55 0.38829
56 0.39001
57 0.39623
58 0.40203
59 0.40406
60 0.40531
61 0.4134
62 0.41575
63 0.42537
64 0.43014
65 0.43663
66 0.44694
67 0.45073
68 0.45315
69 0.46046
70 0.47241
71 0.47467
72 0.47849
73 0.48526
74 0.49035
75 0.49899
76 0.51998
77 0.52207
78 0.53703
79 0.54475
80 0.54582
81 0.54826
82 0.55455
83 0.57066
84 0.57294
85 0.57791
86 0.58076
87 0.58413
88 0.59835
89 0.60402
90 0.61051
91 0.63369
92 0.64182
93 0.6453
94 0.65316
95 0.66034
96 0.66673
97 0.67961
98 0.69045
99 0.70027
100 0.7031
101 0.70717
102 0.7141
103 0.72736
104 0.72871
105 0.73176
106 0.73724
107 0.74113
108 0.74746
109 0.75983
110 0.76894
111 0.7717
112 0.77551
113 0.79145
114 0.79518
115 0.80177
116 0.80442
117 0.82083
118 0.82481
119 0.82725
120 0.831
121 0.8331
122 0.84396
123 0.8497
124 0.85215
125 0.85836
126 0.86424
127 0.87953
128 0.89357
129 0.9018
130 0.90769
131 0.90917
132 0.91541
133 0.91993
134 0.92337
135 0.93014
136 0.93186
137 0.93737
138 0.94297
139 0.94414
140 0.94568
141 0.95606
142 0.96936
143 0.97396
144 0.97581
145 0.98325
146 0.98766
147 0.99535
148 0.99824
149 1.00697
150 1.01008
151 1.01983
152 1.02634
153 1.03219
154 1.03911
155 1.04452
156 1.04904
157 1.05175
158 1.06669
159 1.06824
160 1.07121
161 1.0782
162 1.08268
163 1.10307
164 1.11412
165 1.12691
166 1.15359
167 1.16101
168 1.16525
169 1.17119
170 1.18498
171 1.19609
172 1.19912
173 1.20596
174 1.22658
175 1.22993
176 1.23469
177 1.24545
178 1.25086
179 1.27569
180 1.27924
181 1.28495
182 1.29762
183 1.3171
184 1.32806
185 1.33471
186 1.3402
187 1.34706
188 1.34867
189 1.38354
190 1.39332
191 1.40192
192 1.40838
193 1.42582
194 1.43512
195 1.44257
196 1.44876
197 1.45101
198 1.45438
199 1.46261
200 1.47844
201 1.48046
202 1.4841
203 1.49499
204 1.50211
205 1.5066
206 1.52278
207 1.54072
208 1.54248
209 1.54615
210 1.55138
211 1.56401
212 1.56988
213 1.57362
214 1.57508
215 1.58372
216 1.58728
217 1.60305
218 1.61326
219 1.61592
220 1.62668
221 1.63232
222 1.64213
223 1.64917
224 1.6522
225 1.66054
226 1.66385
227 1.67172
228 1.681
229 1.68476
230 1.68778
231 1.69838
232 1.70371
233 1.70881
234 1.72631
235 1.72966
236 1.7317
237 1.7488
238 1.75317
239 1.78906
240 1.79426
241 1.79893
242 1.81817
243 1.82258
244 1.82768
245 1.82994
246 1.83316
247 1.83521
248 1.85152
249 1.85906
250 1.87523
251 1.88184
252 1.88684
253 1.89862
254 1.90531
255 1.91176
256 1.91371
257 1.91645
258 1.92363
259 1.92839
260 1.93606
261 1.94432
262 1.9477
263 1.9589
264 1.96826
265 1.98027
266 1.99783
267 1.99912
268 2.00671
269 2.01779
270 2.02116
271 2.02774
272 2.04025
273 2.04168
274 2.04579
275 2.05721
276 2.07113
277 2.07717
278 2.08521
279 2.10064
280 2.10169
281 2.1064
282 2.12823
283 2.13688
284 2.13859
285 2.14221
286 2.14593
287 2.15005
288 2.15836
289 2.15941
290 2.1657
291 2.16893
292 2.18291
293 2.19416
294 2.19664
295 2.20948
296 2.21202
297 2.23223
298 2.24837
299 2.2496
300 2.27202
301 2.27645
302 2.29129
303 2.29529
304 2.30041
305 2.32163
306 2.32881
307 2.3427
308 2.34437
309 2.3488
310 2.35196
311 2.35529
312 2.36715
313 2.37688
314 2.3871
315 2.38958
316 2.39555
317 2.39939
318 2.40268
319 2.40476
320 2.43522
321 2.44717
322 2.45511
323 2.46365
324 2.4837
325 2.48655
326 2.49262
327 2.49477
328 2.50061
329 2.50422
330 2.50628
331 2.52295
332 2.5274
333 2.54815
334 2.55511
335 2.56556
336 2.56958
337 2.57437
338 2.57993
339 2.60337
340 2.60859
341 2.61489
342 2.62064
343 2.63484
344 2.63908
345 2.64513
346 2.65501
347 2.65642
348 2.65844
349 2.66353
350 2.6794
351 2.68845
352 2.69035
353 2.69947
354 2.70589
355 2.7149
356 2.72662
357 2.73235
358 2.73487
359 2.743
360 2.74634
361 2.75331
362 2.75798
363 2.79466
364 2.79836
365 2.81685
366 2.82112
367 2.82432
368 2.8294
369 2.84251
370 2.85439
371 2.86439
372 2.86604
373 2.87983
374 2.90588
375 2.91172
376 2.91343
377 2.91597
378 2.91799
379 2.92793
380 2.9359
381 2.94606
382 2.94959
383 2.95193
384 2.95857
385 2.9621
386 2.96484
387 2.9737
388 2.97713
389 2.98219
390 2.98756
391 2.99628
