1 0.00573
2 0.0134
3 0.01676
4 0.01784
5 0.02078
6 0.02294
7 0.02826
8 0.02956
9 0.03767
10 0.04876
11 0.06898
12 0.0715
13 0.07385
14 0.07884
15 0.08264
16 0.08877
17 0.09282
18 0.09667
19 0.10433
20 0.10957
21 0.11201
22 0.11833
23 0.12102
24 0.13589
25 0.14032
26 0.14593
27 0.14997
28 0.15224
29 0.15574
30 0.16431
31 0.17813
32 0.18202
33 0.19086
34 0.19452
35 0.19768
36 0.21988
37 0.22744
38 0.22989
39 0.2354
40 0.23836
41 0.24235
42 0.2458
43 0.24957
44 0.26268
45 0.26992
46 0.27317
47 0.28094
48 0.28438
49 0.29508
50 0.3061
51 0.31513
52 0.3202
53 0.32272
54 0.32847
55 0.33079
56 0.33369
57 0.33897
58 0.34276
59 0.35171
60 0.35976
61 0.36679
62 0.38777
63 0.3925
64 0.40756
65 0.4121
66 0.42619
67 0.44334
68 0.44712
69 0.45326
70 0.47208
71 0.47341
72 0.47505
73 0.48439
74 0.4883
75 0.49615
76 0.50663
77 0.512
78 0.51981
79 0.52752
80 0.53756
81 0.54191
82 0.56167
83 0.56739
84 0.58001
85 0.58262
86 0.58672
87 0.59961
88 0.60737
89 0.61395
90 0.61598
91 0.61824
92 0.62588
93 0.63926
94 0.64176
95 0.6445
96 0.64639
97 0.64859
98 0.67738
99 0.68947
100 0.69201
101 0.69658
102 0.69918
103 0.70529
104 0.70874
105 0.71707
106 0.72029
107 0.73192
108 0.7388
109 0.74948
110 0.75737
111 0.75899
112 0.76799
113 0.77274
114 0.78851
115 0.81487
116 0.81992
117 0.82169
118 0.82566
119 0.83275
120 0.8396
121 0.84419
122 0.86155
123 0.86583
124 0.86921
125 0.88775
126 0.8959
127 0.9024
128 0.90817
129 0.92621
130 0.93218
131 0.94383
132 0.9517
133 0.96248
134 0.96947
135 0.97955
136 0.987
137 0.98873
138 0.99151
139 0.99379
140 0.99832
141 1.00278
142 1.00565
143 1.01846
144 1.02312
145 1.03025
146 1.04158
147 1.05659
148 1.06896
149 1.07719
150 1.07956
151 1.08573
152 1.10431
153 1.11022
154 1.13678
155 1.15099
156 1.15599
157 1.17588
158 1.17886
159 1.19384
160 1.19695
161 1.20168
162 1.21748
163 1.22291
164 1.24223
165 1.24647
166 1.24996
167 1.25724
168 1.27028
169 1.27301
170 1.2767
171 1.28111
172 1.28439
173 1.28789
174 1.2916
175 1.30688
176 1.31254
177 1.32002
178 1.32747
179 1.33319
180 1.33866
181 1.34691
182 1.35688
183 1.35814
184 1.36409
185 1.37119
186 1.37819
187 1.38451
188 1.39073
189 1.39525
190 1.40015
191 1.40493
192 1.41209
193 1.42954
194 1.43374
195 1.4394
196 1.446
197 1.44913
198 1.46181
199 1.48547
200 1.4908
201 1.49396
202 1.49675
203 1.50231
204 1.50873
205 1.51666
206 1.51982
207 1.52236
208 1.53004
209 1.53408
210 1.54269
211 1.5514
212 1.55818
213 1.56323
214 1.5675
215 1.57684
216 1.57953
217 1.58134
218 1.58655
219 1.59142
220 1.62067
221 1.64428
222 1.64658
223 1.65732
224 1.6892
225 1.69162
226 1.70216
227 1.7123
228 1.72783
229 1.73215
230 1.73579
231 1.73987
232 1.74239
233 1.74423
234 1.74861
235 1.75988
236 1.7657
237 1.77659
238 1.78457
239 1.78668
240 1.79297
241 1.80261
242 1.81296
243 1.82287
244 1.83096
245 1.84304
246 1.84578
247 1.8716
248 1.87312
249 1.8908
250 1.89311
251 1.89849
252 1.90294
253 1.91383
254 1.91609
255 1.93271
256 1.94722
257 1.95279
258 1.96809
259 1.97367
260 1.98208
261 1.99248
262 1.99626
263 2.00319
264 2.00855
265 2.0149
266 2.0181
267 2.02767
268 2.03809
269 2.04237
270 2.05531
271 2.06212
272 2.06761
273 2.08846
274 2.09624
275 2.10516
276 2.10881
277 2.11065
278 2.14198
279 2.14621
280 2.15069
281 2.16127
282 2.17774
283 2.19177
284 2.19715
285 2.20619
286 2.20729
287 2.21922
288 2.22758
289 2.23372
290 2.24079
291 2.25159
292 2.26064
293 2.27417
294 2.28651
295 2.30845
296 2.30993
297 2.32276
298 2.33891
299 2.34005
300 2.3477
301 2.35104
302 2.35439
303 2.36314
304 2.37811
305 2.39171
306 2.39451
307 2.40262
308 2.41321
309 2.43425
310 2.44646
311 2.45176
312 2.47381
313 2.48217
314 2.48401
315 2.49695
316 2.50236
317 2.50622
318 2.52475
319 2.5271
320 2.53177
321 2.54345
322 2.56395
323 2.57305
324 2.57499
325 2.58419
326 2.59132
327 2.59437
328 2.59752
329 2.60763
330 2.63862
331 2.64159
332 2.64682
333 2.65144
334 2.6606
335 2.67924
336 2.68645
337 2.69585
338 2.70768
339 2.7252
340 2.73469
341 2.73878
342 2.74195
343 2.74473
344 2.7482
345 2.74995
346 2.7545
347 2.7635
348 2.77092
349 2.77776
350 2.78582
351 2.81357
352 2.81578
353 2.82173
354 2.82468
355 2.82928
356 2.83885
357 2.8417
358 2.84428
359 2.85542
360 2.85841
361 2.861
362 2.89277
363 2.89542
364 2.89756
365 2.90137
366 2.93612
367 2.94096
368 2.94711
369 2.95122
370 2.95634
371 2.96282
372 2.96832
373 2.97484
374 2.97721
375 2.98295
376 2.99162
