1 0.00138
2 0.00536
3 0.01329
4 0.0261
5 0.03343
6 0.03778
7 0.04361
8 0.04604
9 0.05289
10 0.05905
11 0.07071
12 0.08839
13 0.09129
14 0.09251
15 0.09533
16 0.0986
17 0.10093
18 0.11553
19 0.12002
20 0.13435
21 0.14039
22 0.14566
23 0.14781
24 0.15063
25 0.15518
26 0.16045
27 0.16411
28 0.18043
29 0.18549
30 0.20891
31 0.21351
32 0.21503
33 0.22075
34 0.237
35 0.24682
36 0.25376
37 0.25859
38 0.28726
39 0.2942
40 0.29807
41 0.30547
42 0.30788
43 0.3156
44 0.31859
45 0.321
46 0.33196
47 0.33801
48 0.3455
49 0.36602
50 0.37394
51 0.3871
52 0.39559
53 0.40453
54 0.41188
55 0.41787
56 0.42094
57 0.42233
58 0.4316
59 0.44236
60 0.45124
61 0.45812
62 0.46639
63 0.47277
64 0.47581
65 0.48659
66 0.49602
67 0.50601
68 0.51174
69 0.51962
70 0.5268
71 0.53748
72 0.5418
73 0.56783
74 0.56991
75 0.57162
76 0.57349
77 0.58195
78 0.58554
79 0.58871
80 0.59484
81 0.60131
82 0.61333
83 0.61724
84 0.62647
85 0.64157
86 0.64777
87 0.66013
88 0.6702
89 0.67444
90 0.68219
91 0.70136
92 0.70575
93 0.71222
94 0.71531
95 0.72058
96 0.72326
97 0.73031
98 0.73965
99 0.74917
100 0.75896
101 0.77801
102 0.78224
103 0.79561
104 0.79828
105 0.80366
106 0.81209
107 0.81941
108 0.83995
109 0.85078
110 0.85568
111 0.86011
112 0.8626
113 0.86797
114 0.87158
115 0.87835
116 0.88397
117 0.88793
118 0.9004
119 0.9173
120 0.91952
121 0.92345
122 0.92659
123 0.93613
124 0.94855
125 0.96206
126 0.96468
127 0.96938
128 0.97319
129 0.99296
130 1.00064
131 1.00369
132 1.02117
133 1.04186
134 1.04349
135 1.04721
136 1.04973
137 1.06622
138 1.07632
139 1.08477
140 1.08932
141 1.09479
142 1.1018
143 1.10774
144 1.11153
145 1.12665
146 1.13706
147 1.1429
148 1.14674
149 1.15487
150 1.16631
151 1.17501
152 1.17728
153 1.1853
154 1.19752
155 1.20221
156 1.20376
157 1.20726
158 1.21205
159 1.21657
160 1.2213
161 1.22558
162 1.22879
163 1.23597
164 1.23894
165 1.2489
166 1.2562
167 1.26576
168 1.27278
169 1.27807
170 1.29006
171 1.29319
172 1.29707
173 1.30173
174 1.33206
175 1.34616
176 1.34942
177 1.35282
178 1.35454
179 1.35987
180 1.3638
181 1.36938
182 1.37238
183 1.3973
184 1.40063
185 1.40218
186 1.41019
187 1.41656
188 1.4217
189 1.42995
190 1.43874
191 1.45351
192 1.47039
193 1.47843
194 1.48938
195 1.50117
196 1.51447
197 1.53334
198 1.53625
199 1.54577
200 1.55109
201 1.59467
202 1.59719
203 1.60643
204 1.60961
205 1.61235
206 1.63264
207 1.63796
208 1.64258
209 1.64732
210 1.64924
211 1.65392
212 1.66656
213 1.67425
214 1.69613
215 1.72088
216 1.7285
217 1.73601
218 1.73751
219 1.74255
220 1.74653
221 1.74865
222 1.75065
223 1.75407
224 1.76334
225 1.77371
226 1.77535
227 1.77847
228 1.79058
229 1.79186
230 1.79654
231 1.80247
232 1.80694
233 1.80997
234 1.81319
235 1.82136
236 1.83801
237 1.84061
238 1.8561
239 1.85895
240 1.86385
241 1.87788
242 1.8841
243 1.88636
244 1.8887
245 1.89277
246 1.91726
247 1.92334
248 1.92552
249 1.92851
250 1.9325
251 1.95202
252 1.96252
253 1.97507
254 1.97972
255 1.999
256 2.00762
257 2.00951
258 2.0401
259 2.04697
260 2.05704
261 2.081
262 2.08726
263 2.09744
264 2.1074
265 2.11407
266 2.11851
267 2.12634
268 2.13611
269 2.14584
270 2.15487
271 2.15808
272 2.16828
273 2.17004
274 2.18412
275 2.20662
276 2.21349
277 2.21848
278 2.22031
279 2.22263
280 2.2354
281 2.23724
282 2.25188
283 2.26095
284 2.28226
285 2.30061
286 2.31021
287 2.31514
288 2.33424
289 2.34301
290 2.34577
291 2.35467
292 2.35839
293 2.36797
294 2.37942
295 2.38771
296 2.39767
297 2.40461
298 2.40582
299 2.41291
300 2.41755
301 2.42036
302 2.42477
303 2.4356
304 2.43695
305 2.45614
306 2.45969
307 2.46255
308 2.46768
309 2.50019
310 2.52226
311 2.53369
312 2.54163
313 2.54772
314 2.54898
315 2.5693
316 2.57707
317 2.58387
318 2.59337
319 2.59908
320 2.6032
321 2.61414
322 2.61949
323 2.62292
324 2.62526
325 2.6297
326 2.63844
327 2.64291
328 2.64584
329 2.66216
330 2.66919
331 2.68126
332 2.68545
333 2.69219
334 2.6965
335 2.70745
336 2.71196
337 2.72058
338 2.72746
339 2.72934
340 2.73861
341 2.74091
342 2.74267
343 2.76074
344 2.76659
345 2.78393
346 2.78601
347 2.79548
348 2.80084
349 2.80244
350 2.80409
351 2.82578
352 2.8311
353 2.83312
354 2.84665
355 2.85643
356 2.86031
357 2.87227
358 2.87433
359 2.87794
360 2.88024
361 2.88159
362 2.88716
363 2.89034
364 2.89772
365 2.90401
366 2.9174
367 2.92287
368 2.92721
369 2.93282
370 2.9477
371 2.95471
372 2.96238
373 2.97549
374 2.98247
375 2.98966
376 2.99224
377 2.9948
