1 0.00389
2 0.00687
3 0.00928
4 0.02785
5 0.03057
6 0.03519
7 0.05041
8 0.05443
9 0.06005
10 0.08605
11 0.09099
12 0.09342
13 0.09803
14 0.10146
15 0.10644
16 0.11008
17 0.11181
18 0.13146
19 0.13415
20 0.15485
21 0.15579
22 0.1849
23 0.20178
24 0.20896
25 0.2125
26 0.21588
27 0.21952
28 0.22123
29 0.2275
30 0.23763
31 0.25051
32 0.26331
33 0.28122
34 0.28603
35 0.2979
36 0.33106
37 0.33808
38 0.35024
39 0.35689
40 0.37833
41 0.38589
42 0.38913
43 0.39599
44 0.40151
45 0.41024
46 0.43919
47 0.45294
48 0.45599
49 0.4621
50 0.47329
51 0.4777
52 0.47913
53 0.49086
54 0.49427
55 0.52302
56 0.52451
57 0.52831
58 0.53011
59 0.53704
60 0.54274
61 0.54432
62 0.55887
63 0.56664
64 0.58251
65 0.58991
66 0.59465
67 0.59803
68 0.60107
69 0.60863
70 0.6103
71 0.6223
72 0.62611
73 0.62996
74 0.63155
75 0.63299
76 0.63685
77 0.64207
78 0.65065
79 0.65296
80 0.6676
81 0.67185
82 0.68215
83 0.68937
84 0.70312
85 0.70727
86 0.71097
87 0.71338
88 0.71835
89 0.72155
90 0.73969
91 0.7496
92 0.76372
93 0.78279
94 0.80499
95 0.81482
96 0.82972
97 0.83304
98 0.84107
99 0.84827
100 0.85028
101 0.85708
102 0.86534
103 0.87454
104 0.89091
105 0.8926
106 0.90096
107 0.92603
108 0.93497
109 0.94083
110 0.94528
111 0.94978
112 0.95796
113 0.95974
114 0.97336
115 0.97732
116 0.98339
117 0.99598
118 1.02587
119 1.0275
120 1.03215
121 1.04241
122 1.04665
123 1.0508
124 1.0559
125 1.07962
126 1.10138
127 1.11559
128 1.13027
129 1.14235
130 1.17459
131 1.18307
132 1.20113
133 1.22322
134 1.22576
135 1.23042
136 1.23579
137 1.2433
138 1.24865
139 1.27565
140 1.27987
141 1.28357
142 1.29499
143 1.30792
144 1.31126
145 1.32534
146 1.33205
147 1.33802
148 1.34209
149 1.35388
150 1.36637
151 1.36767
152 1.37427
153 1.38592
154 1.38975
155 1.43625
156 1.45517
157 1.4664
158 1.46926
159 1.49267
160 1.50994
161 1.52347
162 1.53276
163 1.55388
164 1.57304
165 1.58842
166 1.60267
167 1.6283
168 1.64473
169 1.65026
170 1.67691
171 1.69024
172 1.70717
173 1.71594
174 1.7224
175 1.72853
176 1.73273
177 1.74393
178 1.75776
179 1.76277
180 1.78385
181 1.79599
182 1.8022
183 1.80695
184 1.83677
185 1.83779
186 1.84289
187 1.86323
188 1.86628
189 1.8788
190 1.88605
191 1.88856
192 1.89437
193 1.89747
194 1.90421
195 1.91221
196 1.92621
197 1.94178
198 1.94345
199 1.95865
200 1.96129
201 1.97765
202 1.9968
203 2.01121
204 2.02053
205 2.03698
206 2.04526
207 2.05098
208 2.05758
209 2.07886
210 2.08641
211 2.09228
212 2.09424
213 2.11405
214 2.1216
215 2.12766
216 2.14015
217 2.15006
218 2.1528
219 2.15727
220 2.17659
221 2.19817
222 2.20248
223 2.20803
224 2.21206
225 2.21368
226 2.22083
227 2.22706
228 2.23217
229 2.23897
230 2.24476
231 2.24931
232 2.26518
233 2.2702
234 2.27431
235 2.27564
236 2.28743
237 2.2898
238 2.29284
239 2.29761
240 2.31049
241 2.31447
242 2.33308
243 2.34453
244 2.36905
245 2.37639
246 2.37913
247 2.40366
248 2.41428
249 2.41861
250 2.44427
251 2.45759
252 2.46505
253 2.47367
254 2.47543
255 2.48746
256 2.48905
257 2.49988
258 2.50848
259 2.51935
260 2.53184
261 2.54381
262 2.55408
263 2.55729
264 2.56229
265 2.58613
266 2.59238
267 2.59905
268 2.61331
269 2.62416
270 2.62664
271 2.64089
272 2.64503
273 2.65534
274 2.68485
275 2.70203
276 2.70699
277 2.71897
278 2.73381
279 2.74533
280 2.75074
281 2.76484
282 2.77275
283 2.78085
284 2.78351
285 2.78677
286 2.79089
287 2.80195
288 2.83191
289 2.83602
290 2.85623
291 2.85866
292 2.86251
293 2.86364
294 2.87264
295 2.88712
296 2.90072
297 2.91417
298 2.91762
299 2.93798
300 2.95623
301 2.96832
302 2.98196
303 2.98773
304 2.98912
305 2.99583
