1 0.00191
2 0.00788
3 0.02031
4 0.02263
5 0.02494
6 0.02765
7 0.03223
8 0.03825
9 0.04323
10 0.04597
11 0.04836
12 0.05935
13 0.06088
14 0.06477
15 0.08148
16 0.09417
17 0.10327
18 0.1132
19 0.14153
20 0.14651
21 0.15081
22 0.1549
23 0.16884
24 0.17191
25 0.17643
26 0.18414
27 0.18869
28 0.19563
29 0.20238
30 0.21341
31 0.21711
32 0.22538
33 0.22811
34 0.23679
35 0.24119
36 0.24712
37 0.25339
38 0.25916
39 0.26162
40 0.26591
41 0.26697
42 0.27041
43 0.29526
44 0.30092
45 0.30559
46 0.31582
47 0.3185
48 0.32101
49 0.3235
50 0.32872
51 0.3405
52 0.34261
53 0.3522
54 0.35933
55 0.36239
56 0.36714
57 0.37066
58 0.3788
59 0.38556
60 0.39467
61 0.39844
62 0.40069
63 0.40553
64 0.40947
65 0.4125
66 0.41806
67 0.42335
68 0.43552
69 0.44512
70 0.4511
71 0.45487
72 0.4594
73 0.4777
74 0.48359
75 0.48652
76 0.49145
77 0.50038
78 0.50462
79 0.50715
80 0.5094
81 0.52616
82 0.53044
83 0.5334
84 0.53549
85 0.54535
86 0.5492
87 0.5686
88 0.58411
89 0.59473
90 0.61019
91 0.61563
92 0.62459
93 0.63024
94 0.63821
95 0.64448
96 0.64568
97 0.65081
98 0.65649
99 0.66261
100 0.66627
101 0.67124
102 0.68222
103 0.68754
104 0.70497
105 0.73715
106 0.75172
107 0.75753
108 0.76529
109 0.77641
110 0.77793
111 0.7938
112 0.79865
113 0.8101
114 0.82319
115 0.83061
116 0.83495
117 0.84605
118 0.86025
119 0.87292
120 0.88208
121 0.89522
122 0.90059
123 0.90559
124 0.91017
125 0.91939
126 0.92186
127 0.92534
128 0.93026
129 0.93871
130 0.94146
131 0.94491
132 0.94754
133 0.95189
134 0.96965
135 0.98482
136 0.99043
137 0.9987
138 1.00053
139 1.0037
140 1.01127
141 1.02078
142 1.02837
143 1.03397
144 1.0462
145 1.04762
146 1.05224
147 1.07065
148 1.08452
149 1.09478
150 1.10716
151 1.11231
152 1.12215
153 1.12571
154 1.13158
155 1.13792
156 1.14265
157 1.15403
158 1.16306
159 1.17175
160 1.17523
161 1.18559
162 1.18701
163 1.18848
164 1.19235
165 1.20092
166 1.20406
167 1.21418
168 1.2155
169 1.22039
170 1.2244
171 1.24987
172 1.25589
173 1.27569
174 1.27787
175 1.29389
176 1.30859
177 1.31194
178 1.32183
179 1.32992
180 1.33942
181 1.34323
182 1.35424
183 1.37434
184 1.39121
185 1.39626
186 1.39886
187 1.40529
188 1.40943
189 1.42249
190 1.4397
191 1.44632
192 1.45735
193 1.46281
194 1.46488
195 1.47052
196 1.48048
197 1.48663
198 1.50177
199 1.52044
200 1.52783
201 1.54495
202 1.56719
203 1.57456
204 1.57805
205 1.58047
206 1.60894
207 1.61105
208 1.62275
209 1.63309
210 1.64021
211 1.64803
212 1.65751
213 1.659
214 1.66151
215 1.66335
216 1.67215
217 1.6879
218 1.69563
219 1.6987
220 1.70033
221 1.70691
222 1.70927
223 1.71428
224 1.71592
225 1.72393
226 1.72777
227 1.73123
228 1.74664
229 1.77533
230 1.77832
231 1.79143
232 1.79291
233 1.79466
234 1.80561
235 1.81313
236 1.81556
237 1.82697
238 1.83042
239 1.83206
240 1.84239
241 1.85345
242 1.85644
243 1.86379
244 1.89367
245 1.89754
246 1.90069
247 1.91515
248 1.93721
249 1.94482
250 1.94706
251 1.95177
252 1.97003
253 1.97423
254 1.98675
255 1.99239
256 1.99829
257 2.0084
258 2.01637
259 2.02542
260 2.02879
261 2.03352
262 2.04217
263 2.04653
264 2.05711
265 2.06534
266 2.08502
267 2.09187
268 2.11493
269 2.13242
270 2.13457
271 2.14998
272 2.15399
273 2.16569
274 2.17118
275 2.17976
276 2.18691
277 2.20641
278 2.21801
279 2.22556
280 2.22992
281 2.23395
282 2.25281
283 2.26519
284 2.27477
285 2.27677
286 2.27914
287 2.29718
288 2.3023
289 2.3091
290 2.31044
291 2.32435
292 2.32565
293 2.3284
294 2.33793
295 2.35159
296 2.35554
297 2.37063
298 2.38952
299 2.39379
300 2.40469
301 2.40895
302 2.42324
303 2.44395
304 2.45186
305 2.45993
306 2.46868
307 2.47073
308 2.47769
309 2.48457
310 2.49126
311 2.50115
312 2.50426
313 2.5216
314 2.52821
315 2.54146
316 2.55338
317 2.57408
318 2.58562
319 2.59401
320 2.62492
321 2.632
322 2.63669
323 2.6458
324 2.66068
325 2.6743
326 2.67913
327 2.68746
328 2.69867
329 2.70623
330 2.70908
331 2.71196
332 2.71631
333 2.72947
334 2.73618
335 2.7507
336 2.75381
337 2.76274
338 2.77396
339 2.7834
340 2.79101
341 2.80573
342 2.80666
343 2.81601
344 2.82883
345 2.835
346 2.83797
347 2.85387
348 2.85741
349 2.86608
350 2.86859
351 2.88125
352 2.88308
353 2.89543
354 2.89795
355 2.90357
356 2.90879
357 2.91449
358 2.93064
359 2.9343
360 2.94104
361 2.94476
362 2.95767
363 2.9625
364 2.96892
365 2.9732
366 2.98212
367 2.98642
368 2.99966
