1 0.00197
2 0.03102
3 0.04386
4 0.05178
5 0.05483
6 0.0572
7 0.06452
8 0.07287
9 0.07478
10 0.08359
11 0.09941
12 0.10945
13 0.13712
14 0.14112
15 0.14837
16 0.14969
17 0.15282
18 0.15715
19 0.16683
20 0.18939
21 0.19084
22 0.19562
23 0.2026
24 0.21603
25 0.22823
26 0.23795
27 0.25331
28 0.27386
29 0.29657
30 0.30729
31 0.31294
32 0.31827
33 0.32586
34 0.35919
35 0.36674
36 0.36884
37 0.37564
38 0.39118
39 0.3962
40 0.39972
41 0.40443
42 0.41043
43 0.41334
44 0.43172
45 0.43829
46 0.4497
47 0.45527
48 0.46685
49 0.47333
50 0.47577
51 0.48424
52 0.49085
53 0.49322
54 0.50529
55 0.51379
56 0.51532
57 0.5464
58 0.56477
59 0.56817
60 0.57527
61 0.58027
62 0.6075
63 0.61019
64 0.62113
65 0.62289
66 0.62599
67 0.63604
68 0.63939
69 0.6476
70 0.65622
71 0.66007
72 0.6652
73 0.66671
74 0.67114
75 0.67582
76 0.68691
77 0.69214
78 0.6971
79 0.70625
80 0.71396
81 0.71897
82 0.72251
83 0.73026
84 0.74291
85 0.75264
86 0.79764
87 0.80734
88 0.81043
89 0.81319
90 0.83011
91 0.83579
92 0.85673
93 0.85907
94 0.86353
95 0.87317
96 0.87712
97 0.89279
98 0.90145
99 0.90957
100 0.91281
101 0.91779
102 0.92649
103 0.93509
104 0.94632
105 0.94918
106 0.95051
107 0.95249
108 0.95832
109 0.97409
110 0.98939
111 0.99769
112 1.00637
113 1.01517
114 1.04905
115 1.06376
116 1.07427
117 1.08716
118 1.10477
119 1.1155
120 1.12212
121 1.13745
122 1.14063
123 1.14731
124 1.15269
125 1.15597
126 1.159
127 1.16928
128 1.18917
129 1.19403
130 1.21293
131 1.21615
132 1.23425
133 1.23832
134 1.24692
135 1.24793
136 1.28309
137 1.30025
138 1.3021
139 1.30589
140 1.31037
141 1.3211
142 1.33519
143 1.35715
144 1.36471
145 1.3659
146 1.3924
147 1.40274
148 1.40575
149 1.41002
150 1.41391
151 1.42515
152 1.44907
153 1.45264
154 1.46244
155 1.48355
156 1.49247
157 1.50595
158 1.55109
159 1.55381
160 1.55734
161 1.56113
162 1.56553
163 1.5729
164 1.58157
165 1.60369
166 1.60841
167 1.63622
168 1.64457
169 1.6555
170 1.65707
171 1.66706
172 1.67028
173 1.67619
174 1.69726
175 1.71726
176 1.724
177 1.73211
178 1.74052
179 1.7486
180 1.75476
181 1.75731
182 1.76506
183 1.82075
184 1.82523
185 1.85748
186 1.86591
187 1.87196
188 1.87608
189 1.89429
190 1.89735
191 1.90312
192 1.90899
193 1.91042
194 1.91891
195 1.9209
196 1.92569
197 1.94709
198 1.94987
199 1.95767
200 1.96771
201 1.97784
202 1.98959
203 1.99664
204 2.00908
205 2.01112
206 2.04834
207 2.05471
208 2.05793
209 2.06695
210 2.06928
211 2.07096
212 2.10016
213 2.1117
214 2.11443
215 2.11614
216 2.13027
217 2.15208
218 2.15646
219 2.15926
220 2.16447
221 2.16992
222 2.17233
223 2.18573
224 2.18867
225 2.19071
226 2.19566
227 2.19701
228 2.20041
229 2.20643
230 2.21265
231 2.23409
232 2.24601
233 2.24891
234 2.25222
235 2.25876
236 2.28027
237 2.29099
238 2.31611
239 2.32402
240 2.32931
241 2.37003
242 2.37606
243 2.38371
244 2.39009
245 2.39443
246 2.40386
247 2.41492
248 2.42308
249 2.43123
250 2.44112
251 2.45136
252 2.45597
253 2.45807
254 2.47553
255 2.48875
256 2.49876
257 2.50067
258 2.5084
259 2.52912
260 2.54736
261 2.5691
262 2.57401
263 2.57572
264 2.58327
265 2.61253
266 2.61914
267 2.62892
268 2.63463
269 2.63714
270 2.64399
271 2.64737
272 2.65318
273 2.65735
274 2.67979
275 2.68966
276 2.69955
277 2.70401
278 2.70713
279 2.70923
280 2.71105
281 2.71773
282 2.72707
283 2.7296
284 2.73354
285 2.741
286 2.74939
287 2.80023
288 2.80547
289 2.80713
290 2.82285
291 2.82736
292 2.83296
293 2.86082
294 2.87265
295 2.90005
296 2.91232
297 2.91523
298 2.91903
299 2.92183
300 2.92579
301 2.93008
302 2.93458
303 2.94125
304 2.95344
305 2.96822
