1 0.00559
2 0.00711
3 0.01011
4 0.0223
5 0.02675
6 0.02809
7 0.03339
8 0.03804
9 0.04098
10 0.04874
11 0.05843
12 0.06324
13 0.06697
14 0.07397
15 0.07642
16 0.08414
17 0.08671
18 0.09897
19 0.10634
20 0.11072
21 0.11381
22 0.12365
23 0.13009
24 0.1468
25 0.15468
26 0.1652
27 0.16679
28 0.17436
29 0.17602
30 0.18029
31 0.19237
32 0.19542
33 0.2038
34 0.22643
35 0.2289
36 0.23198
37 0.2371
38 0.23897
39 0.2408
40 0.25022
41 0.26109
42 0.26256
43 0.26957
44 0.27566
45 0.28063
46 0.28784
47 0.30153
48 0.30931
49 0.31947
50 0.32327
51 0.33134
52 0.3388
53 0.34661
54 0.35616
55 0.35935
56 0.36197
57 0.36587
58 0.36899
59 0.3738
60 0.37914
61 0.38079
62 0.38702
63 0.38991
64 0.3917
65 0.39259
66 0.40023
67 0.40326
68 0.40856
69 0.42488
70 0.42767
71 0.43695
72 0.44209
73 0.45154
74 0.45348
75 0.47112
76 0.475
77 0.48684
78 0.48954
79 0.50148
80 0.50378
81 0.51175
82 0.51257
83 0.51777
84 0.5298
85 0.54977
86 0.56207
87 0.5639
88 0.56683
89 0.56849
90 0.57134
91 0.57299
92 0.58098
93 0.58605
94 0.59155
95 0.59905
96 0.60263
97 0.61328
98 0.61793
99 0.62073
100 0.63214
101 0.63954
102 0.64802
103 0.65061
104 0.65411
105 0.66247
106 0.66368
107 0.67102
108 0.68006
109 0.68534
110 0.70167
111 0.7051
112 0.71651
113 0.72344
114 0.72856
115 0.73033
116 0.73257
117 0.74703
118 0.7552
119 0.75863
120 0.77022
121 0.79678
122 0.80544
123 0.81151
124 0.81613
125 0.82247
126 0.83009
127 0.83359
128 0.84612
129 0.85387
130 0.86139
131 0.86525
132 0.86844
133 0.87231
134 0.88864
135 0.90037
136 0.90778
137 0.91464
138 0.92817
139 0.93813
140 0.9419
141 0.95109
142 0.95376
143 0.95833
144 0.97443
145 0.98066
146 0.98421
147 1.00103
148 1.00561
149 1.01958
150 1.02584
151 1.02846
152 1.04161
153 1.05883
154 1.06422
155 1.06852
156 1.07825
157 1.09001
158 1.11066
159 1.12059
160 1.12304
161 1.13688
162 1.13981
163 1.14918
164 1.15384
165 1.16637
166 1.18223
167 1.18811
168 1.19222
169 1.19738
170 1.20234
171 1.20673
172 1.22976
173 1.23258
174 1.23482
175 1.24095
176 1.24721
177 1.25666
178 1.26932
179 1.28199
180 1.29007
181 1.29994
182 1.30492
183 1.31173
184 1.31823
185 1.33613
186 1.34314
187 1.35452
188 1.35561
189 1.36278
190 1.37154
191 1.37494
192 1.3873
193 1.39564
194 1.39947
195 1.40215
196 1.40774
197 1.41211
198 1.42033
199 1.43326
200 1.43885
201 1.44152
202 1.45804
203 1.47039
204 1.47583
205 1.48271
206 1.48528
207 1.4893
208 1.49422
209 1.49537
210 1.50414
211 1.50633
212 1.52197
213 1.53653
214 1.55056
215 1.56101
216 1.566
217 1.5721
218 1.57362
219 1.58107
220 1.58759
221 1.5918
222 1.59298
223 1.60216
224 1.60739
225 1.61084
226 1.61797
227 1.63681
228 1.641
229 1.64754
230 1.64956
231 1.6623
232 1.67293
233 1.67711
234 1.68437
235 1.68605
236 1.68969
237 1.70188
238 1.71027
239 1.72064
240 1.72838
241 1.7315
242 1.73808
243 1.74607
244 1.75132
245 1.7612
246 1.76737
247 1.77718
248 1.78205
249 1.78956
250 1.81086
251 1.81337
252 1.82013
253 1.8288
254 1.83147
255 1.84085
256 1.85289
257 1.8683
258 1.8778
259 1.88359
260 1.89441
261 1.89841
262 1.90751
263 1.92246
264 1.92861
265 1.93728
266 1.94102
267 1.94707
268 1.96545
269 1.97753
270 1.98071
271 1.98844
272 1.99217
273 1.99599
274 2.00124
275 2.00732
276 2.02586
277 2.03006
278 2.0406
279 2.05731
280 2.06418
281 2.07638
282 2.07948
283 2.08349
284 2.09054
285 2.09252
286 2.09924
287 2.10899
288 2.11485
289 2.12348
290 2.1265
291 2.1286
292 2.13684
293 2.14009
294 2.14559
295 2.14801
296 2.15182
297 2.158
298 2.16109
299 2.18648
300 2.19948
301 2.20815
302 2.21843
303 2.23063
304 2.23331
305 2.23462
306 2.2364
307 2.23791
308 2.25004
309 2.27334
310 2.28032
311 2.31243
312 2.31917
313 2.32468
314 2.32837
315 2.33244
316 2.33658
317 2.35236
318 2.37103
319 2.37363
320 2.37553
321 2.38385
322 2.38489
323 2.38894
324 2.39459
325 2.39623
326 2.39831
327 2.41141
328 2.43066
329 2.4393
330 2.44378
331 2.44699
332 2.46423
333 2.47278
334 2.48215
335 2.48921
336 2.49699
337 2.50415
338 2.52076
339 2.52845
340 2.53382
341 2.5384
342 2.54351
343 2.55982
344 2.56547
345 2.57288
346 2.57841
347 2.59103
348 2.59352
349 2.60792
350 2.61052
351 2.62211
352 2.63052
353 2.6329
354 2.6474
355 2.6515
356 2.65716
357 2.67096
358 2.67553
359 2.68473
360 2.6906
361 2.71525
362 2.72605
363 2.7291
364 2.73293
365 2.73676
366 2.74242
367 2.75377
368 2.77202
369 2.78481
370 2.80403
371 2.80913
372 2.81365
373 2.81564
374 2.81784
375 2.8273
376 2.83165
377 2.8627
378 2.87322
379 2.87763
380 2.88588
381 2.88676
382 2.89826
383 2.90089
384 2.93915
385 2.94359
386 2.94729
387 2.95279
388 2.97089
389 2.97678
390 2.98257
391 2.98433
392 2.99012
393 2.99218
394 2.99496
395 2.99724
