1 0.002
2 0.00536
3 0.01332
4 0.01489
5 0.01811
6 0.0201
7 0.02576
8 0.02726
9 0.0544
10 0.06196
11 0.06846
12 0.0765
13 0.08032
14 0.08518
15 0.09093
16 0.09625
17 0.09802
18 0.1018
19 0.10487
20 0.11146
21 0.11693
22 0.13683
23 0.14357
24 0.1734
25 0.17921
26 0.18136
27 0.18539
28 0.18913
29 0.2096
30 0.22362
31 0.23404
32 0.23723
33 0.23932
34 0.24168
35 0.24419
36 0.25019
37 0.26023
38 0.26226
39 0.26585
40 0.27928
41 0.28902
42 0.3069
43 0.3199
44 0.32342
45 0.32591
46 0.3386
47 0.34969
48 0.35245
49 0.35687
50 0.36149
51 0.37155
52 0.3782
53 0.38932
54 0.39195
55 0.40175
56 0.41954
57 0.43198
58 0.43806
59 0.44772
60 0.45558
61 0.47031
62 0.47568
63 0.47858
64 0.48842
65 0.49337
66 0.5015
67 0.51714
68 0.52597
69 0.53294
70 0.54677
71 0.54987
72 0.55793
73 0.56707
74 0.56933
75 0.58207
76 0.59316
77 0.60503
78 0.61103
79 0.61375
80 0.62024
81 0.6225
82 0.63266
83 0.64183
84 0.65561
85 0.67216
86 0.67419
87 0.67808
88 0.6818
89 0.68376
90 0.6889
91 0.69019
92 0.69745
93 0.70894
94 0.71775
95 0.72711
96 0.73007
97 0.73206
98 0.73373
99 0.74233
100 0.75171
101 0.75711
102 0.77552
103 0.78262
104 0.79042
105 0.79284
106 0.80009
107 0.8101
108 0.81414
109 0.81553
110 0.81973
111 0.82122
112 0.82957
113 0.84272
114 0.857
115 0.86194
116 0.87607
117 0.88107
118 0.88938
119 0.89151
120 0.90612
121 0.92601
122 0.94557
123 0.94906
124 0.95542
125 0.97441
126 0.98869
127 0.99621
128 1.01431
129 1.04469
130 1.05288
131 1.05793
132 1.06393
133 1.06848
134 1.07064
135 1.07195
136 1.07431
137 1.07594
138 1.07765
139 1.08246
140 1.10085
141 1.10641
142 1.11077
143 1.11545
144 1.13661
145 1.14699
146 1.16143
147 1.19286
148 1.19578
149 1.20925
150 1.22784
151 1.2347
152 1.24743
153 1.25053
154 1.26709
155 1.27164
156 1.27986
157 1.29557
158 1.30309
159 1.30759
160 1.31825
161 1.3389
162 1.35089
163 1.36019
164 1.36442
165 1.36583
166 1.39434
167 1.42055
168 1.42758
169 1.43484
170 1.43899
171 1.44183
172 1.45168
173 1.45867
174 1.46379
175 1.48128
176 1.48451
177 1.49307
178 1.50914
179 1.53668
180 1.53772
181 1.54489
182 1.54785
183 1.55521
184 1.56961
185 1.57373
186 1.58708
187 1.5971
188 1.61515
189 1.62839
190 1.63471
191 1.64193
192 1.65215
193 1.65623
194 1.67084
195 1.67457
196 1.67619
197 1.68526
198 1.69683
199 1.70915
200 1.73231
201 1.74441
202 1.75322
203 1.76183
204 1.76478
205 1.77662
206 1.7979
207 1.80408
208 1.81152
209 1.82113
210 1.82675
211 1.82908
212 1.84071
213 1.84994
214 1.85657
215 1.9161
216 1.91895
217 1.92082
218 1.92529
219 1.95015
220 1.96934
221 1.97382
222 1.98285
223 1.98931
224 2.00843
225 2.01411
226 2.02438
227 2.04882
228 2.06638
229 2.07524
230 2.08798
231 2.08976
232 2.09189
233 2.11645
234 2.12671
235 2.13288
236 2.14139
237 2.14748
238 2.15123
239 2.16894
240 2.17342
241 2.17896
242 2.18133
243 2.18467
244 2.20102
245 2.20224
246 2.22416
247 2.23333
248 2.24802
249 2.27245
250 2.27342
251 2.28012
252 2.28992
253 2.29736
254 2.30148
255 2.31256
256 2.31998
257 2.32214
258 2.32328
259 2.33101
260 2.3375
261 2.33925
262 2.34835
263 2.35478
264 2.36058
265 2.36893
266 2.37031
267 2.37326
268 2.40214
269 2.41779
270 2.42069
271 2.42895
272 2.43527
273 2.44277
274 2.47317
275 2.49807
276 2.51437
277 2.53123
278 2.5389
279 2.54382
280 2.55087
281 2.55794
282 2.57184
283 2.58143
284 2.59085
285 2.59717
286 2.6117
287 2.62489
288 2.63205
289 2.65722
290 2.66932
291 2.67453
292 2.67742
293 2.68192
294 2.68715
295 2.69271
296 2.70895
297 2.72707
298 2.73593
299 2.74433
300 2.76689
301 2.77482
302 2.7841
303 2.81177
304 2.81905
305 2.82152
306 2.83883
307 2.8448
308 2.84894
309 2.85542
310 2.85687
311 2.86354
312 2.86828
313 2.88554
314 2.89777
315 2.92124
316 2.92541
317 2.9289
318 2.94063
319 2.96742
320 2.9732
321 2.97883
322 2.98256
323 2.98841
324 2.99407
