1 0.0027
2 0.00494
3 0.00592
4 0.01412
5 0.01651
6 0.01996
7 0.02175
8 0.03046
9 0.03955
10 0.04953
11 0.05475
12 0.06053
13 0.10163
14 0.10891
15 0.12324
16 0.13024
17 0.14109
18 0.14449
19 0.146
20 0.17289
21 0.18025
22 0.18375
23 0.18677
24 0.19526
25 0.20198
26 0.21059
27 0.21832
28 0.22229
29 0.22502
30 0.23056
31 0.25029
32 0.2656
33 0.28613
34 0.29519
35 0.30369
36 0.30789
37 0.3205
38 0.33736
39 0.34109
40 0.35478
41 0.36004
42 0.37448
43 0.37598
44 0.38905
45 0.39127
46 0.39988
47 0.40205
48 0.40607
49 0.41292
50 0.4312
51 0.43404
52 0.45501
53 0.45881
54 0.46988
55 0.47371
56 0.48181
57 0.50414
58 0.51057
59 0.5217
60 0.53704
61 0.54397
62 0.54697
63 0.55437
64 0.56007
65 0.56446
66 0.56783
67 0.57934
68 0.59462
69 0.60735
70 0.61636
71 0.62057
72 0.62639
73 0.6298
74 0.63942
75 0.65341
76 0.66021
77 0.66282
78 0.67687
79 0.68134
80 0.68296
81 0.70044
82 0.70713
83 0.71085
84 0.71485
85 0.72941
86 0.75667
87 0.76685
88 0.79302
89 0.79821
90 0.80118
91 0.80707
92 0.81441
93 0.82119
94 0.84351
95 0.85932
96 0.86106
97 0.87493
98 0.88101
99 0.88725
100 0.8934
101 0.90282
102 0.90749
103 0.91732
104 0.91898
105 0.92716
106 0.94364
107 0.94603
108 0.97248
109 0.97432
110 0.98618
111 0.99098
112 0.99656
113 1.00851
114 1.01524
115 1.01697
116 1.02113
117 1.03555
118 1.04453
119 1.04718
120 1.0561
121 1.06583
122 1.07222
123 1.10041
124 1.11153
125 1.11544
126 1.1171
127 1.1184
128 1.11965
129 1.12257
130 1.12866
131 1.14106
132 1.14405
133 1.15127
134 1.16206
135 1.17364
136 1.18313
137 1.18698
138 1.20555
139 1.21535
140 1.22305
141 1.23049
142 1.23275
143 1.2365
144 1.25333
145 1.26147
146 1.26723
147 1.29757
148 1.29979
149 1.30265
150 1.30371
151 1.31058
152 1.3135
153 1.32136
154 1.32651
155 1.33244
156 1.35911
157 1.36552
158 1.37071
159 1.37584
160 1.38661
161 1.39129
162 1.40073
163 1.40925
164 1.41504
165 1.41952
166 1.4227
167 1.42619
168 1.43218
169 1.44201
170 1.45375
171 1.46496
172 1.46786
173 1.47175
174 1.48246
175 1.48399
176 1.50148
177 1.5135
178 1.52198
179 1.52473
180 1.53581
181 1.55458
182 1.56545
183 1.5693
184 1.60557
185 1.6089
186 1.61437
187 1.61616
188 1.62016
189 1.64223
190 1.66196
191 1.6674
192 1.67086
193 1.68173
194 1.69041
195 1.69822
196 1.70588
197 1.70805
198 1.7179
199 1.72386
200 1.72787
201 1.72988
202 1.73501
203 1.74096
204 1.76079
205 1.76679
206 1.76893
207 1.78675
208 1.80384
209 1.81171
210 1.82688
211 1.8451
212 1.85466
213 1.86566
214 1.8769
215 1.88874
216 1.8976
217 1.9003
218 1.9068
219 1.91596
220 1.92506
221 1.92848
222 1.93184
223 1.95953
224 1.96233
225 1.97124
226 1.9766
227 1.97831
228 1.98019
229 1.99647
230 1.99859
231 2.00571
232 2.0091
233 2.03032
234 2.0345
235 2.04545
236 2.05052
237 2.05646
238 2.06419
239 2.07254
240 2.08587
241 2.10471
242 2.11451
243 2.11662
244 2.12259
245 2.12702
246 2.13667
247 2.15907
248 2.16273
249 2.17719
250 2.1835
251 2.19267
252 2.20035
253 2.20699
254 2.21169
255 2.21471
256 2.23462
257 2.24988
258 2.26221
259 2.28783
260 2.29073
261 2.30556
262 2.31925
263 2.32828
264 2.3361
265 2.33957
266 2.35269
267 2.37101
268 2.3788
269 2.38304
270 2.38849
271 2.40909
272 2.41638
273 2.4193
274 2.43987
275 2.4452
276 2.44882
277 2.45335
278 2.46481
279 2.47626
280 2.51624
281 2.53394
282 2.53737
283 2.5558
284 2.5726
285 2.58464
286 2.59264
287 2.60156
288 2.61521
289 2.62335
290 2.62655
291 2.63828
292 2.64325
293 2.64756
294 2.65274
295 2.66303
296 2.67029
297 2.67353
298 2.69721
299 2.70655
300 2.70953
301 2.71124
302 2.75795
303 2.78006
304 2.78767
305 2.79107
306 2.79209
307 2.80315
308 2.82052
309 2.82251
310 2.83358
311 2.84863
312 2.86216
313 2.87236
314 2.87486
315 2.8811
316 2.88517
317 2.88814
318 2.90044
319 2.91226
320 2.91984
321 2.92179
322 2.95417
323 2.95676
324 2.96073
325 2.9708
326 2.97282
327 2.98211
328 2.98323
329 2.99256
330 2.99959
