1 0.00368
2 0.0057
3 0.00815
4 0.01622
5 0.01732
6 0.04033
7 0.04483
8 0.05966
9 0.06354
10 0.06474
11 0.07873
12 0.08866
13 0.09488
14 0.10281
15 0.10772
16 0.1109
17 0.11238
18 0.12131
19 0.12494
20 0.1299
21 0.14084
22 0.14425
23 0.1542
24 0.15767
25 0.1611
26 0.17226
27 0.17721
28 0.18289
29 0.21908
30 0.22827
31 0.23088
32 0.23499
33 0.243
34 0.24577
35 0.24917
36 0.25431
37 0.26586
38 0.27929
39 0.28044
40 0.2839
41 0.2874
42 0.29079
43 0.29309
44 0.29823
45 0.30403
46 0.31741
47 0.31878
48 0.32767
49 0.34298
50 0.34759
51 0.36967
52 0.37282
53 0.37491
54 0.387
55 0.39457
56 0.40133
57 0.4304
58 0.44427
59 0.44577
60 0.47451
61 0.48633
62 0.49208
63 0.51359
64 0.52429
65 0.5267
66 0.52922
67 0.53508
68 0.55438
69 0.55969
70 0.57694
71 0.57825
72 0.58509
73 0.5865
74 0.5939
75 0.59629
76 0.60355
77 0.61725
78 0.62377
79 0.63683
80 0.64627
81 0.6533
82 0.65857
83 0.66844
84 0.67585
85 0.68568
86 0.69264
87 0.70105
88 0.70439
89 0.71311
90 0.71679
91 0.72803
92 0.73505
93 0.75151
94 0.75718
95 0.76031
96 0.76953
97 0.77495
98 0.77997
99 0.78329
100 0.79072
101 0.80034
102 0.80667
103 0.82785
104 0.8391
105 0.84653
106 0.85019
107 0.85759
108 0.86777
109 0.87462
110 0.87878
111 0.89014
112 0.90265
113 0.91636
114 0.93172
115 0.94879
116 0.95097
117 0.96315
118 0.97209
119 0.97451
120 0.9807
121 0.99011
122 1.01781
123 1.02472
124 1.02856
125 1.03126
126 1.03778
127 1.04443
128 1.04574
129 1.05068
130 1.06868
131 1.08557
132 1.08779
133 1.0924
134 1.10689
135 1.13084
136 1.13199
137 1.14168
138 1.15266
139 1.15403
140 1.16373
141 1.16909
142 1.17533
143 1.18005
144 1.18654
145 1.20142
146 1.21277
147 1.22364
148 1.23252
149 1.23584
150 1.24199
151 1.24402
152 1.24786
153 1.25297
154 1.26417
155 1.27166
156 1.29723
157 1.2995
158 1.31419
159 1.32553
160 1.33799
161 1.34438
162 1.3466
163 1.37129
164 1.3771
165 1.38611
166 1.39049
167 1.39552
168 1.41511
169 1.42754
170 1.43193
171 1.44007
172 1.44493
173 1.45283
174 1.46353
175 1.4716
176 1.47497
177 1.47982
178 1.49001
179 1.49601
180 1.49746
181 1.50404
182 1.51822
183 1.52665
184 1.53354
185 1.53885
186 1.54833
187 1.55811
188 1.56247
189 1.56529
190 1.58017
191 1.58543
192 1.58778
193 1.59844
194 1.60545
195 1.61167
196 1.61354
197 1.62381
198 1.63382
199 1.65104
200 1.65637
201 1.66954
202 1.68563
203 1.69665
204 1.70716
205 1.71182
206 1.72231
207 1.72915
208 1.7402
209 1.75232
210 1.76614
211 1.76964
212 1.777
213 1.78145
214 1.78335
215 1.80522
216 1.80717
217 1.81593
218 1.83529
219 1.84147
220 1.85643
221 1.86712
222 1.87314
223 1.88566
224 1.9015
225 1.90463
226 1.91392
227 1.92108
228 1.92751
229 1.936
230 1.94427
231 1.94838
232 1.95194
233 1.95518
234 1.96297
235 1.972
236 1.98246
237 1.98713
238 1.99503
239 2.00184
240 2.0102
241 2.01694
242 2.02647
243 2.02843
244 2.04691
245 2.06746
246 2.07267
247 2.07417
248 2.07973
249 2.0846
250 2.08879
251 2.0959
252 2.09821
253 2.10376
254 2.10676
255 2.11799
256 2.13166
257 2.15114
258 2.15888
259 2.17042
260 2.17729
261 2.18267
262 2.18901
263 2.19136
264 2.19364
265 2.19582
266 2.20078
267 2.21042
268 2.21389
269 2.21917
270 2.22445
271 2.22696
272 2.23407
273 2.2421
274 2.25397
275 2.25769
276 2.26173
277 2.26514
278 2.27483
279 2.30059
280 2.30237
281 2.3049
282 2.30959
283 2.31199
284 2.31937
285 2.32988
286 2.34446
287 2.35025
288 2.36547
289 2.36793
290 2.37662
291 2.38108
292 2.38222
293 2.38708
294 2.39162
295 2.40225
296 2.42484
297 2.44745
298 2.45378
299 2.48066
300 2.48504
301 2.50191
302 2.5169
303 2.53105
304 2.54372
305 2.54821
306 2.55826
307 2.57362
308 2.58169
309 2.5841
310 2.59888
311 2.60547
312 2.61543
313 2.61805
314 2.62397
315 2.62986
316 2.63315
317 2.63999
318 2.64983
319 2.67359
320 2.69653
321 2.70972
322 2.72169
323 2.73758
324 2.73988
325 2.7436
326 2.76573
327 2.77414
328 2.78755
329 2.7895
330 2.79346
331 2.7964
332 2.8022
333 2.81593
334 2.82606
335 2.82955
336 2.83745
337 2.84118
338 2.85044
339 2.85717
340 2.8608
341 2.86196
342 2.86581
343 2.86712
344 2.8697
345 2.87552
346 2.87873
347 2.88532
348 2.89144
349 2.89468
350 2.89931
351 2.91543
352 2.92502
353 2.94021
354 2.95431
355 2.9757
356 2.98509
357 2.98889
358 2.99573
359 2.99987
