1 0.00903
2 0.01473
3 0.02363
4 0.02882
5 0.03276
6 0.04203
7 0.0577
8 0.09678
9 0.10201
10 0.11441
11 0.12467
12 0.13435
13 0.15222
14 0.17278
15 0.18064
16 0.20832
17 0.21812
18 0.23014
19 0.23549
20 0.24413
21 0.24593
22 0.24799
23 0.2568
24 0.262
25 0.2687
26 0.27402
27 0.27913
28 0.28295
29 0.30122
30 0.32837
31 0.33249
32 0.33836
33 0.35671
34 0.38199
35 0.3944
36 0.40134
37 0.42609
38 0.43402
39 0.45863
40 0.46244
41 0.47415
42 0.48419
43 0.48793
44 0.49822
45 0.50208
46 0.5127
47 0.55363
48 0.58269
49 0.59085
50 0.59271
51 0.6031
52 0.60625
53 0.63059
54 0.64859
55 0.65491
56 0.66512
57 0.67327
58 0.6809
59 0.69468
60 0.71792
61 0.71971
62 0.73143
63 0.74214
64 0.75037
65 0.75229
66 0.75462
67 0.76244
68 0.76642
69 0.77756
70 0.78253
71 0.79318
72 0.8089
73 0.8386
74 0.8503
75 0.86462
76 0.86788
77 0.87132
78 0.88871
79 0.89193
80 0.92384
81 0.92833
82 0.93631
83 0.96519
84 0.97494
85 0.97881
86 0.99614
87 1.0108
88 1.0195
89 1.02242
90 1.02477
91 1.04458
92 1.05064
93 1.07751
94 1.07991
95 1.08347
96 1.09626
97 1.10027
98 1.10846
99 1.11667
100 1.12428
101 1.12604
102 1.17031
103 1.17351
104 1.18721
105 1.21237
106 1.22814
107 1.23148
108 1.23964
109 1.26454
110 1.26845
111 1.27888
112 1.32658
113 1.33064
114 1.35375
115 1.35775
116 1.38002
117 1.38844
118 1.39446
119 1.43131
120 1.47901
121 1.49249
122 1.49431
123 1.5023
124 1.50408
125 1.5153
126 1.51741
127 1.52783
128 1.5333
129 1.53484
130 1.57908
131 1.59294
132 1.59896
133 1.60419
134 1.60765
135 1.62831
136 1.63179
137 1.6414
138 1.64319
139 1.65408
140 1.67544
141 1.69451
142 1.71555
143 1.74794
144 1.74963
145 1.76466
146 1.7666
147 1.77505
148 1.79764
149 1.80358
150 1.81474
151 1.84531
152 1.84931
153 1.86039
154 1.86245
155 1.87098
156 1.88249
157 1.8864
158 1.89507
159 1.90864
160 1.95482
161 1.96633
162 1.97482
163 1.9781
164 1.98002
165 1.99807
166 2.00203
167 2.00382
168 2.01671
169 2.0201
170 2.02606
171 2.03913
172 2.05064
173 2.05887
174 2.0837
175 2.0877
176 2.10416
177 2.10551
178 2.12492
179 2.13681
180 2.13878
181 2.15094
182 2.17258
183 2.17662
184 2.18808
185 2.20993
186 2.22036
187 2.22562
188 2.24676
189 2.25002
190 2.25789
191 2.25992
192 2.27012
193 2.27274
194 2.2782
195 2.28825
196 2.32469
197 2.33793
198 2.3466
199 2.35034
200 2.35235
201 2.35594
202 2.38151
203 2.38297
204 2.38594
205 2.43054
206 2.44338
207 2.46427
208 2.47488
209 2.48703
210 2.49006
211 2.50176
212 2.52221
213 2.53734
214 2.54621
215 2.55379
216 2.58228
217 2.58372
218 2.58834
219 2.59008
220 2.59553
221 2.60297
222 2.60869
223 2.61672
224 2.62239
225 2.62622
226 2.64005
227 2.64717
228 2.68854
229 2.71963
230 2.72314
231 2.72518
232 2.76029
233 2.7762
234 2.78149
235 2.79146
236 2.79283
237 2.79486
238 2.79899
239 2.83032
240 2.83219
241 2.8363
242 2.85286
243 2.86068
244 2.8789
245 2.92367
246 2.96501
247 2.97723
248 2.98264
249 2.99547
