1 0.00711
2 0.00915
3 0.01412
4 0.01694
5 0.02729
6 0.03815
7 0.05141
8 0.05419
9 0.06109
10 0.06717
11 0.07661
12 0.07843
13 0.0822
14 0.09883
15 0.10393
16 0.11098
17 0.11559
18 0.12347
19 0.13104
20 0.13192
21 0.1472
22 0.15775
23 0.17448
24 0.17889
25 0.19086
26 0.19567
27 0.21449
28 0.21918
29 0.23099
30 0.24173
31 0.25391
32 0.26035
33 0.2647
34 0.26747
35 0.27128
36 0.27978
37 0.2889
38 0.29917
39 0.30367
40 0.31058
41 0.31697
42 0.3202
43 0.32646
44 0.35079
45 0.35881
46 0.37083
47 0.37851
48 0.38233
49 0.38522
50 0.398
51 0.39936
52 0.408
53 0.42878
54 0.43237
55 0.43577
56 0.43962
57 0.44108
58 0.44379
59 0.46186
60 0.4713
61 0.4792
62 0.48312
63 0.489
64 0.49406
65 0.50337
66 0.52255
67 0.52464
68 0.53678
69 0.54919
70 0.56072
71 0.56356
72 0.56695
73 0.57114
74 0.59597
75 0.60153
76 0.62241
77 0.62664
78 0.64794
79 0.6513
80 0.6578
81 0.66949
82 0.67133
83 0.67362
84 0.6787
85 0.68256
86 0.68696
87 0.69266
88 0.69535
89 0.7015
90 0.70521
91 0.70659
92 0.71573
93 0.72704
94 0.73975
95 0.7498
96 0.75681
97 0.7592
98 0.76439
99 0.77432
100 0.80219
101 0.80713
102 0.81897
103 0.8223
104 0.83323
105 0.84115
106 0.84587
107 0.85139
108 0.85498
109 0.86394
110 0.86902
111 0.87523
112 0.88215
113 0.88793
114 0.89866
115 0.89998
116 0.90565
117 0.9176
118 0.92441
119 0.93264
120 0.9405
121 0.95305
122 0.96769
123 0.96899
124 0.97528
125 0.9785
126 0.99089
127 1.00719
128 1.01011
129 1.01194
130 1.01642
131 1.02177
132 1.04883
133 1.05568
134 1.06702
135 1.07253
136 1.07812
137 1.09966
138 1.10885
139 1.1137
140 1.11819
141 1.12538
142 1.14811
143 1.15199
144 1.15469
145 1.17264
146 1.18193
147 1.19395
148 1.21203
149 1.22948
150 1.23241
151 1.23843
152 1.25161
153 1.26426
154 1.26675
155 1.26833
156 1.26996
157 1.27915
158 1.2985
159 1.31605
160 1.31951
161 1.32608
162 1.3455
163 1.35091
164 1.36054
165 1.37184
166 1.37477
167 1.38052
168 1.38472
169 1.38797
170 1.39641
171 1.40149
172 1.41054
173 1.42201
174 1.42828
175 1.43313
176 1.44101
177 1.44974
178 1.45926
179 1.4708
180 1.47819
181 1.48234
182 1.48892
183 1.50591
184 1.50894
185 1.51948
186 1.53469
187 1.54297
188 1.55318
189 1.56242
190 1.56584
191 1.56678
192 1.57685
193 1.60024
194 1.60539
195 1.61039
196 1.6129
197 1.62075
198 1.62597
199 1.63294
200 1.64765
201 1.65077
202 1.66995
203 1.67576
204 1.6813
205 1.69264
206 1.69969
207 1.7055
208 1.718
209 1.72017
210 1.72431
211 1.73925
212 1.75142
213 1.77167
214 1.77429
215 1.78987
216 1.81754
217 1.84013
218 1.85351
219 1.85612
220 1.8582
221 1.86299
222 1.86403
223 1.8785
224 1.89426
225 1.89731
226 1.90483
227 1.90831
228 1.92538
229 1.93026
230 1.93881
231 1.94775
232 1.95042
233 1.95367
234 1.96891
235 1.97188
236 1.97582
237 2.00226
238 2.00642
239 2.00993
240 2.01307
241 2.01707
242 2.0349
243 2.04232
244 2.04648
245 2.06049
246 2.06609
247 2.07609
248 2.07734
249 2.08218
250 2.09139
251 2.10254
252 2.11094
253 2.11343
254 2.11525
255 2.12952
256 2.14934
257 2.15518
258 2.15858
259 2.16039
260 2.17577
261 2.18542
262 2.19183
263 2.20652
264 2.2094
265 2.22179
266 2.23953
267 2.25745
268 2.26231
269 2.27973
270 2.28509
271 2.2926
272 2.30459
273 2.312
274 2.32025
275 2.32336
276 2.33054
277 2.33227
278 2.3344
279 2.34199
280 2.36893
281 2.37603
282 2.38225
283 2.39557
284 2.40237
285 2.40599
286 2.43574
287 2.44019
288 2.44414
289 2.45027
290 2.45131
291 2.46316
292 2.48439
293 2.49867
294 2.50787
295 2.52971
296 2.53322
297 2.55913
298 2.56351
299 2.57229
300 2.59177
301 2.6085
302 2.63992
303 2.64474
304 2.65534
305 2.65708
306 2.66079
307 2.67273
308 2.67573
309 2.67808
310 2.69191
311 2.71262
312 2.72342
313 2.73124
314 2.75612
315 2.76315
316 2.77622
317 2.77771
318 2.79016
319 2.79888
320 2.80502
321 2.8086
322 2.82156
323 2.83113
324 2.84341
325 2.8508
326 2.85405
327 2.85864
328 2.87563
329 2.89428
330 2.89967
331 2.92627
332 2.93879
333 2.94775
334 2.95025
335 2.96087
336 2.96718
337 2.9705
338 2.97218
339 2.97513
340 2.98004
341 2.98507
