1 0.00783
2 0.01679
3 0.0191
4 0.02197
5 0.03813
6 0.04174
7 0.04901
8 0.05151
9 0.0544
10 0.0606
11 0.06475
12 0.07434
13 0.07748
14 0.09015
15 0.09282
16 0.09893
17 0.12078
18 0.12398
19 0.14058
20 0.15463
21 0.16882
22 0.1731
23 0.17507
24 0.18166
25 0.18447
26 0.18955
27 0.20014
28 0.20905
29 0.21698
30 0.22095
31 0.22807
32 0.22996
33 0.23179
34 0.23694
35 0.25674
36 0.26188
37 0.26336
38 0.27318
39 0.28088
40 0.28606
41 0.29997
42 0.30335
43 0.30946
44 0.31991
45 0.33065
46 0.33511
47 0.34111
48 0.36551
49 0.39359
50 0.39634
51 0.407
52 0.41784
53 0.44371
54 0.45887
55 0.46233
56 0.4688
57 0.47304
58 0.48001
59 0.49055
60 0.49907
61 0.52904
62 0.53406
63 0.53798
64 0.55814
65 0.56613
66 0.57146
67 0.57936
68 0.58733
69 0.60644
70 0.61096
71 0.61222
72 0.62026
73 0.62979
74 0.63806
75 0.64013
76 0.64404
77 0.66431
78 0.67165
79 0.67554
80 0.68165
81 0.68716
82 0.70234
83 0.70477
84 0.71336
85 0.72842
86 0.74198
87 0.74831
88 0.7552
89 0.75842
90 0.76438
91 0.77406
92 0.78014
93 0.78616
94 0.78964
95 0.79164
96 0.7961
97 0.8019
98 0.80584
99 0.81513
100 0.83084
101 0.83444
102 0.84131
103 0.84435
104 0.84749
105 0.85311
106 0.85522
107 0.8642
108 0.87373
109 0.8748
110 0.88521
111 0.89222
112 0.89758
113 0.90053
114 0.91117
115 0.92719
116 0.93961
117 0.94446
118 0.96483
119 0.97118
120 0.97834
121 0.98352
122 0.99891
123 1.00065
124 1.00541
125 1.02446
126 1.02646
127 1.02953
128 1.04596
129 1.04976
130 1.05309
131 1.05636
132 1.06426
133 1.06625
134 1.07945
135 1.08252
136 1.08917
137 1.1143
138 1.12564
139 1.14032
140 1.15192
141 1.1673
142 1.17138
143 1.1785
144 1.182
145 1.19266
146 1.20298
147 1.20685
148 1.21693
149 1.221
150 1.22522
151 1.23172
152 1.23519
153 1.23863
154 1.24713
155 1.25838
156 1.26207
157 1.26661
158 1.27241
159 1.27502
160 1.27981
161 1.28325
162 1.28951
163 1.31591
164 1.32143
165 1.33309
166 1.33581
167 1.34545
168 1.35261
169 1.35624
170 1.36401
171 1.37145
172 1.38581
173 1.38927
174 1.40381
175 1.42455
176 1.42755
177 1.43931
178 1.45806
179 1.46554
180 1.47696
181 1.48072
182 1.48272
183 1.48929
184 1.49564
185 1.50296
186 1.50894
187 1.51107
188 1.51382
189 1.5163
190 1.52067
191 1.52519
192 1.52787
193 1.53453
194 1.54936
195 1.55287
196 1.55685
197 1.5665
198 1.57316
199 1.57965
200 1.58123
201 1.6097
202 1.61081
203 1.61548
204 1.62594
205 1.62921
206 1.63696
207 1.64461
208 1.6474
209 1.65404
210 1.66758
211 1.67613
212 1.6911
213 1.69415
214 1.69919
215 1.70266
216 1.71708
217 1.72855
218 1.74093
219 1.75394
220 1.75548
221 1.76135
222 1.76805
223 1.77885
224 1.78566
225 1.78904
226 1.7964
227 1.80609
228 1.81768
229 1.82983
230 1.83597
231 1.8406
232 1.84637
233 1.85003
234 1.8876
235 1.90297
236 1.90852
237 1.91248
238 1.92747
239 1.93501
240 1.94059
241 1.94453
242 1.94966
243 1.95961
244 1.96639
245 1.97234
246 1.98144
247 1.98603
248 1.99796
249 2.00448
250 2.00874
251 2.01828
252 2.02521
253 2.03414
254 2.03612
255 2.05001
256 2.05973
257 2.06818
258 2.07432
259 2.08096
260 2.08442
261 2.0915
262 2.10293
263 2.10674
264 2.1174
265 2.12654
266 2.12874
267 2.13233
268 2.13669
269 2.14348
270 2.14812
271 2.15534
272 2.16104
273 2.16986
274 2.17298
275 2.182
276 2.18853
277 2.19163
278 2.20063
279 2.21074
280 2.22114
281 2.22363
282 2.24581
283 2.26281
284 2.27162
285 2.27499
286 2.27963
287 2.2866
288 2.29938
289 2.31894
290 2.33528
291 2.34554
292 2.34982
293 2.35534
294 2.36151
295 2.36314
296 2.37303
297 2.38053
298 2.38817
299 2.39103
300 2.4073
301 2.41041
302 2.42434
303 2.44788
304 2.44991
305 2.46988
306 2.48442
307 2.48785
308 2.49671
309 2.51002
310 2.51154
311 2.51879
312 2.52797
313 2.5305
314 2.55546
315 2.56704
316 2.57428
317 2.57782
318 2.582
319 2.59302
320 2.6003
321 2.62154
322 2.6262
323 2.6406
324 2.64622
325 2.65638
326 2.67221
327 2.67781
328 2.69072
329 2.69593
330 2.6976
331 2.70258
332 2.70595
333 2.71461
334 2.7282
335 2.73631
336 2.74725
337 2.74883
338 2.75301
339 2.75516
340 2.7591
341 2.76098
342 2.7625
343 2.76516
344 2.77224
345 2.77637
346 2.78305
347 2.80691
348 2.81548
349 2.8293
350 2.83436
351 2.84634
352 2.84886
353 2.85488
354 2.85769
355 2.86139
356 2.86268
357 2.86901
358 2.87797
359 2.87982
360 2.88985
361 2.90591
362 2.90988
363 2.91884
364 2.92677
365 2.92897
366 2.9367
367 2.94839
368 2.95119
369 2.95525
370 2.95754
371 2.96258
372 2.96608
373 2.97381
374 2.97956
375 2.98107
376 2.98688
377 2.9936
