1 0.00363
2 0.00546
3 0.02425
4 0.03211
5 0.03889
6 0.04103
7 0.04613
8 0.05104
9 0.06413
10 0.07725
11 0.07834
12 0.08209
13 0.09018
14 0.11573
15 0.12888
16 0.14214
17 0.15968
18 0.16431
19 0.16797
20 0.17228
21 0.17324
22 0.17559
23 0.18109
24 0.19001
25 0.20057
26 0.2153
27 0.22761
28 0.23275
29 0.2366
30 0.24003
31 0.24183
32 0.25053
33 0.26371
34 0.27008
35 0.2822
36 0.28497
37 0.28817
38 0.30032
39 0.30296
40 0.31029
41 0.31605
42 0.32631
43 0.333
44 0.3513
45 0.36387
46 0.36632
47 0.36977
48 0.37627
49 0.38577
50 0.39052
51 0.39547
52 0.41033
53 0.41893
54 0.44174
55 0.44467
56 0.45705
57 0.46919
58 0.47901
59 0.48117
60 0.48376
61 0.51139
62 0.51524
63 0.52225
64 0.53635
65 0.55013
66 0.55626
67 0.55714
68 0.56388
69 0.58131
70 0.58425
71 0.59682
72 0.61351
73 0.63603
74 0.64402
75 0.64684
76 0.64883
77 0.65789
78 0.68876
79 0.69033
80 0.70313
81 0.71191
82 0.71676
83 0.72096
84 0.73007
85 0.7447
86 0.7514
87 0.75613
88 0.76358
89 0.76622
90 0.78701
91 0.78972
92 0.80669
93 0.83571
94 0.84101
95 0.85085
96 0.86592
97 0.87545
98 0.8821
99 0.8887
100 0.89389
101 0.9001
102 0.90534
103 0.91843
104 0.9432
105 0.95089
106 0.96079
107 0.96993
108 0.97421
109 0.97798
110 0.98437
111 1.00756
112 1.03502
113 1.04809
114 1.0533
115 1.06507
116 1.07087
117 1.07184
118 1.0861
119 1.09596
120 1.10976
121 1.13138
122 1.13689
123 1.14901
124 1.1503
125 1.15293
126 1.17341
127 1.19709
128 1.19931
129 1.20225
130 1.21347
131 1.22576
132 1.22891
133 1.23817
134 1.24066
135 1.24302
136 1.2555
137 1.27806
138 1.27921
139 1.28254
140 1.2861
141 1.29019
142 1.29172
143 1.30122
144 1.34245
145 1.34513
146 1.35266
147 1.37109
148 1.37331
149 1.38338
150 1.38582
151 1.39554
152 1.40012
153 1.40841
154 1.41894
155 1.43297
156 1.45306
157 1.4815
158 1.4852
159 1.49969
160 1.50429
161 1.51323
162 1.51897
163 1.53564
164 1.54029
165 1.55142
166 1.56922
167 1.57166
168 1.59093
169 1.59314
170 1.61402
171 1.62522
172 1.64174
173 1.64492
174 1.65809
175 1.66523
176 1.67828
177 1.68551
178 1.69861
179 1.72688
180 1.74719
181 1.75488
182 1.7661
183 1.77421
184 1.78736
185 1.79355
186 1.79928
187 1.80502
188 1.80999
189 1.81835
190 1.82192
191 1.82833
192 1.84007
193 1.84199
194 1.84973
195 1.85329
196 1.87361
197 1.88455
198 1.8871
199 1.89199
200 1.89796
201 1.90121
202 1.90997
203 1.91479
204 1.92381
205 1.94137
206 1.94662
207 1.95172
208 1.9745
209 1.97782
210 1.98205
211 1.99728
212 2.00802
213 2.00904
214 2.01244
215 2.01813
216 2.02812
217 2.03613
218 2.0608
219 2.08219
220 2.09775
221 2.11708
222 2.12503
223 2.13178
224 2.13432
225 2.14662
226 2.14879
227 2.15312
228 2.16428
229 2.16924
230 2.17292
231 2.18674
232 2.19914
233 2.21649
234 2.22683
235 2.23554
236 2.23988
237 2.25944
238 2.26043
239 2.26234
240 2.2721
241 2.27642
242 2.28098
243 2.3029
244 2.3044
245 2.31201
246 2.31685
247 2.32901
248 2.33537
249 2.33796
250 2.34107
251 2.35287
252 2.36003
253 2.36887
254 2.40957
255 2.41424
256 2.43404
257 2.43592
258 2.43832
259 2.44653
260 2.45015
261 2.46238
262 2.48088
263 2.49679
264 2.50523
265 2.51254
266 2.52635
267 2.52904
268 2.55923
269 2.56928
270 2.57767
271 2.58068
272 2.59035
273 2.61514
274 2.62139
275 2.62535
276 2.63547
277 2.64347
278 2.65073
279 2.6748
280 2.69236
281 2.69422
282 2.69626
283 2.73362
284 2.75846
285 2.76513
286 2.77391
287 2.79012
288 2.7987
289 2.80824
290 2.81155
291 2.81779
292 2.8462
293 2.85025
294 2.85988
295 2.86852
296 2.87017
297 2.88527
298 2.89564
299 2.90844
300 2.92439
301 2.92801
302 2.93725
303 2.96772
304 2.97536
305 2.98312
306 2.98728
307 2.99205
