1 0.01695
2 0.03255
3 0.04211
4 0.05436
5 0.05769
6 0.0713
7 0.07289
8 0.08137
9 0.10052
10 0.11452
11 0.12342
12 0.12707
13 0.14176
14 0.14656
15 0.16392
16 0.17243
17 0.17911
18 0.18466
19 0.19575
20 0.2003
21 0.22171
22 0.23704
23 0.24404
24 0.24956
25 0.25136
26 0.28172
27 0.28515
28 0.28671
29 0.29366
30 0.31517
31 0.31676
32 0.31873
33 0.33229
34 0.33415
35 0.35079
36 0.36474
37 0.37683
38 0.38253
39 0.38851
40 0.39585
41 0.43745
42 0.44941
43 0.46652
44 0.48265
45 0.48462
46 0.48788
47 0.49444
48 0.49789
49 0.5001
50 0.5182
51 0.53172
52 0.53346
53 0.53717
54 0.58076
55 0.59743
56 0.61207
57 0.6138
58 0.61759
59 0.62086
60 0.63861
61 0.65504
62 0.66414
63 0.68127
64 0.68305
65 0.68634
66 0.69483
67 0.70093
68 0.72127
69 0.7233
70 0.72863
71 0.73675
72 0.76067
73 0.78738
74 0.79578
75 0.80539
76 0.81102
77 0.83316
78 0.83859
79 0.85172
80 0.87126
81 0.92522
82 0.9362
83 0.93818
84 0.94016
85 0.94236
86 0.94917
87 0.97135
88 0.99395
89 0.99775
90 1.01803
91 1.02933
92 1.03339
93 1.03503
94 1.03851
95 1.05226
96 1.0601
97 1.07023
98 1.08869
99 1.10026
100 1.10224
101 1.10968
102 1.11483
103 1.12403
104 1.12766
105 1.13242
106 1.13773
107 1.14761
108 1.18749
109 1.19048
110 1.19265
111 1.20182
112 1.20673
113 1.21617
114 1.22845
115 1.243
116 1.26256
117 1.27008
118 1.27373
119 1.29063
120 1.29834
121 1.3085
122 1.31449
123 1.31619
124 1.32277
125 1.33619
126 1.34072
127 1.35019
128 1.35553
129 1.36917
130 1.37599
131 1.41265
132 1.45914
133 1.46896
134 1.47495
135 1.49846
136 1.50054
137 1.50236
138 1.52625
139 1.53119
140 1.55722
141 1.56992
142 1.57136
143 1.57673
144 1.58238
145 1.59078
146 1.59262
147 1.59863
148 1.615
149 1.61848
150 1.62038
151 1.62623
152 1.63188
153 1.63404
154 1.65017
155 1.66153
156 1.66622
157 1.67192
158 1.68474
159 1.68864
160 1.69979
161 1.7065
162 1.74262
163 1.74447
164 1.77671
165 1.77993
166 1.79029
167 1.8002
168 1.80347
169 1.80556
170 1.81838
171 1.8227
172 1.82418
173 1.83115
174 1.83988
175 1.84534
176 1.84927
177 1.86036
178 1.86209
179 1.86699
180 1.87245
181 1.8827
182 1.89856
183 1.92345
184 1.92777
185 1.94321
186 1.95873
187 1.97495
188 1.97987
189 1.98362
190 1.99831
191 2.0147
192 2.0257
193 2.03067
194 2.0324
195 2.03764
196 2.0429
197 2.05062
198 2.06645
199 2.0682
200 2.07206
201 2.07795
202 2.09286
203 2.10921
204 2.11786
205 2.11925
206 2.12677
207 2.13047
208 2.151
209 2.1679
210 2.16954
211 2.17254
212 2.17548
213 2.18417
214 2.20076
215 2.20466
216 2.22389
217 2.2308
218 2.23683
219 2.2383
220 2.25052
221 2.26834
222 2.27441
223 2.28137
224 2.30468
225 2.31891
226 2.33306
227 2.33443
228 2.35013
229 2.35939
230 2.36136
231 2.37753
232 2.38965
233 2.3932
234 2.40668
235 2.41804
236 2.42418
237 2.42708
238 2.45043
239 2.46048
240 2.46443
241 2.47621
242 2.49036
243 2.5111
244 2.52676
245 2.53774
246 2.54256
247 2.54464
248 2.55856
249 2.56212
250 2.56376
251 2.57488
252 2.58251
253 2.59004
254 2.59697
255 2.61044
256 2.61681
257 2.61889
258 2.62267
259 2.62828
260 2.6337
261 2.68179
262 2.69324
263 2.69744
264 2.73071
265 2.7693
266 2.80047
267 2.8086
268 2.82403
269 2.82857
270 2.84267
271 2.86425
272 2.86624
273 2.86809
274 2.88219
275 2.88913
276 2.90063
277 2.92505
278 2.92926
279 2.93642
280 2.94153
281 2.95307
282 2.98306
