1 0.01076
2 0.01583
3 0.01724
4 0.03007
5 0.05501
6 0.06582
7 0.07271
8 0.08519
9 0.09634
10 0.09895
11 0.10579
12 0.12226
13 0.12561
14 0.13278
15 0.13418
16 0.15859
17 0.16641
18 0.17055
19 0.17484
20 0.18799
21 0.19408
22 0.19909
23 0.20517
24 0.2071
25 0.21018
26 0.2246
27 0.23467
28 0.24188
29 0.26886
30 0.29208
31 0.30088
32 0.30934
33 0.3127
34 0.32802
35 0.33049
36 0.34195
37 0.34311
38 0.348
39 0.3619
40 0.37129
41 0.38116
42 0.4135
43 0.4308
44 0.43985
45 0.4444
46 0.45521
47 0.45895
48 0.46307
49 0.47127
50 0.47462
51 0.48344
52 0.48812
53 0.51122
54 0.51744
55 0.5196
56 0.53062
57 0.5414
58 0.54933
59 0.5546
60 0.57346
61 0.57751
62 0.5846
63 0.59054
64 0.59164
65 0.59366
66 0.59713
67 0.60053
68 0.62675
69 0.6378
70 0.64196
71 0.64638
72 0.64927
73 0.65577
74 0.66684
75 0.67607
76 0.68476
77 0.69206
78 0.69713
79 0.71435
80 0.73265
81 0.73511
82 0.74022
83 0.74444
84 0.75078
85 0.76383
86 0.76836
87 0.7709
88 0.79657
89 0.80141
90 0.80889
91 0.81278
92 0.81647
93 0.81794
94 0.82502
95 0.83556
96 0.84856
97 0.8528
98 0.87058
99 0.87629
100 0.879
101 0.89939
102 0.90587
103 0.91337
104 0.92569
105 0.92805
106 0.93587
107 0.96454
108 0.9717
109 0.97845
110 0.99137
111 1.00104
112 1.00481
113 1.00911
114 1.01732
115 1.02011
116 1.03714
117 1.05985
118 1.08821
119 1.10386
120 1.12124
121 1.13012
122 1.14235
123 1.14377
124 1.16218
125 1.17462
126 1.1876
127 1.19116
128 1.19461
129 1.20706
130 1.22462
131 1.22874
132 1.23319
133 1.24184
134 1.24639
135 1.24972
136 1.25889
137 1.26775
138 1.27836
139 1.29982
140 1.3034
141 1.3114
142 1.31874
143 1.32232
144 1.33725
145 1.34248
146 1.35299
147 1.36319
148 1.37713
149 1.38401
150 1.38655
151 1.39478
152 1.40811
153 1.41762
154 1.42638
155 1.43309
156 1.4386
157 1.45543
158 1.46167
159 1.47102
160 1.48845
161 1.48993
162 1.49382
163 1.49514
164 1.50695
165 1.51811
166 1.52624
167 1.53798
168 1.54138
169 1.5456
170 1.55911
171 1.56218
172 1.57462
173 1.58069
174 1.5822
175 1.58776
176 1.59147
177 1.60332
178 1.60826
179 1.63491
180 1.64144
181 1.64896
182 1.66357
183 1.66989
184 1.67129
185 1.67581
186 1.68247
187 1.69306
188 1.69449
189 1.70244
190 1.70905
191 1.71349
192 1.72916
193 1.73025
194 1.73914
195 1.74255
196 1.74819
197 1.75328
198 1.76081
199 1.7637
200 1.76919
201 1.77467
202 1.78266
203 1.79043
204 1.80262
205 1.80656
206 1.82047
207 1.83656
208 1.84577
209 1.85396
210 1.85553
211 1.86532
212 1.86661
213 1.87334
214 1.87987
215 1.89079
216 1.90985
217 1.91283
218 1.92145
219 1.92693
220 1.93194
221 1.9607
222 1.97397
223 2.01322
224 2.02664
225 2.03518
226 2.04237
227 2.04627
228 2.05064
229 2.05969
230 2.06762
231 2.07163
232 2.08101
233 2.09038
234 2.09538
235 2.10418
236 2.11031
237 2.1235
238 2.12805
239 2.13553
240 2.1394
241 2.14808
242 2.16872
243 2.17873
244 2.18418
245 2.20008
246 2.20252
247 2.2061
248 2.20769
249 2.21491
250 2.23105
251 2.23753
252 2.25418
253 2.26397
254 2.27537
255 2.28836
256 2.29668
257 2.3128
258 2.32874
259 2.33639
260 2.34163
261 2.34343
262 2.35205
263 2.3558
264 2.36942
265 2.37482
266 2.38978
267 2.39373
268 2.39738
269 2.39971
270 2.42045
271 2.42612
272 2.43176
273 2.44022
274 2.4624
275 2.47021
276 2.47572
277 2.49355
278 2.49764
279 2.51636
280 2.52077
281 2.52216
282 2.52683
283 2.53985
284 2.5485
285 2.56266
286 2.57328
287 2.59661
288 2.60616
289 2.63001
290 2.63203
291 2.63456
292 2.6467
293 2.64931
294 2.66992
295 2.67381
296 2.68041
297 2.69443
298 2.70844
299 2.71118
300 2.71641
301 2.71943
302 2.73259
303 2.75901
304 2.76819
305 2.79068
306 2.79334
307 2.79839
308 2.80815
309 2.81624
310 2.84187
311 2.85954
312 2.86556
313 2.87757
314 2.8889
315 2.89812
316 2.90192
317 2.9077
318 2.91771
319 2.92771
320 2.94145
321 2.9461
322 2.95085
323 2.96145
324 2.96372
325 2.98458
326 2.98984
