1 0.00235
2 0.00678
3 0.00865
4 0.01112
5 0.01259
6 0.01521
7 0.01952
8 0.02601
9 0.02943
10 0.0324
11 0.03561
12 0.04135
13 0.04513
14 0.04671
15 0.05121
16 0.06547
17 0.06846
18 0.0714
19 0.07564
20 0.08778
21 0.09731
22 0.107
23 0.1215
24 0.13743
25 0.14737
26 0.15133
27 0.16248
28 0.1696
29 0.18179
30 0.19194
31 0.19986
32 0.21062
33 0.21241
34 0.21552
35 0.22484
36 0.22962
37 0.23803
38 0.24112
39 0.24539
40 0.25346
41 0.26098
42 0.27247
43 0.27531
44 0.29216
45 0.30563
46 0.30864
47 0.31971
48 0.32264
49 0.32682
50 0.32831
51 0.34588
52 0.34914
53 0.35364
54 0.35596
55 0.35973
56 0.36265
57 0.36997
58 0.37243
59 0.37728
60 0.38074
61 0.39321
62 0.39972
63 0.40285
64 0.40722
65 0.41017
66 0.42584
67 0.43699
68 0.4465
69 0.45049
70 0.45928
71 0.46569
72 0.47319
73 0.47508
74 0.48043
75 0.48867
76 0.49443
77 0.50495
78 0.51025
79 0.52722
80 0.53891
81 0.5418
82 0.54334
83 0.55079
84 0.56952
85 0.57426
86 0.58009
87 0.59866
88 0.60118
89 0.60303
90 0.61204
91 0.62177
92 0.62482
93 0.63294
94 0.64121
95 0.64732
96 0.65247
97 0.65436
98 0.65609
99 0.65984
100 0.67218
101 0.68317
102 0.69348
103 0.69805
104 0.70051
105 0.71646
106 0.72319
107 0.72575
108 0.7308
109 0.73633
110 0.75979
111 0.76528
112 0.77001
113 0.77095
114 0.77391
115 0.77619
116 0.78589
117 0.79527
118 0.79899
119 0.80433
120 0.80768
121 0.81922
122 0.82823
123 0.84861
124 0.85468
125 0.86987
126 0.88006
127 0.88602
128 0.89473
129 0.8975
130 0.91134
131 0.92997
132 0.93702
133 0.94421
134 0.95296
135 0.95472
136 0.96519
137 0.96936
138 0.97502
139 0.98191
140 0.98501
141 0.98962
142 0.99289
143 0.99999
144 1.00291
145 1.00588
146 1.01244
147 1.02021
148 1.02536
149 1.03652
150 1.06683
151 1.07462
152 1.08162
153 1.09079
154 1.10324
155 1.10864
156 1.11031
157 1.11596
158 1.11848
159 1.12771
160 1.12953
161 1.13135
162 1.14134
163 1.14526
164 1.1486
165 1.15619
166 1.15987
167 1.18971
168 1.19457
169 1.19977
170 1.20682
171 1.21032
172 1.21679
173 1.22398
174 1.22918
175 1.23318
176 1.2397
177 1.24372
178 1.25495
179 1.25809
180 1.26995
181 1.27376
182 1.287
183 1.29322
184 1.30025
185 1.3021
186 1.31766
187 1.32127
188 1.32444
189 1.32644
190 1.33021
191 1.34878
192 1.35421
193 1.35736
194 1.37044
195 1.3728
196 1.37774
197 1.40025
198 1.42309
199 1.43067
200 1.44233
201 1.44847
202 1.45169
203 1.45942
204 1.46612
205 1.46965
206 1.47545
207 1.48615
208 1.50754
209 1.50953
210 1.51348
211 1.51585
212 1.52274
213 1.52663
214 1.53824
215 1.54629
216 1.56589
217 1.57286
218 1.57725
219 1.58022
220 1.58998
221 1.5992
222 1.60276
223 1.60891
224 1.61477
225 1.6218
226 1.62603
227 1.62716
228 1.62989
229 1.63586
230 1.64556
231 1.64834
232 1.65366
233 1.65694
234 1.66124
235 1.68461
236 1.68879
237 1.69183
238 1.69921
239 1.7143
240 1.71878
241 1.72559
242 1.73063
243 1.73402
244 1.73713
245 1.74409
246 1.75688
247 1.77025
248 1.77614
249 1.78146
250 1.78312
251 1.79184
252 1.79528
253 1.80002
254 1.81602
255 1.81849
256 1.82327
257 1.82906
258 1.83749
259 1.84667
260 1.84856
261 1.8549
262 1.85978
263 1.86299
264 1.86421
265 1.88164
266 1.89054
267 1.8997
268 1.90531
269 1.91102
270 1.92846
271 1.93774
272 1.9403
273 1.94212
274 1.9474
275 1.95185
276 1.95744
277 1.95916
278 1.96595
279 1.96845
280 1.97046
281 1.97555
282 1.98195
283 1.99488
284 2.0054
285 2.01643
286 2.02447
287 2.0348
288 2.05543
289 2.06889
290 2.08521
291 2.11259
292 2.12317
293 2.12757
294 2.13318
295 2.13439
296 2.13781
297 2.14878
298 2.15269
299 2.15423
300 2.16303
301 2.17057
302 2.17806
303 2.19764
304 2.20106
305 2.20329
306 2.20933
307 2.21522
308 2.22176
309 2.2247
310 2.22756
311 2.23409
312 2.24132
313 2.24544
314 2.26001
315 2.26161
316 2.2759
317 2.28423
318 2.28887
319 2.29007
320 2.29738
321 2.30081
322 2.31876
323 2.32354
324 2.32582
325 2.32814
326 2.33938
327 2.35078
328 2.35412
329 2.35597
330 2.365
331 2.37197
332 2.37564
333 2.37993
334 2.3953
335 2.39815
336 2.40112
337 2.40387
338 2.40897
339 2.41792
340 2.43237
341 2.43894
342 2.44107
343 2.44663
344 2.4487
345 2.45485
346 2.45769
347 2.4653
348 2.4694
349 2.47562
350 2.48108
351 2.48505
352 2.5083
353 2.50969
354 2.51357
355 2.52651
356 2.5284
357 2.53464
358 2.54544
359 2.54988
360 2.55111
361 2.55945
362 2.5651
363 2.5788
364 2.58183
365 2.5995
366 2.60175
367 2.60369
368 2.61713
369 2.62214
370 2.63281
371 2.63563
372 2.64715
373 2.65133
374 2.65905
375 2.66869
376 2.69892
377 2.70932
378 2.713
379 2.71471
380 2.71783
381 2.71989
382 2.72775
383 2.73016
384 2.73526
385 2.73905
386 2.75236
387 2.75578
388 2.75871
389 2.76762
390 2.77352
391 2.77965
392 2.78867
393 2.80127
394 2.80318
395 2.81527
396 2.82289
397 2.82816
398 2.83563
399 2.85141
400 2.85473
401 2.86301
402 2.86964
403 2.87549
404 2.88444
405 2.89165
406 2.90588
407 2.91417
408 2.94764
409 2.9495
410 2.96207
411 2.97566
412 2.98026
413 2.98451
414 2.99254
415 2.99544
