1 0.0066
2 0.00825
3 0.01206
4 0.01547
5 0.02112
6 0.0251
7 0.03175
8 0.04116
9 0.04243
10 0.04356
11 0.05465
12 0.0937
13 0.1042
14 0.11077
15 0.11414
16 0.11982
17 0.12587
18 0.14998
19 0.17322
20 0.19369
21 0.19564
22 0.20598
23 0.21241
24 0.2193
25 0.2223
26 0.23425
27 0.24246
28 0.2523
29 0.25674
30 0.26602
31 0.27174
32 0.29538
33 0.3043
34 0.32195
35 0.33472
36 0.34946
37 0.35168
38 0.35523
39 0.365
40 0.37938
41 0.38221
42 0.40655
43 0.41019
44 0.42301
45 0.42486
46 0.4317
47 0.43397
48 0.43838
49 0.45117
50 0.45294
51 0.45853
52 0.46435
53 0.46909
54 0.47757
55 0.49135
56 0.50293
57 0.50825
58 0.51075
59 0.51387
60 0.53462
61 0.53733
62 0.54462
63 0.56808
64 0.5693
65 0.58701
66 0.5939
67 0.59685
68 0.60348
69 0.62157
70 0.62392
71 0.65149
72 0.66499
73 0.67357
74 0.68657
75 0.69247
76 0.70387
77 0.70916
78 0.71487
79 0.71888
80 0.72225
81 0.72793
82 0.73495
83 0.7577
84 0.77025
85 0.78037
86 0.81101
87 0.81728
88 0.83484
89 0.83901
90 0.86913
91 0.87136
92 0.88522
93 0.88883
94 0.89915
95 0.90955
96 0.92212
97 0.92765
98 0.93305
99 0.94239
100 0.95367
101 0.96179
102 0.96845
103 0.97345
104 0.98196
105 0.98336
106 1.015
107 1.0298
108 1.04219
109 1.04898
110 1.0565
111 1.05922
112 1.08103
113 1.08683
114 1.09398
115 1.10993
116 1.11735
117 1.13223
118 1.15211
119 1.15794
120 1.16072
121 1.166
122 1.17338
123 1.17591
124 1.19248
125 1.19866
126 1.20274
127 1.20806
128 1.21137
129 1.21831
130 1.22218
131 1.24256
132 1.25558
133 1.26631
134 1.27614
135 1.30303
136 1.31594
137 1.32887
138 1.33307
139 1.34221
140 1.34648
141 1.35015
142 1.36485
143 1.3684
144 1.37122
145 1.39563
146 1.40003
147 1.40927
148 1.41215
149 1.42164
150 1.42576
151 1.43206
152 1.43409
153 1.44061
154 1.45386
155 1.45862
156 1.46108
157 1.48241
158 1.51602
159 1.54751
160 1.55038
161 1.5629
162 1.56525
163 1.57204
164 1.57446
165 1.58571
166 1.59577
167 1.60083
168 1.60312
169 1.6148
170 1.63431
171 1.63972
172 1.64867
173 1.65689
174 1.66811
175 1.67991
176 1.68713
177 1.69527
178 1.69981
179 1.70177
180 1.70583
181 1.725
182 1.73225
183 1.74315
184 1.75132
185 1.76026
186 1.76574
187 1.77221
188 1.78139
189 1.78349
190 1.79763
191 1.79997
192 1.80687
193 1.8129
194 1.82702
195 1.83712
196 1.8398
197 1.86195
198 1.86811
199 1.87601
200 1.89942
201 1.90084
202 1.91249
203 1.91604
204 1.92642
205 1.93233
206 1.94307
207 1.96472
208 1.98385
209 2.0031
210 2.00592
211 2.01993
212 2.02357
213 2.03875
214 2.04584
215 2.06238
216 2.06852
217 2.08085
218 2.08807
219 2.09836
220 2.10579
221 2.11537
222 2.12778
223 2.13556
224 2.15338
225 2.15987
226 2.16639
227 2.17107
228 2.1757
229 2.17846
230 2.20315
231 2.2096
232 2.21797
233 2.22136
234 2.23285
235 2.23812
236 2.25144
237 2.26018
238 2.26381
239 2.27005
240 2.28314
241 2.30084
242 2.3122
243 2.32844
244 2.3378
245 2.34306
246 2.35526
247 2.35734
248 2.3633
249 2.36709
250 2.37857
251 2.39433
252 2.40192
253 2.41547
254 2.42988
255 2.43213
256 2.44603
257 2.46021
258 2.49201
259 2.49852
260 2.5011
261 2.51704
262 2.52436
263 2.5289
264 2.53629
265 2.56323
266 2.56537
267 2.57274
268 2.58592
269 2.59174
270 2.61929
271 2.62613
272 2.64224
273 2.64888
274 2.65165
275 2.66865
276 2.67432
277 2.67862
278 2.69662
279 2.70805
280 2.71965
281 2.7308
282 2.7381
283 2.7462
284 2.75968
285 2.77074
286 2.78813
287 2.80306
288 2.81734
289 2.82714
290 2.82902
291 2.84139
292 2.84286
293 2.85378
294 2.87018
295 2.87967
296 2.89123
297 2.90128
298 2.90608
299 2.92423
300 2.93808
301 2.94732
302 2.95186
303 2.95937
304 2.97274
305 2.99283
306 2.99714
307 2.99999
