1 0.00818
2 0.02218
3 0.03523
4 0.04719
5 0.05678
6 0.07181
7 0.07332
8 0.08366
9 0.08683
10 0.09177
11 0.1064
12 0.11487
13 0.13343
14 0.13598
15 0.14448
16 0.16599
17 0.18464
18 0.19815
19 0.20643
20 0.22733
21 0.23607
22 0.23697
23 0.23885
24 0.26313
25 0.27005
26 0.27899
27 0.31184
28 0.32576
29 0.33445
30 0.35589
31 0.36114
32 0.3633
33 0.37642
34 0.38594
35 0.38848
36 0.39444
37 0.42316
38 0.43544
39 0.4408
40 0.4527
41 0.4786
42 0.49195
43 0.49333
44 0.5093
45 0.51866
46 0.52242
47 0.56812
48 0.57069
49 0.57558
50 0.59389
51 0.61998
52 0.62498
53 0.62845
54 0.64533
55 0.64869
56 0.6528
57 0.65894
58 0.67786
59 0.68599
60 0.69721
61 0.70687
62 0.72905
63 0.73014
64 0.7453
65 0.76228
66 0.76691
67 0.7714
68 0.78083
69 0.78693
70 0.80193
71 0.81502
72 0.82081
73 0.83315
74 0.86142
75 0.87057
76 0.87558
77 0.88285
78 0.89003
79 0.90594
80 0.92903
81 0.94199
82 0.94966
83 0.95547
84 0.96233
85 0.9781
86 0.97932
87 0.994
88 0.99846
89 1.00943
90 1.01969
91 1.03349
92 1.04315
93 1.06331
94 1.07587
95 1.0834
96 1.08801
97 1.09654
98 1.10749
99 1.11188
100 1.12224
101 1.12899
102 1.13322
103 1.15614
104 1.18222
105 1.18348
106 1.19058
107 1.21781
108 1.23103
109 1.25206
110 1.26715
111 1.2824
112 1.28613
113 1.30593
114 1.31084
115 1.33378
116 1.33499
117 1.33942
118 1.35491
119 1.37503
120 1.38079
121 1.42415
122 1.43763
123 1.44683
124 1.45813
125 1.47101
126 1.49405
127 1.51255
128 1.53041
129 1.53946
130 1.55621
131 1.56022
132 1.56367
133 1.57326
134 1.58796
135 1.59397
136 1.60069
137 1.60531
138 1.61488
139 1.61931
140 1.62263
141 1.62754
142 1.64034
143 1.64517
144 1.67417
145 1.70311
146 1.71637
147 1.72502
148 1.73294
149 1.74229
150 1.7487
151 1.76839
152 1.77581
153 1.78135
154 1.786
155 1.79488
156 1.797
157 1.8126
158 1.8211
159 1.8251
160 1.83036
161 1.8313
162 1.83418
163 1.83884
164 1.84589
165 1.85314
166 1.85939
167 1.86321
168 1.86706
169 1.87667
170 1.88361
171 1.9035
172 1.93393
173 1.95019
174 1.96214
175 1.97058
176 1.98274
177 1.98629
178 2.02775
179 2.04947
180 2.0638
181 2.0883
182 2.09203
183 2.10017
184 2.11206
185 2.12248
186 2.12475
187 2.13157
188 2.13827
189 2.14044
190 2.15149
191 2.17366
192 2.18707
193 2.19061
194 2.19733
195 2.19985
196 2.22294
197 2.22993
198 2.25702
199 2.27742
200 2.29007
201 2.29611
202 2.32557
203 2.34136
204 2.34778
205 2.3569
206 2.36575
207 2.39225
208 2.3988
209 2.41689
210 2.41867
211 2.42052
212 2.42882
213 2.43706
214 2.44058
215 2.4485
216 2.45344
217 2.45962
218 2.47367
219 2.48528
220 2.51895
221 2.54287
222 2.54994
223 2.56447
224 2.57046
225 2.58912
226 2.60023
227 2.60662
228 2.60942
229 2.61522
230 2.62903
231 2.65189
232 2.6679
233 2.69478
234 2.69778
235 2.70012
236 2.72232
237 2.72592
238 2.72982
239 2.73301
240 2.74005
241 2.74138
242 2.74835
243 2.75808
244 2.77134
245 2.78278
246 2.78756
247 2.81172
248 2.8139
249 2.82631
250 2.83013
251 2.84993
252 2.85643
253 2.86641
254 2.87357
255 2.89009
256 2.90219
257 2.91927
258 2.92311
259 2.93147
260 2.93642
261 2.95257
262 2.95645
263 2.9759
264 2.9811
265 2.98862
266 2.99594
