1 0.0039
2 0.01449
3 0.02686
4 0.02774
5 0.03768
6 0.03951
7 0.04145
8 0.04247
9 0.04602
10 0.05335
11 0.06085
12 0.07437
13 0.07612
14 0.0794
15 0.08685
16 0.09209
17 0.0986
18 0.10669
19 0.11905
20 0.13219
21 0.1358
22 0.14768
23 0.15574
24 0.16295
25 0.16708
26 0.17253
27 0.1895
28 0.20116
29 0.20882
30 0.21259
31 0.24684
32 0.25778
33 0.28088
34 0.28836
35 0.29302
36 0.30123
37 0.31475
38 0.33449
39 0.33923
40 0.35168
41 0.3721
42 0.38579
43 0.405
44 0.4155
45 0.42792
46 0.4376
47 0.43976
48 0.4439
49 0.44784
50 0.45264
51 0.4548
52 0.45951
53 0.48516
54 0.49144
55 0.49318
56 0.50217
57 0.52674
58 0.53638
59 0.54295
60 0.56628
61 0.57083
62 0.58863
63 0.59292
64 0.60401
65 0.61544
66 0.627
67 0.62949
68 0.64354
69 0.66177
70 0.66525
71 0.67381
72 0.67908
73 0.6872
74 0.69027
75 0.69392
76 0.6982
77 0.6998
78 0.72435
79 0.73979
80 0.74648
81 0.75187
82 0.75367
83 0.77847
84 0.78792
85 0.79109
86 0.80176
87 0.83198
88 0.84818
89 0.85327
90 0.85876
91 0.86517
92 0.87051
93 0.88113
94 0.88274
95 0.89805
96 0.90187
97 0.90699
98 0.91324
99 0.92032
100 0.93242
101 0.93391
102 0.93689
103 0.9403
104 0.94176
105 0.94629
106 0.95219
107 0.99548
108 1.0057
109 1.01916
110 1.03547
111 1.04864
112 1.07097
113 1.08515
114 1.09346
115 1.10266
116 1.11261
117 1.11395
118 1.11843
119 1.12798
120 1.15078
121 1.15893
122 1.16427
123 1.16974
124 1.18025
125 1.1865
126 1.19462
127 1.19947
128 1.2008
129 1.20744
130 1.21477
131 1.21744
132 1.22122
133 1.24217
134 1.2554
135 1.26993
136 1.27709
137 1.29222
138 1.29417
139 1.29999
140 1.30136
141 1.3157
142 1.32854
143 1.33954
144 1.34862
145 1.3513
146 1.37943
147 1.38422
148 1.40693
149 1.41281
150 1.41588
151 1.42832
152 1.43016
153 1.4353
154 1.44016
155 1.44126
156 1.447
157 1.44961
158 1.45463
159 1.48357
160 1.48784
161 1.49511
162 1.49627
163 1.51429
164 1.51867
165 1.52187
166 1.54455
167 1.54552
168 1.55049
169 1.5547
170 1.5572
171 1.56304
172 1.56816
173 1.57607
174 1.57941
175 1.59547
176 1.60167
177 1.60919
178 1.62059
179 1.62256
180 1.63511
181 1.65485
182 1.66458
183 1.66897
184 1.67311
185 1.67443
186 1.68335
187 1.69364
188 1.69506
189 1.74126
190 1.7498
191 1.75544
192 1.77779
193 1.78595
194 1.78799
195 1.79485
196 1.80202
197 1.8138
198 1.81992
199 1.82622
200 1.83143
201 1.84958
202 1.85095
203 1.85956
204 1.87324
205 1.88025
206 1.88352
207 1.91242
208 1.92962
209 1.93509
210 1.9455
211 1.95016
212 1.96348
213 1.96653
214 1.98083
215 1.98964
216 1.99475
217 2.00731
218 2.02154
219 2.04968
220 2.0623
221 2.07654
222 2.08831
223 2.10153
224 2.10982
225 2.11531
226 2.12027
227 2.12371
228 2.13166
229 2.13313
230 2.14764
231 2.15709
232 2.1769
233 2.18099
234 2.20294
235 2.20765
236 2.24024
237 2.24433
238 2.25707
239 2.26165
240 2.28169
241 2.29126
242 2.29588
243 2.29925
244 2.30109
245 2.30683
246 2.31883
247 2.33234
248 2.33846
249 2.34526
250 2.34928
251 2.35836
252 2.36916
253 2.38505
254 2.40815
255 2.42359
256 2.42595
257 2.43177
258 2.44056
259 2.47148
260 2.49244
261 2.49652
262 2.50073
263 2.50583
264 2.51239
265 2.51517
266 2.52641
267 2.53917
268 2.54896
269 2.5655
270 2.57807
271 2.58176
272 2.58605
273 2.59269
274 2.59888
275 2.6069
276 2.61038
277 2.62188
278 2.62306
279 2.627
280 2.63543
281 2.64442
282 2.66164
283 2.67017
284 2.68201
285 2.68454
286 2.69489
287 2.70009
288 2.70123
289 2.70942
290 2.71505
291 2.72558
292 2.73405
293 2.73502
294 2.73979
295 2.75664
296 2.77033
297 2.77293
298 2.78397
299 2.78976
300 2.79795
301 2.815
302 2.81695
303 2.82909
304 2.84975
305 2.85668
306 2.86655
307 2.86973
308 2.87274
309 2.87954
310 2.88616
311 2.90156
312 2.90289
313 2.91917
314 2.92513
315 2.94917
316 2.95732
317 2.98478
318 2.99703
