1 0.00302
2 0.00475
3 0.00993
4 0.01638
5 0.02062
6 0.03221
7 0.04035
8 0.04637
9 0.05971
10 0.06469
11 0.0662
12 0.07576
13 0.07843
14 0.08302
15 0.09068
16 0.09637
17 0.09822
18 0.10269
19 0.10682
20 0.10921
21 0.11431
22 0.11918
23 0.121
24 0.12516
25 0.1284
26 0.13851
27 0.15634
28 0.1629
29 0.17014
30 0.17868
31 0.18795
32 0.1935
33 0.20493
34 0.20942
35 0.21252
36 0.22134
37 0.22927
38 0.24648
39 0.24825
40 0.25625
41 0.26206
42 0.27619
43 0.28646
44 0.28783
45 0.29473
46 0.30693
47 0.31154
48 0.31479
49 0.3182
50 0.32363
51 0.33022
52 0.34131
53 0.34713
54 0.35242
55 0.35694
56 0.37757
57 0.38643
58 0.39044
59 0.39386
60 0.39869
61 0.40099
62 0.42283
63 0.4248
64 0.42664
65 0.43041
66 0.45279
67 0.48069
68 0.48259
69 0.48725
70 0.4947
71 0.49698
72 0.50622
73 0.51143
74 0.51907
75 0.52755
76 0.53416
77 0.53667
78 0.54527
79 0.55335
80 0.55866
81 0.56267
82 0.56638
83 0.5781
84 0.58781
85 0.59784
86 0.6046
87 0.60934
88 0.61634
89 0.62206
90 0.63709
91 0.6397
92 0.65955
93 0.6655
94 0.66693
95 0.6695
96 0.67696
97 0.6787
98 0.6807
99 0.68752
100 0.69385
101 0.70381
102 0.71121
103 0.71709
104 0.73088
105 0.73366
106 0.73547
107 0.73967
108 0.74294
109 0.74625
110 0.7548
111 0.76041
112 0.76195
113 0.7675
114 0.78471
115 0.78811
116 0.79939
117 0.80518
118 0.81052
119 0.81207
120 0.81677
121 0.82166
122 0.83033
123 0.84556
124 0.8512
125 0.85418
126 0.85765
127 0.86102
128 0.86231
129 0.86565
130 0.86898
131 0.87749
132 0.88074
133 0.88607
134 0.89479
135 0.89983
136 0.90786
137 0.92611
138 0.93235
139 0.94031
140 0.94552
141 0.94983
142 0.95382
143 0.97273
144 0.97527
145 0.99543
146 0.99698
147 1.01332
148 1.01491
149 1.03186
150 1.0377
151 1.05112
152 1.063
153 1.06402
154 1.06601
155 1.06986
156 1.07687
157 1.08687
158 1.09041
159 1.09423
160 1.09805
161 1.108
162 1.12348
163 1.1346
164 1.14074
165 1.14616
166 1.14773
167 1.15172
168 1.16466
169 1.16909
170 1.18448
171 1.18728
172 1.19643
173 1.19943
174 1.22669
175 1.24396
176 1.25136
177 1.2526
178 1.26051
179 1.26342
180 1.27244
181 1.27897
182 1.28033
183 1.28237
184 1.28676
185 1.29245
186 1.29714
187 1.30269
188 1.30618
189 1.31185
190 1.32475
191 1.33323
192 1.3405
193 1.3504
194 1.35262
195 1.35883
196 1.37312
197 1.38221
198 1.38669
199 1.38933
200 1.39481
201 1.39928
202 1.40211
203 1.4245
204 1.4297
205 1.43233
206 1.4532
207 1.47225
208 1.48455
209 1.48962
210 1.49302
211 1.49539
212 1.51124
213 1.51451
214 1.523
215 1.53483
216 1.53728
217 1.54687
218 1.55529
219 1.56329
220 1.58191
221 1.58836
222 1.59343
223 1.60341
224 1.61111
225 1.61611
226 1.63013
227 1.63925
228 1.64311
229 1.65105
230 1.66186
231 1.67017
232 1.67741
233 1.68308
234 1.68543
235 1.68943
236 1.6986
237 1.7013
238 1.72217
239 1.7434
240 1.74899
241 1.76118
242 1.76837
243 1.77528
244 1.77847
245 1.78635
246 1.78827
247 1.79111
248 1.79299
249 1.79623
250 1.80133
251 1.80467
252 1.80823
253 1.81069
254 1.81425
255 1.81666
256 1.82784
257 1.82947
258 1.8498
259 1.85474
260 1.85863
261 1.86373
262 1.86665
263 1.87477
264 1.87838
265 1.89105
266 1.89758
267 1.9031
268 1.9168
269 1.92924
270 1.93238
271 1.93598
272 1.94133
273 1.94416
274 1.94662
275 1.96774
276 1.9707
277 1.97957
278 1.98356
279 1.98926
280 1.9976
281 2.01738
282 2.02655
283 2.03204
284 2.03717
285 2.041
286 2.04737
287 2.05949
288 2.06758
289 2.07557
290 2.09315
291 2.09552
292 2.10172
293 2.10547
294 2.11853
295 2.12496
296 2.12693
297 2.12875
298 2.13145
299 2.13598
300 2.1419
301 2.15007
302 2.16066
303 2.17036
304 2.17711
305 2.18102
306 2.18527
307 2.19454
308 2.20473
309 2.21551
310 2.22666
311 2.23901
312 2.24334
313 2.2491
314 2.26986
315 2.27579
316 2.28148
317 2.29013
318 2.29426
319 2.30148
320 2.3104
321 2.32549
322 2.33365
323 2.34017
324 2.34528
325 2.35874
326 2.36715
327 2.37093
328 2.37639
329 2.38107
330 2.38514
331 2.3888
332 2.40203
333 2.42598
334 2.43592
335 2.46206
336 2.4677
337 2.47401
338 2.48517
339 2.49201
340 2.49749
341 2.50778
342 2.5167
343 2.52738
344 2.53094
345 2.54929
346 2.55906
347 2.5628
348 2.56424
349 2.57291
350 2.5782
351 2.5864
352 2.61578
353 2.62324
354 2.62809
355 2.63998
356 2.6458
357 2.64686
358 2.66143
359 2.66701
360 2.67471
361 2.6834
362 2.69304
363 2.71444
364 2.71852
365 2.72365
366 2.73912
367 2.74142
368 2.74335
369 2.7473
370 2.75767
371 2.76267
372 2.76731
373 2.77104
374 2.78766
375 2.79593
376 2.81487
377 2.81748
378 2.82032
379 2.82173
380 2.8311
381 2.84377
382 2.85789
383 2.86973
384 2.87411
385 2.88472
386 2.888
387 2.88891
388 2.89441
389 2.90192
390 2.91162
391 2.91559
392 2.92691
393 2.93874
394 2.94232
395 2.95098
396 2.97708
397 2.98929
398 2.99182
399 2.99627
