1 0.00315
2 0.01729
3 0.02108
4 0.03568
5 0.0391
6 0.0623
7 0.06538
8 0.07939
9 0.09608
10 0.10855
11 0.11574
12 0.11844
13 0.12008
14 0.13534
15 0.14039
16 0.16625
17 0.17066
18 0.17784
19 0.18131
20 0.18656
21 0.18997
22 0.19358
23 0.20021
24 0.21241
25 0.21448
26 0.22015
27 0.22644
28 0.22768
29 0.22913
30 0.23601
31 0.23951
32 0.24787
33 0.25908
34 0.2646
35 0.26613
36 0.26789
37 0.275
38 0.28688
39 0.28821
40 0.29313
41 0.30616
42 0.31877
43 0.3225
44 0.33086
45 0.33373
46 0.35684
47 0.37417
48 0.38363
49 0.38702
50 0.39644
51 0.40405
52 0.41895
53 0.42701
54 0.43352
55 0.43846
56 0.44084
57 0.44407
58 0.45442
59 0.46361
60 0.47806
61 0.51875
62 0.5253
63 0.53291
64 0.53547
65 0.53868
66 0.546
67 0.5613
68 0.56276
69 0.5689
70 0.57244
71 0.57638
72 0.57879
73 0.58508
74 0.58704
75 0.60495
76 0.62101
77 0.62556
78 0.6298
79 0.63408
80 0.66713
81 0.67388
82 0.67738
83 0.68773
84 0.69959
85 0.70553
86 0.70869
87 0.72931
88 0.74198
89 0.75122
90 0.77177
91 0.7784
92 0.78521
93 0.78785
94 0.79038
95 0.8033
96 0.80991
97 0.8112
98 0.81487
99 0.82593
100 0.82804
101 0.83229
102 0.84112
103 0.84822
104 0.85543
105 0.86143
106 0.87408
107 0.87761
108 0.89805
109 0.90606
110 0.91501
111 0.92693
112 0.92965
113 0.93566
114 0.9454
115 0.94727
116 0.95433
117 0.9627
118 0.97507
119 0.98573
120 1.00127
121 1.01426
122 1.01967
123 1.02828
124 1.03757
125 1.05689
126 1.06157
127 1.06639
128 1.07183
129 1.08099
130 1.08544
131 1.08879
132 1.10027
133 1.11956
134 1.12306
135 1.1299
136 1.13486
137 1.14526
138 1.14786
139 1.17282
140 1.17774
141 1.18221
142 1.18411
143 1.18577
144 1.19314
145 1.19791
146 1.19935
147 1.20844
148 1.21356
149 1.22877
150 1.24173
151 1.26573
152 1.2737
153 1.28153
154 1.30816
155 1.32857
156 1.3358
157 1.34851
158 1.35005
159 1.35863
160 1.37886
161 1.38163
162 1.38609
163 1.41761
164 1.42846
165 1.4351
166 1.43864
167 1.44005
168 1.44342
169 1.44511
170 1.45892
171 1.46382
172 1.46928
173 1.47464
174 1.47836
175 1.47981
176 1.4825
177 1.48758
178 1.49357
179 1.50335
180 1.5217
181 1.54516
182 1.55897
183 1.56222
184 1.56907
185 1.57247
186 1.58167
187 1.58289
188 1.59647
189 1.60786
190 1.61105
191 1.62369
192 1.63114
193 1.63635
194 1.64362
195 1.67371
196 1.6927
197 1.69449
198 1.70451
199 1.70802
200 1.7157
201 1.71793
202 1.72866
203 1.73788
204 1.7417
205 1.76155
206 1.7662
207 1.77171
208 1.80799
209 1.83173
210 1.86135
211 1.87575
212 1.88312
213 1.89538
214 1.90595
215 1.91546
216 1.93291
217 1.93588
218 1.94189
219 1.94964
220 1.96082
221 1.96398
222 1.96771
223 1.97237
224 1.97774
225 1.98987
226 1.99668
227 2.01797
228 2.02574
229 2.03515
230 2.03978
231 2.04368
232 2.04817
233 2.0503
234 2.05926
235 2.06169
236 2.06551
237 2.09717
238 2.10031
239 2.1072
240 2.10852
241 2.11738
242 2.13234
243 2.14993
244 2.15738
245 2.16764
246 2.18203
247 2.18676
248 2.20016
249 2.20608
250 2.21829
251 2.21998
252 2.22596
253 2.22719
254 2.22911
255 2.24547
256 2.25308
257 2.27846
258 2.28418
259 2.28992
260 2.30928
261 2.3145
262 2.31956
263 2.34767
264 2.35892
265 2.37105
266 2.3753
267 2.37817
268 2.38154
269 2.38589
270 2.38994
271 2.41868
272 2.42883
273 2.43794
274 2.44839
275 2.46111
276 2.47166
277 2.48028
278 2.48767
279 2.49626
280 2.49796
281 2.52001
282 2.53113
283 2.53463
284 2.54758
285 2.5564
286 2.55812
287 2.5994
288 2.60608
289 2.63055
290 2.6445
291 2.64843
292 2.66984
293 2.67614
294 2.68147
295 2.68865
296 2.69145
297 2.69705
298 2.71239
299 2.7195
300 2.73701
301 2.76547
302 2.78672
303 2.80513
304 2.81769
305 2.82828
306 2.85955
307 2.88567
308 2.89886
309 2.91476
310 2.91942
311 2.92896
312 2.94294
313 2.94635
314 2.96544
315 2.96797
316 2.98035
317 2.99025
