1 0.00259
2 0.00882
3 0.01636
4 0.02028
5 0.02474
6 0.02994
7 0.03149
8 0.03453
9 0.04816
10 0.05159
11 0.06066
12 0.06938
13 0.08982
14 0.12202
15 0.1259
16 0.14326
17 0.1484
18 0.15409
19 0.16062
20 0.16774
21 0.17466
22 0.19042
23 0.19245
24 0.19617
25 0.19996
26 0.20705
27 0.20917
28 0.22634
29 0.23261
30 0.23528
31 0.24637
32 0.25103
33 0.2567
34 0.26665
35 0.28009
36 0.28396
37 0.28813
38 0.30748
39 0.31927
40 0.3265
41 0.33177
42 0.3398
43 0.3651
44 0.37001
45 0.37593
46 0.37804
47 0.38075
48 0.38721
49 0.38959
50 0.39453
51 0.40122
52 0.4033
53 0.41405
54 0.42009
55 0.43374
56 0.44043
57 0.44183
58 0.45578
59 0.46201
60 0.47568
61 0.4828
62 0.48714
63 0.49282
64 0.49425
65 0.49821
66 0.5038
67 0.51777
68 0.52283
69 0.52862
70 0.5372
71 0.54059
72 0.54422
73 0.56445
74 0.58106
75 0.59282
76 0.61781
77 0.6299
78 0.63547
79 0.63965
80 0.64554
81 0.64853
82 0.65697
83 0.65874
84 0.66582
85 0.67136
86 0.67568
87 0.68447
88 0.70308
89 0.71246
90 0.7171
91 0.73369
92 0.7433
93 0.74767
94 0.75241
95 0.75728
96 0.76473
97 0.77439
98 0.79228
99 0.81993
100 0.83941
101 0.86874
102 0.90721
103 0.91578
104 0.9207
105 0.93346
106 0.93655
107 0.94263
108 0.94748
109 0.95053
110 0.96186
111 0.97911
112 0.98249
113 0.99452
114 1.0006
115 1.02233
116 1.02498
117 1.05256
118 1.06693
119 1.07369
120 1.09045
121 1.09338
122 1.10694
123 1.11258
124 1.12336
125 1.12632
126 1.13061
127 1.13673
128 1.1402
129 1.14771
130 1.16069
131 1.1649
132 1.17714
133 1.18128
134 1.1883
135 1.22061
136 1.22711
137 1.23029
138 1.23434
139 1.24019
140 1.24596
141 1.25406
142 1.26079
143 1.26494
144 1.26868
145 1.28412
146 1.29786
147 1.30871
148 1.31216
149 1.31528
150 1.31843
151 1.32219
152 1.32869
153 1.3433
154 1.35137
155 1.35634
156 1.37335
157 1.37735
158 1.384
159 1.40444
160 1.40556
161 1.41695
162 1.42317
163 1.43897
164 1.4401
165 1.44319
166 1.45106
167 1.45467
168 1.46085
169 1.46955
170 1.47353
171 1.47938
172 1.50219
173 1.51099
174 1.52021
175 1.53637
176 1.54989
177 1.56132
178 1.56941
179 1.57696
180 1.57897
181 1.58395
182 1.5914
183 1.5984
184 1.60648
185 1.61443
186 1.63005
187 1.63774
188 1.64265
189 1.64396
190 1.64758
191 1.65527
192 1.67057
193 1.68169
194 1.70966
195 1.71134
196 1.73739
197 1.74571
198 1.76312
199 1.77095
200 1.79528
201 1.80139
202 1.82429
203 1.84238
204 1.85624
205 1.86484
206 1.86839
207 1.87355
208 1.87656
209 1.88193
210 1.88712
211 1.89082
212 1.9067
213 1.9111
214 1.92637
215 1.93271
216 1.95287
217 1.96482
218 1.97582
219 1.98685
220 1.98987
221 2.00415
222 2.02485
223 2.04252
224 2.05291
225 2.05662
226 2.07119
227 2.0779
228 2.08441
229 2.08605
230 2.10099
231 2.1068
232 2.11345
233 2.11936
234 2.12501
235 2.13263
236 2.1523
237 2.1547
238 2.16231
239 2.17198
240 2.17587
241 2.18307
242 2.18891
243 2.19309
244 2.19743
245 2.20818
246 2.2369
247 2.23949
248 2.24465
249 2.25366
250 2.26252
251 2.26889
252 2.2702
253 2.27355
254 2.28079
255 2.28315
256 2.29898
257 2.32117
258 2.32648
259 2.33654
260 2.34877
261 2.3545
262 2.36464
263 2.36902
264 2.37203
265 2.38217
266 2.38743
267 2.39104
268 2.40931
269 2.4175
270 2.42114
271 2.42863
272 2.4373
273 2.44067
274 2.4435
275 2.44446
276 2.45204
277 2.46912
278 2.47593
279 2.48378
280 2.50031
281 2.50484
282 2.50691
283 2.51301
284 2.52411
285 2.52942
286 2.53059
287 2.53688
288 2.54151
289 2.55232
290 2.55884
291 2.57605
292 2.57921
293 2.58237
294 2.59311
295 2.62623
296 2.65376
297 2.66484
298 2.67409
299 2.67848
300 2.68029
301 2.68153
302 2.70227
303 2.71455
304 2.73089
305 2.74025
306 2.75217
307 2.76605
308 2.77037
309 2.77217
310 2.78074
311 2.78309
312 2.78818
313 2.78934
314 2.80253
315 2.82685
316 2.84
317 2.84985
318 2.86876
319 2.87695
320 2.87934
321 2.89602
322 2.89884
323 2.90593
324 2.91022
325 2.91773
326 2.9434
327 2.94635
328 2.95566
329 2.95831
330 2.96445
331 2.96961
332 2.97314
333 2.97707
334 2.98652
335 2.99226
336 2.99945
