1 0.00726
2 0.00861
3 0.01757
4 0.02075
5 0.02392
6 0.03345
7 0.04036
8 0.05156
9 0.05986
10 0.07017
11 0.08695
12 0.09171
13 0.09713
14 0.10094
15 0.10878
16 0.11107
17 0.11504
18 0.13315
19 0.15257
20 0.15671
21 0.16419
22 0.17245
23 0.17716
24 0.18954
25 0.20635
26 0.21259
27 0.22199
28 0.23048
29 0.23784
30 0.25208
31 0.25778
32 0.26297
33 0.28421
34 0.28912
35 0.29598
36 0.30038
37 0.33437
38 0.34048
39 0.34677
40 0.35472
41 0.35726
42 0.38065
43 0.40025
44 0.40523
45 0.41178
46 0.41745
47 0.42167
48 0.42914
49 0.43186
50 0.4596
51 0.46303
52 0.46561
53 0.46942
54 0.47234
55 0.48334
56 0.49552
57 0.50338
58 0.50673
59 0.51534
60 0.53287
61 0.53717
62 0.54122
63 0.54399
64 0.55801
65 0.57284
66 0.57969
67 0.58131
68 0.58523
69 0.59663
70 0.59807
71 0.60173
72 0.61642
73 0.62121
74 0.62968
75 0.63638
76 0.65434
77 0.66203
78 0.66439
79 0.66891
80 0.67077
81 0.67682
82 0.6858
83 0.70151
84 0.70297
85 0.71112
86 0.71763
87 0.72265
88 0.73159
89 0.73986
90 0.74288
91 0.74828
92 0.75692
93 0.76803
94 0.805
95 0.81176
96 0.83385
97 0.84
98 0.85734
99 0.85877
100 0.87703
101 0.88873
102 0.89793
103 0.90471
104 0.91638
105 0.92159
106 0.93121
107 0.93504
108 0.93906
109 0.94231
110 0.95366
111 0.96951
112 0.97286
113 0.977
114 0.98007
115 0.99785
116 1.00328
117 1.01871
118 1.02376
119 1.0316
120 1.04935
121 1.0694
122 1.08476
123 1.0935
124 1.10113
125 1.10718
126 1.14312
127 1.1597
128 1.1641
129 1.1696
130 1.17763
131 1.18131
132 1.18253
133 1.20761
134 1.21641
135 1.22431
136 1.23186
137 1.24235
138 1.26301
139 1.2749
140 1.27708
141 1.29141
142 1.3151
143 1.32012
144 1.32535
145 1.33275
146 1.34742
147 1.3528
148 1.3549
149 1.36054
150 1.38213
151 1.40148
152 1.40996
153 1.41138
154 1.44132
155 1.46161
156 1.46305
157 1.46692
158 1.47067
159 1.47524
160 1.47962
161 1.50476
162 1.51183
163 1.51979
164 1.56545
165 1.58115
166 1.60772
167 1.61722
168 1.61948
169 1.63522
170 1.63921
171 1.6531
172 1.66648
173 1.71097
174 1.71777
175 1.73683
176 1.7515
177 1.77265
178 1.78572
179 1.82987
180 1.83863
181 1.86409
182 1.86603
183 1.87298
184 1.88375
185 1.89791
186 1.90509
187 1.90738
188 1.91774
189 1.93875
190 1.95337
191 1.96495
192 1.96779
193 1.9853
194 2.00711
195 2.00991
196 2.0159
197 2.04971
198 2.05371
199 2.06514
200 2.0693
201 2.07091
202 2.09096
203 2.11113
204 2.11429
205 2.14055
206 2.1482
207 2.15338
208 2.16016
209 2.16553
210 2.1716
211 2.17325
212 2.17702
213 2.18085
214 2.19333
215 2.20907
216 2.21588
217 2.22096
218 2.22973
219 2.24297
220 2.25489
221 2.26426
222 2.27131
223 2.2752
224 2.30655
225 2.30929
226 2.32285
227 2.3317
228 2.34234
229 2.34528
230 2.39029
231 2.40374
232 2.40594
233 2.43324
234 2.43604
235 2.44183
236 2.45967
237 2.46252
238 2.46832
239 2.47688
240 2.49396
241 2.50896
242 2.51588
243 2.52797
244 2.53969
245 2.54817
246 2.55767
247 2.5657
248 2.57852
249 2.58442
250 2.58732
251 2.59467
252 2.59885
253 2.61552
254 2.62316
255 2.6252
256 2.62932
257 2.65058
258 2.6518
259 2.65288
260 2.65994
261 2.67703
262 2.68313
263 2.68629
264 2.6902
265 2.70541
266 2.71344
267 2.71746
268 2.72763
269 2.72987
270 2.73623
271 2.758
272 2.76091
273 2.77932
274 2.82734
275 2.83522
276 2.85084
277 2.85542
278 2.85933
279 2.86666
280 2.88971
281 2.8936
282 2.89814
283 2.90097
284 2.91607
285 2.92845
286 2.94119
287 2.946
288 2.95403
289 2.96256
290 2.97609
291 2.97902
292 2.99503
