1 0.01055
2 0.01338
3 0.02062
4 0.02614
5 0.02878
6 0.0359
7 0.06494
8 0.06778
9 0.07467
10 0.07627
11 0.0961
12 0.10037
13 0.1021
14 0.10495
15 0.12787
16 0.13097
17 0.14385
18 0.14947
19 0.15314
20 0.17114
21 0.18373
22 0.19379
23 0.20676
24 0.20974
25 0.21622
26 0.22683
27 0.23455
28 0.23652
29 0.24584
30 0.25748
31 0.26555
32 0.27661
33 0.28747
34 0.31164
35 0.32624
36 0.33098
37 0.34486
38 0.3573
39 0.37535
40 0.38199
41 0.38901
42 0.39359
43 0.39498
44 0.39756
45 0.4034
46 0.41458
47 0.41898
48 0.43444
49 0.4436
50 0.44736
51 0.4547
52 0.45965
53 0.4638
54 0.47568
55 0.48276
56 0.48966
57 0.50225
58 0.52275
59 0.53206
60 0.53937
61 0.55057
62 0.5718
63 0.59312
64 0.60459
65 0.60889
66 0.61459
67 0.61709
68 0.62409
69 0.64126
70 0.6442
71 0.64977
72 0.65667
73 0.68312
74 0.69671
75 0.70802
76 0.72827
77 0.73321
78 0.74431
79 0.75589
80 0.78104
81 0.80065
82 0.81643
83 0.82401
84 0.84397
85 0.85072
86 0.87477
87 0.87853
88 0.88104
89 0.8938
90 0.89558
91 0.90185
92 0.91615
93 0.91849
94 0.92048
95 0.93993
96 0.95544
97 0.9608
98 0.96613
99 0.98408
100 0.99901
101 1.01887
102 1.0288
103 1.03871
104 1.05385
105 1.06033
106 1.06507
107 1.08371
108 1.09074
109 1.1006
110 1.10607
111 1.10761
112 1.11198
113 1.13425
114 1.13959
115 1.15011
116 1.17191
117 1.1871
118 1.19484
119 1.20118
120 1.21145
121 1.2247
122 1.23603
123 1.23706
124 1.24024
125 1.24803
126 1.25106
127 1.26151
128 1.27018
129 1.28144
130 1.28346
131 1.30342
132 1.31658
133 1.32057
134 1.33078
135 1.33367
136 1.34485
137 1.34736
138 1.36783
139 1.36991
140 1.39196
141 1.39365
142 1.3982
143 1.40826
144 1.41235
145 1.44279
146 1.44419
147 1.44904
148 1.46134
149 1.46748
150 1.49478
151 1.49897
152 1.51131
153 1.51448
154 1.52508
155 1.53411
156 1.53531
157 1.55602
158 1.5589
159 1.56218
160 1.5647
161 1.57851
162 1.58874
163 1.59107
164 1.59775
165 1.62275
166 1.62524
167 1.64057
168 1.65318
169 1.65636
170 1.66705
171 1.67814
172 1.69208
173 1.69505
174 1.70543
175 1.70851
176 1.73795
177 1.74309
178 1.75968
179 1.76458
180 1.76786
181 1.77102
182 1.77719
183 1.78067
184 1.78657
185 1.79582
186 1.83127
187 1.83413
188 1.84713
189 1.852
190 1.86745
191 1.87691
192 1.88902
193 1.89094
194 1.90259
195 1.91449
196 1.9228
197 1.92392
198 1.95225
199 1.96535
200 1.9827
201 1.99426
202 2.00363
203 2.0389
204 2.04977
205 2.05795
206 2.06054
207 2.06347
208 2.07577
209 2.08042
210 2.10422
211 2.11513
212 2.1254
213 2.13127
214 2.13291
215 2.14764
216 2.17098
217 2.17594
218 2.1896
219 2.19892
220 2.20491
221 2.20789
222 2.22742
223 2.23071
224 2.23365
225 2.24096
226 2.24461
227 2.25002
228 2.25617
229 2.27292
230 2.28282
231 2.29698
232 2.302
233 2.32212
234 2.32573
235 2.33713
236 2.34235
237 2.35083
238 2.36803
239 2.37526
240 2.39017
241 2.3922
242 2.39766
243 2.39902
244 2.41227
245 2.41512
246 2.44201
247 2.44962
248 2.45721
249 2.4599
250 2.46398
251 2.48445
252 2.48779
253 2.51158
254 2.51392
255 2.52328
256 2.53942
257 2.54991
258 2.55897
259 2.57967
260 2.58561
261 2.61678
262 2.62206
263 2.62759
264 2.64365
265 2.64595
266 2.67318
267 2.67705
268 2.69594
269 2.71407
270 2.71752
271 2.72034
272 2.73577
273 2.74197
274 2.74653
275 2.7474
276 2.76381
277 2.77496
278 2.78654
279 2.80176
280 2.83848
281 2.84892
282 2.85352
283 2.86957
284 2.88878
285 2.89136
286 2.89678
287 2.90076
288 2.91181
289 2.93251
290 2.9428
291 2.94657
292 2.96119
293 2.97525
294 2.99991
