1 0.0061
2 0.01495
3 0.01932
4 0.02125
5 0.02699
6 0.02854
7 0.03577
8 0.04
9 0.04379
10 0.0512
11 0.07556
12 0.09224
13 0.10827
14 0.11455
15 0.11739
16 0.13446
17 0.14204
18 0.15435
19 0.15792
20 0.16486
21 0.17656
22 0.17995
23 0.19048
24 0.19193
25 0.20304
26 0.21361
27 0.21837
28 0.22766
29 0.23699
30 0.24443
31 0.24665
32 0.24881
33 0.25736
34 0.2597
35 0.26723
36 0.28424
37 0.28998
38 0.29197
39 0.29597
40 0.31769
41 0.32246
42 0.32768
43 0.33252
44 0.34305
45 0.3461
46 0.35549
47 0.36419
48 0.37234
49 0.38412
50 0.4017
51 0.40447
52 0.40875
53 0.42252
54 0.43289
55 0.44128
56 0.45228
57 0.46695
58 0.47561
59 0.47877
60 0.48161
61 0.48447
62 0.49128
63 0.49929
64 0.502
65 0.51404
66 0.53054
67 0.54036
68 0.54674
69 0.55905
70 0.5707
71 0.57295
72 0.59582
73 0.60913
74 0.61243
75 0.61329
76 0.62028
77 0.62415
78 0.62762
79 0.64049
80 0.65079
81 0.65443
82 0.66349
83 0.66969
84 0.69529
85 0.70933
86 0.71659
87 0.72645
88 0.73397
89 0.73677
90 0.74917
91 0.75253
92 0.75468
93 0.76705
94 0.77681
95 0.79839
96 0.80007
97 0.80234
98 0.81095
99 0.81675
100 0.82402
101 0.83122
102 0.83733
103 0.84603
104 0.85126
105 0.87789
106 0.87966
107 0.88696
108 0.89871
109 0.91253
110 0.92437
111 0.93275
112 0.93607
113 0.94174
114 0.94598
115 0.97497
116 0.98101
117 0.99368
118 0.99632
119 1.00539
120 1.0191
121 1.03003
122 1.0415
123 1.05006
124 1.06104
125 1.0667
126 1.06952
127 1.07521
128 1.08528
129 1.08728
130 1.10446
131 1.11815
132 1.13844
133 1.14633
134 1.14926
135 1.15979
136 1.17102
137 1.17339
138 1.17582
139 1.19235
140 1.19654
141 1.20534
142 1.21121
143 1.21486
144 1.221
145 1.22396
146 1.23799
147 1.25551
148 1.26571
149 1.27829
150 1.28624
151 1.29535
152 1.29709
153 1.30633
154 1.31666
155 1.32128
156 1.33509
157 1.3431
158 1.36075
159 1.37424
160 1.38399
161 1.39029
162 1.3954
163 1.4014
164 1.40948
165 1.42283
166 1.43621
167 1.43741
168 1.44184
169 1.44517
170 1.46468
171 1.46736
172 1.47681
173 1.48508
174 1.48927
175 1.49779
176 1.50123
177 1.50732
178 1.52385
179 1.52526
180 1.54864
181 1.56375
182 1.57377
183 1.57693
184 1.59311
185 1.59571
186 1.61529
187 1.62206
188 1.6418
189 1.65312
190 1.67137
191 1.67494
192 1.6882
193 1.70106
194 1.70395
195 1.70828
196 1.72708
197 1.73528
198 1.7387
199 1.74448
200 1.74659
201 1.75625
202 1.75825
203 1.76437
204 1.77596
205 1.78173
206 1.79009
207 1.80316
208 1.81232
209 1.82877
210 1.83437
211 1.8409
212 1.84626
213 1.8489
214 1.86723
215 1.90685
216 1.91777
217 1.92151
218 1.92871
219 1.94492
220 1.94743
221 1.95559
222 1.96031
223 1.9679
224 1.97737
225 1.98157
226 1.98962
227 1.99413
228 2.01237
229 2.01566
230 2.02766
231 2.03117
232 2.03358
233 2.04555
234 2.06408
235 2.06835
236 2.07304
237 2.07999
238 2.08186
239 2.09522
240 2.10118
241 2.11041
242 2.11524
243 2.11816
244 2.12369
245 2.12891
246 2.1339
247 2.14247
248 2.14418
249 2.14888
250 2.153
251 2.15672
252 2.15828
253 2.17141
254 2.18155
255 2.18456
256 2.19385
257 2.20204
258 2.20807
259 2.22144
260 2.23841
261 2.24505
262 2.26267
263 2.27675
264 2.2912
265 2.29289
266 2.29559
267 2.30207
268 2.30456
269 2.30792
270 2.31971
271 2.34051
272 2.34334
273 2.3683
274 2.37005
275 2.38132
276 2.39902
277 2.40543
278 2.41141
279 2.41964
280 2.42232
281 2.44177
282 2.45508
283 2.47277
284 2.48699
285 2.49491
286 2.49803
287 2.51016
288 2.51232
289 2.52207
290 2.53929
291 2.54343
292 2.55113
293 2.55736
294 2.56332
295 2.56955
296 2.57185
297 2.58226
298 2.59192
299 2.60074
300 2.60609
301 2.61678
302 2.62118
303 2.62946
304 2.64041
305 2.65087
306 2.65709
307 2.67279
308 2.67774
309 2.69184
310 2.6958
311 2.69923
312 2.73327
313 2.76348
314 2.7814
315 2.78792
316 2.79155
317 2.8081
318 2.81106
319 2.81762
320 2.82121
321 2.82359
322 2.8333
323 2.84509
324 2.85057
325 2.86319
326 2.8701
327 2.89221
328 2.90675
329 2.92542
330 2.93762
331 2.94996
332 2.96286
333 2.97929
