1 0.00202
2 0.00468
3 0.01154
4 0.02232
5 0.02485
6 0.02905
7 0.0406
8 0.06378
9 0.0653
10 0.07419
11 0.0785
12 0.08968
13 0.09228
14 0.10093
15 0.10414
16 0.11163
17 0.11725
18 0.12122
19 0.12913
20 0.14301
21 0.14819
22 0.15742
23 0.16503
24 0.16861
25 0.17659
26 0.17844
27 0.17954
28 0.18797
29 0.19074
30 0.19318
31 0.20441
32 0.21099
33 0.21575
34 0.22093
35 0.22752
36 0.23329
37 0.23612
38 0.23982
39 0.24379
40 0.25311
41 0.25487
42 0.26185
43 0.26374
44 0.28496
45 0.29573
46 0.31538
47 0.31934
48 0.33264
49 0.33874
50 0.33991
51 0.34937
52 0.3554
53 0.35707
54 0.36081
55 0.36283
56 0.3697
57 0.37212
58 0.38338
59 0.38827
60 0.39021
61 0.39453
62 0.41106
63 0.42268
64 0.42966
65 0.4382
66 0.4488
67 0.45512
68 0.45918
69 0.4772
70 0.47916
71 0.48471
72 0.48957
73 0.49384
74 0.50137
75 0.50901
76 0.5107
77 0.53517
78 0.55811
79 0.56564
80 0.5825
81 0.58723
82 0.59238
83 0.60633
84 0.60875
85 0.62159
86 0.62997
87 0.63975
88 0.64645
89 0.65433
90 0.65939
91 0.66415
92 0.66988
93 0.68683
94 0.69637
95 0.7008
96 0.70262
97 0.7046
98 0.70654
99 0.72892
100 0.73176
101 0.73773
102 0.74261
103 0.75068
104 0.75362
105 0.75917
106 0.79313
107 0.7961
108 0.80562
109 0.81086
110 0.8203
111 0.82911
112 0.83525
113 0.83889
114 0.85072
115 0.85469
116 0.85612
117 0.85786
118 0.86674
119 0.87134
120 0.87396
121 0.87795
122 0.88312
123 0.88786
124 0.89651
125 0.89782
126 0.90174
127 0.91604
128 0.92203
129 0.92931
130 0.93407
131 0.93606
132 0.94872
133 0.95307
134 0.95949
135 0.96964
136 0.98463
137 0.99078
138 0.99495
139 0.99911
140 1.01136
141 1.01581
142 1.06458
143 1.08485
144 1.09474
145 1.11035
146 1.11973
147 1.12291
148 1.14493
149 1.16642
150 1.17072
151 1.17789
152 1.18557
153 1.1886
154 1.19352
155 1.20122
156 1.21218
157 1.22134
158 1.23253
159 1.23703
160 1.23876
161 1.24393
162 1.2468
163 1.24925
164 1.26818
165 1.27469
166 1.30348
167 1.3065
168 1.31658
169 1.3249
170 1.33657
171 1.33928
172 1.34175
173 1.35107
174 1.35705
175 1.3612
176 1.36414
177 1.37258
178 1.37428
179 1.38265
180 1.39074
181 1.39257
182 1.40322
183 1.41431
184 1.41988
185 1.42304
186 1.42472
187 1.43382
188 1.44096
189 1.44571
190 1.45205
191 1.45676
192 1.46053
193 1.47047
194 1.47719
195 1.48512
196 1.49225
197 1.49659
198 1.49961
199 1.5099
200 1.52418
201 1.52975
202 1.53504
203 1.54344
204 1.55874
205 1.56655
206 1.5691
207 1.58117
208 1.58283
209 1.58409
210 1.60499
211 1.607
212 1.61487
213 1.61629
214 1.61996
215 1.62391
216 1.6286
217 1.63293
218 1.6394
219 1.64259
220 1.65066
221 1.65752
222 1.66434
223 1.67188
224 1.68945
225 1.69157
226 1.6937
227 1.70165
228 1.70719
229 1.7334
230 1.74694
231 1.75147
232 1.75988
233 1.77252
234 1.77591
235 1.78767
236 1.79181
237 1.79855
238 1.81451
239 1.84175
240 1.85936
241 1.87689
242 1.8789
243 1.88647
244 1.89332
245 1.8966
246 1.90665
247 1.91415
248 1.91784
249 1.92767
250 1.94253
251 1.94923
252 1.97896
253 1.98659
254 1.99371
255 2.00474
256 2.01083
257 2.01807
258 2.0213
259 2.03946
260 2.04759
261 2.06621
262 2.08671
263 2.10303
264 2.10745
265 2.11134
266 2.11562
267 2.12264
268 2.12967
269 2.1328
270 2.13867
271 2.15013
272 2.15628
273 2.16646
274 2.16793
275 2.17001
276 2.18713
277 2.19315
278 2.19921
279 2.20387
280 2.20829
281 2.22641
282 2.2317
283 2.23637
284 2.24267
285 2.24567
286 2.25061
287 2.26551
288 2.27083
289 2.2846
290 2.2937
291 2.31213
292 2.32022
293 2.3367
294 2.35037
295 2.35729
296 2.37064
297 2.37337
298 2.37689
299 2.39461
300 2.39724
301 2.40907
302 2.42177
303 2.4272
304 2.43917
305 2.44414
306 2.44733
307 2.4577
308 2.47057
309 2.4786
310 2.48276
311 2.48876
312 2.49341
313 2.49632
314 2.51185
315 2.52153
316 2.54052
317 2.54237
318 2.55801
319 2.55908
320 2.56675
321 2.5848
322 2.59418
323 2.60295
324 2.6128
325 2.62035
326 2.6259
327 2.62804
328 2.63714
329 2.64139
330 2.64581
331 2.64801
332 2.67145
333 2.67381
334 2.67751
335 2.68407
336 2.68785
337 2.69389
338 2.70465
339 2.70681
340 2.72065
341 2.7321
342 2.73471
343 2.73712
344 2.74119
345 2.74347
346 2.75265
347 2.76619
348 2.76943
349 2.77643
350 2.78927
351 2.79401
352 2.81322
353 2.81482
354 2.82121
355 2.83091
356 2.83895
357 2.84284
358 2.84702
359 2.85055
360 2.85589
361 2.86394
362 2.8704
363 2.87669
364 2.88178
365 2.88568
366 2.90597
367 2.90867
368 2.91551
369 2.9193
370 2.92672
371 2.93373
372 2.94224
373 2.9586
374 2.96677
375 2.97881
376 2.98322
377 2.98916
378 2.99154
