1 0.00312
2 0.00459
3 0.00917
4 0.01619
5 0.02014
6 0.02337
7 0.03256
8 0.03512
9 0.04338
10 0.04922
11 0.05858
12 0.0683
13 0.07007
14 0.0717
15 0.0757
16 0.07962
17 0.08239
18 0.09317
19 0.10686
20 0.11731
21 0.12169
22 0.12917
23 0.1329
24 0.14391
25 0.14903
26 0.15961
27 0.16337
28 0.16947
29 0.17158
30 0.17744
31 0.18052
32 0.20471
33 0.21638
34 0.22452
35 0.23243
36 0.24446
37 0.24698
38 0.25314
39 0.25518
40 0.26353
41 0.26885
42 0.27306
43 0.28047
44 0.28416
45 0.2897
46 0.29186
47 0.29833
48 0.30497
49 0.30768
50 0.32136
51 0.32542
52 0.33064
53 0.34269
54 0.3625
55 0.36752
56 0.38079
57 0.38544
58 0.38933
59 0.39265
60 0.39905
61 0.40365
62 0.40461
63 0.40874
64 0.42262
65 0.42678
66 0.42958
67 0.4379
68 0.44638
69 0.45365
70 0.45979
71 0.46619
72 0.46762
73 0.47121
74 0.47798
75 0.4876
76 0.49589
77 0.50161
78 0.50804
79 0.51152
80 0.52072
81 0.5291
82 0.53272
83 0.53522
84 0.53753
85 0.5411
86 0.55281
87 0.55615
88 0.56873
89 0.57278
90 0.575
91 0.57953
92 0.58737
93 0.60541
94 0.61124
95 0.61816
96 0.62637
97 0.62817
98 0.6368
99 0.63781
100 0.64644
101 0.66979
102 0.67283
103 0.67828
104 0.68411
105 0.68662
106 0.70043
107 0.70173
108 0.70949
109 0.71932
110 0.72587
111 0.73759
112 0.74951
113 0.75583
114 0.76968
115 0.77485
116 0.77863
117 0.78488
118 0.78821
119 0.79233
120 0.79691
121 0.8047
122 0.8236
123 0.83185
124 0.83844
125 0.85302
126 0.86478
127 0.87095
128 0.87778
129 0.88958
130 0.8975
131 0.8997
132 0.90632
133 0.9222
134 0.92379
135 0.92824
136 0.94806
137 0.9509
138 0.96703
139 0.97125
140 0.97605
141 0.98915
142 0.99379
143 0.99486
144 0.9984
145 1.00092
146 1.00341
147 1.01166
148 1.01651
149 1.01943
150 1.02227
151 1.02592
152 1.03206
153 1.04338
154 1.04837
155 1.05336
156 1.05772
157 1.06562
158 1.07316
159 1.0825
160 1.08982
161 1.10411
162 1.10702
163 1.11601
164 1.12725
165 1.13501
166 1.1406
167 1.14182
168 1.15355
169 1.17109
170 1.17365
171 1.17815
172 1.18187
173 1.19784
174 1.21657
175 1.21858
176 1.22021
177 1.22149
178 1.22425
179 1.23119
180 1.23646
181 1.25192
182 1.25621
183 1.25977
184 1.2629
185 1.2725
186 1.27489
187 1.27853
188 1.28344
189 1.28972
190 1.29264
191 1.29721
192 1.29942
193 1.30095
194 1.30619
195 1.30947
196 1.31717
197 1.32758
198 1.33023
199 1.3555
200 1.36026
201 1.37303
202 1.39163
203 1.40286
204 1.4282
205 1.43735
206 1.44703
207 1.45606
208 1.45714
209 1.46488
210 1.47278
211 1.4748
212 1.48399
213 1.5005
214 1.50238
215 1.50922
216 1.52156
217 1.52908
218 1.53269
219 1.54449
220 1.54723
221 1.55999
222 1.56333
223 1.57461
224 1.5769
225 1.57855
226 1.60965
227 1.61625
228 1.62157
229 1.63403
230 1.63751
231 1.63929
232 1.65284
233 1.67102
234 1.6749
235 1.68673
236 1.6978
237 1.71833
238 1.72097
239 1.72502
240 1.73917
241 1.7484
242 1.7666
243 1.76984
244 1.77622
245 1.78504
246 1.79331
247 1.80047
248 1.80415
249 1.81142
250 1.8199
251 1.82557
252 1.8317
253 1.83781
254 1.86039
255 1.86548
256 1.86952
257 1.87485
258 1.88702
259 1.89751
260 1.9028
261 1.90538
262 1.90721
263 1.92136
264 1.92432
265 1.92586
266 1.93085
267 1.93634
268 1.94652
269 1.94889
270 1.95198
271 1.95353
272 1.95887
273 1.97235
274 1.97453
275 1.97579
276 1.97938
277 1.99497
278 1.99743
279 2.01393
280 2.0245
281 2.02622
282 2.0279
283 2.03086
284 2.03547
285 2.04128
286 2.04222
287 2.04901
288 2.06149
289 2.07315
290 2.07803
291 2.08263
292 2.08726
293 2.09191
294 2.11319
295 2.11493
296 2.12269
297 2.12926
298 2.13245
299 2.13878
300 2.14902
301 2.15586
302 2.1584
303 2.16962
304 2.18006
305 2.18378
306 2.18683
307 2.20134
308 2.21418
309 2.21959
310 2.24091
311 2.24752
312 2.25089
313 2.25704
314 2.26524
315 2.28456
316 2.28816
317 2.29381
318 2.30218
319 2.33446
320 2.35794
321 2.36185
322 2.36884
323 2.37084
324 2.37926
325 2.38875
326 2.39214
327 2.39487
328 2.40877
329 2.42058
330 2.42328
331 2.42529
332 2.43539
333 2.4376
334 2.44874
335 2.47079
336 2.47635
337 2.49284
338 2.50119
339 2.50307
340 2.5063
341 2.50893
342 2.51565
343 2.51926
344 2.53534
345 2.5412
346 2.54576
347 2.55315
348 2.5662
349 2.57433
350 2.58818
351 2.60322
352 2.61248
353 2.61429
354 2.62643
355 2.62837
356 2.6364
357 2.63918
358 2.64131
359 2.64835
360 2.64998
361 2.67493
362 2.67907
363 2.68277
364 2.70419
365 2.70582
366 2.72231
367 2.73143
368 2.7444
369 2.7483
370 2.75267
371 2.75886
372 2.76894
373 2.78271
374 2.78585
375 2.78724
376 2.79636
377 2.80388
378 2.80496
379 2.81334
380 2.82535
381 2.83289
382 2.835
383 2.84038
384 2.85937
385 2.86278
386 2.87258
387 2.87794
388 2.88301
389 2.88601
390 2.89076
391 2.89602
392 2.92269
393 2.92526
394 2.93155
395 2.95115
396 2.9578
397 2.96854
398 2.97043
399 2.97688
400 2.98005
401 2.98928
402 2.99769
403 2.99892
