1 0.00454
2 0.01472
3 0.02822
4 0.03623
5 0.03977
6 0.05749
7 0.06734
8 0.08377
9 0.10594
10 0.11172
11 0.12015
12 0.13186
13 0.13458
14 0.14066
15 0.16272
16 0.16959
17 0.17496
18 0.19359
19 0.20406
20 0.21911
21 0.22353
22 0.22654
23 0.23091
24 0.23528
25 0.25177
26 0.25373
27 0.27068
28 0.27501
29 0.28693
30 0.29203
31 0.29689
32 0.31429
33 0.33897
34 0.34723
35 0.35208
36 0.35732
37 0.36423
38 0.37589
39 0.37819
40 0.38078
41 0.39628
42 0.39883
43 0.40271
44 0.40442
45 0.41966
46 0.42977
47 0.43159
48 0.43408
49 0.43632
50 0.43998
51 0.45376
52 0.45741
53 0.46295
54 0.47011
55 0.48261
56 0.48606
57 0.48902
58 0.49277
59 0.49535
60 0.50164
61 0.51709
62 0.5273
63 0.54054
64 0.57302
65 0.58042
66 0.58559
67 0.59047
68 0.59453
69 0.60366
70 0.61119
71 0.61456
72 0.61692
73 0.61927
74 0.62148
75 0.62904
76 0.63263
77 0.63968
78 0.65818
79 0.66556
80 0.67154
81 0.6845
82 0.69272
83 0.69795
84 0.7015
85 0.71291
86 0.71976
87 0.73223
88 0.75003
89 0.76262
90 0.76397
91 0.77412
92 0.77697
93 0.80223
94 0.83345
95 0.8368
96 0.84416
97 0.85444
98 0.86045
99 0.86731
100 0.87179
101 0.87588
102 0.87766
103 0.88946
104 0.89332
105 0.90551
106 0.9179
107 0.93049
108 0.93861
109 0.95145
110 0.971
111 0.97898
112 0.98217
113 0.98489
114 0.99878
115 1.01164
116 1.01751
117 1.02747
118 1.03798
119 1.04588
120 1.04757
121 1.06366
122 1.06563
123 1.08165
124 1.10563
125 1.1105
126 1.11392
127 1.11601
128 1.1228
129 1.12761
130 1.12852
131 1.13995
132 1.14244
133 1.14845
134 1.16705
135 1.18612
136 1.20583
137 1.21335
138 1.23016
139 1.24607
140 1.26757
141 1.27186
142 1.2877
143 1.30969
144 1.32416
145 1.34011
146 1.35212
147 1.35532
148 1.35765
149 1.37275
150 1.37854
151 1.38276
152 1.39971
153 1.40165
154 1.40468
155 1.41679
156 1.41852
157 1.42002
158 1.4222
159 1.44327
160 1.45286
161 1.45933
162 1.47344
163 1.48339
164 1.49241
165 1.49739
166 1.51431
167 1.52075
168 1.54094
169 1.54874
170 1.56595
171 1.56974
172 1.57433
173 1.5847
174 1.58586
175 1.59474
176 1.6154
177 1.61818
178 1.6218
179 1.62445
180 1.64774
181 1.64867
182 1.65403
183 1.67391
184 1.67789
185 1.68253
186 1.68547
187 1.69087
188 1.69313
189 1.73162
190 1.73499
191 1.73852
192 1.74772
193 1.75235
194 1.76719
195 1.78985
196 1.80129
197 1.81224
198 1.82576
199 1.83945
200 1.85212
201 1.85696
202 1.86122
203 1.86838
204 1.87728
205 1.88185
206 1.89939
207 1.90524
208 1.90936
209 1.92813
210 1.93456
211 1.95533
212 1.96086
213 1.98226
214 1.98361
215 1.98661
216 1.99119
217 1.99687
218 2.00258
219 2.0101
220 2.01447
221 2.0237
222 2.03937
223 2.06163
224 2.06262
225 2.07465
226 2.09369
227 2.1055
228 2.11268
229 2.11817
230 2.11939
231 2.12773
232 2.13548
233 2.14668
234 2.14899
235 2.16526
236 2.16787
237 2.17051
238 2.17425
239 2.19134
240 2.19668
241 2.22246
242 2.23648
243 2.24003
244 2.27214
245 2.29322
246 2.298
247 2.32443
248 2.33154
249 2.33575
250 2.35331
251 2.36189
252 2.36532
253 2.37646
254 2.38297
255 2.38471
256 2.38741
257 2.39432
258 2.40352
259 2.41849
260 2.43872
261 2.44579
262 2.45207
263 2.45917
264 2.46197
265 2.46358
266 2.47844
267 2.47987
268 2.4888
269 2.49579
270 2.4971
271 2.51142
272 2.52025
273 2.52849
274 2.5619
275 2.58264
276 2.59676
277 2.6055
278 2.60959
279 2.62644
280 2.62957
281 2.68055
282 2.68584
283 2.68961
284 2.69321
285 2.7001
286 2.70531
287 2.71064
288 2.72039
289 2.7279
290 2.73947
291 2.74137
292 2.74525
293 2.75193
294 2.76571
295 2.77689
296 2.77938
297 2.7857
298 2.8009
299 2.80713
300 2.81433
301 2.82267
302 2.82553
303 2.83644
304 2.84684
305 2.85929
306 2.86088
307 2.86217
308 2.87544
309 2.87705
310 2.88964
311 2.89846
312 2.90092
313 2.92814
314 2.94302
315 2.95362
316 2.95803
317 2.96258
318 2.97772
319 2.98014
320 2.98675
