1 0.00407
2 0.0114
3 0.02374
4 0.03755
5 0.04144
6 0.04844
7 0.05165
8 0.0652
9 0.0674
10 0.06948
11 0.08017
12 0.08554
13 0.09047
14 0.09261
15 0.10281
16 0.11101
17 0.11415
18 0.12014
19 0.12424
20 0.13111
21 0.1564
22 0.16015
23 0.16523
24 0.17162
25 0.17871
26 0.18293
27 0.20128
28 0.21354
29 0.21487
30 0.22106
31 0.22462
32 0.22753
33 0.24315
34 0.25489
35 0.26989
36 0.27694
37 0.28988
38 0.29925
39 0.32108
40 0.32836
41 0.33823
42 0.34032
43 0.35335
44 0.35596
45 0.36133
46 0.36589
47 0.37469
48 0.37747
49 0.38572
50 0.39147
51 0.40068
52 0.407
53 0.41041
54 0.41557
55 0.41884
56 0.42243
57 0.4338
58 0.4375
59 0.45014
60 0.46984
61 0.48067
62 0.49251
63 0.49986
64 0.50792
65 0.5146
66 0.5245
67 0.52922
68 0.53701
69 0.54655
70 0.54946
71 0.56556
72 0.57181
73 0.57372
74 0.58395
75 0.59386
76 0.6061
77 0.61064
78 0.62116
79 0.62511
80 0.63182
81 0.6553
82 0.6688
83 0.67719
84 0.68214
85 0.68568
86 0.69807
87 0.7009
88 0.71476
89 0.72027
90 0.72249
91 0.7265
92 0.72805
93 0.73648
94 0.73795
95 0.75268
96 0.75664
97 0.7609
98 0.76933
99 0.77413
100 0.79013
101 0.79512
102 0.80408
103 0.81026
104 0.81233
105 0.81355
106 0.81966
107 0.82786
108 0.8336
109 0.83592
110 0.83958
111 0.85184
112 0.86047
113 0.86214
114 0.86738
115 0.87288
116 0.87898
117 0.88367
118 0.89592
119 0.89726
120 0.90105
121 0.91132
122 0.92464
123 0.93165
124 0.93377
125 0.94906
126 0.96018
127 0.96366
128 0.97097
129 0.98321
130 1.00039
131 1.00622
132 1.01205
133 1.04584
134 1.05043
135 1.05192
136 1.06069
137 1.06863
138 1.08047
139 1.10636
140 1.11017
141 1.11671
142 1.13132
143 1.14156
144 1.15091
145 1.15768
146 1.16971
147 1.17552
148 1.17811
149 1.20502
150 1.20638
151 1.21219
152 1.2135
153 1.21635
154 1.23216
155 1.23683
156 1.23845
157 1.23984
158 1.24341
159 1.25525
160 1.26404
161 1.27013
162 1.27898
163 1.28061
164 1.28502
165 1.28821
166 1.29358
167 1.29725
168 1.31343
169 1.32133
170 1.33953
171 1.34441
172 1.34888
173 1.3509
174 1.35884
175 1.36488
176 1.37055
177 1.37258
178 1.38681
179 1.40237
180 1.4041
181 1.40559
182 1.41399
183 1.42376
184 1.42897
185 1.43233
186 1.44385
187 1.45332
188 1.45639
189 1.46556
190 1.4669
191 1.47219
192 1.47992
193 1.48309
194 1.49379
195 1.50524
196 1.50875
197 1.51697
198 1.52041
199 1.52347
200 1.53193
201 1.55764
202 1.56251
203 1.56823
204 1.57077
205 1.57571
206 1.59257
207 1.60481
208 1.6091
209 1.61117
210 1.62219
211 1.63949
212 1.65633
213 1.66922
214 1.67155
215 1.68867
216 1.69148
217 1.70665
218 1.70965
219 1.71849
220 1.72943
221 1.74103
222 1.74624
223 1.75591
224 1.76043
225 1.77355
226 1.78887
227 1.80496
228 1.80716
229 1.8159
230 1.81765
231 1.83439
232 1.83741
233 1.84606
234 1.85293
235 1.86095
236 1.87126
237 1.87887
238 1.88563
239 1.89259
240 1.9015
241 1.9066
242 1.91739
243 1.92633
244 1.9366
245 1.94574
246 1.94771
247 1.98004
248 1.98431
249 1.98755
250 1.99175
251 1.99394
252 2.00187
253 2.00899
254 2.02195
255 2.02865
256 2.0334
257 2.049
258 2.05359
259 2.05728
260 2.06275
261 2.08365
262 2.08671
263 2.11514
264 2.12143
265 2.13559
266 2.15359
267 2.16595
268 2.17723
269 2.18077
270 2.19511
271 2.20426
272 2.20661
273 2.21572
274 2.22882
275 2.24209
276 2.25318
277 2.2598
278 2.26424
279 2.26797
280 2.27422
281 2.27948
282 2.28243
283 2.29748
284 2.31024
285 2.31862
286 2.33696
287 2.3409
288 2.3624
289 2.36718
290 2.37339
291 2.38089
292 2.39493
293 2.39855
294 2.40727
295 2.4146
296 2.42155
297 2.42374
298 2.42871
299 2.44012
300 2.44645
301 2.44981
302 2.45521
303 2.46669
304 2.47511
305 2.48985
306 2.49954
307 2.50187
308 2.51338
309 2.53319
310 2.5453
311 2.5529
312 2.55765
313 2.56597
314 2.57831
315 2.58621
316 2.59771
317 2.6065
318 2.61017
319 2.61805
320 2.62353
321 2.62531
322 2.62941
323 2.64828
324 2.66056
325 2.67137
326 2.70397
327 2.71415
328 2.72857
329 2.73909
330 2.74464
331 2.74814
332 2.75452
333 2.75856
334 2.76575
335 2.77226
336 2.79097
337 2.79796
338 2.81284
339 2.82047
340 2.8414
341 2.85097
342 2.85355
343 2.85718
344 2.867
345 2.87601
346 2.88015
347 2.88921
348 2.89127
349 2.89716
350 2.90242
351 2.90617
352 2.91184
353 2.91889
354 2.92688
355 2.93121
356 2.95994
357 2.96358
358 2.98536
