1 0.00942
2 0.01399
3 0.01736
4 0.02079
5 0.02638
6 0.03169
7 0.03864
8 0.04292
9 0.04606
10 0.04986
11 0.06427
12 0.0678
13 0.07053
14 0.07755
15 0.08248
16 0.09136
17 0.09515
18 0.10334
19 0.10962
20 0.12478
21 0.14465
22 0.15345
23 0.16835
24 0.17531
25 0.17937
26 0.20303
27 0.20384
28 0.20582
29 0.20927
30 0.21781
31 0.23661
32 0.24383
33 0.24663
34 0.26068
35 0.26359
36 0.28221
37 0.28939
38 0.29368
39 0.29776
40 0.30951
41 0.31305
42 0.31914
43 0.33103
44 0.34759
45 0.35051
46 0.3552
47 0.36814
48 0.38111
49 0.38297
50 0.39335
51 0.40309
52 0.40508
53 0.4085
54 0.40975
55 0.42392
56 0.43093
57 0.44056
58 0.45039
59 0.49221
60 0.50087
61 0.51434
62 0.52767
63 0.53663
64 0.54827
65 0.56142
66 0.56695
67 0.58372
68 0.60436
69 0.61083
70 0.62215
71 0.63321
72 0.63791
73 0.64975
74 0.66284
75 0.66969
76 0.68039
77 0.68705
78 0.69422
79 0.70267
80 0.72193
81 0.7334
82 0.75
83 0.78207
84 0.79269
85 0.79648
86 0.79994
87 0.81246
88 0.82418
89 0.83283
90 0.85472
91 0.85881
92 0.86466
93 0.87194
94 0.87642
95 0.87764
96 0.88029
97 0.88609
98 0.90557
99 0.91157
100 0.91742
101 0.92524
102 0.92905
103 0.9345
104 0.93623
105 0.96737
106 0.96998
107 0.99148
108 0.99716
109 1.02355
110 1.02617
111 1.03625
112 1.04305
113 1.04681
114 1.05855
115 1.06511
116 1.07696
117 1.07889
118 1.09092
119 1.09184
120 1.10589
121 1.12866
122 1.13236
123 1.13413
124 1.14182
125 1.15283
126 1.16577
127 1.1682
128 1.17239
129 1.18341
130 1.21736
131 1.22617
132 1.2375
133 1.25351
134 1.26182
135 1.27662
136 1.27982
137 1.2886
138 1.30709
139 1.31845
140 1.32114
141 1.32568
142 1.32889
143 1.33298
144 1.33494
145 1.345
146 1.36009
147 1.37264
148 1.38257
149 1.4154
150 1.4287
151 1.43407
152 1.44041
153 1.44581
154 1.4573
155 1.48226
156 1.49305
157 1.50341
158 1.50737
159 1.52477
160 1.53264
161 1.53993
162 1.54654
163 1.55954
164 1.57679
165 1.58864
166 1.6042
167 1.60822
168 1.6106
169 1.61854
170 1.62994
171 1.63188
172 1.64242
173 1.64511
174 1.64677
175 1.65084
176 1.65495
177 1.6626
178 1.68486
179 1.68768
180 1.68986
181 1.69209
182 1.7169
183 1.72257
184 1.74054
185 1.74797
186 1.75973
187 1.77278
188 1.77782
189 1.79228
190 1.79584
191 1.81641
192 1.81741
193 1.82094
194 1.82576
195 1.83568
196 1.85281
197 1.86213
198 1.87959
199 1.88054
200 1.89476
201 1.90902
202 1.92086
203 1.93121
204 1.93901
205 1.94952
206 1.96688
207 1.97125
208 1.9757
209 1.98625
210 1.99662
211 2.00468
212 2.01483
213 2.04296
214 2.04533
215 2.05009
216 2.05671
217 2.05982
218 2.06893
219 2.07623
220 2.07927
221 2.08107
222 2.08669
223 2.08879
224 2.10724
225 2.10871
226 2.11856
227 2.13006
228 2.16725
229 2.1712
230 2.18399
231 2.18691
232 2.19865
233 2.2163
234 2.22642
235 2.25854
236 2.26384
237 2.26714
238 2.27976
239 2.28818
240 2.29271
241 2.29409
242 2.30178
243 2.32468
244 2.33516
245 2.35373
246 2.3561
247 2.35928
248 2.38407
249 2.39315
250 2.40175
251 2.4083
252 2.41123
253 2.41272
254 2.41844
255 2.43516
256 2.46898
257 2.48686
258 2.49427
259 2.50107
260 2.50602
261 2.51992
262 2.55357
263 2.55697
264 2.56571
265 2.57166
266 2.57786
267 2.60442
268 2.61721
269 2.63303
270 2.64123
271 2.66011
272 2.66528
273 2.67614
274 2.67978
275 2.68474
276 2.69969
277 2.70962
278 2.71127
279 2.71692
280 2.72578
281 2.73899
282 2.74226
283 2.76686
284 2.78692
285 2.8041
286 2.81107
287 2.82447
288 2.82964
289 2.83382
290 2.83507
291 2.84444
292 2.86589
293 2.87877
294 2.892
295 2.90205
296 2.90898
297 2.91649
298 2.93528
299 2.94259
300 2.94531
301 2.95048
302 2.96463
303 2.97067
304 2.97255
305 2.98249
306 2.99558
