1 0.00475
2 0.01693
3 0.01891
4 0.02305
5 0.03144
6 0.03454
7 0.04309
8 0.05323
9 0.05418
10 0.0687
11 0.07394
12 0.07969
13 0.08898
14 0.09815
15 0.1064
16 0.12256
17 0.12794
18 0.13766
19 0.14881
20 0.17269
21 0.18377
22 0.19178
23 0.20013
24 0.20382
25 0.22659
26 0.24213
27 0.25261
28 0.25712
29 0.27148
30 0.29148
31 0.29553
32 0.30656
33 0.3161
34 0.32087
35 0.32604
36 0.32974
37 0.35296
38 0.3577
39 0.36253
40 0.38514
41 0.38796
42 0.39125
43 0.39209
44 0.40688
45 0.41379
46 0.41981
47 0.4214
48 0.43527
49 0.44382
50 0.45806
51 0.465
52 0.47807
53 0.48536
54 0.50122
55 0.50415
56 0.51044
57 0.53087
58 0.54646
59 0.55899
60 0.56948
61 0.58963
62 0.59673
63 0.60157
64 0.60764
65 0.61254
66 0.63142
67 0.64029
68 0.64436
69 0.64666
70 0.6496
71 0.67924
72 0.69044
73 0.72
74 0.7242
75 0.73083
76 0.74422
77 0.74569
78 0.74768
79 0.75496
80 0.76405
81 0.77506
82 0.77724
83 0.78413
84 0.79076
85 0.79352
86 0.80363
87 0.80868
88 0.82725
89 0.83608
90 0.84285
91 0.85801
92 0.86247
93 0.86958
94 0.88487
95 0.89324
96 0.90256
97 0.91553
98 0.93182
99 0.94376
100 0.94577
101 0.96965
102 0.98331
103 0.9874
104 1.00892
105 1.01183
106 1.01381
107 1.02323
108 1.02468
109 1.03746
110 1.04865
111 1.06754
112 1.06917
113 1.07255
114 1.08072
115 1.08933
116 1.1069
117 1.10839
118 1.1257
119 1.13981
120 1.14389
121 1.15026
122 1.15162
123 1.16724
124 1.17495
125 1.18766
126 1.19394
127 1.19839
128 1.21213
129 1.21632
130 1.22286
131 1.22524
132 1.23637
133 1.24371
134 1.26295
135 1.26937
136 1.28029
137 1.30071
138 1.3044
139 1.31627
140 1.32837
141 1.33822
142 1.3564
143 1.38985
144 1.40039
145 1.4142
146 1.43539
147 1.44027
148 1.45656
149 1.46764
150 1.47247
151 1.48401
152 1.49006
153 1.5128
154 1.52544
155 1.53942
156 1.554
157 1.5762
158 1.58445
159 1.60126
160 1.60811
161 1.61321
162 1.61945
163 1.62428
164 1.62782
165 1.63396
166 1.63684
167 1.65011
168 1.65423
169 1.66056
170 1.67414
171 1.70038
172 1.70968
173 1.71578
174 1.71766
175 1.72227
176 1.73701
177 1.74217
178 1.75077
179 1.76523
180 1.77514
181 1.78747
182 1.80347
183 1.8092
184 1.8134
185 1.81903
186 1.82033
187 1.82246
188 1.82651
189 1.85117
190 1.85382
191 1.85765
192 1.87268
193 1.88223
194 1.89528
195 1.90354
196 1.9121
197 1.91721
198 1.93092
199 1.94766
200 1.94937
201 1.95345
202 1.95792
203 1.95969
204 1.96903
205 1.97264
206 1.98606
207 1.99107
208 2.00181
209 2.0074
210 2.02397
211 2.03675
212 2.04901
213 2.05993
214 2.06123
215 2.06886
216 2.08201
217 2.08676
218 2.09136
219 2.09965
220 2.10371
221 2.1098
222 2.11756
223 2.11956
224 2.12349
225 2.1322
226 2.1383
227 2.14624
228 2.148
229 2.15356
230 2.15852
231 2.16977
232 2.17782
233 2.1933
234 2.19499
235 2.20216
236 2.20593
237 2.21465
238 2.23682
239 2.24036
240 2.25
241 2.25525
242 2.26341
243 2.26643
244 2.27371
245 2.28292
246 2.29436
247 2.3022
248 2.31344
249 2.31953
250 2.32947
251 2.33397
252 2.33833
253 2.34241
254 2.35901
255 2.36859
256 2.3761
257 2.38581
258 2.39681
259 2.39804
260 2.40342
261 2.40843
262 2.42136
263 2.42382
264 2.4278
265 2.44558
266 2.4545
267 2.46099
268 2.47873
269 2.50073
270 2.5155
271 2.5218
272 2.52396
273 2.52935
274 2.53598
275 2.55122
276 2.55439
277 2.57248
278 2.57383
279 2.57694
280 2.57946
281 2.60781
282 2.61865
283 2.62349
284 2.63301
285 2.6428
286 2.64787
287 2.65155
288 2.66542
289 2.67085
290 2.68428
291 2.7023
292 2.71736
293 2.73048
294 2.74892
295 2.75568
296 2.75728
297 2.76437
298 2.7773
299 2.79342
300 2.79766
301 2.80049
302 2.81206
303 2.81395
304 2.81975
305 2.86462
306 2.86762
307 2.87584
308 2.88215
309 2.89499
310 2.90311
311 2.91267
312 2.92192
313 2.93053
314 2.93416
315 2.93826
316 2.94416
317 2.98592
318 2.99029
319 2.99849
