1 0.01032
2 0.01239
3 0.01527
4 0.01773
5 0.02091
6 0.04966
7 0.0514
8 0.07571
9 0.0973
10 0.1082
11 0.12976
12 0.13451
13 0.14447
14 0.14653
15 0.15128
16 0.15811
17 0.16688
18 0.17348
19 0.17938
20 0.18847
21 0.19591
22 0.20476
23 0.22069
24 0.23174
25 0.24072
26 0.25562
27 0.26756
28 0.27739
29 0.28047
30 0.29277
31 0.29955
32 0.30276
33 0.31206
34 0.3302
35 0.34189
36 0.34656
37 0.34913
38 0.35179
39 0.36633
40 0.36856
41 0.38163
42 0.39099
43 0.41117
44 0.41337
45 0.41713
46 0.4217
47 0.42338
48 0.43937
49 0.45908
50 0.46266
51 0.46966
52 0.47375
53 0.47618
54 0.47975
55 0.4946
56 0.49641
57 0.49959
58 0.51711
59 0.5204
60 0.52703
61 0.54284
62 0.54925
63 0.56662
64 0.5804
65 0.5975
66 0.60164
67 0.6086
68 0.61396
69 0.61686
70 0.62545
71 0.62809
72 0.63169
73 0.63554
74 0.64145
75 0.65954
76 0.66434
77 0.66856
78 0.67304
79 0.68676
80 0.7123
81 0.71463
82 0.72143
83 0.73061
84 0.73396
85 0.74064
86 0.74908
87 0.75774
88 0.77499
89 0.7931
90 0.79673
91 0.82166
92 0.84432
93 0.86157
94 0.88157
95 0.88455
96 0.89743
97 0.92487
98 0.92712
99 0.93046
100 0.95428
101 0.97628
102 0.98381
103 0.98729
104 0.99008
105 0.99852
106 1.00732
107 1.02096
108 1.03616
109 1.05578
110 1.05877
111 1.06601
112 1.07469
113 1.08181
114 1.09552
115 1.09794
116 1.11156
117 1.11359
118 1.12502
119 1.13364
120 1.14025
121 1.14757
122 1.15624
123 1.16252
124 1.16542
125 1.16636
126 1.18454
127 1.19225
128 1.2069
129 1.21598
130 1.2242
131 1.2355
132 1.24212
133 1.24958
134 1.2597
135 1.27248
136 1.27644
137 1.27943
138 1.28385
139 1.29503
140 1.29874
141 1.30089
142 1.30299
143 1.31407
144 1.31536
145 1.31717
146 1.3518
147 1.35897
148 1.3735
149 1.38003
150 1.38196
151 1.38596
152 1.39349
153 1.39944
154 1.40438
155 1.42536
156 1.43035
157 1.45233
158 1.4608
159 1.47924
160 1.49252
161 1.49694
162 1.51001
163 1.52192
164 1.53964
165 1.54949
166 1.56681
167 1.59251
168 1.60257
169 1.62449
170 1.63712
171 1.64585
172 1.64876
173 1.65322
174 1.66389
175 1.68432
176 1.6924
177 1.70842
178 1.7114
179 1.71433
180 1.72025
181 1.72562
182 1.72904
183 1.73447
184 1.74214
185 1.74486
186 1.76693
187 1.77282
188 1.77973
189 1.79907
190 1.80005
191 1.81674
192 1.82248
193 1.82574
194 1.83014
195 1.83237
196 1.85134
197 1.86659
198 1.88448
199 1.88959
200 1.9153
201 1.91664
202 1.91969
203 1.92779
204 1.96165
205 1.96939
206 1.98054
207 1.98755
208 2.01692
209 2.02284
210 2.02461
211 2.02554
212 2.02896
213 2.04254
214 2.04511
215 2.05103
216 2.05839
217 2.06718
218 2.09713
219 2.10969
220 2.11062
221 2.11558
222 2.119
223 2.1342
224 2.14503
225 2.15308
226 2.1883
227 2.21045
228 2.24847
229 2.25446
230 2.26383
231 2.27239
232 2.29793
233 2.30384
234 2.30949
235 2.312
236 2.31951
237 2.32348
238 2.33369
239 2.34762
240 2.35691
241 2.36053
242 2.36891
243 2.36988
244 2.38003
245 2.38469
246 2.3926
247 2.39628
248 2.39744
249 2.40741
250 2.41546
251 2.42254
252 2.42455
253 2.43548
254 2.4626
255 2.47085
256 2.48289
257 2.49664
258 2.52682
259 2.54438
260 2.54777
261 2.57054
262 2.58049
263 2.58949
264 2.596
265 2.61918
266 2.63429
267 2.63558
268 2.63744
269 2.63959
270 2.65144
271 2.65859
272 2.67824
273 2.68638
274 2.68873
275 2.69551
276 2.69735
277 2.70779
278 2.71191
279 2.71865
280 2.72151
281 2.72858
282 2.73407
283 2.73964
284 2.75454
285 2.76902
286 2.77459
287 2.77642
288 2.78961
289 2.81098
290 2.82615
291 2.82951
292 2.84518
293 2.8486
294 2.85656
295 2.86437
296 2.86652
297 2.87165
298 2.88976
299 2.90032
300 2.92359
301 2.92754
302 2.9311
303 2.93277
304 2.9431
305 2.94607
306 2.95081
307 2.96413
308 2.97488
309 2.98447
310 2.99145
