1 0.00521
2 0.00829
3 0.02676
4 0.03404
5 0.04561
6 0.04887
7 0.05189
8 0.05877
9 0.06029
10 0.06414
11 0.06708
12 0.07326
13 0.07974
14 0.08061
15 0.08215
16 0.08989
17 0.09808
18 0.10346
19 0.10681
20 0.10929
21 0.1141
22 0.11567
23 0.12147
24 0.12355
25 0.12719
26 0.13809
27 0.15083
28 0.16038
29 0.16596
30 0.17017
31 0.1754
32 0.17753
33 0.18311
34 0.19773
35 0.20326
36 0.20771
37 0.21809
38 0.21946
39 0.2394
40 0.24117
41 0.24972
42 0.25409
43 0.2569
44 0.26454
45 0.27936
46 0.28446
47 0.29468
48 0.31515
49 0.32877
50 0.3381
51 0.35303
52 0.35935
53 0.36824
54 0.37429
55 0.38412
56 0.42351
57 0.42815
58 0.43705
59 0.45072
60 0.45817
61 0.46251
62 0.46838
63 0.478
64 0.48719
65 0.48866
66 0.49187
67 0.49598
68 0.49803
69 0.50144
70 0.52106
71 0.5362
72 0.53865
73 0.56078
74 0.56914
75 0.58189
76 0.5863
77 0.59778
78 0.59988
79 0.60267
80 0.61413
81 0.62138
82 0.63484
83 0.64779
84 0.66298
85 0.66386
86 0.68288
87 0.69077
88 0.6934
89 0.69674
90 0.70459
91 0.71604
92 0.71975
93 0.72359
94 0.72652
95 0.74662
96 0.75738
97 0.77005
98 0.77664
99 0.79245
100 0.80983
101 0.81078
102 0.81911
103 0.83319
104 0.83781
105 0.84644
106 0.85209
107 0.87928
108 0.89345
109 0.89683
110 0.9086
111 0.91103
112 0.92832
113 0.93521
114 0.94323
115 0.94923
116 0.95966
117 0.96649
118 0.97577
119 0.99473
120 1.00955
121 1.0365
122 1.03903
123 1.06634
124 1.0678
125 1.07051
126 1.07467
127 1.08936
128 1.09539
129 1.10202
130 1.1195
131 1.12172
132 1.13705
133 1.14255
134 1.14721
135 1.15156
136 1.16354
137 1.17048
138 1.1757
139 1.18221
140 1.18469
141 1.18565
142 1.18895
143 1.19651
144 1.20821
145 1.22175
146 1.22771
147 1.23313
148 1.25257
149 1.26485
150 1.26841
151 1.2894
152 1.30247
153 1.31254
154 1.32435
155 1.32923
156 1.33408
157 1.34702
158 1.35562
159 1.37042
160 1.38483
161 1.39489
162 1.40362
163 1.42115
164 1.42527
165 1.43425
166 1.43681
167 1.44072
168 1.45059
169 1.45463
170 1.45903
171 1.46149
172 1.47805
173 1.48891
174 1.49658
175 1.51017
176 1.51324
177 1.51719
178 1.55758
179 1.56768
180 1.57046
181 1.57616
182 1.58984
183 1.5976
184 1.62096
185 1.63585
186 1.64188
187 1.64605
188 1.65781
189 1.66041
190 1.66559
191 1.67569
192 1.67944
193 1.69272
194 1.70961
195 1.71302
196 1.71545
197 1.71996
198 1.72312
199 1.73874
200 1.74353
201 1.74858
202 1.75339
203 1.76286
204 1.76637
205 1.77196
206 1.77604
207 1.78326
208 1.7965
209 1.81995
210 1.82682
211 1.84835
212 1.85581
213 1.8634
214 1.8907
215 1.89863
216 1.89957
217 1.90463
218 1.93738
219 1.94354
220 1.95371
221 1.96532
222 1.98101
223 1.98765
224 2.00351
225 2.00925
226 2.01383
227 2.01953
228 2.03137
229 2.03707
230 2.05664
231 2.05998
232 2.07256
233 2.0814
234 2.09069
235 2.09766
236 2.10382
237 2.10756
238 2.11747
239 2.14491
240 2.15432
241 2.17572
242 2.18524
243 2.19492
244 2.21133
245 2.23755
246 2.23974
247 2.24297
248 2.25412
249 2.2556
250 2.25895
251 2.27244
252 2.27672
253 2.28295
254 2.28621
255 2.28905
256 2.29676
257 2.30555
258 2.32051
259 2.32415
260 2.32779
261 2.32911
262 2.33337
263 2.33876
264 2.35096
265 2.35444
266 2.36338
267 2.36755
268 2.37855
269 2.38768
270 2.39149
271 2.40265
272 2.42432
273 2.43095
274 2.43604
275 2.45337
276 2.46499
277 2.48526
278 2.48837
279 2.49182
280 2.49354
281 2.51406
282 2.52609
283 2.54461
284 2.55673
285 2.56654
286 2.56947
287 2.57964
288 2.58949
289 2.5914
290 2.60529
291 2.61047
292 2.62247
293 2.62905
294 2.63655
295 2.64336
296 2.65429
297 2.65926
298 2.66329
299 2.66954
300 2.67713
301 2.68409
302 2.69153
303 2.70195
304 2.71129
305 2.71663
306 2.72087
307 2.73058
308 2.74263
309 2.74584
310 2.74986
311 2.75756
312 2.76105
313 2.76385
314 2.77968
315 2.78981
316 2.79197
317 2.80138
318 2.81115
319 2.8198
320 2.82731
321 2.83325
322 2.83524
323 2.8401
324 2.8537
325 2.85914
326 2.86207
327 2.87197
328 2.88756
329 2.89159
330 2.9022
331 2.91545
332 2.92308
333 2.93409
334 2.94662
335 2.95053
336 2.95428
337 2.97786
338 2.99056
339 2.99895
