1 0.00387
2 0.00869
3 0.01082
4 0.01826
5 0.02148
6 0.02472
7 0.03432
8 0.04975
9 0.05212
10 0.05885
11 0.06251
12 0.06594
13 0.06815
14 0.0695
15 0.07097
16 0.07471
17 0.08225
18 0.09909
19 0.10583
20 0.11348
21 0.1228
22 0.15261
23 0.165
24 0.16781
25 0.17088
26 0.17525
27 0.18139
28 0.18987
29 0.19204
30 0.19737
31 0.21762
32 0.2354
33 0.23825
34 0.24424
35 0.2521
36 0.25357
37 0.25519
38 0.25863
39 0.26674
40 0.27165
41 0.28251
42 0.2847
43 0.29062
44 0.2996
45 0.30725
46 0.31421
47 0.32444
48 0.33119
49 0.36416
50 0.36638
51 0.37118
52 0.37884
53 0.3907
54 0.40243
55 0.40514
56 0.40641
57 0.41414
58 0.42162
59 0.42595
60 0.43832
61 0.44976
62 0.45515
63 0.46464
64 0.47898
65 0.48716
66 0.4955
67 0.50093
68 0.50704
69 0.51026
70 0.51578
71 0.52084
72 0.52434
73 0.53103
74 0.55121
75 0.55333
76 0.55545
77 0.57425
78 0.58168
79 0.58703
80 0.59881
81 0.60092
82 0.61759
83 0.63996
84 0.65177
85 0.65354
86 0.65615
87 0.66252
88 0.67562
89 0.67956
90 0.68213
91 0.6864
92 0.69177
93 0.69427
94 0.69592
95 0.69851
96 0.71138
97 0.71592
98 0.72126
99 0.7512
100 0.75526
101 0.76397
102 0.76865
103 0.77252
104 0.77437
105 0.77732
106 0.80076
107 0.80706
108 0.82015
109 0.82662
110 0.83791
111 0.84201
112 0.86382
113 0.86535
114 0.86683
115 0.87031
116 0.87292
117 0.8987
118 0.90208
119 0.90432
120 0.90993
121 0.91358
122 0.92016
123 0.92394
124 0.93202
125 0.94412
126 0.95081
127 0.95616
128 0.96755
129 0.9902
130 1.00355
131 1.01159
132 1.01626
133 1.0228
134 1.02778
135 1.03161
136 1.03964
137 1.04945
138 1.05199
139 1.06678
140 1.07335
141 1.07567
142 1.08342
143 1.0952
144 1.09959
145 1.10535
146 1.11425
147 1.11542
148 1.12223
149 1.12397
150 1.12817
151 1.14519
152 1.15618
153 1.16616
154 1.16867
155 1.17296
156 1.17419
157 1.17682
158 1.18526
159 1.19082
160 1.19355
161 1.20277
162 1.20885
163 1.24137
164 1.24435
165 1.24808
166 1.25349
167 1.25456
168 1.25765
169 1.26627
170 1.27468
171 1.28264
172 1.302
173 1.32288
174 1.32634
175 1.33476
176 1.34473
177 1.35458
178 1.36547
179 1.37917
180 1.39061
181 1.3951
182 1.40496
183 1.41957
184 1.42285
185 1.42801
186 1.43064
187 1.43334
188 1.4427
189 1.44498
190 1.45174
191 1.45533
192 1.46365
193 1.46713
194 1.4771
195 1.49448
196 1.49686
197 1.49972
198 1.50382
199 1.50496
200 1.5066
201 1.51401
202 1.51857
203 1.52557
204 1.53764
205 1.54707
206 1.55493
207 1.56216
208 1.56463
209 1.57461
210 1.57634
211 1.58282
212 1.60002
213 1.61183
214 1.6248
215 1.62994
216 1.65217
217 1.65597
218 1.65934
219 1.66276
220 1.67136
221 1.67994
222 1.6809
223 1.68248
224 1.68672
225 1.6925
226 1.69398
227 1.69653
228 1.70266
229 1.70498
230 1.71256
231 1.71535
232 1.73299
233 1.74051
234 1.75388
235 1.76556
236 1.77066
237 1.77363
238 1.77591
239 1.7833
240 1.78717
241 1.80095
242 1.80262
243 1.81856
244 1.82574
245 1.84142
246 1.85052
247 1.85349
248 1.85842
249 1.86472
250 1.89499
251 1.90264
252 1.9066
253 1.91199
254 1.91966
255 1.92431
256 1.92623
257 1.93444
258 1.94294
259 1.94494
260 1.95138
261 1.95475
262 1.95691
263 1.96049
264 1.96225
265 1.9871
266 2.00832
267 2.01303
268 2.02257
269 2.02477
270 2.04865
271 2.0576
272 2.06128
273 2.06359
274 2.06923
275 2.07191
276 2.07301
277 2.07834
278 2.083
279 2.08582
280 2.09609
281 2.09807
282 2.11541
283 2.12335
284 2.14827
285 2.15517
286 2.16618
287 2.16987
288 2.17495
289 2.1808
290 2.18514
291 2.18656
292 2.19334
293 2.19811
294 2.19913
295 2.20286
296 2.20468
297 2.23685
298 2.24629
299 2.25214
300 2.26031
301 2.28658
302 2.30817
303 2.32656
304 2.32872
305 2.33288
306 2.35065
307 2.35421
308 2.36645
309 2.36814
310 2.39977
311 2.40685
312 2.41347
313 2.41686
314 2.42053
315 2.4263
316 2.43265
317 2.44385
318 2.44533
319 2.45063
320 2.45585
321 2.46728
322 2.47473
323 2.48993
324 2.4988
325 2.50314
326 2.50982
327 2.51458
328 2.51865
329 2.52098
330 2.52977
331 2.53245
332 2.55276
333 2.55485
334 2.55679
335 2.56656
336 2.57448
337 2.57986
338 2.61218
339 2.61889
340 2.6281
341 2.65588
342 2.65743
343 2.66398
344 2.67023
345 2.67452
346 2.68079
347 2.6857
348 2.69253
349 2.70087
350 2.72233
351 2.73627
352 2.74797
353 2.74945
354 2.75609
355 2.7617
356 2.77483
357 2.78518
358 2.79868
359 2.80689
360 2.81216
361 2.81694
362 2.81847
363 2.8212
364 2.84816
365 2.86324
366 2.86563
367 2.8705
368 2.87137
369 2.87691
370 2.88241
371 2.89371
372 2.90528
373 2.90718
374 2.91363
375 2.91484
376 2.91687
377 2.92199
378 2.92488
379 2.92707
380 2.9295
381 2.93422
382 2.94118
383 2.94607
384 2.94994
385 2.95563
386 2.95887
387 2.96394
388 2.98815
389 2.9992
