1 0.00591
2 0.00934
3 0.01481
4 0.02669
5 0.03392
6 0.04243
7 0.05005
8 0.0525
9 0.06682
10 0.08311
11 0.08542
12 0.08873
13 0.09251
14 0.10346
15 0.10916
16 0.11573
17 0.11791
18 0.12565
19 0.12931
20 0.13716
21 0.14442
22 0.16521
23 0.16866
24 0.1771
25 0.1924
26 0.19448
27 0.19892
28 0.22046
29 0.22518
30 0.22834
31 0.24239
32 0.24602
33 0.24778
34 0.25781
35 0.26979
36 0.27273
37 0.29397
38 0.29491
39 0.30008
40 0.30529
41 0.3278
42 0.32949
43 0.33117
44 0.33286
45 0.33687
46 0.34291
47 0.36378
48 0.36647
49 0.39061
50 0.39733
51 0.40042
52 0.40712
53 0.40906
54 0.43511
55 0.43878
56 0.44352
57 0.44891
58 0.45646
59 0.46533
60 0.47386
61 0.48207
62 0.49339
63 0.49556
64 0.49892
65 0.50291
66 0.51599
67 0.52579
68 0.52916
69 0.53611
70 0.53956
71 0.54328
72 0.55541
73 0.56448
74 0.57212
75 0.57868
76 0.58042
77 0.58213
78 0.58916
79 0.59466
80 0.605
81 0.61352
82 0.62189
83 0.64682
84 0.6498
85 0.65853
86 0.66068
87 0.66253
88 0.67865
89 0.68223
90 0.6848
91 0.69983
92 0.70462
93 0.71115
94 0.73788
95 0.74641
96 0.76219
97 0.77177
98 0.77828
99 0.81825
100 0.82357
101 0.84021
102 0.84517
103 0.85247
104 0.85694
105 0.86169
106 0.86417
107 0.86802
108 0.87346
109 0.88285
110 0.89649
111 0.89998
112 0.909
113 0.91063
114 0.91403
115 0.9164
116 0.93359
117 0.93995
118 0.94891
119 0.95477
120 0.95889
121 0.96675
122 0.97575
123 0.98187
124 0.99786
125 1.00827
126 1.02446
127 1.03067
128 1.0682
129 1.07625
130 1.08634
131 1.08831
132 1.09672
133 1.09914
134 1.10799
135 1.11775
136 1.12366
137 1.12614
138 1.13076
139 1.13618
140 1.1423
141 1.16211
142 1.17314
143 1.17801
144 1.18066
145 1.18528
146 1.19114
147 1.20532
148 1.20947
149 1.21807
150 1.22368
151 1.24722
152 1.2522
153 1.26719
154 1.28052
155 1.28661
156 1.30787
157 1.31842
158 1.32168
159 1.32897
160 1.33265
161 1.35839
162 1.36475
163 1.37055
164 1.38616
165 1.38969
166 1.39548
167 1.39951
168 1.40743
169 1.41337
170 1.41713
171 1.42805
172 1.4332
173 1.44317
174 1.45397
175 1.46893
176 1.47397
177 1.48386
178 1.48901
179 1.49507
180 1.50708
181 1.51338
182 1.53954
183 1.54686
184 1.5615
185 1.58177
186 1.58613
187 1.614
188 1.63172
189 1.6401
190 1.64965
191 1.65884
192 1.67452
193 1.67667
194 1.68782
195 1.6922
196 1.699
197 1.70647
198 1.71415
199 1.716
200 1.72403
201 1.72924
202 1.73481
203 1.75177
204 1.75859
205 1.76377
206 1.79501
207 1.82696
208 1.83973
209 1.8471
210 1.85197
211 1.90014
212 1.90975
213 1.9186
214 1.93076
215 1.93617
216 1.93851
217 1.95758
218 1.96353
219 1.96735
220 1.98325
221 1.99778
222 2.00131
223 2.00896
224 2.02577
225 2.03401
226 2.04361
227 2.04752
228 2.05721
229 2.07553
230 2.08384
231 2.08942
232 2.09583
233 2.10316
234 2.12064
235 2.12399
236 2.13638
237 2.14308
238 2.15303
239 2.17153
240 2.18638
241 2.20113
242 2.2073
243 2.22377
244 2.24083
245 2.24535
246 2.25382
247 2.26355
248 2.27571
249 2.28655
250 2.29159
251 2.2995
252 2.30254
253 2.32128
254 2.3254
255 2.33032
256 2.33293
257 2.34802
258 2.35824
259 2.36358
260 2.36677
261 2.37333
262 2.3759
263 2.40622
264 2.4192
265 2.42193
266 2.42491
267 2.43365
268 2.43997
269 2.45097
270 2.46016
271 2.47933
272 2.48335
273 2.50178
274 2.50828
275 2.5231
276 2.52549
277 2.5522
278 2.56052
279 2.56273
280 2.56871
281 2.57905
282 2.58683
283 2.59253
284 2.59503
285 2.5995
286 2.6049
287 2.61514
288 2.61807
289 2.63797
290 2.65561
291 2.66216
292 2.68428
293 2.68857
294 2.70054
295 2.70848
296 2.72216
297 2.7285
298 2.74244
299 2.74361
300 2.75011
301 2.75514
302 2.76365
303 2.78316
304 2.78944
305 2.79363
306 2.80565
307 2.81796
308 2.82107
309 2.83201
310 2.85659
311 2.86199
312 2.86444
313 2.86651
314 2.8756
315 2.88079
316 2.88195
317 2.88445
318 2.88855
319 2.9072
320 2.95183
321 2.95424
322 2.96145
323 2.97567
324 2.99571
