1 0.00174
2 0.01121
3 0.02165
4 0.02523
5 0.029
6 0.03039
7 0.03178
8 0.03633
9 0.04698
10 0.05021
11 0.0572
12 0.06278
13 0.06649
14 0.06979
15 0.08226
16 0.08706
17 0.09206
18 0.10128
19 0.10785
20 0.11463
21 0.11834
22 0.13126
23 0.13292
24 0.14697
25 0.15263
26 0.16041
27 0.17368
28 0.17878
29 0.18653
30 0.18883
31 0.19852
32 0.20141
33 0.20384
34 0.20723
35 0.21357
36 0.21764
37 0.21946
38 0.23577
39 0.23917
40 0.24589
41 0.24896
42 0.25656
43 0.26404
44 0.27431
45 0.28749
46 0.2988
47 0.30609
48 0.30752
49 0.30958
50 0.31664
51 0.33032
52 0.33475
53 0.33887
54 0.35091
55 0.35899
56 0.3624
57 0.36752
58 0.3697
59 0.37633
60 0.38851
61 0.40153
62 0.40674
63 0.41501
64 0.41922
65 0.42623
66 0.44725
67 0.45752
68 0.46873
69 0.47602
70 0.48364
71 0.487
72 0.48983
73 0.51437
74 0.53342
75 0.5397
76 0.54128
77 0.54446
78 0.55307
79 0.55601
80 0.56527
81 0.56979
82 0.57253
83 0.59632
84 0.62773
85 0.63437
86 0.63699
87 0.64565
88 0.65294
89 0.65452
90 0.65809
91 0.67106
92 0.68216
93 0.6883
94 0.69753
95 0.70439
96 0.71467
97 0.73591
98 0.74139
99 0.74911
100 0.7515
101 0.75896
102 0.76738
103 0.78347
104 0.79058
105 0.79232
106 0.79504
107 0.80328
108 0.80904
109 0.81123
110 0.81594
111 0.8239
112 0.82616
113 0.83187
114 0.83527
115 0.83876
116 0.84117
117 0.85781
118 0.86731
119 0.87837
120 0.88322
121 0.88681
122 0.89938
123 0.90494
124 0.9293
125 0.93593
126 0.93966
127 0.94823
128 0.95913
129 0.96356
130 0.97132
131 0.9773
132 0.99091
133 1.00069
134 1.00602
135 1.01086
136 1.01648
137 1.02908
138 1.03887
139 1.04677
140 1.04924
141 1.05305
142 1.06386
143 1.07705
144 1.08022
145 1.11513
146 1.1276
147 1.15159
148 1.15296
149 1.15878
150 1.16092
151 1.17403
152 1.18014
153 1.18193
154 1.19326
155 1.19572
156 1.19971
157 1.20533
158 1.21544
159 1.22349
160 1.22958
161 1.23415
162 1.23934
163 1.24583
164 1.25201
165 1.25332
166 1.25936
167 1.26212
168 1.26978
169 1.28257
170 1.28786
171 1.29791
172 1.30693
173 1.31721
174 1.3226
175 1.33118
176 1.33298
177 1.34067
178 1.34849
179 1.35589
180 1.35773
181 1.36937
182 1.38018
183 1.38325
184 1.38648
185 1.40177
186 1.4047
187 1.41024
188 1.4159
189 1.42224
190 1.42978
191 1.44445
192 1.4506
193 1.45345
194 1.46817
195 1.47439
196 1.49055
197 1.49897
198 1.50938
199 1.51221
200 1.53888
201 1.55058
202 1.55698
203 1.55888
204 1.56246
205 1.56571
206 1.56976
207 1.57469
208 1.58256
209 1.58943
210 1.59988
211 1.60566
212 1.62331
213 1.63104
214 1.63486
215 1.63692
216 1.64987
217 1.65093
218 1.65663
219 1.66085
220 1.66841
221 1.6816
222 1.69121
223 1.69242
224 1.69726
225 1.70526
226 1.70893
227 1.71172
228 1.71674
229 1.71997
230 1.73515
231 1.74657
232 1.74891
233 1.75299
234 1.75819
235 1.77197
236 1.78085
237 1.78585
238 1.78983
239 1.79498
240 1.79998
241 1.80741
242 1.81562
243 1.82579
244 1.83467
245 1.8378
246 1.85335
247 1.86408
248 1.86812
249 1.88368
250 1.88721
251 1.89247
252 1.90109
253 1.90928
254 1.91481
255 1.92527
256 1.92891
257 1.93497
258 1.93865
259 1.94075
260 1.95209
261 1.95772
262 1.96078
263 1.97014
264 1.97704
265 1.98859
266 1.99751
267 2.00993
268 2.01345
269 2.01543
270 2.02804
271 2.03935
272 2.05159
273 2.05484
274 2.06541
275 2.07429
276 2.10433
277 2.12021
278 2.13042
279 2.13438
280 2.14153
281 2.14269
282 2.15769
283 2.18433
284 2.18994
285 2.20837
286 2.21467
287 2.22159
288 2.2372
289 2.24151
290 2.24424
291 2.24928
292 2.25299
293 2.27915
294 2.2817
295 2.29377
296 2.30927
297 2.31007
298 2.31166
299 2.32366
300 2.33752
301 2.34076
302 2.35939
303 2.36664
304 2.38153
305 2.38426
306 2.39803
307 2.40378
308 2.42573
309 2.43124
310 2.43396
311 2.46847
312 2.47242
313 2.47641
314 2.48902
315 2.49536
316 2.49926
317 2.50857
318 2.51562
319 2.5182
320 2.52425
321 2.53082
322 2.53772
323 2.54574
324 2.56106
325 2.57531
326 2.58568
327 2.59331
328 2.62697
329 2.63141
330 2.6344
331 2.63953
332 2.65161
333 2.65665
334 2.6639
335 2.67618
336 2.68099
337 2.68359
338 2.69078
339 2.70217
340 2.71548
341 2.7364
342 2.74524
343 2.75557
344 2.76274
345 2.78233
346 2.78767
347 2.79194
348 2.8002
349 2.82366
350 2.83921
351 2.8405
352 2.84617
353 2.8594
354 2.86231
355 2.86495
356 2.87306
357 2.901
358 2.91054
359 2.92034
360 2.93075
361 2.93996
362 2.94578
363 2.95297
364 2.95767
365 2.96393
366 2.98592
367 2.98805
368 2.99167
369 2.9934
