1 0.00365
2 0.00755
3 0.01277
4 0.01939
5 0.03311
6 0.04691
7 0.05097
8 0.0561
9 0.06957
10 0.07054
11 0.07297
12 0.07647
13 0.08634
14 0.09236
15 0.09539
16 0.10986
17 0.11271
18 0.12971
19 0.13619
20 0.14002
21 0.15509
22 0.15791
23 0.16127
24 0.17461
25 0.17998
26 0.18828
27 0.19107
28 0.1925
29 0.19849
30 0.20147
31 0.20289
32 0.21374
33 0.2184
34 0.22778
35 0.22947
36 0.23393
37 0.24232
38 0.25574
39 0.26747
40 0.27429
41 0.28486
42 0.29141
43 0.29293
44 0.29847
45 0.30176
46 0.30746
47 0.30977
48 0.32409
49 0.33359
50 0.3396
51 0.34692
52 0.38038
53 0.38265
54 0.38745
55 0.3968
56 0.40183
57 0.40512
58 0.41153
59 0.42214
60 0.42446
61 0.43639
62 0.44401
63 0.45751
64 0.462
65 0.46672
66 0.47854
67 0.48733
68 0.49325
69 0.51071
70 0.51702
71 0.52047
72 0.52546
73 0.5318
74 0.53494
75 0.54204
76 0.55336
77 0.56664
78 0.58274
79 0.61013
80 0.61868
81 0.63179
82 0.63574
83 0.64474
84 0.64971
85 0.66076
86 0.66202
87 0.66701
88 0.67277
89 0.68169
90 0.69605
91 0.69878
92 0.70793
93 0.71995
94 0.73655
95 0.73797
96 0.74999
97 0.75785
98 0.76779
99 0.78638
100 0.79052
101 0.79763
102 0.79946
103 0.8026
104 0.81231
105 0.81979
106 0.84172
107 0.84872
108 0.86092
109 0.8632
110 0.87048
111 0.87208
112 0.87621
113 0.88602
114 0.89745
115 0.90503
116 0.91359
117 0.9223
118 0.92581
119 0.9476
120 0.95001
121 0.9557
122 0.95697
123 0.96593
124 0.98834
125 1.01222
126 1.01587
127 1.0193
128 1.02995
129 1.03804
130 1.04979
131 1.05384
132 1.06134
133 1.07646
134 1.07992
135 1.09705
136 1.11296
137 1.11663
138 1.12079
139 1.13083
140 1.13784
141 1.14302
142 1.15505
143 1.16766
144 1.17738
145 1.19654
146 1.20189
147 1.2126
148 1.21695
149 1.22204
150 1.22994
151 1.25183
152 1.25692
153 1.26645
154 1.27778
155 1.28033
156 1.28192
157 1.28991
158 1.31104
159 1.31338
160 1.31977
161 1.32514
162 1.32857
163 1.33162
164 1.34297
165 1.36459
166 1.39165
167 1.39719
168 1.40431
169 1.40724
170 1.42084
171 1.43285
172 1.43858
173 1.44183
174 1.44942
175 1.46192
176 1.46976
177 1.48798
178 1.49562
179 1.52405
180 1.53811
181 1.54515
182 1.54802
183 1.55142
184 1.55622
185 1.57975
186 1.5882
187 1.59294
188 1.60831
189 1.61577
190 1.6181
191 1.62155
192 1.62548
193 1.62768
194 1.64364
195 1.64599
196 1.65375
197 1.66652
198 1.67697
199 1.67996
200 1.69179
201 1.69813
202 1.70072
203 1.70565
204 1.71321
205 1.7227
206 1.74012
207 1.75743
208 1.76668
209 1.77749
210 1.78463
211 1.80037
212 1.80861
213 1.82106
214 1.82797
215 1.83842
216 1.84538
217 1.85065
218 1.85517
219 1.86571
220 1.87821
221 1.88059
222 1.88791
223 1.89232
224 1.89664
225 1.90112
226 1.91405
227 1.92762
228 1.94452
229 1.95973
230 1.96491
231 1.96679
232 1.97855
233 1.98472
234 1.9875
235 2.00343
236 2.0102
237 2.01192
238 2.02308
239 2.02467
240 2.03739
241 2.06045
242 2.07788
243 2.09229
244 2.09681
245 2.11184
246 2.11484
247 2.11708
248 2.12069
249 2.12264
250 2.1263
251 2.12916
252 2.13219
253 2.15001
254 2.15576
255 2.17622
256 2.17952
257 2.18317
258 2.19402
259 2.20487
260 2.21345
261 2.22635
262 2.23317
263 2.24176
264 2.24361
265 2.25617
266 2.2641
267 2.27876
268 2.3004
269 2.30253
270 2.30529
271 2.31029
272 2.33996
273 2.34841
274 2.37852
275 2.38576
276 2.39713
277 2.40082
278 2.41864
279 2.42643
280 2.42887
281 2.44577
282 2.44951
283 2.46046
284 2.46258
285 2.47645
286 2.48372
287 2.48964
288 2.49256
289 2.49387
290 2.51217
291 2.51834
292 2.52012
293 2.52454
294 2.52989
295 2.53788
296 2.54582
297 2.55294
298 2.56799
299 2.58874
300 2.60629
301 2.62111
302 2.63893
303 2.6522
304 2.65527
305 2.66822
306 2.67559
307 2.69042
308 2.70003
309 2.70334
310 2.71104
311 2.71261
312 2.71816
313 2.7214
314 2.73494
315 2.74352
316 2.745
317 2.75562
318 2.77656
319 2.79208
320 2.81069
321 2.81371
322 2.82286
323 2.83306
324 2.83777
325 2.84012
326 2.84379
327 2.85269
328 2.86493
329 2.87851
330 2.88856
331 2.89425
332 2.89676
333 2.90551
334 2.92762
335 2.93156
336 2.93316
337 2.93886
338 2.94326
339 2.95655
340 2.95886
341 2.97283
342 2.98243
343 2.98484
344 2.99373
345 2.99794
