1 0.00391
2 0.00836
3 0.02999
4 0.0317
5 0.03533
6 0.04258
7 0.05182
8 0.05726
9 0.08682
10 0.08785
11 0.09736
12 0.09992
13 0.12229
14 0.13476
15 0.14565
16 0.15014
17 0.15683
18 0.16278
19 0.17969
20 0.18731
21 0.18961
22 0.21532
23 0.23599
24 0.24705
25 0.25447
26 0.26408
27 0.26899
28 0.28214
29 0.2856
30 0.29845
31 0.30489
32 0.31105
33 0.32166
34 0.32581
35 0.3315
36 0.33464
37 0.34924
38 0.35444
39 0.36948
40 0.37771
41 0.38596
42 0.39017
43 0.39465
44 0.39614
45 0.40782
46 0.42336
47 0.44638
48 0.44781
49 0.45126
50 0.46291
51 0.46397
52 0.47706
53 0.48784
54 0.49662
55 0.50902
56 0.51121
57 0.53412
58 0.53717
59 0.54321
60 0.55295
61 0.56437
62 0.56832
63 0.59675
64 0.60155
65 0.62719
66 0.63998
67 0.65286
68 0.65559
69 0.6592
70 0.70291
71 0.74171
72 0.7588
73 0.76926
74 0.7748
75 0.78443
76 0.79477
77 0.79704
78 0.80324
79 0.81196
80 0.81485
81 0.83624
82 0.84684
83 0.85341
84 0.86234
85 0.87072
86 0.88581
87 0.89967
88 0.90243
89 0.91042
90 0.92377
91 0.92771
92 0.93248
93 0.94176
94 0.94751
95 0.9719
96 0.97579
97 0.98248
98 1.00403
99 1.00833
100 1.02394
101 1.04209
102 1.06344
103 1.07093
104 1.07695
105 1.08087
106 1.09098
107 1.10237
108 1.10988
109 1.11731
110 1.13021
111 1.1469
112 1.14897
113 1.17083
114 1.17611
115 1.1866
116 1.19323
117 1.19952
118 1.20611
119 1.20942
120 1.21656
121 1.23197
122 1.24528
123 1.25686
124 1.25945
125 1.26777
126 1.29327
127 1.31075
128 1.32019
129 1.32868
130 1.33828
131 1.34393
132 1.35398
133 1.39348
134 1.40156
135 1.41695
136 1.42202
137 1.43987
138 1.44419
139 1.44834
140 1.46446
141 1.49892
142 1.50614
143 1.53225
144 1.54131
145 1.55385
146 1.56535
147 1.5668
148 1.57616
149 1.59303
150 1.60906
151 1.61008
152 1.61574
153 1.61728
154 1.62733
155 1.63047
156 1.63392
157 1.6367
158 1.65177
159 1.66054
160 1.66226
161 1.6742
162 1.69501
163 1.70823
164 1.71284
165 1.71632
166 1.73262
167 1.75169
168 1.75547
169 1.75945
170 1.76589
171 1.77003
172 1.78326
173 1.78452
174 1.78806
175 1.79424
176 1.79696
177 1.81141
178 1.81774
179 1.82759
180 1.83429
181 1.83774
182 1.84175
183 1.86438
184 1.87444
185 1.8768
186 1.89118
187 1.89576
188 1.8997
189 1.90506
190 1.90741
191 1.91309
192 1.91959
193 1.92131
194 1.92695
195 1.94113
196 1.94427
197 1.9547
198 1.96324
199 1.9692
200 1.98403
201 1.98721
202 1.99709
203 1.99999
204 2.01223
205 2.01476
206 2.01607
207 2.04763
208 2.06361
209 2.07518
210 2.08379
211 2.09083
212 2.0933
213 2.10616
214 2.12241
215 2.13188
216 2.1404
217 2.14475
218 2.14719
219 2.14996
220 2.16679
221 2.17453
222 2.18721
223 2.19346
224 2.19466
225 2.20181
226 2.2125
227 2.23099
228 2.2372
229 2.24498
230 2.25707
231 2.26323
232 2.26574
233 2.26893
234 2.27167
235 2.27536
236 2.30122
237 2.30822
238 2.32283
239 2.3269
240 2.32873
241 2.33227
242 2.36055
243 2.38102
244 2.38495
245 2.43502
246 2.43948
247 2.44518
248 2.45804
249 2.46854
250 2.48225
251 2.4949
252 2.50215
253 2.51564
254 2.55757
255 2.56545
256 2.57063
257 2.57339
258 2.57474
259 2.59097
260 2.59455
261 2.60922
262 2.61984
263 2.62691
264 2.6355
265 2.64286
266 2.66289
267 2.67853
268 2.69642
269 2.7298
270 2.73404
271 2.74565
272 2.75355
273 2.75649
274 2.75939
275 2.76782
276 2.77252
277 2.77797
278 2.79046
279 2.81162
280 2.81803
281 2.82002
282 2.82538
283 2.83854
284 2.84184
285 2.84494
286 2.84955
287 2.85343
288 2.85655
289 2.86516
290 2.87592
291 2.88411
292 2.88849
293 2.89549
294 2.90093
295 2.91299
296 2.91928
297 2.94047
298 2.94911
299 2.95878
300 2.96373
301 2.9662
302 2.98016
303 2.98822
304 2.99481
