1 0.00165
2 0.00341
3 0.01227
4 0.01672
5 0.02171
6 0.02854
7 0.03521
8 0.0411
9 0.04578
10 0.04891
11 0.05039
12 0.0558
13 0.06626
14 0.07191
15 0.07545
16 0.07732
17 0.08356
18 0.08668
19 0.09621
20 0.09916
21 0.10154
22 0.10822
23 0.1166
24 0.11873
25 0.12893
26 0.13428
27 0.14448
28 0.14592
29 0.1478
30 0.15262
31 0.15853
32 0.16153
33 0.16376
34 0.16687
35 0.1789
36 0.18807
37 0.20651
38 0.21635
39 0.22493
40 0.23126
41 0.23835
42 0.24273
43 0.25775
44 0.26447
45 0.27979
46 0.28421
47 0.29738
48 0.3043
49 0.30885
50 0.31388
51 0.31741
52 0.32615
53 0.34152
54 0.34895
55 0.3542
56 0.3597
57 0.36534
58 0.37318
59 0.37956
60 0.38468
61 0.39878
62 0.40071
63 0.40792
64 0.4119
65 0.4207
66 0.42332
67 0.42687
68 0.43025
69 0.43132
70 0.44785
71 0.46215
72 0.46557
73 0.46892
74 0.47713
75 0.48024
76 0.48716
77 0.49055
78 0.49686
79 0.50627
80 0.5158
81 0.51736
82 0.52066
83 0.52535
84 0.52818
85 0.53005
86 0.53388
87 0.5351
88 0.53992
89 0.54235
90 0.54573
91 0.55675
92 0.55774
93 0.55861
94 0.56581
95 0.57161
96 0.58082
97 0.59919
98 0.60046
99 0.6013
100 0.61059
101 0.61285
102 0.62953
103 0.63233
104 0.63962
105 0.64321
106 0.64466
107 0.64567
108 0.64898
109 0.6583
110 0.66439
111 0.67285
112 0.6769
113 0.69489
114 0.72292
115 0.73341
116 0.73926
117 0.74522
118 0.75449
119 0.75806
120 0.76284
121 0.76658
122 0.77021
123 0.77781
124 0.78364
125 0.78886
126 0.80145
127 0.80542
128 0.80875
129 0.81122
130 0.81728
131 0.82011
132 0.82605
133 0.82911
134 0.83646
135 0.85014
136 0.85615
137 0.85984
138 0.87158
139 0.87512
140 0.87856
141 0.88559
142 0.89356
143 0.89788
144 0.90799
145 0.91096
146 0.91856
147 0.92753
148 0.93891
149 0.94655
150 0.95318
151 0.96563
152 0.97453
153 0.9759
154 0.97924
155 0.98109
156 0.98374
157 0.99637
158 1.01476
159 1.01986
160 1.02604
161 1.03099
162 1.03229
163 1.03546
164 1.0412
165 1.04634
166 1.04841
167 1.05124
168 1.06277
169 1.0685
170 1.07187
171 1.08169
172 1.08713
173 1.09118
174 1.09523
175 1.10033
176 1.10849
177 1.11153
178 1.12069
179 1.12324
180 1.13841
181 1.14117
182 1.14442
183 1.14921
184 1.1503
185 1.15647
186 1.16466
187 1.17381
188 1.17674
189 1.18296
190 1.19206
191 1.20823
192 1.21279
193 1.21973
194 1.2213
195 1.22646
196 1.24747
197 1.25221
198 1.25969
199 1.2671
200 1.27295
201 1.2744
202 1.27614
203 1.28067
204 1.29565
205 1.30048
206 1.30407
207 1.32223
208 1.32519
209 1.32973
210 1.3516
211 1.35819
212 1.36807
213 1.37156
214 1.37619
215 1.37933
216 1.38847
217 1.40258
218 1.41315
219 1.41641
220 1.41975
221 1.43548
222 1.44727
223 1.45134
224 1.45765
225 1.47043
226 1.4772
227 1.48467
228 1.50195
229 1.50946
230 1.51971
231 1.52158
232 1.52737
233 1.53346
234 1.53536
235 1.53974
236 1.54187
237 1.54835
238 1.55554
239 1.55903
240 1.56491
241 1.56615
242 1.56826
243 1.57485
244 1.57708
245 1.5827
246 1.5841
247 1.59758
248 1.603
249 1.60912
250 1.61686
251 1.62082
252 1.62484
253 1.63055
254 1.63965
255 1.64353
256 1.65536
257 1.65964
258 1.66178
259 1.66341
260 1.67857
261 1.69141
262 1.70245
263 1.71247
264 1.71811
265 1.7258
266 1.73357
267 1.73596
268 1.74354
269 1.74586
270 1.74944
271 1.75737
272 1.76499
273 1.77238
274 1.78961
275 1.79792
276 1.8028
277 1.80686
278 1.80895
279 1.81438
280 1.82148
281 1.82859
282 1.85204
283 1.85449
284 1.85588
285 1.85862
286 1.86098
287 1.86291
288 1.86699
289 1.87533
290 1.88876
291 1.89659
292 1.90274
293 1.90548
294 1.91383
295 1.92482
296 1.93725
297 1.9407
298 1.9503
299 1.95367
300 1.95894
301 1.96912
302 1.97127
303 1.97295
304 1.97792
305 1.98089
306 1.98683
307 1.98987
308 2.00182
309 2.01363
310 2.016
311 2.02569
312 2.04083
313 2.05362
314 2.05744
315 2.05918
316 2.06108
317 2.0656
318 2.0686
319 2.07522
320 2.08082
321 2.10329
322 2.11319
323 2.11736
324 2.12535
325 2.13024
326 2.13243
327 2.14314
328 2.14587
329 2.15053
330 2.15648
331 2.1609
332 2.16588
333 2.17116
334 2.17463
335 2.18557
336 2.18777
337 2.18888
338 2.19396
339 2.20552
340 2.21132
341 2.23384
342 2.24207
343 2.26239
344 2.26664
345 2.26789
346 2.28421
347 2.29406
348 2.29647
349 2.30031
350 2.30408
351 2.30927
352 2.31164
353 2.3143
354 2.32717
355 2.33038
356 2.33318
357 2.33626
358 2.34556
359 2.35588
360 2.36555
361 2.3704
362 2.37692
363 2.38058
364 2.38209
365 2.38477
366 2.39036
367 2.39624
368 2.40295
369 2.41125
370 2.41467
371 2.42016
372 2.42301
373 2.42922
374 2.44919
375 2.46108
376 2.4748
377 2.47855
378 2.48139
379 2.49176
380 2.49526
381 2.50415
382 2.52634
383 2.52917
384 2.53038
385 2.53568
386 2.54258
387 2.54784
388 2.55185
389 2.56843
390 2.57227
391 2.57732
392 2.59121
393 2.59201
394 2.59644
395 2.60591
396 2.60731
397 2.60872
398 2.61112
399 2.61802
400 2.62231
401 2.6288
402 2.63077
403 2.6405
404 2.65558
405 2.66135
406 2.66273
407 2.66612
408 2.66984
409 2.67092
410 2.67646
411 2.67776
412 2.68471
413 2.70088
414 2.70906
415 2.72208
416 2.72676
417 2.73294
418 2.73631
419 2.73949
420 2.755
421 2.7666
422 2.77515
423 2.77771
424 2.78158
425 2.78649
426 2.79232
427 2.80359
428 2.81232
429 2.82006
430 2.82757
431 2.83559
432 2.85089
433 2.86548
434 2.8679
435 2.87134
436 2.8873
437 2.9055
438 2.912
439 2.91333
440 2.91502
441 2.9173
442 2.92771
443 2.93326
444 2.93833
445 2.94138
446 2.95537
447 2.95836
448 2.96806
449 2.97335
450 2.98007
451 2.98347
452 2.98551
453 2.98903
