1 0.006
2 0.01045
3 0.01333
4 0.01908
5 0.02256
6 0.03228
7 0.03585
8 0.04218
9 0.04603
10 0.05898
11 0.06249
12 0.06556
13 0.06841
14 0.07799
15 0.10007
16 0.10146
17 0.107
18 0.10829
19 0.11291
20 0.13082
21 0.1468
22 0.15008
23 0.15799
24 0.16434
25 0.17962
26 0.18668
27 0.19355
28 0.20021
29 0.20198
30 0.20702
31 0.21133
32 0.22034
33 0.23323
34 0.24755
35 0.25721
36 0.26471
37 0.26936
38 0.28807
39 0.30239
40 0.31756
41 0.32375
42 0.32777
43 0.33363
44 0.35009
45 0.35329
46 0.37376
47 0.37604
48 0.38026
49 0.3852
50 0.41357
51 0.41781
52 0.4233
53 0.43073
54 0.44596
55 0.45287
56 0.47377
57 0.4795
58 0.48687
59 0.49638
60 0.50189
61 0.50589
62 0.51869
63 0.5257
64 0.53995
65 0.56257
66 0.5802
67 0.59422
68 0.60373
69 0.61978
70 0.62385
71 0.633
72 0.64748
73 0.65339
74 0.66269
75 0.67549
76 0.68023
77 0.68329
78 0.69458
79 0.70889
80 0.72603
81 0.73081
82 0.73838
83 0.74591
84 0.75086
85 0.76741
86 0.77819
87 0.79051
88 0.79463
89 0.81491
90 0.83122
91 0.84845
92 0.85529
93 0.85636
94 0.85941
95 0.8762
96 0.88071
97 0.88594
98 0.89099
99 0.89673
100 0.91322
101 0.91918
102 0.92975
103 0.94701
104 0.94896
105 0.95927
106 0.96121
107 0.96582
108 0.97242
109 0.98543
110 1.01599
111 1.01845
112 1.02566
113 1.03726
114 1.04027
115 1.0612
116 1.06632
117 1.07434
118 1.08518
119 1.09874
120 1.1015
121 1.10799
122 1.1305
123 1.14537
124 1.15392
125 1.16208
126 1.17575
127 1.19086
128 1.19321
129 1.1949
130 1.20844
131 1.21381
132 1.21907
133 1.2416
134 1.25256
135 1.2722
136 1.28134
137 1.28757
138 1.2889
139 1.30669
140 1.31362
141 1.35
142 1.36183
143 1.37401
144 1.3819
145 1.40141
146 1.41296
147 1.42237
148 1.42987
149 1.44003
150 1.44145
151 1.44322
152 1.4469
153 1.44822
154 1.45039
155 1.45282
156 1.45397
157 1.45735
158 1.46571
159 1.47138
160 1.48155
161 1.49817
162 1.50211
163 1.51438
164 1.52859
165 1.52957
166 1.54252
167 1.5575
168 1.55918
169 1.56265
170 1.56938
171 1.57787
172 1.58164
173 1.60752
174 1.6259
175 1.63107
176 1.64185
177 1.645
178 1.67371
179 1.67716
180 1.6974
181 1.70137
182 1.70585
183 1.7157
184 1.71795
185 1.73419
186 1.74305
187 1.74564
188 1.74862
189 1.75181
190 1.76986
191 1.79835
192 1.80494
193 1.81335
194 1.83057
195 1.83706
196 1.86148
197 1.87417
198 1.87989
199 1.88498
200 1.92964
201 1.9399
202 1.94481
203 1.95514
204 1.96405
205 1.97901
206 1.98075
207 1.98321
208 1.99403
209 2.02414
210 2.03512
211 2.04588
212 2.06357
213 2.06696
214 2.07211
215 2.10011
216 2.1073
217 2.11927
218 2.14113
219 2.14677
220 2.166
221 2.17169
222 2.17706
223 2.19031
224 2.19603
225 2.20775
226 2.21264
227 2.21817
228 2.23159
229 2.26414
230 2.27115
231 2.28462
232 2.30929
233 2.3182
234 2.31964
235 2.35331
236 2.35637
237 2.38018
238 2.38838
239 2.39536
240 2.43047
241 2.43424
242 2.43795
243 2.44494
244 2.46898
245 2.47029
246 2.473
247 2.48156
248 2.48646
249 2.49635
250 2.52504
251 2.53112
252 2.5623
253 2.56501
254 2.56809
255 2.57741
256 2.59457
257 2.60224
258 2.60449
259 2.60885
260 2.63198
261 2.65139
262 2.6566
263 2.66584
264 2.66736
265 2.67627
266 2.67788
267 2.69549
268 2.69709
269 2.70109
270 2.71379
271 2.71978
272 2.72917
273 2.73245
274 2.73805
275 2.76356
276 2.76519
277 2.76999
278 2.78177
279 2.79094
280 2.79843
281 2.80539
282 2.82388
283 2.83003
284 2.84425
285 2.84969
286 2.86128
287 2.87104
288 2.87601
289 2.88184
290 2.90047
291 2.92708
292 2.9376
293 2.94776
294 2.95164
295 2.96924
296 2.98471
297 2.99452
298 2.99879
