1 0.00425
2 0.00564
3 0.01537
4 0.02272
5 0.02944
6 0.03147
7 0.0486
8 0.05591
9 0.06498
10 0.07118
11 0.07381
12 0.08155
13 0.08997
14 0.0973
15 0.11145
16 0.11246
17 0.11854
18 0.1272
19 0.13529
20 0.13732
21 0.14031
22 0.15249
23 0.15917
24 0.17174
25 0.18373
26 0.18911
27 0.19582
28 0.20457
29 0.22868
30 0.23285
31 0.23863
32 0.24651
33 0.26337
34 0.26799
35 0.27907
36 0.28853
37 0.30631
38 0.32788
39 0.35892
40 0.37857
41 0.38147
42 0.38728
43 0.39357
44 0.40244
45 0.40804
46 0.42001
47 0.44703
48 0.44956
49 0.46405
50 0.47316
51 0.47719
52 0.47979
53 0.48997
54 0.50583
55 0.50725
56 0.5108
57 0.51865
58 0.52432
59 0.52896
60 0.54962
61 0.5692
62 0.57944
63 0.58305
64 0.58779
65 0.60773
66 0.6275
67 0.62957
68 0.63691
69 0.65057
70 0.65394
71 0.65888
72 0.6738
73 0.67863
74 0.69161
75 0.70486
76 0.7181
77 0.72026
78 0.72968
79 0.73416
80 0.739
81 0.74866
82 0.75481
83 0.76834
84 0.77337
85 0.78162
86 0.78917
87 0.79211
88 0.80109
89 0.80619
90 0.80972
91 0.81294
92 0.81562
93 0.81944
94 0.83645
95 0.84135
96 0.85256
97 0.85836
98 0.86621
99 0.87746
100 0.88914
101 0.89839
102 0.91875
103 0.9299
104 0.93784
105 0.96001
106 0.97525
107 0.98136
108 0.98496
109 0.99356
110 0.99448
111 1.00912
112 1.01251
113 1.02248
114 1.03729
115 1.0558
116 1.05778
117 1.07751
118 1.10773
119 1.1127
120 1.12024
121 1.12626
122 1.13837
123 1.1468
124 1.14971
125 1.16775
126 1.18345
127 1.19453
128 1.20356
129 1.2247
130 1.22584
131 1.22899
132 1.24526
133 1.2484
134 1.2544
135 1.28829
136 1.30123
137 1.316
138 1.32191
139 1.32374
140 1.33412
141 1.33941
142 1.35274
143 1.36267
144 1.38429
145 1.39784
146 1.42261
147 1.42954
148 1.47289
149 1.47593
150 1.48201
151 1.4931
152 1.49979
153 1.51491
154 1.52462
155 1.53182
156 1.53443
157 1.5443
158 1.54869
159 1.56428
160 1.57445
161 1.57639
162 1.58014
163 1.58953
164 1.59513
165 1.59777
166 1.60812
167 1.6229
168 1.63022
169 1.63948
170 1.64917
171 1.65323
172 1.67311
173 1.67825
174 1.68117
175 1.69271
176 1.69689
177 1.71061
178 1.71537
179 1.72791
180 1.73797
181 1.75781
182 1.76459
183 1.77021
184 1.77221
185 1.78333
186 1.78544
187 1.78939
188 1.79662
189 1.79926
190 1.8203
191 1.82807
192 1.83321
193 1.85541
194 1.8716
195 1.877
196 1.88251
197 1.89164
198 1.90443
199 1.91296
200 1.922
201 1.93173
202 1.94975
203 1.96521
204 1.98052
205 1.98761
206 1.99273
207 1.99613
208 2.0032
209 2.00632
210 2.01141
211 2.01517
212 2.02365
213 2.02692
214 2.03319
215 2.03983
216 2.04824
217 2.05625
218 2.07963
219 2.095
220 2.10865
221 2.12347
222 2.1326
223 2.13556
224 2.15336
225 2.15826
226 2.16111
227 2.18741
228 2.19207
229 2.19338
230 2.19803
231 2.19892
232 2.21121
233 2.21712
234 2.21918
235 2.23512
236 2.25215
237 2.25724
238 2.26597
239 2.26951
240 2.27625
241 2.2772
242 2.27833
243 2.29732
244 2.30937
245 2.32915
246 2.33625
247 2.35149
248 2.36575
249 2.37574
250 2.37769
251 2.37984
252 2.38441
253 2.38808
254 2.40224
255 2.40892
256 2.42056
257 2.42712
258 2.44141
259 2.44735
260 2.46865
261 2.47523
262 2.4863
263 2.5012
264 2.50662
265 2.52221
266 2.52857
267 2.54131
268 2.5503
269 2.55672
270 2.57073
271 2.57246
272 2.58344
273 2.58509
274 2.58801
275 2.60074
276 2.61031
277 2.63254
278 2.63532
279 2.64005
280 2.65379
281 2.65964
282 2.68984
283 2.69134
284 2.72156
285 2.73428
286 2.73908
287 2.74553
288 2.74845
289 2.76191
290 2.78217
291 2.78659
292 2.80624
293 2.82152
294 2.82568
295 2.83456
296 2.84103
297 2.85406
298 2.86243
299 2.87609
300 2.87701
301 2.88093
302 2.89924
303 2.90052
304 2.93027
305 2.93581
306 2.94295
307 2.95379
308 2.96137
309 2.97455
310 2.98335
311 2.9854
312 2.99392
