1 0.0015
2 0.0028
3 0.0233
4 0.03597
5 0.03971
6 0.04499
7 0.04675
8 0.04916
9 0.05491
10 0.0748
11 0.07716
12 0.08008
13 0.08162
14 0.08408
15 0.09247
16 0.0941
17 0.10408
18 0.11184
19 0.11764
20 0.12055
21 0.12267
22 0.12722
23 0.13084
24 0.13767
25 0.14101
26 0.15449
27 0.16784
28 0.16925
29 0.17574
30 0.18211
31 0.192
32 0.21844
33 0.23207
34 0.2371
35 0.2468
36 0.24869
37 0.25001
38 0.25756
39 0.27412
40 0.27666
41 0.2861
42 0.29246
43 0.29368
44 0.29651
45 0.30784
46 0.32559
47 0.33395
48 0.34356
49 0.34593
50 0.34942
51 0.36698
52 0.3766
53 0.38985
54 0.39244
55 0.40816
56 0.41672
57 0.42012
58 0.42254
59 0.42499
60 0.42949
61 0.4316
62 0.43574
63 0.4392
64 0.44207
65 0.44485
66 0.45853
67 0.46181
68 0.47243
69 0.488
70 0.50747
71 0.5255
72 0.53912
73 0.54371
74 0.55138
75 0.55365
76 0.57169
77 0.57792
78 0.5808
79 0.59193
80 0.59925
81 0.60296
82 0.60666
83 0.608
84 0.62188
85 0.62552
86 0.62696
87 0.63495
88 0.63745
89 0.644
90 0.67035
91 0.68004
92 0.68553
93 0.68777
94 0.69087
95 0.69346
96 0.69813
97 0.70813
98 0.71468
99 0.7331
100 0.74327
101 0.75429
102 0.76229
103 0.77595
104 0.78757
105 0.79017
106 0.80784
107 0.82913
108 0.83583
109 0.84203
110 0.84417
111 0.84592
112 0.84779
113 0.85103
114 0.85572
115 0.86189
116 0.86334
117 0.86885
118 0.87074
119 0.87456
120 0.87975
121 0.88973
122 0.90585
123 0.91679
124 0.91781
125 0.92299
126 0.92632
127 0.9299
128 0.9349
129 0.93941
130 0.94491
131 0.95594
132 0.96258
133 0.97048
134 0.98228
135 0.98389
136 0.99542
137 0.99974
138 1.0014
139 1.02481
140 1.03697
141 1.03858
142 1.04618
143 1.04929
144 1.05553
145 1.05974
146 1.07593
147 1.07878
148 1.08931
149 1.09085
150 1.09722
151 1.10227
152 1.1151
153 1.11692
154 1.12148
155 1.12428
156 1.12968
157 1.15159
158 1.16594
159 1.17286
160 1.176
161 1.18523
162 1.19398
163 1.19775
164 1.20077
165 1.2032
166 1.20722
167 1.20866
168 1.22123
169 1.23426
170 1.2396
171 1.24745
172 1.25818
173 1.27446
174 1.27674
175 1.28821
176 1.2942
177 1.29767
178 1.32418
179 1.33811
180 1.34401
181 1.3483
182 1.35342
183 1.36156
184 1.3665
185 1.37047
186 1.37717
187 1.38042
188 1.38457
189 1.39463
190 1.4155
191 1.42822
192 1.43857
193 1.44834
194 1.45252
195 1.47141
196 1.48652
197 1.49449
198 1.49873
199 1.50357
200 1.52565
201 1.53626
202 1.57314
203 1.5754
204 1.58234
205 1.58408
206 1.59176
207 1.59371
208 1.60067
209 1.60982
210 1.61257
211 1.61993
212 1.6257
213 1.62947
214 1.63674
215 1.65502
216 1.66736
217 1.67242
218 1.67369
219 1.67572
220 1.67823
221 1.68131
222 1.69182
223 1.69547
224 1.69886
225 1.71122
226 1.71945
227 1.72267
228 1.73788
229 1.74693
230 1.75562
231 1.77332
232 1.78645
233 1.79956
234 1.80148
235 1.80767
236 1.82884
237 1.83364
238 1.8359
239 1.83796
240 1.8403
241 1.84675
242 1.84833
243 1.85354
244 1.86118
245 1.86347
246 1.87298
247 1.87481
248 1.8802
249 1.90107
250 1.91797
251 1.92053
252 1.92771
253 1.92969
254 1.9368
255 1.9439
256 1.94703
257 1.94872
258 1.95447
259 1.9577
260 1.9647
261 1.9847
262 1.99149
263 1.99242
264 2.00172
265 2.02078
266 2.0354
267 2.03788
268 2.04624
269 2.05075
270 2.07437
271 2.07789
272 2.0835
273 2.09289
274 2.11137
275 2.11567
276 2.12117
277 2.12925
278 2.13048
279 2.13581
280 2.13884
281 2.15396
282 2.15569
283 2.1667
284 2.1684
285 2.1758
286 2.18332
287 2.1881
288 2.19052
289 2.19214
290 2.19733
291 2.20164
292 2.20759
293 2.21153
294 2.23271
295 2.24128
296 2.24282
297 2.24481
298 2.24767
299 2.24976
300 2.26005
301 2.278
302 2.28625
303 2.28931
304 2.2966
305 2.30624
306 2.32617
307 2.32838
308 2.33059
309 2.33186
310 2.33692
311 2.34047
312 2.34905
313 2.35381
314 2.36082
315 2.36282
316 2.3677
317 2.36867
318 2.37172
319 2.37355
320 2.38237
321 2.38614
322 2.38983
323 2.40547
324 2.41804
325 2.42005
326 2.42447
327 2.42941
328 2.43318
329 2.44226
330 2.45132
331 2.47835
332 2.48715
333 2.48912
334 2.49459
335 2.50208
336 2.52392
337 2.54043
338 2.54961
339 2.55199
340 2.5751
341 2.57681
342 2.57987
343 2.58214
344 2.58498
345 2.58789
346 2.59424
347 2.59626
348 2.61804
349 2.62057
350 2.62512
351 2.62989
352 2.63163
353 2.63863
354 2.65368
355 2.66909
356 2.67368
357 2.68254
358 2.68792
359 2.69737
360 2.70891
361 2.714
362 2.73845
363 2.74158
364 2.74803
365 2.753
366 2.75648
367 2.77344
368 2.78444
369 2.79335
370 2.79571
371 2.80895
372 2.82525
373 2.85492
374 2.86921
375 2.87455
376 2.8811
377 2.88259
378 2.88427
379 2.8857
380 2.9185
381 2.92258
382 2.93002
383 2.93665
384 2.94021
385 2.94285
386 2.94995
387 2.95754
388 2.95917
389 2.96473
390 2.97046
391 2.98051
392 2.99237
