1 0.00642
2 0.01874
3 0.02219
4 0.02395
5 0.03049
6 0.03362
7 0.03834
8 0.04618
9 0.05346
10 0.08573
11 0.11464
12 0.12502
13 0.1275
14 0.13209
15 0.13717
16 0.14798
17 0.15342
18 0.17184
19 0.17819
20 0.1796
21 0.18717
22 0.1885
23 0.21497
24 0.22219
25 0.23087
26 0.23899
27 0.2416
28 0.25614
29 0.26077
30 0.27029
31 0.28561
32 0.29291
33 0.30118
34 0.30344
35 0.31584
36 0.32408
37 0.32895
38 0.33579
39 0.34133
40 0.34402
41 0.35609
42 0.37609
43 0.39344
44 0.39761
45 0.40317
46 0.41198
47 0.42915
48 0.43166
49 0.43745
50 0.44099
51 0.45118
52 0.4697
53 0.47602
54 0.4891
55 0.50223
56 0.50808
57 0.51129
58 0.52087
59 0.52766
60 0.53809
61 0.54432
62 0.55386
63 0.56416
64 0.5853
65 0.58869
66 0.59277
67 0.5981
68 0.61001
69 0.61839
70 0.62227
71 0.63354
72 0.64374
73 0.64754
74 0.65306
75 0.65894
76 0.66758
77 0.67193
78 0.6922
79 0.71895
80 0.72502
81 0.72608
82 0.75681
83 0.76798
84 0.77641
85 0.78163
86 0.78297
87 0.79353
88 0.8042
89 0.83165
90 0.83896
91 0.84046
92 0.84822
93 0.85612
94 0.88435
95 0.89453
96 0.8994
97 0.9011
98 0.93228
99 0.93796
100 0.94315
101 0.95107
102 0.97916
103 0.99696
104 1.01225
105 1.01847
106 1.02384
107 1.03246
108 1.04964
109 1.05488
110 1.06234
111 1.07651
112 1.08915
113 1.09881
114 1.1141
115 1.11526
116 1.12495
117 1.13449
118 1.14334
119 1.14562
120 1.15445
121 1.17277
122 1.18247
123 1.19207
124 1.19633
125 1.22531
126 1.22874
127 1.23085
128 1.23483
129 1.2363
130 1.24774
131 1.25576
132 1.26313
133 1.26905
134 1.27594
135 1.2796
136 1.28237
137 1.28456
138 1.29202
139 1.30317
140 1.33288
141 1.33774
142 1.3441
143 1.34755
144 1.34993
145 1.35706
146 1.38057
147 1.38847
148 1.39759
149 1.40506
150 1.40954
151 1.46685
152 1.50609
153 1.50729
154 1.53211
155 1.54358
156 1.54474
157 1.55616
158 1.58118
159 1.59008
160 1.60542
161 1.61484
162 1.61597
163 1.62045
164 1.63683
165 1.64744
166 1.64918
167 1.65291
168 1.67131
169 1.68343
170 1.70775
171 1.71623
172 1.72481
173 1.7422
174 1.75956
175 1.76567
176 1.77258
177 1.77896
178 1.78468
179 1.79605
180 1.8007
181 1.80593
182 1.81227
183 1.82823
184 1.83286
185 1.83991
186 1.85297
187 1.88135
188 1.89113
189 1.8957
190 1.89961
191 1.90257
192 1.91696
193 1.93499
194 1.95127
195 1.95793
196 1.96791
197 1.97326
198 1.98844
199 2.00097
200 2.01379
201 2.01732
202 2.02637
203 2.03678
204 2.0432
205 2.04761
206 2.05108
207 2.08658
208 2.09328
209 2.11106
210 2.11679
211 2.12634
212 2.14072
213 2.14482
214 2.14722
215 2.17158
216 2.18082
217 2.18936
218 2.22407
219 2.2401
220 2.24172
221 2.24742
222 2.25856
223 2.26338
224 2.26915
225 2.29036
226 2.29607
227 2.30669
228 2.33338
229 2.33823
230 2.34663
231 2.35089
232 2.36826
233 2.3706
234 2.38105
235 2.38478
236 2.3941
237 2.40184
238 2.42443
239 2.43189
240 2.44035
241 2.44606
242 2.47072
243 2.51163
244 2.51276
245 2.51405
246 2.52474
247 2.5403
248 2.5503
249 2.55421
250 2.57867
251 2.58917
252 2.59267
253 2.59894
254 2.60361
255 2.61526
256 2.62534
257 2.63948
258 2.64441
259 2.64674
260 2.65058
261 2.67866
262 2.68911
263 2.7175
264 2.72207
265 2.72641
266 2.72771
267 2.75665
268 2.76443
269 2.77109
270 2.78037
271 2.79623
272 2.79922
273 2.80391
274 2.83294
275 2.84302
276 2.85528
277 2.86776
278 2.88424
279 2.88871
280 2.89281
281 2.89376
282 2.90073
283 2.92425
284 2.9296
285 2.939
286 2.95167
287 2.97042
288 2.97329
289 2.99257
290 2.99598
