1 0.00435
2 0.00901
3 0.02282
4 0.04093
5 0.05203
6 0.05391
7 0.05743
8 0.06505
9 0.07296
10 0.07636
11 0.09537
12 0.10545
13 0.1272
14 0.14273
15 0.14482
16 0.14617
17 0.15029
18 0.1538
19 0.1604
20 0.1638
21 0.16561
22 0.18418
23 0.19419
24 0.19579
25 0.23537
26 0.24505
27 0.25315
28 0.25537
29 0.2593
30 0.26061
31 0.27675
32 0.28435
33 0.28808
34 0.34708
35 0.35263
36 0.3677
37 0.383
38 0.39255
39 0.41079
40 0.41839
41 0.42205
42 0.42636
43 0.44655
44 0.52125
45 0.53454
46 0.54704
47 0.56417
48 0.57079
49 0.60021
50 0.60962
51 0.61357
52 0.63096
53 0.63267
54 0.63697
55 0.66546
56 0.6742
57 0.68895
58 0.69702
59 0.70055
60 0.70614
61 0.72818
62 0.73813
63 0.74054
64 0.74392
65 0.74936
66 0.75228
67 0.78068
68 0.78552
69 0.7943
70 0.80101
71 0.81349
72 0.82134
73 0.82526
74 0.83426
75 0.84714
76 0.87259
77 0.87872
78 0.88396
79 0.89171
80 0.89537
81 0.89725
82 0.903
83 0.91119
84 0.92439
85 0.93214
86 0.94617
87 0.94799
88 0.96715
89 0.97075
90 0.979
91 0.98266
92 0.98797
93 0.99113
94 0.99457
95 1.00043
96 1.01608
97 1.0263
98 1.0396
99 1.05356
100 1.05828
101 1.08303
102 1.09938
103 1.10093
104 1.13472
105 1.14366
106 1.1474
107 1.15292
108 1.1546
109 1.15652
110 1.15861
111 1.17378
112 1.19341
113 1.20063
114 1.23188
115 1.23968
116 1.24304
117 1.24899
118 1.25754
119 1.27645
120 1.28285
121 1.29384
122 1.29754
123 1.30904
124 1.31393
125 1.3318
126 1.3496
127 1.37464
128 1.37893
129 1.38846
130 1.39363
131 1.39944
132 1.41075
133 1.42502
134 1.43355
135 1.44238
136 1.44415
137 1.46908
138 1.47509
139 1.48938
140 1.49086
141 1.4952
142 1.497
143 1.51001
144 1.52756
145 1.53314
146 1.54281
147 1.55322
148 1.56383
149 1.57189
150 1.57671
151 1.59606
152 1.59863
153 1.61061
154 1.61218
155 1.63685
156 1.64399
157 1.64769
158 1.66083
159 1.67172
160 1.67768
161 1.68292
162 1.69628
163 1.70359
164 1.70907
165 1.72011
166 1.72612
167 1.7376
168 1.76346
169 1.77283
170 1.7747
171 1.80211
172 1.80409
173 1.80726
174 1.82753
175 1.84293
176 1.85647
177 1.87072
178 1.89449
179 1.90708
180 1.98694
181 1.98927
182 2.00077
183 2.00214
184 2.01023
185 2.01956
186 2.0233
187 2.03602
188 2.04122
189 2.04918
190 2.05994
191 2.0777
192 2.08051
193 2.10372
194 2.10504
195 2.11912
196 2.15236
197 2.16097
198 2.1687
199 2.17213
200 2.17573
201 2.18905
202 2.21497
203 2.22105
204 2.22266
205 2.23703
206 2.25739
207 2.27457
208 2.27643
209 2.29385
210 2.29691
211 2.30827
212 2.35003
213 2.35396
214 2.37697
215 2.38568
216 2.38706
217 2.39086
218 2.40284
219 2.40714
220 2.41295
221 2.41519
222 2.42066
223 2.44066
224 2.4522
225 2.4767
226 2.48723
227 2.48939
228 2.50253
229 2.50677
230 2.52198
231 2.52815
232 2.55089
233 2.55791
234 2.57541
235 2.58487
236 2.59714
237 2.61666
238 2.62753
239 2.65701
240 2.66154
241 2.67156
242 2.69103
243 2.70732
244 2.75551
245 2.7598
246 2.77944
247 2.78471
248 2.79483
249 2.79663
250 2.81955
251 2.82298
252 2.82932
253 2.83796
254 2.85353
255 2.86755
256 2.87254
257 2.90169
258 2.9121
259 2.93513
260 2.95092
261 2.96894
262 2.97956
263 2.98453
