1 0.01223
2 0.01727
3 0.0205
4 0.02467
5 0.02665
6 0.0347
7 0.04308
8 0.05302
9 0.08345
10 0.10336
11 0.10617
12 0.11628
13 0.12883
14 0.13843
15 0.16005
16 0.16346
17 0.18418
18 0.18806
19 0.18992
20 0.2002
21 0.22051
22 0.2269
23 0.24357
24 0.25423
25 0.26961
26 0.27127
27 0.28398
28 0.28948
29 0.29138
30 0.31542
31 0.32383
32 0.32827
33 0.33295
34 0.34096
35 0.35116
36 0.36669
37 0.37679
38 0.38173
39 0.38482
40 0.41148
41 0.41492
42 0.44321
43 0.45579
44 0.50414
45 0.50977
46 0.51251
47 0.51385
48 0.51586
49 0.52221
50 0.53034
51 0.53764
52 0.54363
53 0.54731
54 0.55787
55 0.56172
56 0.56926
57 0.57043
58 0.57977
59 0.58598
60 0.5979
61 0.60209
62 0.60804
63 0.61919
64 0.63648
65 0.64293
66 0.66404
67 0.67594
68 0.68148
69 0.69782
70 0.71229
71 0.72315
72 0.73994
73 0.74931
74 0.75717
75 0.76095
76 0.77021
77 0.77242
78 0.7747
79 0.78164
80 0.78953
81 0.79433
82 0.80647
83 0.80991
84 0.81582
85 0.82366
86 0.83474
87 0.85166
88 0.85268
89 0.87501
90 0.8769
91 0.88053
92 0.8879
93 0.89116
94 0.90952
95 0.91852
96 0.92832
97 0.93204
98 0.95439
99 0.95655
100 0.96183
101 0.96894
102 0.98746
103 1.00385
104 1.01188
105 1.02338
106 1.03927
107 1.05986
108 1.06641
109 1.07947
110 1.11081
111 1.14785
112 1.17902
113 1.19387
114 1.20701
115 1.21618
116 1.2247
117 1.23168
118 1.25052
119 1.2564
120 1.25794
121 1.26482
122 1.26751
123 1.28197
124 1.2957
125 1.30595
126 1.31712
127 1.32946
128 1.332
129 1.35265
130 1.35449
131 1.37199
132 1.37696
133 1.38231
134 1.41005
135 1.41175
136 1.4196
137 1.42452
138 1.42972
139 1.43374
140 1.44814
141 1.45277
142 1.46501
143 1.47682
144 1.48658
145 1.51726
146 1.52263
147 1.53542
148 1.54759
149 1.55856
150 1.59216
151 1.59917
152 1.61846
153 1.62923
154 1.63525
155 1.67091
156 1.67264
157 1.67595
158 1.69553
159 1.70869
160 1.71448
161 1.73685
162 1.77631
163 1.78202
164 1.78951
165 1.79649
166 1.81058
167 1.81445
168 1.82474
169 1.82995
170 1.83167
171 1.83473
172 1.83836
173 1.86808
174 1.89036
175 1.90075
176 1.91811
177 1.92187
178 1.92513
179 1.93343
180 1.95014
181 1.96552
182 1.97472
183 1.98132
184 1.98989
185 1.99847
186 2.00566
187 2.01353
188 2.02417
189 2.02724
190 2.08312
191 2.08671
192 2.0904
193 2.09255
194 2.09546
195 2.09817
196 2.10706
197 2.11326
198 2.12525
199 2.14188
200 2.14825
201 2.17634
202 2.18484
203 2.18997
204 2.19996
205 2.20811
206 2.21916
207 2.22073
208 2.2451
209 2.24933
210 2.2582
211 2.27923
212 2.29321
213 2.3049
214 2.30648
215 2.31732
216 2.32204
217 2.33385
218 2.34539
219 2.36932
220 2.37719
221 2.38741
222 2.39533
223 2.40493
224 2.41438
225 2.41656
226 2.42431
227 2.46543
228 2.4894
229 2.51861
230 2.5285
231 2.53349
232 2.53865
233 2.54238
234 2.54972
235 2.55357
236 2.56204
237 2.57872
238 2.59412
239 2.59863
240 2.60205
241 2.62431
242 2.64588
243 2.66556
244 2.66984
245 2.69294
246 2.69569
247 2.70098
248 2.71841
249 2.72321
250 2.72577
251 2.73632
252 2.75603
253 2.76381
254 2.76709
255 2.77775
256 2.79336
257 2.79765
258 2.8102
259 2.81939
260 2.82961
261 2.83478
262 2.83808
263 2.84382
264 2.88287
265 2.89581
266 2.90431
267 2.91451
268 2.92121
269 2.92908
270 2.94383
271 2.97453
272 2.97561
273 2.99597
