1 0.00796
2 0.01894
3 0.02226
4 0.02645
5 0.02818
6 0.03969
7 0.04215
8 0.05354
9 0.06465
10 0.0704
11 0.07699
12 0.08295
13 0.08439
14 0.08603
15 0.08871
16 0.09153
17 0.0955
18 0.11705
19 0.12527
20 0.15448
21 0.17444
22 0.18801
23 0.19185
24 0.19316
25 0.19705
26 0.20313
27 0.20575
28 0.21384
29 0.22266
30 0.22478
31 0.23186
32 0.23761
33 0.24494
34 0.25377
35 0.25499
36 0.27244
37 0.28
38 0.28431
39 0.29366
40 0.30361
41 0.30608
42 0.31036
43 0.31584
44 0.31998
45 0.32227
46 0.34061
47 0.36202
48 0.37237
49 0.38074
50 0.38754
51 0.40174
52 0.43105
53 0.44243
54 0.44941
55 0.45768
56 0.46031
57 0.46341
58 0.47944
59 0.48885
60 0.49254
61 0.49634
62 0.50156
63 0.50506
64 0.50593
65 0.5206
66 0.52387
67 0.53201
68 0.53798
69 0.55522
70 0.56839
71 0.58499
72 0.59888
73 0.60473
74 0.62159
75 0.62887
76 0.63703
77 0.64744
78 0.6533
79 0.66922
80 0.67933
81 0.68758
82 0.69561
83 0.70385
84 0.71356
85 0.72523
86 0.73618
87 0.73788
88 0.74089
89 0.74492
90 0.74841
91 0.76046
92 0.76402
93 0.77516
94 0.7828
95 0.78409
96 0.79718
97 0.8043
98 0.80823
99 0.81694
100 0.83458
101 0.84781
102 0.86858
103 0.87548
104 0.88163
105 0.88702
106 0.90634
107 0.93404
108 0.9405
109 0.94975
110 0.95537
111 0.96843
112 0.97614
113 0.97995
114 0.9833
115 0.9934
116 1.01157
117 1.02273
118 1.03049
119 1.03187
120 1.03622
121 1.04496
122 1.04737
123 1.05417
124 1.05829
125 1.06386
126 1.08574
127 1.08958
128 1.09911
129 1.10477
130 1.126
131 1.12881
132 1.13199
133 1.14442
134 1.15156
135 1.15583
136 1.15934
137 1.18254
138 1.18403
139 1.19075
140 1.19646
141 1.20041
142 1.20781
143 1.22185
144 1.23583
145 1.24602
146 1.2524
147 1.27019
148 1.27372
149 1.28086
150 1.29332
151 1.29711
152 1.32111
153 1.33136
154 1.33832
155 1.34311
156 1.35067
157 1.35954
158 1.36761
159 1.37439
160 1.38034
161 1.38975
162 1.40227
163 1.4138
164 1.41573
165 1.4334
166 1.43796
167 1.4435
168 1.44887
169 1.45432
170 1.45932
171 1.47113
172 1.47464
173 1.48082
174 1.48277
175 1.50408
176 1.51537
177 1.52047
178 1.52918
179 1.53784
180 1.54281
181 1.55145
182 1.5528
183 1.55551
184 1.56086
185 1.57808
186 1.58054
187 1.58859
188 1.62663
189 1.63795
190 1.65325
191 1.65596
192 1.65711
193 1.6619
194 1.66356
195 1.6738
196 1.70138
197 1.70417
198 1.70904
199 1.7157
200 1.72439
201 1.73022
202 1.74275
203 1.74681
204 1.76195
205 1.77206
206 1.79334
207 1.81265
208 1.82301
209 1.83209
210 1.83471
211 1.84483
212 1.86743
213 1.87854
214 1.88561
215 1.90158
216 1.90299
217 1.91001
218 1.92518
219 1.94141
220 1.95378
221 1.9686
222 1.97241
223 1.98759
224 1.99184
225 1.99567
226 2.00146
227 2.01517
228 2.03034
229 2.03319
230 2.04039
231 2.05056
232 2.05809
233 2.05895
234 2.06067
235 2.06399
236 2.0697
237 2.07353
238 2.07772
239 2.08938
240 2.0975
241 2.11535
242 2.11943
243 2.12719
244 2.14017
245 2.1484
246 2.15065
247 2.16393
248 2.16602
249 2.17241
250 2.18405
251 2.19169
252 2.19686
253 2.20079
254 2.21042
255 2.21339
256 2.22137
257 2.23224
258 2.23505
259 2.24557
260 2.25131
261 2.26196
262 2.26599
263 2.28397
264 2.30771
265 2.31525
266 2.32727
267 2.34706
268 2.35185
269 2.35816
270 2.37241
271 2.38396
272 2.38759
273 2.39141
274 2.40418
275 2.4168
276 2.41923
277 2.42023
278 2.42841
279 2.43613
280 2.43986
281 2.44788
282 2.45062
283 2.45718
284 2.46482
285 2.46968
286 2.48956
287 2.49235
288 2.49512
289 2.49872
290 2.52456
291 2.53976
292 2.54127
293 2.56224
294 2.56877
295 2.5747
296 2.57644
297 2.57841
298 2.58416
299 2.59923
300 2.61695
301 2.62095
302 2.6299
303 2.63796
304 2.65385
305 2.66758
306 2.6733
307 2.68341
308 2.70358
309 2.70639
310 2.72206
311 2.7439
312 2.74623
313 2.76359
314 2.76891
315 2.77893
316 2.78287
317 2.7879
318 2.79505
319 2.79815
320 2.81437
321 2.81978
322 2.82386
323 2.83091
324 2.84511
325 2.85725
326 2.86863
327 2.87816
328 2.89468
329 2.91198
330 2.92556
331 2.93184
332 2.94403
333 2.95864
334 2.97263
335 2.99425
