1 0.00407
2 0.01026
3 0.01918
4 0.03398
5 0.04768
6 0.05529
7 0.06305
8 0.07044
9 0.07353
10 0.08236
11 0.08592
12 0.09388
13 0.09518
14 0.0991
15 0.11592
16 0.12366
17 0.14679
18 0.15388
19 0.17038
20 0.17989
21 0.18309
22 0.1876
23 0.22298
24 0.22742
25 0.23133
26 0.23459
27 0.24018
28 0.24415
29 0.24945
30 0.25844
31 0.25978
32 0.27334
33 0.28254
34 0.28608
35 0.29204
36 0.31012
37 0.31299
38 0.31616
39 0.31946
40 0.33953
41 0.34836
42 0.38273
43 0.38712
44 0.39007
45 0.39603
46 0.39887
47 0.41556
48 0.42572
49 0.43223
50 0.43657
51 0.45101
52 0.46198
53 0.46488
54 0.47658
55 0.48514
56 0.49417
57 0.50036
58 0.50494
59 0.50825
60 0.51759
61 0.52444
62 0.53017
63 0.54218
64 0.57015
65 0.58328
66 0.59091
67 0.60171
68 0.6056
69 0.61772
70 0.62682
71 0.63112
72 0.63609
73 0.64498
74 0.65525
75 0.67584
76 0.70417
77 0.71481
78 0.71935
79 0.73072
80 0.75037
81 0.76988
82 0.77346
83 0.78201
84 0.79414
85 0.80098
86 0.81415
87 0.8292
88 0.83445
89 0.8419
90 0.8516
91 0.85951
92 0.8649
93 0.8714
94 0.89589
95 0.92436
96 0.93175
97 0.94437
98 0.94614
99 0.95656
100 0.96145
101 0.97859
102 1.00464
103 1.00637
104 1.0103
105 1.02739
106 1.04375
107 1.0613
108 1.06641
109 1.06827
110 1.07152
111 1.08244
112 1.08672
113 1.10912
114 1.1515
115 1.16327
116 1.16995
117 1.17787
118 1.20357
119 1.21559
120 1.21842
121 1.22166
122 1.22764
123 1.25076
124 1.25348
125 1.25877
126 1.26567
127 1.27125
128 1.28012
129 1.29608
130 1.30027
131 1.302
132 1.3137
133 1.32215
134 1.32585
135 1.32764
136 1.33174
137 1.34141
138 1.35001
139 1.3533
140 1.37149
141 1.37494
142 1.38192
143 1.40393
144 1.4175
145 1.42783
146 1.43704
147 1.46216
148 1.49624
149 1.51634
150 1.53779
151 1.55091
152 1.57103
153 1.57766
154 1.5819
155 1.59827
156 1.61356
157 1.6365
158 1.64272
159 1.65979
160 1.66267
161 1.67009
162 1.67452
163 1.6827
164 1.68771
165 1.71142
166 1.71981
167 1.72206
168 1.725
169 1.7575
170 1.7677
171 1.77426
172 1.78645
173 1.78989
174 1.80486
175 1.81067
176 1.81818
177 1.82197
178 1.83041
179 1.8334
180 1.83478
181 1.83788
182 1.85813
183 1.86394
184 1.86725
185 1.87111
186 1.87702
187 1.90983
188 1.91826
189 1.93428
190 1.96398
191 1.96848
192 1.97603
193 2.00515
194 2.01802
195 2.02136
196 2.03198
197 2.03697
198 2.04805
199 2.05999
200 2.06578
201 2.07937
202 2.08874
203 2.09185
204 2.09881
205 2.10505
206 2.11977
207 2.14061
208 2.14313
209 2.15128
210 2.16743
211 2.17202
212 2.17601
213 2.17774
214 2.18155
215 2.18394
216 2.21445
217 2.22484
218 2.24701
219 2.25929
220 2.27215
221 2.28281
222 2.29503
223 2.30843
224 2.32599
225 2.33746
226 2.34049
227 2.35446
228 2.36163
229 2.37738
230 2.40339
231 2.41439
232 2.41626
233 2.42495
234 2.44965
235 2.46341
236 2.47896
237 2.50927
238 2.51325
239 2.51819
240 2.52204
241 2.53547
242 2.53968
243 2.54225
244 2.54674
245 2.56609
246 2.57734
247 2.59121
248 2.598
249 2.6228
250 2.63538
251 2.64682
252 2.66666
253 2.67788
254 2.69634
255 2.70105
256 2.7083
257 2.71533
258 2.71799
259 2.72278
260 2.73822
261 2.74558
262 2.76706
263 2.77583
264 2.77957
265 2.79543
266 2.79848
267 2.80293
268 2.80988
269 2.8173
270 2.85829
271 2.86987
272 2.87235
273 2.88387
274 2.89647
275 2.93033
276 2.93322
277 2.94456
278 2.94582
279 2.95353
280 2.96404
281 2.97071
282 2.99625
