1 0.00247
2 0.00578
3 0.00945
4 0.01361
5 0.01863
6 0.02028
7 0.02316
8 0.03102
9 0.03687
10 0.04314
11 0.05221
12 0.05578
13 0.07285
14 0.07618
15 0.07936
16 0.08703
17 0.08996
18 0.09418
19 0.1163
20 0.1246
21 0.12885
22 0.13386
23 0.14829
24 0.15793
25 0.15976
26 0.16799
27 0.17264
28 0.1781
29 0.18138
30 0.18336
31 0.19041
32 0.19775
33 0.19957
34 0.20393
35 0.20924
36 0.21281
37 0.21442
38 0.22055
39 0.22862
40 0.24409
41 0.24651
42 0.24849
43 0.25805
44 0.26416
45 0.26981
46 0.27634
47 0.27765
48 0.281
49 0.28385
50 0.2867
51 0.29879
52 0.30127
53 0.32444
54 0.33431
55 0.34312
56 0.34472
57 0.37344
58 0.38397
59 0.39783
60 0.40305
61 0.42235
62 0.43085
63 0.43625
64 0.43975
65 0.45931
66 0.46386
67 0.47389
68 0.48425
69 0.49234
70 0.51514
71 0.51907
72 0.5221
73 0.52991
74 0.53505
75 0.54068
76 0.55256
77 0.55738
78 0.56124
79 0.56505
80 0.57668
81 0.57908
82 0.58327
83 0.61531
84 0.6189
85 0.62065
86 0.62237
87 0.6347
88 0.64076
89 0.6541
90 0.65692
91 0.6597
92 0.66912
93 0.68075
94 0.68515
95 0.69111
96 0.69868
97 0.70405
98 0.70635
99 0.71084
100 0.7151
101 0.72523
102 0.7283
103 0.74167
104 0.75183
105 0.75568
106 0.75793
107 0.77099
108 0.77598
109 0.77687
110 0.77996
111 0.78165
112 0.7843
113 0.78835
114 0.79259
115 0.79543
116 0.82241
117 0.82459
118 0.83537
119 0.83725
120 0.84128
121 0.87126
122 0.88008
123 0.89039
124 0.91219
125 0.92811
126 0.93588
127 0.94004
128 0.94451
129 0.94634
130 0.953
131 0.95797
132 0.9673
133 0.9716
134 0.98129
135 0.99883
136 1.00005
137 1.0235
138 1.02577
139 1.03483
140 1.04594
141 1.04896
142 1.06978
143 1.07745
144 1.08467
145 1.08694
146 1.11677
147 1.12111
148 1.13104
149 1.14483
150 1.14998
151 1.1523
152 1.15853
153 1.17347
154 1.1768
155 1.1834
156 1.18758
157 1.19451
158 1.20795
159 1.21033
160 1.21241
161 1.21507
162 1.22448
163 1.23416
164 1.24328
165 1.2533
166 1.26431
167 1.26755
168 1.26993
169 1.27337
170 1.27869
171 1.28559
172 1.2897
173 1.29138
174 1.29599
175 1.31199
176 1.32292
177 1.33442
178 1.34386
179 1.37043
180 1.4015
181 1.41447
182 1.42866
183 1.44021
184 1.44632
185 1.44817
186 1.45763
187 1.46304
188 1.47316
189 1.48209
190 1.48683
191 1.49978
192 1.50935
193 1.51848
194 1.5267
195 1.53612
196 1.54534
197 1.55508
198 1.56349
199 1.57113
200 1.57888
201 1.5852
202 1.58821
203 1.59955
204 1.62805
205 1.63024
206 1.63696
207 1.64934
208 1.6607
209 1.68034
210 1.68389
211 1.68983
212 1.69471
213 1.70458
214 1.71817
215 1.72264
216 1.72823
217 1.73221
218 1.73381
219 1.74554
220 1.76342
221 1.76592
222 1.76732
223 1.7692
224 1.77847
225 1.78321
226 1.7946
227 1.81338
228 1.82024
229 1.82718
230 1.83356
231 1.83712
232 1.84295
233 1.84487
234 1.86859
235 1.87386
236 1.88235
237 1.88498
238 1.88695
239 1.9021
240 1.93304
241 1.94309
242 1.95237
243 1.96121
244 1.96383
245 1.97613
246 1.98408
247 1.99257
248 2.01857
249 2.02149
250 2.02376
251 2.02566
252 2.03006
253 2.03665
254 2.03921
255 2.05007
256 2.07428
257 2.07985
258 2.08474
259 2.08606
260 2.1022
261 2.1234
262 2.12958
263 2.13596
264 2.1398
265 2.14569
266 2.15798
267 2.1629
268 2.17525
269 2.17747
270 2.19508
271 2.19641
272 2.20409
273 2.20593
274 2.22339
275 2.22472
276 2.24054
277 2.25009
278 2.25931
279 2.26737
280 2.273
281 2.28701
282 2.29714
283 2.29898
284 2.31097
285 2.32627
286 2.33116
287 2.33905
288 2.38151
289 2.38512
290 2.40024
291 2.40738
292 2.42578
293 2.43391
294 2.43845
295 2.44362
296 2.45079
297 2.46412
298 2.47322
299 2.48312
300 2.49413
301 2.49887
302 2.50192
303 2.51968
304 2.52702
305 2.52931
306 2.53492
307 2.54593
308 2.54923
309 2.56517
310 2.57647
311 2.58265
312 2.58638
313 2.58996
314 2.60216
315 2.61883
316 2.62997
317 2.64882
318 2.676
319 2.6822
320 2.68631
321 2.70593
322 2.71123
323 2.72371
324 2.742
325 2.76309
326 2.76768
327 2.77164
328 2.78205
329 2.78439
330 2.79921
331 2.82665
332 2.8285
333 2.84509
334 2.84985
335 2.8534
336 2.86175
337 2.90258
338 2.92209
339 2.92479
340 2.92955
341 2.94355
342 2.94474
343 2.94712
344 2.95617
345 2.95808
346 2.96113
347 2.9682
348 2.97186
349 2.97711
350 2.98597
351 2.98996
352 2.99786
