1 0.00406
2 0.01244
3 0.02138
4 0.02836
5 0.03253
6 0.05864
7 0.06211
8 0.06676
9 0.07338
10 0.0868
11 0.11327
12 0.11673
13 0.122
14 0.12351
15 0.12911
16 0.13148
17 0.14609
18 0.15867
19 0.17313
20 0.17665
21 0.18179
22 0.1832
23 0.18858
24 0.19414
25 0.20185
26 0.20519
27 0.20709
28 0.20869
29 0.21585
30 0.21956
31 0.22565
32 0.23037
33 0.24242
34 0.24414
35 0.24606
36 0.24779
37 0.25083
38 0.26617
39 0.28003
40 0.30082
41 0.33237
42 0.33889
43 0.3529
44 0.35707
45 0.36082
46 0.36683
47 0.39584
48 0.39975
49 0.41241
50 0.41669
51 0.42381
52 0.4305
53 0.4343
54 0.44088
55 0.44264
56 0.45925
57 0.46996
58 0.49253
59 0.50315
60 0.51369
61 0.51547
62 0.51693
63 0.52041
64 0.53839
65 0.56418
66 0.56791
67 0.57541
68 0.58996
69 0.5943
70 0.60438
71 0.60783
72 0.63094
73 0.6352
74 0.64647
75 0.65251
76 0.65559
77 0.65729
78 0.65908
79 0.67238
80 0.6797
81 0.68509
82 0.68829
83 0.70336
84 0.71213
85 0.71666
86 0.72104
87 0.73341
88 0.7366
89 0.73869
90 0.75236
91 0.7589
92 0.76032
93 0.77498
94 0.79064
95 0.79866
96 0.80494
97 0.83062
98 0.83261
99 0.83671
100 0.85536
101 0.86273
102 0.87013
103 0.87873
104 0.8963
105 0.89963
106 0.90363
107 0.91872
108 0.939
109 0.94073
110 0.94621
111 0.95363
112 0.98542
113 0.98928
114 0.99256
115 0.99423
116 1.03547
117 1.0405
118 1.0562
119 1.05924
120 1.07048
121 1.07676
122 1.08468
123 1.10703
124 1.1105
125 1.12027
126 1.13847
127 1.1482
128 1.18396
129 1.18771
130 1.19285
131 1.20916
132 1.21524
133 1.21889
134 1.22837
135 1.23591
136 1.2377
137 1.24168
138 1.25397
139 1.25945
140 1.2627
141 1.28165
142 1.29511
143 1.30169
144 1.30487
145 1.31312
146 1.32115
147 1.32877
148 1.34137
149 1.34274
150 1.3545
151 1.37064
152 1.38132
153 1.39608
154 1.39841
155 1.39978
156 1.40204
157 1.40797
158 1.41135
159 1.41838
160 1.42215
161 1.42656
162 1.4287
163 1.43294
164 1.43618
165 1.44019
166 1.45216
167 1.45399
168 1.46385
169 1.46568
170 1.47545
171 1.50817
172 1.52848
173 1.55406
174 1.55611
175 1.55937
176 1.59119
177 1.60227
178 1.61227
179 1.63723
180 1.66529
181 1.67051
182 1.67612
183 1.67845
184 1.69108
185 1.69775
186 1.70117
187 1.70837
188 1.71322
189 1.74479
190 1.74644
191 1.76573
192 1.77688
193 1.78392
194 1.78677
195 1.79303
196 1.80265
197 1.83515
198 1.84161
199 1.85497
200 1.85804
201 1.86479
202 1.87304
203 1.88261
204 1.90093
205 1.90608
206 1.90714
207 1.92011
208 1.92423
209 1.94472
210 1.94836
211 1.97112
212 1.98268
213 1.99752
214 2.00641
215 2.03176
216 2.0457
217 2.0643
218 2.07994
219 2.08884
220 2.10378
221 2.1062
222 2.12621
223 2.13138
224 2.13611
225 2.13976
226 2.14138
227 2.14493
228 2.15619
229 2.16
230 2.17178
231 2.17551
232 2.18322
233 2.18472
234 2.20428
235 2.21287
236 2.21893
237 2.2269
238 2.2343
239 2.23888
240 2.24292
241 2.25142
242 2.25656
243 2.26888
244 2.28043
245 2.28415
246 2.29821
247 2.30893
248 2.3176
249 2.32846
250 2.3385
251 2.36012
252 2.37026
253 2.39188
254 2.40183
255 2.40873
256 2.41373
257 2.43198
258 2.43379
259 2.43545
260 2.45676
261 2.46391
262 2.48729
263 2.48993
264 2.49135
265 2.50241
266 2.51939
267 2.52473
268 2.52868
269 2.55884
270 2.56495
271 2.57897
272 2.59224
273 2.60838
274 2.61219
275 2.61537
276 2.63778
277 2.64428
278 2.6562
279 2.65771
280 2.6768
281 2.68644
282 2.69175
283 2.7145
284 2.72477
285 2.73763
286 2.75994
287 2.79041
288 2.79509
289 2.79727
290 2.80245
291 2.80636
292 2.81005
293 2.8127
294 2.81598
295 2.83199
296 2.84246
297 2.8467
298 2.85427
299 2.8608
300 2.8662
301 2.88799
302 2.89487
303 2.90503
304 2.9068
305 2.92785
306 2.93471
307 2.93639
308 2.94201
309 2.94624
310 2.95276
311 2.95469
312 2.96012
313 2.96496
314 2.97617
315 2.99482
