1 0.0187
2 0.03321
3 0.03797
4 0.04069
5 0.05362
6 0.05729
7 0.05834
8 0.06287
9 0.06851
10 0.07237
11 0.07433
12 0.09724
13 0.1005
14 0.10761
15 0.12251
16 0.13482
17 0.13683
18 0.14372
19 0.14643
20 0.15458
21 0.16193
22 0.1671
23 0.17802
24 0.18029
25 0.18273
26 0.19242
27 0.19486
28 0.19812
29 0.20093
30 0.22309
31 0.23003
32 0.23529
33 0.23721
34 0.239
35 0.24555
36 0.25355
37 0.27716
38 0.2814
39 0.28415
40 0.2858
41 0.28764
42 0.29817
43 0.29955
44 0.30438
45 0.31271
46 0.31912
47 0.34143
48 0.3467
49 0.34872
50 0.35676
51 0.35844
52 0.36125
53 0.36489
54 0.36918
55 0.37371
56 0.37691
57 0.38068
58 0.38562
59 0.38705
60 0.39167
61 0.39775
62 0.40369
63 0.40667
64 0.41572
65 0.41968
66 0.42198
67 0.42524
68 0.44234
69 0.44644
70 0.45237
71 0.45909
72 0.47444
73 0.48186
74 0.48645
75 0.48775
76 0.49078
77 0.49423
78 0.52767
79 0.53789
80 0.54937
81 0.55125
82 0.55313
83 0.55406
84 0.55696
85 0.57146
86 0.58252
87 0.59749
88 0.59949
89 0.60157
90 0.6068
91 0.60851
92 0.61429
93 0.61927
94 0.62923
95 0.63312
96 0.64276
97 0.65501
98 0.65808
99 0.66177
100 0.67222
101 0.68474
102 0.69435
103 0.73666
104 0.74569
105 0.77589
106 0.7812
107 0.78475
108 0.78652
109 0.791
110 0.7946
111 0.79879
112 0.80625
113 0.81049
114 0.81461
115 0.82057
116 0.82262
117 0.836
118 0.84768
119 0.8516
120 0.85526
121 0.85829
122 0.86038
123 0.8658
124 0.86907
125 0.87128
126 0.87807
127 0.89122
128 0.8934
129 0.8966
130 0.91533
131 0.91979
132 0.92181
133 0.92774
134 0.9324
135 0.93642
136 0.94072
137 0.94683
138 0.94876
139 0.95743
140 0.97595
141 0.98767
142 0.99583
143 1.02814
144 1.03218
145 1.03427
146 1.03906
147 1.04512
148 1.04991
149 1.05192
150 1.05489
151 1.06125
152 1.06531
153 1.06882
154 1.0976
155 1.10332
156 1.10547
157 1.10922
158 1.12647
159 1.1348
160 1.13692
161 1.1421
162 1.14385
163 1.14497
164 1.14955
165 1.16069
166 1.16759
167 1.17571
168 1.18252
169 1.19068
170 1.19678
171 1.21246
172 1.22753
173 1.23451
174 1.23654
175 1.23869
176 1.24283
177 1.27729
178 1.27931
179 1.2829
180 1.28773
181 1.29445
182 1.30015
183 1.30791
184 1.31388
185 1.31799
186 1.32076
187 1.34508
188 1.35267
189 1.3585
190 1.36279
191 1.3726
192 1.38692
193 1.4012
194 1.40724
195 1.40997
196 1.4129
197 1.42266
198 1.42585
199 1.43146
200 1.43779
201 1.44464
202 1.44765
203 1.44994
204 1.4619
205 1.48117
206 1.48491
207 1.52427
208 1.52678
209 1.52913
210 1.53681
211 1.55101
212 1.56202
213 1.56427
214 1.57038
215 1.58836
216 1.59943
217 1.60281
218 1.61259
219 1.61611
220 1.62356
221 1.62911
222 1.63236
223 1.63936
224 1.64051
225 1.64835
226 1.65355
227 1.65936
228 1.66376
229 1.66825
230 1.6768
231 1.68403
232 1.68606
233 1.69363
234 1.69875
235 1.70612
236 1.73165
237 1.7399
238 1.74378
239 1.75224
240 1.7748
241 1.78182
242 1.79064
243 1.79621
244 1.8039
245 1.80937
246 1.8163
247 1.84584
248 1.84745
249 1.84938
250 1.85352
251 1.85532
252 1.86163
253 1.87117
254 1.87951
255 1.88303
256 1.88992
257 1.89306
258 1.89872
259 1.90975
260 1.91863
261 1.93258
262 1.93648
263 1.94178
264 1.94738
265 1.96039
266 1.9751
267 1.98853
268 1.99213
269 1.99436
270 2.01031
271 2.02659
272 2.02813
273 2.03645
274 2.03998
275 2.04228
276 2.05205
277 2.05669
278 2.05949
279 2.06434
280 2.06793
281 2.07481
282 2.09376
283 2.10053
284 2.10748
285 2.10973
286 2.11545
287 2.12222
288 2.12408
289 2.1261
290 2.13358
291 2.13961
292 2.15495
293 2.15782
294 2.17441
295 2.18432
296 2.18842
297 2.18996
298 2.19128
299 2.20718
300 2.22971
301 2.23218
302 2.23363
303 2.23463
304 2.23996
305 2.27313
306 2.2741
307 2.27692
308 2.28348
309 2.28983
310 2.29709
311 2.30039
312 2.30833
313 2.31498
314 2.31857
315 2.3445
316 2.34895
317 2.35271
318 2.35745
319 2.37225
320 2.38497
321 2.38989
322 2.39199
323 2.40055
324 2.4036
325 2.41902
326 2.42416
327 2.43447
328 2.44653
329 2.4775
330 2.47883
331 2.49721
332 2.52784
333 2.53412
334 2.53877
335 2.54298
336 2.54673
337 2.54812
338 2.55321
339 2.56181
340 2.56956
341 2.59366
342 2.60398
343 2.60921
344 2.62852
345 2.64173
346 2.64588
347 2.65008
348 2.65318
349 2.66168
350 2.66616
351 2.67165
352 2.68824
353 2.7228
354 2.72709
355 2.72913
356 2.74526
357 2.7835
358 2.79517
359 2.80107
360 2.80402
361 2.80805
362 2.81294
363 2.81608
364 2.82153
365 2.83639
366 2.84371
367 2.84823
368 2.85043
369 2.85227
370 2.85517
371 2.86156
372 2.87289
373 2.87435
374 2.87811
375 2.88382
376 2.88867
377 2.89771
378 2.90807
379 2.91047
380 2.92076
381 2.93175
382 2.9427
383 2.97579
384 2.98526
385 2.99236
