1 0.00199
2 0.00399
3 0.0141
4 0.01805
5 0.02584
6 0.03379
7 0.03725
8 0.04713
9 0.05144
10 0.06262
11 0.07026
12 0.07722
13 0.08603
14 0.09683
15 0.10192
16 0.10607
17 0.11146
18 0.11576
19 0.11781
20 0.11997
21 0.12816
22 0.13523
23 0.14718
24 0.15208
25 0.15593
26 0.16425
27 0.17438
28 0.17675
29 0.17836
30 0.1843
31 0.18925
32 0.19342
33 0.20539
34 0.22383
35 0.2263
36 0.22825
37 0.23125
38 0.23467
39 0.24353
40 0.24871
41 0.25249
42 0.26317
43 0.26726
44 0.28978
45 0.29171
46 0.3023
47 0.30728
48 0.31737
49 0.33133
50 0.3419
51 0.34575
52 0.34823
53 0.35349
54 0.358
55 0.37027
56 0.37839
57 0.38114
58 0.38697
59 0.39465
60 0.39563
61 0.39858
62 0.40377
63 0.40623
64 0.41163
65 0.4194
66 0.4213
67 0.42388
68 0.42791
69 0.43847
70 0.44348
71 0.45148
72 0.45798
73 0.47305
74 0.47645
75 0.48566
76 0.49057
77 0.49481
78 0.50664
79 0.51072
80 0.51548
81 0.51722
82 0.53721
83 0.54862
84 0.55295
85 0.55889
86 0.56138
87 0.568
88 0.57456
89 0.5803
90 0.58331
91 0.5877
92 0.60045
93 0.60597
94 0.61017
95 0.61744
96 0.62118
97 0.62283
98 0.62517
99 0.6371
100 0.65197
101 0.6562
102 0.66371
103 0.68584
104 0.69123
105 0.70107
106 0.70825
107 0.71604
108 0.72244
109 0.72514
110 0.73144
111 0.73884
112 0.74245
113 0.74406
114 0.74952
115 0.75222
116 0.75908
117 0.76381
118 0.78157
119 0.78468
120 0.79396
121 0.80143
122 0.80306
123 0.81369
124 0.82058
125 0.82211
126 0.82559
127 0.83213
128 0.83789
129 0.84307
130 0.84859
131 0.87038
132 0.87757
133 0.89221
134 0.8953
135 0.91267
136 0.9164
137 0.92059
138 0.92387
139 0.92968
140 0.93421
141 0.93651
142 0.952
143 0.96082
144 0.97236
145 0.9793
146 0.98803
147 0.99876
148 1.00643
149 1.01248
150 1.02731
151 1.05171
152 1.06571
153 1.06737
154 1.07331
155 1.0814
156 1.08574
157 1.08979
158 1.10308
159 1.10528
160 1.11151
161 1.1166
162 1.11816
163 1.11927
164 1.12044
165 1.12319
166 1.12512
167 1.13542
168 1.14606
169 1.15007
170 1.15333
171 1.15689
172 1.16194
173 1.16409
174 1.1685
175 1.17333
176 1.18032
177 1.19463
178 1.20503
179 1.20785
180 1.21456
181 1.22533
182 1.23097
183 1.23286
184 1.24049
185 1.24981
186 1.26183
187 1.26527
188 1.28081
189 1.28817
190 1.29616
191 1.30231
192 1.31454
193 1.31708
194 1.32622
195 1.33106
196 1.34653
197 1.35066
198 1.35418
199 1.36015
200 1.36504
201 1.36742
202 1.3694
203 1.37441
204 1.37935
205 1.38033
206 1.38452
207 1.38803
208 1.39323
209 1.39705
210 1.40908
211 1.42646
212 1.43698
213 1.45496
214 1.457
215 1.46525
216 1.47292
217 1.48266
218 1.4859
219 1.50152
220 1.50709
221 1.50945
222 1.52436
223 1.54778
224 1.55132
225 1.55281
226 1.55655
227 1.56418
228 1.56937
229 1.57535
230 1.58315
231 1.58792
232 1.59958
233 1.60299
234 1.60787
235 1.60968
236 1.61551
237 1.61977
238 1.62779
239 1.63229
240 1.64607
241 1.65517
242 1.67488
243 1.6808
244 1.68454
245 1.68779
246 1.68972
247 1.69888
248 1.70833
249 1.71026
250 1.71276
251 1.71786
252 1.72688
253 1.72813
254 1.73074
255 1.73262
256 1.74837
257 1.76525
258 1.77304
259 1.78676
260 1.79641
261 1.8042
262 1.80821
263 1.81082
264 1.8173
265 1.82727
266 1.83333
267 1.83566
268 1.85206
269 1.85656
270 1.86042
271 1.8644
272 1.87567
273 1.87875
274 1.89003
275 1.89345
276 1.8966
277 1.89957
278 1.90979
279 1.91331
280 1.91738
281 1.93491
282 1.94387
283 1.9549
284 1.96433
285 1.97467
286 1.97811
287 1.97988
288 1.98098
289 1.98244
290 1.98822
291 1.99869
292 2.00109
293 2.01231
294 2.01635
295 2.02554
296 2.04777
297 2.05086
298 2.05506
299 2.07327
300 2.09782
301 2.10055
302 2.11327
303 2.12302
304 2.13163
305 2.13963
306 2.15141
307 2.16486
308 2.17525
309 2.18693
310 2.1982
311 2.20922
312 2.21439
313 2.22479
314 2.22801
315 2.23092
316 2.23283
317 2.23542
318 2.24933
319 2.25266
320 2.26119
321 2.26308
322 2.26669
323 2.26906
324 2.27639
325 2.2842
326 2.29449
327 2.29684
328 2.30152
329 2.3036
330 2.31292
331 2.32515
332 2.32935
333 2.34266
334 2.35176
335 2.35953
336 2.37649
337 2.38258
338 2.38704
339 2.3949
340 2.40148
341 2.40733
342 2.41549
343 2.41918
344 2.42493
345 2.42809
346 2.43891
347 2.44828
348 2.45784
349 2.4687
350 2.48007
351 2.48271
352 2.48678
353 2.49811
354 2.50586
355 2.50991
356 2.5445
357 2.54945
358 2.5514
359 2.55357
360 2.5577
361 2.57504
362 2.57768
363 2.58083
364 2.58409
365 2.59192
366 2.59946
367 2.61064
368 2.61433
369 2.62097
370 2.62435
371 2.62828
372 2.63573
373 2.65331
374 2.65485
375 2.66805
376 2.67145
377 2.67317
378 2.67534
379 2.68117
380 2.68473
381 2.69608
382 2.70475
383 2.70963
384 2.71096
385 2.72773
386 2.73521
387 2.74153
388 2.75479
389 2.76135
390 2.76371
391 2.76817
392 2.77128
393 2.79359
394 2.80026
395 2.80402
396 2.81916
397 2.83617
398 2.85189
399 2.855
400 2.86316
401 2.86826
402 2.8967
403 2.928
404 2.92991
405 2.93318
406 2.94741
407 2.95591
408 2.96014
409 2.97109
410 2.97626
411 2.98121
412 2.98615
413 2.99809
