1 0.00171
2 0.01842
3 0.02245
4 0.02829
5 0.03515
6 0.037
7 0.04177
8 0.04831
9 0.05592
10 0.05752
11 0.06385
12 0.06659
13 0.06785
14 0.07055
15 0.07359
16 0.07772
17 0.07972
18 0.08749
19 0.09408
20 0.11307
21 0.1169
22 0.11948
23 0.12115
24 0.12814
25 0.13074
26 0.13916
27 0.1517
28 0.15982
29 0.18721
30 0.2257
31 0.22893
32 0.23072
33 0.23269
34 0.24015
35 0.24604
36 0.24946
37 0.26508
38 0.26765
39 0.27794
40 0.28065
41 0.28919
42 0.30101
43 0.30538
44 0.31286
45 0.3159
46 0.31834
47 0.3228
48 0.32977
49 0.34111
50 0.35281
51 0.35464
52 0.3661
53 0.36965
54 0.37412
55 0.38274
56 0.39147
57 0.3941
58 0.40215
59 0.40732
60 0.41074
61 0.41437
62 0.41913
63 0.42312
64 0.43397
65 0.44291
66 0.4517
67 0.46327
68 0.48597
69 0.489
70 0.49576
71 0.51549
72 0.51935
73 0.5226
74 0.5332
75 0.53993
76 0.545
77 0.55028
78 0.55689
79 0.56473
80 0.57064
81 0.57749
82 0.60042
83 0.60936
84 0.614
85 0.62016
86 0.63178
87 0.63576
88 0.6374
89 0.64276
90 0.65429
91 0.66629
92 0.67103
93 0.67564
94 0.68236
95 0.68612
96 0.6887
97 0.69948
98 0.72581
99 0.72819
100 0.73109
101 0.73258
102 0.736
103 0.74384
104 0.76796
105 0.77636
106 0.78545
107 0.79264
108 0.79869
109 0.80384
110 0.8138
111 0.81784
112 0.82644
113 0.85556
114 0.86356
115 0.8735
116 0.89616
117 0.90116
118 0.90545
119 0.91541
120 0.91695
121 0.9183
122 0.92412
123 0.93224
124 0.94323
125 0.95103
126 0.95408
127 0.96823
128 0.97894
129 0.98123
130 0.98516
131 0.991
132 0.99327
133 0.99523
134 1.00247
135 1.01243
136 1.015
137 1.02358
138 1.02791
139 1.03107
140 1.03572
141 1.04897
142 1.0542
143 1.05964
144 1.06862
145 1.07168
146 1.07786
147 1.10782
148 1.11141
149 1.1146
150 1.11939
151 1.12233
152 1.13486
153 1.14114
154 1.14635
155 1.15282
156 1.16241
157 1.16469
158 1.16826
159 1.18801
160 1.21153
161 1.22177
162 1.22399
163 1.22972
164 1.23919
165 1.27569
166 1.28315
167 1.28655
168 1.29163
169 1.29572
170 1.30029
171 1.31143
172 1.31319
173 1.31847
174 1.32377
175 1.3492
176 1.36001
177 1.36207
178 1.36746
179 1.36953
180 1.38102
181 1.39837
182 1.41274
183 1.41656
184 1.42266
185 1.42471
186 1.43
187 1.44453
188 1.45909
189 1.46361
190 1.4691
191 1.47519
192 1.47758
193 1.4806
194 1.49981
195 1.50427
196 1.51445
197 1.53341
198 1.54054
199 1.54805
200 1.55572
201 1.56429
202 1.56899
203 1.58366
204 1.59431
205 1.60535
206 1.60968
207 1.61524
208 1.61867
209 1.62267
210 1.62427
211 1.62857
212 1.63056
213 1.63436
214 1.64566
215 1.65908
216 1.66427
217 1.67155
218 1.67511
219 1.68675
220 1.69792
221 1.70616
222 1.72535
223 1.73054
224 1.73678
225 1.74078
226 1.74241
227 1.75861
228 1.77059
229 1.77408
230 1.77845
231 1.79072
232 1.79808
233 1.80067
234 1.80421
235 1.80835
236 1.8105
237 1.81833
238 1.82681
239 1.82969
240 1.84695
241 1.86257
242 1.86473
243 1.86848
244 1.87393
245 1.88078
246 1.8866
247 1.89459
248 1.90208
249 1.90452
250 1.90988
251 1.91457
252 1.92654
253 1.93326
254 1.94565
255 1.94982
256 1.97199
257 1.97915
258 1.98158
259 1.98699
260 1.99369
261 1.99821
262 2.02372
263 2.02742
264 2.0359
265 2.03827
266 2.06124
267 2.06316
268 2.0656
269 2.07188
270 2.07482
271 2.0778
272 2.09805
273 2.11476
274 2.11605
275 2.11774
276 2.1212
277 2.12522
278 2.13314
279 2.1372
280 2.14319
281 2.15224
282 2.15723
283 2.16396
284 2.17368
285 2.17959
286 2.22288
287 2.22675
288 2.23774
289 2.23993
290 2.24973
291 2.26249
292 2.26929
293 2.27257
294 2.28414
295 2.28739
296 2.28998
297 2.29999
298 2.3048
299 2.30827
300 2.31428
301 2.32863
302 2.33698
303 2.34957
304 2.35887
305 2.36372
306 2.36724
307 2.37124
308 2.3747
309 2.38875
310 2.40268
311 2.40453
312 2.40667
313 2.41485
314 2.41977
315 2.42163
316 2.42935
317 2.45136
318 2.46331
319 2.47059
320 2.4806
321 2.48743
322 2.49086
323 2.51807
324 2.52636
325 2.53233
326 2.54017
327 2.56141
328 2.56782
329 2.57129
330 2.57746
331 2.58111
332 2.61614
333 2.61696
334 2.62426
335 2.63407
336 2.65083
337 2.65859
338 2.66933
339 2.67439
340 2.6784
341 2.68541
342 2.69438
343 2.71656
344 2.72886
345 2.73266
346 2.73782
347 2.74975
348 2.77532
349 2.78116
350 2.78654
351 2.79381
352 2.80044
353 2.80886
354 2.81266
355 2.82139
356 2.82811
357 2.83313
358 2.8553
359 2.86547
360 2.8711
361 2.87319
362 2.88236
363 2.89869
364 2.90146
365 2.90672
366 2.90931
367 2.92243
368 2.92524
369 2.93397
370 2.9368
371 2.93886
372 2.94756
373 2.96444
374 2.97157
375 2.97929
376 2.98478
377 2.99224
