1 0.00938
2 0.02874
3 0.03517
4 0.0411
5 0.05013
6 0.05363
7 0.05828
8 0.07952
9 0.08102
10 0.08426
11 0.10957
12 0.12651
13 0.13025
14 0.13161
15 0.13341
16 0.13763
17 0.15078
18 0.15694
19 0.15906
20 0.16096
21 0.17694
22 0.18676
23 0.21794
24 0.22341
25 0.22778
26 0.23718
27 0.23907
28 0.24445
29 0.25886
30 0.27027
31 0.28549
32 0.28899
33 0.29088
34 0.29371
35 0.299
36 0.30518
37 0.32308
38 0.3301
39 0.33676
40 0.35856
41 0.36988
42 0.384
43 0.38751
44 0.39556
45 0.41105
46 0.43716
47 0.45273
48 0.4914
49 0.49292
50 0.51094
51 0.51666
52 0.53092
53 0.53737
54 0.54622
55 0.56071
56 0.56327
57 0.57375
58 0.58213
59 0.59905
60 0.61026
61 0.61348
62 0.6184
63 0.62041
64 0.63999
65 0.65393
66 0.6617
67 0.66559
68 0.66934
69 0.69701
70 0.71494
71 0.72638
72 0.74369
73 0.76299
74 0.77976
75 0.78141
76 0.79157
77 0.79321
78 0.81287
79 0.82449
80 0.83413
81 0.85664
82 0.86012
83 0.86745
84 0.89376
85 0.91122
86 0.91991
87 0.94117
88 0.95314
89 0.96141
90 0.98144
91 0.99531
92 0.99689
93 1.0106
94 1.02662
95 1.0468
96 1.05619
97 1.06523
98 1.09507
99 1.10852
100 1.11465
101 1.14001
102 1.14838
103 1.15477
104 1.16473
105 1.17407
106 1.18644
107 1.21935
108 1.22761
109 1.22929
110 1.26115
111 1.26932
112 1.27491
113 1.27723
114 1.27888
115 1.28064
116 1.28622
117 1.30527
118 1.3068
119 1.32897
120 1.33023
121 1.34323
122 1.36325
123 1.37097
124 1.39227
125 1.40264
126 1.41098
127 1.41634
128 1.41824
129 1.43306
130 1.43492
131 1.43629
132 1.45082
133 1.46452
134 1.47314
135 1.48419
136 1.48626
137 1.48978
138 1.51525
139 1.52074
140 1.53312
141 1.53612
142 1.54729
143 1.54918
144 1.55098
145 1.56312
146 1.58129
147 1.58546
148 1.599
149 1.60864
150 1.62881
151 1.63232
152 1.65126
153 1.65485
154 1.66671
155 1.66845
156 1.67462
157 1.6776
158 1.69459
159 1.6964
160 1.69976
161 1.70182
162 1.72032
163 1.76045
164 1.76774
165 1.77827
166 1.78148
167 1.78746
168 1.7975
169 1.7995
170 1.80294
171 1.88277
172 1.88807
173 1.90837
174 1.92629
175 1.93498
176 1.95046
177 1.95918
178 1.97377
179 1.97585
180 1.97766
181 1.98312
182 1.98741
183 1.99087
184 2.00083
185 2.02331
186 2.03478
187 2.04291
188 2.05384
189 2.09859
190 2.1093
191 2.1187
192 2.12854
193 2.13236
194 2.13578
195 2.16023
196 2.16514
197 2.17107
198 2.19582
199 2.19953
200 2.21941
201 2.22806
202 2.22948
203 2.24439
204 2.26722
205 2.28278
206 2.28519
207 2.28698
208 2.28858
209 2.29411
210 2.30777
211 2.32021
212 2.3421
213 2.3569
214 2.36636
215 2.37758
216 2.38597
217 2.38744
218 2.38914
219 2.40703
220 2.44784
221 2.46071
222 2.47331
223 2.48187
224 2.49133
225 2.50925
226 2.51096
227 2.51678
228 2.55023
229 2.55167
230 2.55362
231 2.56737
232 2.57614
233 2.57965
234 2.60682
235 2.61844
236 2.62523
237 2.64028
238 2.6537
239 2.65569
240 2.66538
241 2.68116
242 2.68497
243 2.70059
244 2.72331
245 2.72574
246 2.72728
247 2.73512
248 2.76534
249 2.77096
250 2.77423
251 2.77997
252 2.78395
253 2.78702
254 2.7895
255 2.79888
256 2.83318
257 2.84716
258 2.85894
259 2.86298
260 2.86673
261 2.89229
262 2.89777
263 2.9231
264 2.92802
265 2.94769
266 2.97407
267 2.98664
268 2.99009
269 2.99824
