1 0.00234
2 0.00508
3 0.01546
4 0.02522
5 0.0316
6 0.03931
7 0.04852
8 0.05551
9 0.05758
10 0.06272
11 0.0643
12 0.09261
13 0.0957
14 0.10215
15 0.104
16 0.11633
17 0.12422
18 0.13151
19 0.17055
20 0.17406
21 0.18304
22 0.20196
23 0.20487
24 0.20879
25 0.21863
26 0.23638
27 0.23886
28 0.24737
29 0.25068
30 0.25638
31 0.27396
32 0.2763
33 0.27966
34 0.29974
35 0.3033
36 0.30853
37 0.3174
38 0.32051
39 0.34136
40 0.34851
41 0.35402
42 0.36032
43 0.36858
44 0.37349
45 0.39013
46 0.39413
47 0.3983
48 0.41243
49 0.42603
50 0.43409
51 0.45116
52 0.45459
53 0.45954
54 0.48152
55 0.48712
56 0.49047
57 0.50325
58 0.51036
59 0.5174
60 0.52272
61 0.5256
62 0.54019
63 0.54407
64 0.54573
65 0.56414
66 0.56538
67 0.57539
68 0.57848
69 0.58002
70 0.59167
71 0.59737
72 0.60106
73 0.6176
74 0.621
75 0.6313
76 0.63736
77 0.63928
78 0.64299
79 0.65394
80 0.65707
81 0.67331
82 0.67544
83 0.67774
84 0.68288
85 0.69315
86 0.70074
87 0.70294
88 0.70562
89 0.7066
90 0.71083
91 0.71895
92 0.72238
93 0.73667
94 0.74549
95 0.74752
96 0.75233
97 0.75418
98 0.76528
99 0.77656
100 0.78096
101 0.80358
102 0.80883
103 0.81211
104 0.81595
105 0.81921
106 0.82274
107 0.83291
108 0.84089
109 0.84379
110 0.86617
111 0.8776
112 0.88722
113 0.90934
114 0.91821
115 0.92534
116 0.92766
117 0.93514
118 0.94151
119 0.94996
120 0.96734
121 0.96957
122 0.97285
123 0.98594
124 0.99053
125 0.9977
126 1.00377
127 1.0058
128 1.02065
129 1.03135
130 1.04392
131 1.05149
132 1.05537
133 1.0571
134 1.06119
135 1.06592
136 1.0931
137 1.10746
138 1.12063
139 1.13174
140 1.13889
141 1.15578
142 1.1792
143 1.18744
144 1.19424
145 1.1985
146 1.20461
147 1.20986
148 1.21566
149 1.2318
150 1.24124
151 1.24494
152 1.24824
153 1.25195
154 1.25497
155 1.26193
156 1.27346
157 1.27583
158 1.27989
159 1.29271
160 1.29601
161 1.30276
162 1.32002
163 1.35371
164 1.36774
165 1.37744
166 1.38532
167 1.38659
168 1.3912
169 1.40187
170 1.4254
171 1.44786
172 1.45285
173 1.46245
174 1.46712
175 1.47576
176 1.48711
177 1.49443
178 1.51773
179 1.5255
180 1.53202
181 1.53784
182 1.54085
183 1.54974
184 1.5524
185 1.5592
186 1.56584
187 1.56895
188 1.57675
189 1.57823
190 1.58356
191 1.6032
192 1.6065
193 1.62818
194 1.63203
195 1.65321
196 1.67282
197 1.68137
198 1.70426
199 1.71889
200 1.72558
201 1.7283
202 1.73801
203 1.74486
204 1.75557
205 1.75894
206 1.76372
207 1.77913
208 1.78383
209 1.79832
210 1.81109
211 1.81196
212 1.81353
213 1.81679
214 1.82607
215 1.83167
216 1.85459
217 1.85633
218 1.8677
219 1.87276
220 1.87908
221 1.89094
222 1.89863
223 1.90622
224 1.92405
225 1.93049
226 1.93837
227 1.94155
228 1.94998
229 1.9567
230 1.96272
231 1.96364
232 1.96704
233 1.97032
234 1.97702
235 1.98513
236 1.98669
237 1.99223
238 1.99368
239 2.00228
240 2.00526
241 2.00684
242 2.03219
243 2.03624
244 2.05438
245 2.06182
246 2.06948
247 2.0782
248 2.11027
249 2.11501
250 2.12215
251 2.12897
252 2.15755
253 2.16577
254 2.17229
255 2.18103
256 2.2038
257 2.21827
258 2.22122
259 2.23176
260 2.2382
261 2.24803
262 2.25057
263 2.26288
264 2.28313
265 2.30042
266 2.30951
267 2.31632
268 2.32159
269 2.34278
270 2.34395
271 2.35051
272 2.36714
273 2.37688
274 2.38217
275 2.38913
276 2.39302
277 2.39774
278 2.40796
279 2.41305
280 2.42675
281 2.42947
282 2.43522
283 2.45234
284 2.45971
285 2.46649
286 2.46938
287 2.48324
288 2.48869
289 2.49203
290 2.50964
291 2.52136
292 2.52614
293 2.53115
294 2.54053
295 2.54203
296 2.55473
297 2.55801
298 2.56099
299 2.56867
300 2.58441
301 2.5929
302 2.59551
303 2.62165
304 2.63108
305 2.635
306 2.66899
307 2.6754
308 2.68144
309 2.68317
310 2.696
311 2.70405
312 2.71675
313 2.71838
314 2.72402
315 2.73825
316 2.76097
317 2.77506
318 2.78138
319 2.78424
320 2.80236
321 2.84808
322 2.85664
323 2.87091
324 2.8759
325 2.88891
326 2.92449
327 2.93101
328 2.93584
329 2.95279
330 2.9613
331 2.96628
332 2.97679
333 2.97921
334 2.9929
335 2.99525
336 2.99675
