1 0.00297
2 0.00501
3 0.00811
4 0.02197
5 0.02629
6 0.02904
7 0.03497
8 0.0485
9 0.05794
10 0.06675
11 0.06907
12 0.07313
13 0.07557
14 0.07968
15 0.08835
16 0.09601
17 0.10443
18 0.11727
19 0.12309
20 0.12727
21 0.13087
22 0.13433
23 0.13684
24 0.15057
25 0.16744
26 0.17429
27 0.17979
28 0.19196
29 0.21289
30 0.21551
31 0.21704
32 0.22203
33 0.23911
34 0.24078
35 0.24594
36 0.2562
37 0.25736
38 0.26428
39 0.27816
40 0.28231
41 0.28588
42 0.29066
43 0.30907
44 0.3159
45 0.32035
46 0.32942
47 0.3405
48 0.34384
49 0.36617
50 0.39651
51 0.40802
52 0.4144
53 0.42314
54 0.43416
55 0.43795
56 0.44103
57 0.44301
58 0.44605
59 0.46323
60 0.47984
61 0.48228
62 0.50134
63 0.51107
64 0.51631
65 0.51862
66 0.52326
67 0.53598
68 0.54943
69 0.55493
70 0.56648
71 0.57226
72 0.5892
73 0.59582
74 0.60472
75 0.61634
76 0.63733
77 0.66679
78 0.67827
79 0.68644
80 0.69699
81 0.69936
82 0.70079
83 0.70422
84 0.71451
85 0.71952
86 0.72687
87 0.73681
88 0.74459
89 0.76046
90 0.78553
91 0.79829
92 0.81281
93 0.82572
94 0.83519
95 0.84367
96 0.84896
97 0.85221
98 0.87094
99 0.88109
100 0.88248
101 0.88387
102 0.88884
103 0.90517
104 0.90902
105 0.93408
106 0.93789
107 0.94667
108 0.95653
109 0.96644
110 0.97416
111 0.98643
112 0.99299
113 1.00142
114 1.00661
115 1.01733
116 1.02642
117 1.05114
118 1.06049
119 1.06505
120 1.07907
121 1.08606
122 1.11224
123 1.122
124 1.12743
125 1.14061
126 1.15155
127 1.15714
128 1.16917
129 1.17488
130 1.17858
131 1.18377
132 1.19203
133 1.19646
134 1.21314
135 1.22331
136 1.23264
137 1.24143
138 1.24748
139 1.26091
140 1.26372
141 1.26723
142 1.272
143 1.2766
144 1.28318
145 1.31004
146 1.31571
147 1.32373
148 1.32778
149 1.33426
150 1.34769
151 1.37628
152 1.38649
153 1.41305
154 1.41622
155 1.41767
156 1.43099
157 1.44234
158 1.44622
159 1.44811
160 1.45883
161 1.47901
162 1.485
163 1.49309
164 1.50207
165 1.51429
166 1.529
167 1.53384
168 1.55806
169 1.60141
170 1.63283
171 1.63436
172 1.64057
173 1.65582
174 1.66294
175 1.67066
176 1.67334
177 1.67561
178 1.69146
179 1.69396
180 1.71198
181 1.71754
182 1.72888
183 1.74128
184 1.75999
185 1.76431
186 1.80655
187 1.81418
188 1.82685
189 1.85187
190 1.8783
191 1.90846
192 1.91901
193 1.92397
194 1.92686
195 1.94098
196 1.94318
197 1.94728
198 1.95708
199 1.96337
200 1.97054
201 1.97417
202 1.97649
203 1.97818
204 1.98026
205 2.01497
206 2.0199
207 2.02895
208 2.03438
209 2.03669
210 2.05335
211 2.05754
212 2.07166
213 2.07717
214 2.08361
215 2.08717
216 2.10238
217 2.11221
218 2.12144
219 2.16583
220 2.17011
221 2.18664
222 2.19457
223 2.19767
224 2.21533
225 2.21818
226 2.22277
227 2.24221
228 2.25418
229 2.26127
230 2.27444
231 2.27665
232 2.287
233 2.29361
234 2.29946
235 2.3055
236 2.31705
237 2.32351
238 2.33169
239 2.33542
240 2.3388
241 2.34218
242 2.3634
243 2.37221
244 2.37724
245 2.37895
246 2.40632
247 2.41813
248 2.42065
249 2.4231
250 2.43519
251 2.43962
252 2.44297
253 2.45147
254 2.45506
255 2.45698
256 2.45886
257 2.46768
258 2.47901
259 2.48112
260 2.49498
261 2.50507
262 2.51302
263 2.52739
264 2.55933
265 2.56696
266 2.59798
267 2.62491
268 2.63903
269 2.66094
270 2.66438
271 2.67264
272 2.6958
273 2.70427
274 2.71797
275 2.72539
276 2.73035
277 2.73784
278 2.76467
279 2.7691
280 2.77452
281 2.81822
282 2.82632
283 2.83004
284 2.85248
285 2.86688
286 2.88303
287 2.89035
288 2.9091
289 2.91733
290 2.92868
291 2.9316
292 2.93315
293 2.93897
294 2.95315
295 2.95717
296 2.96209
297 2.97426
298 2.98028
299 2.99923
