1 0.00634
2 0.01278
3 0.02573
4 0.03451
5 0.03976
6 0.05128
7 0.05262
8 0.05907
9 0.06137
10 0.06679
11 0.0692
12 0.07534
13 0.0831
14 0.09419
15 0.09725
16 0.11827
17 0.12032
18 0.12725
19 0.13833
20 0.15499
21 0.18776
22 0.19991
23 0.21713
24 0.22361
25 0.2425
26 0.24798
27 0.25458
28 0.25759
29 0.27331
30 0.27702
31 0.3011
32 0.3058
33 0.31676
34 0.32425
35 0.32748
36 0.32938
37 0.33177
38 0.33664
39 0.34337
40 0.34989
41 0.35247
42 0.36364
43 0.36679
44 0.39179
45 0.40253
46 0.40722
47 0.4122
48 0.43666
49 0.44699
50 0.45503
51 0.45665
52 0.4648
53 0.49933
54 0.51033
55 0.51868
56 0.53706
57 0.5422
58 0.55532
59 0.56043
60 0.56535
61 0.57528
62 0.58426
63 0.59483
64 0.6038
65 0.60727
66 0.61229
67 0.62158
68 0.62539
69 0.6278
70 0.63023
71 0.63997
72 0.65223
73 0.67269
74 0.67422
75 0.69494
76 0.70238
77 0.72624
78 0.73719
79 0.74219
80 0.75093
81 0.75676
82 0.75916
83 0.77539
84 0.79148
85 0.80599
86 0.80901
87 0.81355
88 0.81653
89 0.81879
90 0.82563
91 0.83102
92 0.83984
93 0.85289
94 0.86016
95 0.87433
96 0.88094
97 0.88313
98 0.89366
99 0.91
100 0.93142
101 0.93662
102 0.94414
103 0.95758
104 0.97066
105 0.97678
106 0.99603
107 1.02638
108 1.03505
109 1.06127
110 1.06581
111 1.08526
112 1.10162
113 1.11637
114 1.1189
115 1.12729
116 1.13831
117 1.14183
118 1.15188
119 1.15375
120 1.16204
121 1.16753
122 1.17195
123 1.17567
124 1.17783
125 1.19569
126 1.2078
127 1.2112
128 1.21894
129 1.2247
130 1.2345
131 1.24678
132 1.25216
133 1.25619
134 1.25758
135 1.27533
136 1.27773
137 1.28126
138 1.29108
139 1.31308
140 1.31586
141 1.31737
142 1.32307
143 1.32438
144 1.32916
145 1.336
146 1.33914
147 1.34482
148 1.35864
149 1.38335
150 1.39248
151 1.3968
152 1.40082
153 1.40971
154 1.41138
155 1.41391
156 1.41818
157 1.44724
158 1.45379
159 1.45678
160 1.46095
161 1.47694
162 1.49121
163 1.49757
164 1.50218
165 1.50508
166 1.50683
167 1.51053
168 1.52019
169 1.53142
170 1.55292
171 1.56202
172 1.56807
173 1.57625
174 1.57797
175 1.58515
176 1.6009
177 1.60301
178 1.61263
179 1.61424
180 1.62219
181 1.63284
182 1.64184
183 1.64761
184 1.65008
185 1.65386
186 1.66317
187 1.66546
188 1.66814
189 1.70484
190 1.71455
191 1.74139
192 1.75884
193 1.77122
194 1.79259
195 1.80431
196 1.81518
197 1.82039
198 1.82802
199 1.83565
200 1.85024
201 1.85247
202 1.8741
203 1.88488
204 1.89296
205 1.90703
206 1.9144
207 1.91895
208 1.93264
209 1.94597
210 1.96101
211 1.96324
212 1.97272
213 2.00003
214 2.00169
215 2.00344
216 2.00821
217 2.04137
218 2.0675
219 2.09043
220 2.11334
221 2.11976
222 2.1334
223 2.13758
224 2.14659
225 2.15926
226 2.16318
227 2.16862
228 2.17148
229 2.18148
230 2.20112
231 2.20544
232 2.21078
233 2.22853
234 2.23342
235 2.23935
236 2.25875
237 2.29095
238 2.29208
239 2.3081
240 2.31046
241 2.31384
242 2.31969
243 2.33856
244 2.34047
245 2.34355
246 2.34539
247 2.35734
248 2.3714
249 2.3813
250 2.39514
251 2.40027
252 2.41688
253 2.44678
254 2.455
255 2.46856
256 2.4699
257 2.47475
258 2.48246
259 2.4943
260 2.49907
261 2.50354
262 2.50953
263 2.51376
264 2.52848
265 2.53043
266 2.54855
267 2.55411
268 2.57648
269 2.58508
270 2.59038
271 2.59543
272 2.60268
273 2.60869
274 2.63038
275 2.63129
276 2.63716
277 2.66589
278 2.66779
279 2.68022
280 2.69296
281 2.70277
282 2.71677
283 2.72311
284 2.72459
285 2.75168
286 2.75555
287 2.7692
288 2.77726
289 2.78799
290 2.79465
291 2.81507
292 2.81714
293 2.82624
294 2.82714
295 2.83054
296 2.83937
297 2.85262
298 2.86551
299 2.87016
300 2.89089
301 2.89983
302 2.90498
303 2.90814
304 2.92076
305 2.92308
306 2.94603
307 2.94973
308 2.95226
309 2.98191
310 2.99742
