1 0.00828
2 0.02763
3 0.03912
4 0.05707
5 0.07998
6 0.08298
7 0.09184
8 0.1022
9 0.10938
10 0.14483
11 0.15202
12 0.15744
13 0.17456
14 0.18153
15 0.19247
16 0.19884
17 0.20104
18 0.20354
19 0.21845
20 0.22567
21 0.23127
22 0.23956
23 0.24834
24 0.25806
25 0.26107
26 0.27523
27 0.27651
28 0.29898
29 0.30344
30 0.30897
31 0.31738
32 0.32767
33 0.33207
34 0.33739
35 0.34062
36 0.35282
37 0.35835
38 0.38689
39 0.39934
40 0.40598
41 0.40875
42 0.44831
43 0.45144
44 0.45757
45 0.46386
46 0.46655
47 0.48506
48 0.49347
49 0.51197
50 0.5169
51 0.52838
52 0.53857
53 0.54963
54 0.55756
55 0.56042
56 0.58898
57 0.5946
58 0.6039
59 0.60931
60 0.62161
61 0.63959
62 0.64363
63 0.65152
64 0.65373
65 0.66572
66 0.67491
67 0.67898
68 0.68039
69 0.69424
70 0.69659
71 0.7036
72 0.73455
73 0.74223
74 0.74747
75 0.75865
76 0.76883
77 0.77568
78 0.78045
79 0.78515
80 0.78748
81 0.7914
82 0.79517
83 0.80369
84 0.81472
85 0.81708
86 0.83112
87 0.83436
88 0.84542
89 0.85605
90 0.86382
91 0.86647
92 0.88795
93 0.89749
94 0.90057
95 0.90287
96 0.91376
97 0.92412
98 0.9323
99 0.93874
100 0.94818
101 0.95123
102 0.95564
103 0.95781
104 0.96347
105 0.97023
106 0.98214
107 0.98798
108 1.00327
109 1.02008
110 1.04237
111 1.08027
112 1.08616
113 1.08757
114 1.0986
115 1.10387
116 1.1069
117 1.12642
118 1.13393
119 1.15224
120 1.15338
121 1.1583
122 1.18893
123 1.19157
124 1.19449
125 1.19654
126 1.21555
127 1.22625
128 1.24701
129 1.25998
130 1.26512
131 1.26753
132 1.28612
133 1.29402
134 1.29733
135 1.30625
136 1.31187
137 1.33886
138 1.34883
139 1.36247
140 1.3787
141 1.38908
142 1.39347
143 1.40384
144 1.40517
145 1.40785
146 1.4157
147 1.42337
148 1.42744
149 1.44324
150 1.45062
151 1.45392
152 1.48086
153 1.48654
154 1.49329
155 1.49699
156 1.50614
157 1.51287
158 1.52066
159 1.52747
160 1.54742
161 1.55483
162 1.56928
163 1.58038
164 1.58201
165 1.58589
166 1.59478
167 1.60011
168 1.63251
169 1.66024
170 1.66419
171 1.67513
172 1.68258
173 1.68826
174 1.69895
175 1.70942
176 1.71473
177 1.7271
178 1.73656
179 1.73952
180 1.74647
181 1.75427
182 1.76435
183 1.77462
184 1.77857
185 1.79118
186 1.79412
187 1.80212
188 1.80546
189 1.8105
190 1.81267
191 1.82194
192 1.83694
193 1.84381
194 1.85494
195 1.86644
196 1.87694
197 1.90084
198 1.90881
199 1.91295
200 1.92324
201 1.93417
202 1.94025
203 1.94718
204 1.95086
205 1.95791
206 1.96868
207 1.97807
208 1.98269
209 1.99313
210 2.01845
211 2.02504
212 2.03069
213 2.0334
214 2.0541
215 2.06259
216 2.07042
217 2.07729
218 2.08032
219 2.10506
220 2.10826
221 2.12796
222 2.1354
223 2.14358
224 2.14913
225 2.1575
226 2.16095
227 2.17729
228 2.19375
229 2.20317
230 2.26363
231 2.27247
232 2.28233
233 2.29613
234 2.30633
235 2.31356
236 2.31835
237 2.32283
238 2.33057
239 2.33458
240 2.34357
241 2.35141
242 2.35697
243 2.38435
244 2.39114
245 2.39333
246 2.39544
247 2.40465
248 2.41155
249 2.41453
250 2.43239
251 2.43655
252 2.44581
253 2.44837
254 2.45072
255 2.46288
256 2.46925
257 2.4718
258 2.48945
259 2.50223
260 2.51795
261 2.52444
262 2.53644
263 2.54653
264 2.57647
265 2.58001
266 2.58311
267 2.58941
268 2.59963
269 2.60567
270 2.6245
271 2.63855
272 2.64659
273 2.65552
274 2.67074
275 2.67545
276 2.69569
277 2.70144
278 2.70415
279 2.70529
280 2.74082
281 2.74438
282 2.75137
283 2.75983
284 2.76422
285 2.78272
286 2.79041
287 2.79913
288 2.81047
289 2.81183
290 2.8142
291 2.82588
292 2.83302
293 2.83627
294 2.84643
295 2.85684
296 2.86002
297 2.87881
298 2.89406
299 2.90065
300 2.90595
301 2.90763
302 2.90862
303 2.91142
304 2.91345
305 2.91959
306 2.92216
307 2.93321
308 2.94037
309 2.95229
310 2.96082
