1 0.00409
2 0.01235
3 0.01817
4 0.02303
5 0.03464
6 0.04152
7 0.04947
8 0.05321
9 0.05725
10 0.06055
11 0.06623
12 0.0804
13 0.09212
14 0.09871
15 0.10531
16 0.11053
17 0.1132
18 0.11827
19 0.12116
20 0.12571
21 0.12868
22 0.13237
23 0.13548
24 0.15486
25 0.15653
26 0.16417
27 0.16874
28 0.17368
29 0.179
30 0.18349
31 0.18575
32 0.1869
33 0.19887
34 0.21388
35 0.21932
36 0.22764
37 0.24476
38 0.24875
39 0.25253
40 0.25969
41 0.26382
42 0.27287
43 0.27746
44 0.28507
45 0.29153
46 0.30798
47 0.32252
48 0.33783
49 0.34585
50 0.35957
51 0.36394
52 0.36801
53 0.3695
54 0.37041
55 0.37818
56 0.38169
57 0.38481
58 0.38968
59 0.39258
60 0.39942
61 0.40178
62 0.40647
63 0.40786
64 0.4155
65 0.42227
66 0.42469
67 0.42968
68 0.44828
69 0.4573
70 0.4592
71 0.46129
72 0.46875
73 0.49317
74 0.49732
75 0.50245
76 0.5191
77 0.52733
78 0.53361
79 0.53799
80 0.55091
81 0.56243
82 0.57306
83 0.58474
84 0.58902
85 0.59631
86 0.60131
87 0.60272
88 0.60668
89 0.61895
90 0.62585
91 0.63574
92 0.66077
93 0.66219
94 0.66362
95 0.66998
96 0.68301
97 0.69843
98 0.70697
99 0.70859
100 0.70974
101 0.72318
102 0.74084
103 0.74781
104 0.77125
105 0.77395
106 0.78903
107 0.79668
108 0.8031
109 0.81205
110 0.8237
111 0.82999
112 0.83488
113 0.83646
114 0.84308
115 0.85412
116 0.85767
117 0.86169
118 0.87955
119 0.88652
120 0.89215
121 0.90255
122 0.90604
123 0.90802
124 0.90981
125 0.91732
126 0.92634
127 0.93044
128 0.93526
129 0.93888
130 0.95039
131 0.95358
132 0.95575
133 0.95916
134 0.96146
135 0.96518
136 0.97195
137 0.97312
138 0.97679
139 0.98539
140 0.98984
141 0.99727
142 0.99863
143 1.00079
144 1.00382
145 1.01856
146 1.02454
147 1.02987
148 1.03682
149 1.05058
150 1.06076
151 1.0634
152 1.0725
153 1.07762
154 1.08273
155 1.08467
156 1.08681
157 1.10276
158 1.10663
159 1.11396
160 1.15426
161 1.17636
162 1.18437
163 1.19833
164 1.21239
165 1.21744
166 1.21921
167 1.22228
168 1.22594
169 1.2427
170 1.24433
171 1.24644
172 1.25179
173 1.26896
174 1.27229
175 1.29299
176 1.29567
177 1.29874
178 1.32172
179 1.33222
180 1.33951
181 1.34598
182 1.35042
183 1.35366
184 1.35826
185 1.36218
186 1.37687
187 1.38832
188 1.40516
189 1.41638
190 1.42961
191 1.43359
192 1.44694
193 1.45058
194 1.45207
195 1.45786
196 1.46271
197 1.46988
198 1.47488
199 1.48057
200 1.491
201 1.49604
202 1.49834
203 1.5141
204 1.51743
205 1.53111
206 1.54592
207 1.54814
208 1.5507
209 1.5545
210 1.55638
211 1.55888
212 1.57392
213 1.57626
214 1.5821
215 1.58585
216 1.59331
217 1.59733
218 1.60449
219 1.60807
220 1.61727
221 1.62223
222 1.62561
223 1.63001
224 1.65755
225 1.65883
226 1.66077
227 1.66388
228 1.6767
229 1.67936
230 1.68197
231 1.69147
232 1.70101
233 1.71161
234 1.71498
235 1.72163
236 1.72535
237 1.74058
238 1.74811
239 1.76662
240 1.76887
241 1.77131
242 1.77433
243 1.78149
244 1.78323
245 1.7941
246 1.80625
247 1.81142
248 1.81814
249 1.82976
250 1.83671
251 1.85076
252 1.85194
253 1.85648
254 1.86394
255 1.88486
256 1.89069
257 1.90579
258 1.91101
259 1.91762
260 1.9244
261 1.9291
262 1.93531
263 1.94738
264 1.95097
265 1.95543
266 1.95767
267 1.96244
268 1.98119
269 1.9917
270 1.99657
271 2.00078
272 2.02221
273 2.05977
274 2.08007
275 2.08278
276 2.08595
277 2.09701
278 2.10536
279 2.11602
280 2.11959
281 2.1364
282 2.14334
283 2.15471
284 2.1631
285 2.17049
286 2.17471
287 2.178
288 2.18731
289 2.18936
290 2.20805
291 2.2128
292 2.22123
293 2.22633
294 2.23783
295 2.24542
296 2.26788
297 2.27382
298 2.27947
299 2.28451
300 2.30701
301 2.31978
302 2.32938
303 2.33111
304 2.3416
305 2.34483
306 2.34683
307 2.34961
308 2.35836
309 2.36803
310 2.39071
311 2.40372
312 2.41669
313 2.433
314 2.43448
315 2.43642
316 2.44944
317 2.45228
318 2.45841
319 2.46192
320 2.46604
321 2.47201
322 2.48428
323 2.49211
324 2.5
325 2.51937
326 2.52438
327 2.52884
328 2.53108
329 2.53655
330 2.53856
331 2.55677
332 2.57709
333 2.58908
334 2.60004
335 2.60389
336 2.6071
337 2.60818
338 2.6133
339 2.62865
340 2.64391
341 2.65351
342 2.65521
343 2.66647
344 2.66999
345 2.67574
346 2.68022
347 2.68879
348 2.70541
349 2.71761
350 2.72292
351 2.72493
352 2.72786
353 2.74006
354 2.74523
355 2.74882
356 2.75828
357 2.77698
358 2.78631
359 2.78962
360 2.80759
361 2.81406
362 2.82232
363 2.82791
364 2.83043
365 2.83375
366 2.85061
367 2.86464
368 2.87512
369 2.90084
370 2.92154
371 2.92458
372 2.92733
373 2.93415
374 2.95459
375 2.95812
376 2.9615
377 2.9683
378 2.97361
379 2.99081
380 2.99587
381 2.99868
