1 0.01675
2 0.01932
3 0.02521
4 0.03277
5 0.04106
6 0.05251
7 0.05684
8 0.0625
9 0.07256
10 0.08983
11 0.09194
12 0.09563
13 0.09757
14 0.10096
15 0.10292
16 0.12514
17 0.13508
18 0.14017
19 0.14984
20 0.16414
21 0.16604
22 0.17495
23 0.18484
24 0.19761
25 0.19948
26 0.20478
27 0.20738
28 0.21188
29 0.21766
30 0.22829
31 0.23557
32 0.24267
33 0.25416
34 0.25865
35 0.2744
36 0.2885
37 0.29664
38 0.30152
39 0.3052
40 0.31432
41 0.31676
42 0.36206
43 0.39004
44 0.39985
45 0.40092
46 0.41128
47 0.41599
48 0.42658
49 0.43269
50 0.4393
51 0.4461
52 0.45298
53 0.4564
54 0.46364
55 0.47518
56 0.49406
57 0.50028
58 0.51333
59 0.52696
60 0.53905
61 0.54819
62 0.55914
63 0.56166
64 0.56473
65 0.57449
66 0.58071
67 0.5904
68 0.59326
69 0.59659
70 0.60848
71 0.64684
72 0.65221
73 0.65481
74 0.66155
75 0.66774
76 0.67592
77 0.69503
78 0.70017
79 0.70712
80 0.7389
81 0.74468
82 0.74899
83 0.75293
84 0.76163
85 0.76542
86 0.77555
87 0.78357
88 0.7924
89 0.81182
90 0.82298
91 0.84118
92 0.8752
93 0.88249
94 0.88516
95 0.88948
96 0.89772
97 0.90264
98 0.90549
99 0.90994
100 0.93075
101 0.9374
102 0.95528
103 0.97681
104 0.97923
105 0.99674
106 1.00954
107 1.01234
108 1.01727
109 1.02462
110 1.02818
111 1.05723
112 1.06936
113 1.07323
114 1.07643
115 1.08599
116 1.10002
117 1.10265
118 1.10749
119 1.115
120 1.11962
121 1.1299
122 1.14827
123 1.17021
124 1.17298
125 1.17876
126 1.1916
127 1.2076
128 1.21164
129 1.21809
130 1.22486
131 1.23822
132 1.25012
133 1.26805
134 1.27117
135 1.27496
136 1.27614
137 1.28074
138 1.28756
139 1.29508
140 1.29644
141 1.29973
142 1.32866
143 1.33678
144 1.34271
145 1.36927
146 1.37783
147 1.38837
148 1.39146
149 1.40353
150 1.409
151 1.42255
152 1.42362
153 1.43349
154 1.43699
155 1.44383
156 1.44717
157 1.45678
158 1.45935
159 1.46285
160 1.46983
161 1.47554
162 1.48615
163 1.4898
164 1.49072
165 1.49984
166 1.50229
167 1.51406
168 1.52123
169 1.54799
170 1.55003
171 1.55794
172 1.56496
173 1.58125
174 1.58457
175 1.59226
176 1.59905
177 1.60702
178 1.61682
179 1.63648
180 1.64314
181 1.64769
182 1.65152
183 1.65577
184 1.6603
185 1.67281
186 1.68664
187 1.69424
188 1.70581
189 1.71329
190 1.71621
191 1.73917
192 1.74117
193 1.75209
194 1.77011
195 1.77345
196 1.78983
197 1.7972
198 1.80376
199 1.80662
200 1.81648
201 1.82253
202 1.83287
203 1.85712
204 1.89112
205 1.89985
206 1.91161
207 1.91462
208 1.92047
209 1.92543
210 1.93871
211 1.94318
212 1.95039
213 1.95553
214 1.97029
215 1.97836
216 1.98562
217 1.99272
218 1.99906
219 2.01332
220 2.01848
221 2.0259
222 2.036
223 2.04401
224 2.04775
225 2.06873
226 2.08534
227 2.08827
228 2.0929
229 2.10022
230 2.11251
231 2.12317
232 2.13325
233 2.13714
234 2.1511
235 2.16028
236 2.16821
237 2.17822
238 2.2047
239 2.20876
240 2.2116
241 2.21668
242 2.22703
243 2.23151
244 2.24239
245 2.25054
246 2.25344
247 2.26113
248 2.26385
249 2.26885
250 2.27157
251 2.2749
252 2.28593
253 2.29011
254 2.30006
255 2.31182
256 2.31442
257 2.33178
258 2.33471
259 2.34665
260 2.35441
261 2.39635
262 2.42125
263 2.42983
264 2.43483
265 2.4379
266 2.45104
267 2.45967
268 2.462
269 2.46672
270 2.47746
271 2.49336
272 2.49675
273 2.50981
274 2.51435
275 2.51847
276 2.52807
277 2.54075
278 2.54702
279 2.56186
280 2.57203
281 2.58784
282 2.591
283 2.59214
284 2.59535
285 2.59835
286 2.61075
287 2.61658
288 2.63877
289 2.64255
290 2.64604
291 2.65082
292 2.66109
293 2.66694
294 2.68176
295 2.70807
296 2.71379
297 2.7176
298 2.72637
299 2.73105
300 2.7371
301 2.74397
302 2.74819
303 2.7538
304 2.77035
305 2.77351
306 2.78036
307 2.78439
308 2.78866
309 2.79245
310 2.79473
311 2.80788
312 2.8139
313 2.81826
314 2.826
315 2.85307
316 2.87747
317 2.88487
318 2.90981
319 2.91402
320 2.93554
321 2.94899
322 2.96137
323 2.9685
324 2.98779
325 2.99186
326 2.99794
327 2.99974
