1 0.00178
2 0.00551
3 0.01122
4 0.02054
5 0.02408
6 0.02856
7 0.03023
8 0.04837
9 0.07061
10 0.07247
11 0.07729
12 0.08917
13 0.09466
14 0.09879
15 0.10165
16 0.10839
17 0.11283
18 0.1183
19 0.13689
20 0.14304
21 0.15143
22 0.17719
23 0.1807
24 0.18311
25 0.1844
26 0.18785
27 0.19677
28 0.20538
29 0.20739
30 0.20944
31 0.23244
32 0.24571
33 0.25121
34 0.26035
35 0.27508
36 0.27891
37 0.2818
38 0.29496
39 0.30126
40 0.31015
41 0.31569
42 0.32459
43 0.32788
44 0.329
45 0.33781
46 0.34217
47 0.34874
48 0.3517
49 0.35292
50 0.35667
51 0.36866
52 0.37297
53 0.37691
54 0.3805
55 0.38994
56 0.39156
57 0.39973
58 0.40398
59 0.42576
60 0.43065
61 0.43796
62 0.44267
63 0.45281
64 0.46076
65 0.46864
66 0.47622
67 0.47828
68 0.48874
69 0.4965
70 0.4993
71 0.50468
72 0.51147
73 0.51771
74 0.52201
75 0.52591
76 0.54559
77 0.5485
78 0.56393
79 0.57183
80 0.57395
81 0.57817
82 0.58015
83 0.5861
84 0.58969
85 0.59705
86 0.60146
87 0.60383
88 0.61136
89 0.61434
90 0.641
91 0.64741
92 0.65001
93 0.66626
94 0.68338
95 0.6894
96 0.69231
97 0.69803
98 0.70318
99 0.70762
100 0.70949
101 0.71197
102 0.71594
103 0.72633
104 0.73533
105 0.74611
106 0.74863
107 0.75037
108 0.75247
109 0.75431
110 0.75765
111 0.77156
112 0.79937
113 0.80827
114 0.81231
115 0.81464
116 0.81571
117 0.82558
118 0.82897
119 0.84636
120 0.85075
121 0.85869
122 0.8747
123 0.88134
124 0.88825
125 0.90278
126 0.92198
127 0.92667
128 0.92761
129 0.93299
130 0.94226
131 0.95027
132 0.9525
133 0.95948
134 0.97781
135 0.98013
136 0.99696
137 1.0032
138 1.0076
139 1.01359
140 1.01667
141 1.01873
142 1.02317
143 1.02851
144 1.04319
145 1.04914
146 1.05275
147 1.06088
148 1.06625
149 1.06882
150 1.07184
151 1.07284
152 1.08559
153 1.0937
154 1.10642
155 1.10887
156 1.11901
157 1.14043
158 1.14321
159 1.14505
160 1.14774
161 1.15065
162 1.15526
163 1.17004
164 1.17442
165 1.17823
166 1.17993
167 1.18782
168 1.19617
169 1.20012
170 1.20411
171 1.2126
172 1.21576
173 1.21943
174 1.22476
175 1.2393
176 1.24706
177 1.2503
178 1.25826
179 1.27366
180 1.27607
181 1.2821
182 1.30197
183 1.31494
184 1.31952
185 1.32452
186 1.33824
187 1.34208
188 1.34885
189 1.35247
190 1.36461
191 1.37117
192 1.39089
193 1.39589
194 1.40704
195 1.4158
196 1.42236
197 1.4273
198 1.4287
199 1.43111
200 1.43487
201 1.44511
202 1.45947
203 1.46194
204 1.4761
205 1.485
206 1.495
207 1.49929
208 1.50413
209 1.50623
210 1.51046
211 1.51218
212 1.52873
213 1.53347
214 1.54786
215 1.5575
216 1.56579
217 1.56753
218 1.57463
219 1.57725
220 1.57953
221 1.5864
222 1.59467
223 1.59667
224 1.60042
225 1.61266
226 1.6185
227 1.62814
228 1.63971
229 1.65311
230 1.6688
231 1.68072
232 1.69281
233 1.69522
234 1.70436
235 1.71186
236 1.71593
237 1.71962
238 1.7322
239 1.74558
240 1.74875
241 1.75982
242 1.76273
243 1.76578
244 1.7848
245 1.79347
246 1.81143
247 1.81639
248 1.83132
249 1.84259
250 1.84546
251 1.84822
252 1.85888
253 1.8656
254 1.86828
255 1.87303
256 1.87538
257 1.89641
258 1.89878
259 1.90444
260 1.91376
261 1.91795
262 1.92084
263 1.92347
264 1.93253
265 1.93488
266 1.96321
267 1.96456
268 1.96659
269 1.97045
270 1.97883
271 1.9886
272 1.99872
273 2.00964
274 2.01199
275 2.02831
276 2.04404
277 2.06098
278 2.06204
279 2.06645
280 2.06862
281 2.09555
282 2.11843
283 2.12519
284 2.14697
285 2.15381
286 2.16528
287 2.16729
288 2.1702
289 2.17526
290 2.1791
291 2.18422
292 2.18921
293 2.19647
294 2.20002
295 2.2048
296 2.20866
297 2.21074
298 2.21913
299 2.22636
300 2.23508
301 2.23863
302 2.24718
303 2.25026
304 2.25377
305 2.25607
306 2.25948
307 2.2624
308 2.27027
309 2.27341
310 2.29327
311 2.31036
312 2.31288
313 2.32423
314 2.33594
315 2.35036
316 2.35432
317 2.36557
318 2.3696
319 2.37271
320 2.37657
321 2.39468
322 2.39796
323 2.40369
324 2.41802
325 2.42229
326 2.42641
327 2.43422
328 2.43717
329 2.44764
330 2.45541
331 2.46156
332 2.46405
333 2.46881
334 2.47894
335 2.48318
336 2.49746
337 2.50243
338 2.51674
339 2.53215
340 2.5399
341 2.54147
342 2.54988
343 2.55452
344 2.5599
345 2.5651
346 2.57344
347 2.58472
348 2.58956
349 2.59113
350 2.59212
351 2.60365
352 2.61469
353 2.61959
354 2.62183
355 2.63061
356 2.64513
357 2.65477
358 2.6656
359 2.67418
360 2.67598
361 2.68139
362 2.69817
363 2.70629
364 2.7101
365 2.71391
366 2.71991
367 2.72412
368 2.73254
369 2.74642
370 2.75135
371 2.75685
372 2.75959
373 2.78068
374 2.81127
375 2.83811
376 2.84317
377 2.8506
378 2.85315
379 2.8624
380 2.89252
381 2.91805
382 2.92345
383 2.92629
384 2.93094
385 2.9376
386 2.94354
387 2.95339
388 2.95497
389 2.96676
390 2.96851
391 2.99806
