1 0.00752
2 0.01169
3 0.01597
4 0.02518
5 0.03289
6 0.03641
7 0.04892
8 0.08314
9 0.08482
10 0.09696
11 0.09904
12 0.10876
13 0.11876
14 0.14181
15 0.14664
16 0.15188
17 0.17143
18 0.19922
19 0.20842
20 0.24176
21 0.26723
22 0.2704
23 0.27358
24 0.29384
25 0.29753
26 0.29932
27 0.31093
28 0.3296
29 0.33923
30 0.34788
31 0.36549
32 0.36903
33 0.37376
34 0.38905
35 0.39704
36 0.39945
37 0.40907
38 0.41626
39 0.42643
40 0.45304
41 0.45442
42 0.47351
43 0.48909
44 0.4962
45 0.51783
46 0.52613
47 0.53938
48 0.548
49 0.55558
50 0.56038
51 0.5659
52 0.57382
53 0.59162
54 0.59821
55 0.62131
56 0.62984
57 0.65365
58 0.66676
59 0.66865
60 0.70121
61 0.70252
62 0.70865
63 0.71235
64 0.7334
65 0.75494
66 0.76102
67 0.76515
68 0.77677
69 0.78229
70 0.80768
71 0.81117
72 0.82279
73 0.83503
74 0.84174
75 0.84579
76 0.85747
77 0.8618
78 0.86649
79 0.87185
80 0.88753
81 0.89075
82 0.90604
83 0.91127
84 0.91326
85 0.91484
86 0.92086
87 0.93508
88 0.94098
89 0.95882
90 0.99212
91 1.0205
92 1.0242
93 1.02946
94 1.04956
95 1.06533
96 1.07232
97 1.0822
98 1.0858
99 1.1055
100 1.12747
101 1.14793
102 1.15632
103 1.17655
104 1.17844
105 1.18175
106 1.18791
107 1.18978
108 1.19134
109 1.19587
110 1.20938
111 1.22273
112 1.22668
113 1.23215
114 1.2446
115 1.24915
116 1.2572
117 1.26602
118 1.26925
119 1.28177
120 1.29288
121 1.31056
122 1.3125
123 1.31814
124 1.33476
125 1.34113
126 1.34858
127 1.35623
128 1.36287
129 1.40041
130 1.41192
131 1.42882
132 1.43546
133 1.44311
134 1.45834
135 1.46177
136 1.46364
137 1.48171
138 1.48325
139 1.49104
140 1.49335
141 1.50123
142 1.51722
143 1.52717
144 1.53063
145 1.54283
146 1.56187
147 1.56657
148 1.57012
149 1.57176
150 1.59539
151 1.59895
152 1.6012
153 1.61717
154 1.62681
155 1.67509
156 1.68617
157 1.69279
158 1.70453
159 1.71377
160 1.71577
161 1.72829
162 1.74133
163 1.75631
164 1.76518
165 1.77306
166 1.78501
167 1.80328
168 1.80516
169 1.81339
170 1.81908
171 1.87068
172 1.88762
173 1.90086
174 1.90667
175 1.91241
176 1.91418
177 1.91659
178 1.92222
179 1.93963
180 1.9434
181 1.95311
182 1.95499
183 1.96277
184 1.9894
185 1.99548
186 1.99977
187 2.01985
188 2.02334
189 2.03224
190 2.0477
191 2.06265
192 2.07322
193 2.08327
194 2.08545
195 2.09115
196 2.09278
197 2.11493
198 2.12004
199 2.16189
200 2.16733
201 2.17135
202 2.1866
203 2.21972
204 2.22907
205 2.23179
206 2.23505
207 2.24462
208 2.25069
209 2.25431
210 2.28612
211 2.29315
212 2.29943
213 2.31017
214 2.32014
215 2.32541
216 2.3398
217 2.34527
218 2.35036
219 2.35759
220 2.39585
221 2.40208
222 2.40673
223 2.41768
224 2.43382
225 2.44145
226 2.45304
227 2.4613
228 2.46546
229 2.47541
230 2.47695
231 2.488
232 2.50541
233 2.52111
234 2.52842
235 2.56093
236 2.56416
237 2.58325
238 2.59206
239 2.59954
240 2.63346
241 2.63746
242 2.6529
243 2.6548
244 2.65755
245 2.707
246 2.71008
247 2.71556
248 2.72155
249 2.74055
250 2.75116
251 2.76905
252 2.78381
253 2.79111
254 2.79618
255 2.80104
256 2.8055
257 2.81483
258 2.84004
259 2.84258
260 2.84806
261 2.8895
262 2.89462
263 2.90266
264 2.93531
265 2.96487
266 2.98745
267 2.99466
268 2.99626
