1 0.00424
2 0.00678
3 0.00985
4 0.01321
5 0.02433
6 0.02958
7 0.04079
8 0.04655
9 0.04955
10 0.0541
11 0.06296
12 0.07011
13 0.08053
14 0.08894
15 0.11718
16 0.13513
17 0.14137
18 0.14467
19 0.15731
20 0.16336
21 0.17404
22 0.19376
23 0.21366
24 0.22566
25 0.23816
26 0.2426
27 0.26971
28 0.27589
29 0.2813
30 0.28641
31 0.30401
32 0.31124
33 0.31693
34 0.32088
35 0.32428
36 0.33174
37 0.33536
38 0.33919
39 0.35627
40 0.35879
41 0.37584
42 0.3801
43 0.38422
44 0.39006
45 0.39692
46 0.40104
47 0.41787
48 0.42569
49 0.452
50 0.454
51 0.46489
52 0.47978
53 0.50221
54 0.51029
55 0.52579
56 0.52893
57 0.53569
58 0.54334
59 0.54597
60 0.55691
61 0.56654
62 0.57522
63 0.58428
64 0.58684
65 0.59244
66 0.60584
67 0.62633
68 0.63083
69 0.63644
70 0.63835
71 0.65032
72 0.65224
73 0.66135
74 0.66952
75 0.67431
76 0.68255
77 0.69037
78 0.7093
79 0.71272
80 0.72127
81 0.72691
82 0.7445
83 0.76327
84 0.76904
85 0.77055
86 0.77319
87 0.79519
88 0.80679
89 0.80875
90 0.83298
91 0.85819
92 0.87366
93 0.8841
94 0.88869
95 0.88969
96 0.89677
97 0.90498
98 0.91072
99 0.91725
100 0.92365
101 0.92768
102 0.92975
103 0.95484
104 0.96261
105 0.96418
106 0.96984
107 0.97336
108 0.98685
109 0.99037
110 1.01058
111 1.02354
112 1.03499
113 1.03671
114 1.0522
115 1.05556
116 1.06341
117 1.06888
118 1.08729
119 1.09026
120 1.10041
121 1.11005
122 1.12504
123 1.14557
124 1.14791
125 1.15448
126 1.16125
127 1.16286
128 1.16826
129 1.16993
130 1.17765
131 1.181
132 1.1955
133 1.19784
134 1.21403
135 1.23276
136 1.23921
137 1.24135
138 1.27497
139 1.27981
140 1.28133
141 1.28679
142 1.30068
143 1.30795
144 1.32379
145 1.33077
146 1.3431
147 1.35005
148 1.35437
149 1.36478
150 1.39161
151 1.41315
152 1.42009
153 1.43696
154 1.44743
155 1.45676
156 1.45759
157 1.46114
158 1.46635
159 1.47395
160 1.50125
161 1.50751
162 1.50895
163 1.53553
164 1.53753
165 1.54473
166 1.54862
167 1.55207
168 1.55544
169 1.56123
170 1.5673
171 1.5806
172 1.59168
173 1.60584
174 1.63141
175 1.64201
176 1.65147
177 1.66307
178 1.66971
179 1.67547
180 1.69811
181 1.70403
182 1.70681
183 1.70841
184 1.71366
185 1.71512
186 1.71911
187 1.7363
188 1.75084
189 1.78995
190 1.79882
191 1.80422
192 1.81175
193 1.81803
194 1.8294
195 1.83628
196 1.85112
197 1.88007
198 1.89388
199 1.89476
200 1.89981
201 1.90627
202 1.91099
203 1.91833
204 1.93908
205 1.94804
206 1.95225
207 1.99296
208 2.00542
209 2.01013
210 2.01305
211 2.0175
212 2.02585
213 2.03878
214 2.04133
215 2.04591
216 2.05317
217 2.05924
218 2.07233
219 2.07903
220 2.08275
221 2.09305
222 2.09504
223 2.10306
224 2.11441
225 2.13005
226 2.14417
227 2.15629
228 2.16518
229 2.16767
230 2.17698
231 2.19359
232 2.20118
233 2.21162
234 2.22265
235 2.24641
236 2.25123
237 2.25619
238 2.25856
239 2.26384
240 2.26524
241 2.29284
242 2.30708
243 2.31305
244 2.31618
245 2.3252
246 2.33007
247 2.33343
248 2.3454
249 2.3574
250 2.36016
251 2.37811
252 2.38123
253 2.39343
254 2.39748
255 2.40485
256 2.41039
257 2.43731
258 2.458
259 2.48744
260 2.49569
261 2.51038
262 2.54484
263 2.55691
264 2.56865
265 2.59523
266 2.59798
267 2.6045
268 2.6322
269 2.63717
270 2.64869
271 2.65163
272 2.66505
273 2.67759
274 2.68083
275 2.7045
276 2.72092
277 2.75008
278 2.7518
279 2.75629
280 2.79227
281 2.79825
282 2.80411
283 2.81324
284 2.81699
285 2.82125
286 2.82715
287 2.83222
288 2.83519
289 2.84626
290 2.85162
291 2.86493
292 2.88038
293 2.88689
294 2.89399
295 2.90595
296 2.9101
297 2.91748
298 2.921
299 2.92652
300 2.96182
301 2.96551
302 2.98632
303 2.99549
