1 0.00198
2 0.00359
3 0.00745
4 0.01295
5 0.01441
6 0.01696
7 0.01863
8 0.02076
9 0.03251
10 0.03897
11 0.04011
12 0.04192
13 0.04742
14 0.05075
15 0.05409
16 0.05829
17 0.06366
18 0.06867
19 0.07027
20 0.0754
21 0.07908
22 0.08177
23 0.08762
24 0.09007
25 0.11107
26 0.11279
27 0.12281
28 0.14129
29 0.14676
30 0.15181
31 0.15829
32 0.16177
33 0.17305
34 0.17515
35 0.18516
36 0.19253
37 0.19605
38 0.2031
39 0.20902
40 0.2138
41 0.22939
42 0.23617
43 0.244
44 0.24979
45 0.25671
46 0.26374
47 0.26888
48 0.27061
49 0.27918
50 0.29084
51 0.30239
52 0.31219
53 0.33029
54 0.33691
55 0.34376
56 0.35865
57 0.36296
58 0.36973
59 0.37229
60 0.38573
61 0.40181
62 0.40509
63 0.40846
64 0.4159
65 0.41854
66 0.42706
67 0.44073
68 0.44509
69 0.44675
70 0.45465
71 0.45594
72 0.46124
73 0.46778
74 0.47472
75 0.4996
76 0.50151
77 0.50802
78 0.51005
79 0.51951
80 0.52733
81 0.53805
82 0.54022
83 0.5486
84 0.55339
85 0.56336
86 0.56655
87 0.57337
88 0.57833
89 0.58272
90 0.58559
91 0.58818
92 0.60413
93 0.60905
94 0.62313
95 0.63144
96 0.6344
97 0.64013
98 0.64256
99 0.65175
100 0.65653
101 0.66049
102 0.66708
103 0.67766
104 0.6857
105 0.68816
106 0.69441
107 0.69869
108 0.70696
109 0.71916
110 0.72784
111 0.73426
112 0.76176
113 0.77861
114 0.78139
115 0.79074
116 0.79533
117 0.79777
118 0.81346
119 0.81724
120 0.82102
121 0.83281
122 0.83656
123 0.84436
124 0.84835
125 0.85529
126 0.86459
127 0.87466
128 0.8855
129 0.88977
130 0.89786
131 0.90136
132 0.91589
133 0.93687
134 0.93913
135 0.9421
136 0.94522
137 0.95101
138 0.95705
139 0.95935
140 0.96635
141 0.9715
142 0.97316
143 0.99122
144 1.01066
145 1.01724
146 1.04108
147 1.0433
148 1.04643
149 1.06791
150 1.07027
151 1.07374
152 1.07874
153 1.08254
154 1.0866
155 1.09089
156 1.09346
157 1.10495
158 1.10893
159 1.11251
160 1.11698
161 1.13174
162 1.14091
163 1.14652
164 1.15565
165 1.1741
166 1.17988
167 1.18814
168 1.19808
169 1.20431
170 1.21026
171 1.21313
172 1.2169
173 1.22261
174 1.23064
175 1.24519
176 1.25882
177 1.26861
178 1.27606
179 1.27983
180 1.29122
181 1.29539
182 1.31665
183 1.33057
184 1.34566
185 1.35349
186 1.35926
187 1.3631
188 1.3686
189 1.39351
190 1.39624
191 1.39814
192 1.40362
193 1.41068
194 1.42214
195 1.43542
196 1.44129
197 1.44679
198 1.45187
199 1.46368
200 1.47013
201 1.47881
202 1.48479
203 1.49001
204 1.49342
205 1.49799
206 1.5126
207 1.51755
208 1.51958
209 1.53193
210 1.54992
211 1.55266
212 1.56889
213 1.57902
214 1.58485
215 1.58834
216 1.60913
217 1.61614
218 1.63091
219 1.63254
220 1.63833
221 1.66384
222 1.66629
223 1.6701
224 1.67435
225 1.67678
226 1.68876
227 1.69979
228 1.70264
229 1.70406
230 1.70987
231 1.71363
232 1.73737
233 1.73998
234 1.745
235 1.75131
236 1.75571
237 1.76753
238 1.77125
239 1.78909
240 1.79565
241 1.80288
242 1.81027
243 1.81554
244 1.82062
245 1.82869
246 1.83263
247 1.83797
248 1.8468
249 1.85627
250 1.86588
251 1.86926
252 1.88212
253 1.89273
254 1.89419
255 1.89792
256 1.91217
257 1.94329
258 1.94487
259 1.94707
260 1.95004
261 1.95348
262 1.96112
263 1.96916
264 2.00152
265 2.00321
266 2.00903
267 2.01832
268 2.02231
269 2.02914
270 2.03032
271 2.0425
272 2.04642
273 2.05523
274 2.06639
275 2.069
276 2.07933
277 2.08064
278 2.0861
279 2.09024
280 2.10758
281 2.11396
282 2.11898
283 2.12199
284 2.13262
285 2.13498
286 2.13797
287 2.14845
288 2.15259
289 2.15676
290 2.15969
291 2.16407
292 2.16736
293 2.17598
294 2.17752
295 2.18673
296 2.18951
297 2.1939
298 2.19682
299 2.19853
300 2.20364
301 2.2052
302 2.2068
303 2.21668
304 2.22052
305 2.22494
306 2.24402
307 2.2489
308 2.25408
309 2.26163
310 2.26454
311 2.26827
312 2.27137
313 2.28762
314 2.29018
315 2.30229
316 2.31155
317 2.31774
318 2.3306
319 2.33374
320 2.33653
321 2.34081
322 2.34253
323 2.35374
324 2.35728
325 2.36132
326 2.36699
327 2.37916
328 2.38747
329 2.39588
330 2.3983
331 2.40295
332 2.40832
333 2.41174
334 2.41292
335 2.41743
336 2.42234
337 2.4368
338 2.44599
339 2.47012
340 2.48608
341 2.51181
342 2.51569
343 2.52147
344 2.52667
345 2.54297
346 2.55635
347 2.56169
348 2.56594
349 2.57081
350 2.58471
351 2.58987
352 2.59281
353 2.60593
354 2.60718
355 2.60885
356 2.61305
357 2.61567
358 2.62376
359 2.62891
360 2.63643
361 2.63888
362 2.64756
363 2.6514
364 2.65776
365 2.66542
366 2.67304
367 2.69172
368 2.69418
369 2.69772
370 2.70688
371 2.71085
372 2.71454
373 2.72861
374 2.7416
375 2.75268
376 2.75985
377 2.7615
378 2.76596
379 2.76832
380 2.79087
381 2.80194
382 2.81268
383 2.81539
384 2.8202
385 2.8285
386 2.83642
387 2.84084
388 2.85954
389 2.86492
390 2.86917
391 2.89561
392 2.90275
393 2.90556
394 2.90887
395 2.91354
396 2.91593
397 2.93155
398 2.93704
399 2.94473
400 2.96022
401 2.96509
402 2.97516
403 2.98659
404 2.99733
