1 0.00367
2 0.00596
3 0.01445
4 0.01966
5 0.02591
6 0.03047
7 0.03411
8 0.03892
9 0.04485
10 0.05002
11 0.05435
12 0.05688
13 0.06515
14 0.07747
15 0.07967
16 0.08314
17 0.0913
18 0.09333
19 0.10982
20 0.1254
21 0.13273
22 0.13657
23 0.15336
24 0.15868
25 0.1637
26 0.16824
27 0.18309
28 0.20487
29 0.218
30 0.22131
31 0.2261
32 0.22922
33 0.23312
34 0.25253
35 0.26164
36 0.28071
37 0.2878
38 0.29421
39 0.29653
40 0.30292
41 0.31181
42 0.31576
43 0.32742
44 0.33982
45 0.35671
46 0.37254
47 0.37437
48 0.38537
49 0.39152
50 0.40134
51 0.41084
52 0.41624
53 0.41896
54 0.42298
55 0.43267
56 0.43874
57 0.44585
58 0.45112
59 0.46399
60 0.47239
61 0.48243
62 0.48465
63 0.49199
64 0.50271
65 0.50696
66 0.53348
67 0.55364
68 0.56572
69 0.57601
70 0.57789
71 0.58486
72 0.5905
73 0.60337
74 0.60766
75 0.61759
76 0.63351
77 0.63865
78 0.64814
79 0.65155
80 0.67409
81 0.67812
82 0.68059
83 0.69175
84 0.69626
85 0.71429
86 0.72502
87 0.73146
88 0.73575
89 0.75662
90 0.7763
91 0.79908
92 0.80215
93 0.80468
94 0.80775
95 0.81832
96 0.82439
97 0.84537
98 0.852
99 0.85492
100 0.85669
101 0.86537
102 0.87807
103 0.88455
104 0.89335
105 0.90669
106 0.90953
107 0.91466
108 0.9227
109 0.92809
110 0.94222
111 0.96486
112 0.96813
113 0.97311
114 0.97486
115 0.98042
116 0.98942
117 0.99939
118 1.00337
119 1.02675
120 1.03014
121 1.04275
122 1.04378
123 1.04839
124 1.06068
125 1.06748
126 1.07346
127 1.0831
128 1.09016
129 1.09335
130 1.09711
131 1.11201
132 1.11877
133 1.13692
134 1.14052
135 1.14731
136 1.15246
137 1.16734
138 1.18198
139 1.18842
140 1.19156
141 1.19537
142 1.19702
143 1.21923
144 1.22947
145 1.25107
146 1.26208
147 1.27635
148 1.27982
149 1.28406
150 1.29415
151 1.30419
152 1.32363
153 1.32668
154 1.3348
155 1.34284
156 1.3551
157 1.35617
158 1.36521
159 1.38152
160 1.38381
161 1.39908
162 1.40469
163 1.41105
164 1.43036
165 1.43443
166 1.44534
167 1.45062
168 1.46112
169 1.46807
170 1.48477
171 1.48911
172 1.49985
173 1.50909
174 1.52769
175 1.53013
176 1.53584
177 1.53858
178 1.54996
179 1.5521
180 1.55885
181 1.5617
182 1.56284
183 1.56702
184 1.57169
185 1.58053
186 1.58495
187 1.59466
188 1.60113
189 1.60975
190 1.62759
191 1.63257
192 1.65157
193 1.66554
194 1.68362
195 1.68787
196 1.70836
197 1.71774
198 1.7191
199 1.72195
200 1.73256
201 1.75242
202 1.75572
203 1.75857
204 1.78029
205 1.78265
206 1.79213
207 1.80074
208 1.81341
209 1.81862
210 1.82254
211 1.8285
212 1.83403
213 1.85448
214 1.86925
215 1.88093
216 1.88722
217 1.88906
218 1.89139
219 1.91456
220 1.92279
221 1.94131
222 1.94396
223 1.94754
224 1.96252
225 1.96756
226 1.9815
227 1.99135
228 1.99355
229 1.99976
230 2.02264
231 2.03014
232 2.04465
233 2.05454
234 2.05805
235 2.07186
236 2.08187
237 2.10539
238 2.10925
239 2.12001
240 2.12425
241 2.12636
242 2.12868
243 2.13349
244 2.13639
245 2.13892
246 2.14828
247 2.1591
248 2.16218
249 2.16713
250 2.17525
251 2.18397
252 2.19196
253 2.2017
254 2.20666
255 2.22231
256 2.22402
257 2.23527
258 2.24243
259 2.25254
260 2.26334
261 2.2714
262 2.27913
263 2.29657
264 2.31556
265 2.32263
266 2.32745
267 2.35269
268 2.35855
269 2.37891
270 2.38238
271 2.38509
272 2.38962
273 2.40523
274 2.40775
275 2.41067
276 2.41579
277 2.42017
278 2.4244
279 2.43055
280 2.43369
281 2.4356
282 2.44575
283 2.44879
284 2.46461
285 2.47627
286 2.47954
287 2.48201
288 2.48474
289 2.50057
290 2.52552
291 2.53652
292 2.54452
293 2.54875
294 2.55067
295 2.55277
296 2.56689
297 2.57686
298 2.58308
299 2.59021
300 2.60118
301 2.60408
302 2.61526
303 2.6301
304 2.64221
305 2.65077
306 2.69044
307 2.69231
308 2.69884
309 2.70068
310 2.71355
311 2.7201
312 2.72988
313 2.74678
314 2.77654
315 2.78321
316 2.79245
317 2.80073
318 2.80378
319 2.81322
320 2.81513
321 2.82053
322 2.83778
323 2.85988
324 2.86732
325 2.87529
326 2.88239
327 2.8869
328 2.88855
329 2.89776
330 2.90711
331 2.91448
332 2.92207
333 2.9334
334 2.94422
335 2.9737
336 2.97806
337 2.99613
