1 0.00536
2 0.00728
3 0.02139
4 0.02324
5 0.03904
6 0.04149
7 0.04718
8 0.04924
9 0.05179
10 0.05904
11 0.06617
12 0.07276
13 0.07706
14 0.08496
15 0.09048
16 0.10087
17 0.11491
18 0.11585
19 0.12344
20 0.13411
21 0.14624
22 0.152
23 0.16356
24 0.16918
25 0.17329
26 0.17463
27 0.18122
28 0.19334
29 0.19784
30 0.21273
31 0.2243
32 0.25255
33 0.26427
34 0.29017
35 0.31048
36 0.31301
37 0.3311
38 0.33599
39 0.35227
40 0.35972
41 0.36458
42 0.3701
43 0.3735
44 0.38203
45 0.38548
46 0.3944
47 0.39982
48 0.40972
49 0.41178
50 0.42575
51 0.42751
52 0.43015
53 0.44148
54 0.44477
55 0.44631
56 0.45686
57 0.4719
58 0.47783
59 0.48153
60 0.4846
61 0.48677
62 0.50484
63 0.51441
64 0.53641
65 0.55667
66 0.56807
67 0.59213
68 0.59925
69 0.60144
70 0.60685
71 0.60881
72 0.62631
73 0.64623
74 0.65229
75 0.673
76 0.67719
77 0.68356
78 0.71094
79 0.71585
80 0.72028
81 0.72954
82 0.73301
83 0.74061
84 0.74734
85 0.75654
86 0.76452
87 0.78065
88 0.78221
89 0.79063
90 0.81881
91 0.82315
92 0.8246
93 0.83942
94 0.86427
95 0.8723
96 0.88058
97 0.88218
98 0.89618
99 0.91117
100 0.93264
101 0.94111
102 0.95099
103 0.95918
104 0.96217
105 0.97601
106 0.9897
107 1.00415
108 1.01594
109 1.01748
110 1.02653
111 1.03758
112 1.05112
113 1.05761
114 1.07646
115 1.07995
116 1.09154
117 1.10358
118 1.10709
119 1.11513
120 1.11997
121 1.13676
122 1.13936
123 1.14199
124 1.14498
125 1.14906
126 1.15801
127 1.16236
128 1.1759
129 1.1786
130 1.17991
131 1.18396
132 1.18783
133 1.20001
134 1.20467
135 1.22427
136 1.23928
137 1.25992
138 1.27373
139 1.27891
140 1.29114
141 1.30628
142 1.32835
143 1.3573
144 1.36773
145 1.3717
146 1.37381
147 1.37722
148 1.3836
149 1.38746
150 1.39115
151 1.40025
152 1.40619
153 1.41787
154 1.42229
155 1.42422
156 1.44369
157 1.4596
158 1.46303
159 1.48014
160 1.48614
161 1.49449
162 1.50253
163 1.50717
164 1.51382
165 1.51498
166 1.52344
167 1.53029
168 1.5313
169 1.54053
170 1.54562
171 1.55257
172 1.56332
173 1.57009
174 1.58633
175 1.5957
176 1.61391
177 1.61754
178 1.62836
179 1.6457
180 1.6497
181 1.66399
182 1.6734
183 1.67429
184 1.67852
185 1.69724
186 1.71549
187 1.71847
188 1.73044
189 1.73694
190 1.7402
191 1.749
192 1.75217
193 1.75984
194 1.7671
195 1.76981
196 1.78911
197 1.7966
198 1.80048
199 1.80906
200 1.8167
201 1.84153
202 1.85011
203 1.8638
204 1.86647
205 1.87262
206 1.88486
207 1.89544
208 1.90515
209 1.91732
210 1.92155
211 1.92484
212 1.94021
213 1.94755
214 1.95257
215 1.95993
216 1.96267
217 1.9658
218 1.97528
219 1.9829
220 1.9905
221 2.00253
222 2.00538
223 2.02025
224 2.06386
225 2.08448
226 2.1021
227 2.10544
228 2.11197
229 2.11748
230 2.12506
231 2.13878
232 2.14946
233 2.15412
234 2.15648
235 2.17608
236 2.19182
237 2.20263
238 2.21685
239 2.22136
240 2.22695
241 2.23619
242 2.24336
243 2.24751
244 2.25149
245 2.26042
246 2.26338
247 2.28025
248 2.28696
249 2.29954
250 2.33063
251 2.33311
252 2.33516
253 2.33642
254 2.36132
255 2.37268
256 2.37808
257 2.42456
258 2.42639
259 2.43739
260 2.44253
261 2.45485
262 2.46106
263 2.46694
264 2.4833
265 2.48984
266 2.50099
267 2.51638
268 2.53112
269 2.53605
270 2.53919
271 2.54675
272 2.54763
273 2.56271
274 2.56595
275 2.57437
276 2.58851
277 2.59672
278 2.60565
279 2.61011
280 2.6185
281 2.62041
282 2.62555
283 2.632
284 2.64548
285 2.6502
286 2.65164
287 2.65607
288 2.66954
289 2.67416
290 2.68757
291 2.69102
292 2.70264
293 2.70849
294 2.71691
295 2.72104
296 2.73967
297 2.74882
298 2.76143
299 2.7654
300 2.76745
301 2.79626
302 2.80929
303 2.82061
304 2.82253
305 2.83059
306 2.83188
307 2.83428
308 2.83634
309 2.84936
310 2.85129
311 2.85313
312 2.85917
313 2.86767
314 2.89567
315 2.89673
316 2.91609
317 2.91766
318 2.92218
319 2.92886
320 2.93905
321 2.94452
322 2.94753
323 2.96619
324 2.97536
325 2.98742
326 2.98965
