1 0.01088
2 0.01704
3 0.0197
4 0.02313
5 0.02477
6 0.04116
7 0.04399
8 0.04928
9 0.05471
10 0.05828
11 0.06593
12 0.07033
13 0.08389
14 0.10134
15 0.10687
16 0.11194
17 0.13073
18 0.13497
19 0.14636
20 0.155
21 0.16966
22 0.17324
23 0.17673
24 0.18706
25 0.1925
26 0.19473
27 0.19869
28 0.20253
29 0.20765
30 0.21306
31 0.22139
32 0.22693
33 0.22996
34 0.23222
35 0.2373
36 0.24581
37 0.24928
38 0.25509
39 0.26325
40 0.29056
41 0.29165
42 0.29624
43 0.29909
44 0.31258
45 0.31841
46 0.32179
47 0.32673
48 0.33275
49 0.33971
50 0.35557
51 0.37558
52 0.38303
53 0.38449
54 0.39021
55 0.40774
56 0.41013
57 0.42082
58 0.43274
59 0.44326
60 0.45022
61 0.45422
62 0.45921
63 0.46565
64 0.48034
65 0.48362
66 0.49682
67 0.50197
68 0.50532
69 0.5104
70 0.51807
71 0.54328
72 0.54496
73 0.55069
74 0.56763
75 0.57181
76 0.58277
77 0.58776
78 0.60319
79 0.60512
80 0.61093
81 0.63422
82 0.64728
83 0.6562
84 0.66397
85 0.67074
86 0.67412
87 0.68024
88 0.68363
89 0.69027
90 0.69303
91 0.69763
92 0.70233
93 0.70906
94 0.73799
95 0.74835
96 0.75023
97 0.75923
98 0.77055
99 0.77381
100 0.78215
101 0.78989
102 0.79485
103 0.80115
104 0.80761
105 0.8137
106 0.82414
107 0.83022
108 0.83564
109 0.83784
110 0.84949
111 0.85374
112 0.86308
113 0.88373
114 0.88647
115 0.89417
116 0.90191
117 0.90407
118 0.91381
119 0.91979
120 0.92378
121 0.92947
122 0.93884
123 0.94238
124 0.94758
125 0.95334
126 0.95447
127 0.95943
128 0.96472
129 0.97059
130 0.98569
131 0.99058
132 1.00087
133 1.02483
134 1.02887
135 1.03119
136 1.04362
137 1.04567
138 1.05602
139 1.06744
140 1.0713
141 1.07573
142 1.08188
143 1.0856
144 1.08733
145 1.09111
146 1.1228
147 1.13683
148 1.14012
149 1.15566
150 1.1596
151 1.16764
152 1.17427
153 1.18006
154 1.18708
155 1.19974
156 1.20159
157 1.20361
158 1.23091
159 1.23886
160 1.24568
161 1.24858
162 1.25634
163 1.26502
164 1.27324
165 1.27807
166 1.28349
167 1.29078
168 1.29917
169 1.32479
170 1.33868
171 1.3516
172 1.35674
173 1.36923
174 1.37745
175 1.38604
176 1.39475
177 1.40615
178 1.41428
179 1.41973
180 1.4348
181 1.4368
182 1.44039
183 1.44447
184 1.45132
185 1.45706
186 1.4693
187 1.48488
188 1.49862
189 1.5005
190 1.51018
191 1.51943
192 1.52641
193 1.52913
194 1.53161
195 1.53825
196 1.5491
197 1.55678
198 1.56503
199 1.57102
200 1.58369
201 1.59041
202 1.59388
203 1.60863
204 1.62304
205 1.62665
206 1.6311
207 1.6365
208 1.64253
209 1.6603
210 1.66349
211 1.66618
212 1.67713
213 1.67948
214 1.6837
215 1.69018
216 1.69605
217 1.70164
218 1.71439
219 1.71692
220 1.72769
221 1.73828
222 1.74397
223 1.75351
224 1.75556
225 1.75728
226 1.77216
227 1.7795
228 1.7942
229 1.79674
230 1.81263
231 1.81887
232 1.82549
233 1.83135
234 1.83242
235 1.83824
236 1.84203
237 1.86679
238 1.88344
239 1.88798
240 1.89607
241 1.89966
242 1.92445
243 1.93528
244 1.94556
245 1.95101
246 1.95786
247 1.96553
248 1.9752
249 1.97884
250 1.98514
251 1.99062
252 1.99216
253 2.00262
254 2.00763
255 2.01255
256 2.02037
257 2.03365
258 2.03755
259 2.04065
260 2.05965
261 2.06559
262 2.08033
263 2.08409
264 2.08573
265 2.08786
266 2.09121
267 2.10406
268 2.11901
269 2.12267
270 2.13521
271 2.14348
272 2.14748
273 2.16185
274 2.173
275 2.17885
276 2.18396
277 2.1911
278 2.19878
279 2.21535
280 2.22415
281 2.22837
282 2.23314
283 2.24618
284 2.24948
285 2.25645
286 2.2667
287 2.27463
288 2.28406
289 2.29315
290 2.30335
291 2.31632
292 2.33687
293 2.34466
294 2.35254
295 2.40666
296 2.41907
297 2.43089
298 2.43975
299 2.45036
300 2.45993
301 2.46972
302 2.47402
303 2.48812
304 2.49751
305 2.50709
306 2.5248
307 2.52954
308 2.5354
309 2.54722
310 2.55775
311 2.56497
312 2.56951
313 2.57601
314 2.57808
315 2.58269
316 2.58624
317 2.59326
318 2.59582
319 2.60184
320 2.6228
321 2.62546
322 2.63122
323 2.63407
324 2.639
325 2.66649
326 2.67396
327 2.68125
328 2.69676
329 2.70587
330 2.71609
331 2.71861
332 2.74111
333 2.75831
334 2.76054
335 2.76475
336 2.76929
337 2.77508
338 2.7761
339 2.77906
340 2.79006
341 2.80595
342 2.81244
343 2.82718
344 2.8324
345 2.83409
346 2.85307
347 2.8756
348 2.88034
349 2.89026
350 2.89684
351 2.91354
352 2.92044
353 2.93764
354 2.94373
355 2.95017
356 2.96118
357 2.98721
358 2.99107
359 2.9968
