1 0.00238
2 0.00599
3 0.01206
4 0.01529
5 0.02416
6 0.02898
7 0.04028
8 0.04147
9 0.04285
10 0.05186
11 0.05314
12 0.05468
13 0.0575
14 0.07828
15 0.07974
16 0.09151
17 0.09792
18 0.10561
19 0.11716
20 0.1277
21 0.13815
22 0.14305
23 0.14902
24 0.15541
25 0.18942
26 0.19611
27 0.19984
28 0.2025
29 0.20623
30 0.21362
31 0.22665
32 0.2324
33 0.24647
34 0.25201
35 0.25462
36 0.26028
37 0.2638
38 0.28438
39 0.29472
40 0.31248
41 0.31449
42 0.32999
43 0.33469
44 0.34287
45 0.34746
46 0.36095
47 0.37316
48 0.38008
49 0.38334
50 0.3932
51 0.39573
52 0.40299
53 0.41134
54 0.41671
55 0.42211
56 0.42516
57 0.42953
58 0.43714
59 0.44796
60 0.45446
61 0.45685
62 0.46487
63 0.47367
64 0.4763
65 0.48946
66 0.49382
67 0.50106
68 0.50464
69 0.50853
70 0.51181
71 0.51928
72 0.54173
73 0.54407
74 0.5458
75 0.55886
76 0.56318
77 0.58087
78 0.5917
79 0.59611
80 0.6063
81 0.61135
82 0.62596
83 0.63093
84 0.63788
85 0.64658
86 0.64867
87 0.6522
88 0.67048
89 0.68712
90 0.69708
91 0.70707
92 0.71796
93 0.72549
94 0.7304
95 0.73896
96 0.74332
97 0.75032
98 0.75369
99 0.76367
100 0.77052
101 0.77554
102 0.79309
103 0.7996
104 0.8027
105 0.81066
106 0.83068
107 0.83472
108 0.84471
109 0.84654
110 0.85076
111 0.85627
112 0.87502
113 0.88961
114 0.89979
115 0.90735
116 0.91814
117 0.93474
118 0.942
119 0.94412
120 0.95534
121 0.95938
122 0.96678
123 0.9707
124 0.9721
125 0.98467
126 0.9886
127 0.99116
128 0.99741
129 1.00677
130 1.01224
131 1.01652
132 1.01996
133 1.02121
134 1.04842
135 1.06084
136 1.06462
137 1.06749
138 1.09397
139 1.10181
140 1.11032
141 1.12284
142 1.12646
143 1.13666
144 1.13962
145 1.14086
146 1.14478
147 1.1497
148 1.15771
149 1.17274
150 1.19739
151 1.2063
152 1.20802
153 1.21053
154 1.21858
155 1.22124
156 1.23023
157 1.23735
158 1.24472
159 1.24604
160 1.25122
161 1.25422
162 1.26324
163 1.26701
164 1.27804
165 1.29459
166 1.29964
167 1.31402
168 1.31711
169 1.34605
170 1.35067
171 1.35675
172 1.36368
173 1.36653
174 1.37652
175 1.38263
176 1.38547
177 1.39632
178 1.39968
179 1.40908
180 1.42199
181 1.43527
182 1.4465
183 1.45216
184 1.45841
185 1.46669
186 1.47336
187 1.48023
188 1.48298
189 1.48448
190 1.4927
191 1.49581
192 1.5042
193 1.5099
194 1.51857
195 1.52461
196 1.54596
197 1.54961
198 1.55844
199 1.59478
200 1.61698
201 1.62492
202 1.6324
203 1.64091
204 1.64775
205 1.67223
206 1.67582
207 1.69256
208 1.70783
209 1.71384
210 1.72055
211 1.73316
212 1.7401
213 1.74645
214 1.75079
215 1.75889
216 1.76945
217 1.7972
218 1.80311
219 1.83298
220 1.84244
221 1.84986
222 1.85257
223 1.86193
224 1.88082
225 1.88611
226 1.8929
227 1.89566
228 1.90101
229 1.90755
230 1.9176
231 1.92865
232 1.93529
233 1.94124
234 1.94377
235 1.94737
236 1.9538
237 1.96597
238 1.9734
239 1.9787
240 1.98069
241 1.98693
242 1.99462
243 2.004
244 2.0094
245 2.01131
246 2.02587
247 2.0436
248 2.06086
249 2.07638
250 2.09273
251 2.09633
252 2.10519
253 2.11305
254 2.12569
255 2.13432
256 2.14443
257 2.15208
258 2.17389
259 2.18466
260 2.18717
261 2.18933
262 2.19536
263 2.20818
264 2.21038
265 2.21684
266 2.2213
267 2.22561
268 2.22743
269 2.23258
270 2.24294
271 2.25621
272 2.25909
273 2.26164
274 2.27504
275 2.28243
276 2.29753
277 2.30413
278 2.30658
279 2.30899
280 2.32035
281 2.32668
282 2.3432
283 2.35063
284 2.36006
285 2.37918
286 2.3843
287 2.38724
288 2.39207
289 2.39649
290 2.40274
291 2.40908
292 2.4136
293 2.42504
294 2.43584
295 2.43776
296 2.44484
297 2.44837
298 2.45487
299 2.46047
300 2.48469
301 2.49177
302 2.49392
303 2.49587
304 2.51352
305 2.52909
306 2.54808
307 2.558
308 2.56062
309 2.59346
310 2.60763
311 2.61244
312 2.63126
313 2.63564
314 2.63742
315 2.64133
316 2.64425
317 2.646
318 2.64808
319 2.65145
320 2.65627
321 2.6895
322 2.69093
323 2.69996
324 2.70766
325 2.71025
326 2.71506
327 2.72128
328 2.73596
329 2.74473
330 2.75043
331 2.75185
332 2.75642
333 2.76176
334 2.76779
335 2.77538
336 2.77857
337 2.79521
338 2.79745
339 2.801
340 2.80292
341 2.80751
342 2.81163
343 2.81407
344 2.82048
345 2.84092
346 2.84662
347 2.85611
348 2.85985
349 2.86572
350 2.87158
351 2.8751
352 2.88196
353 2.89126
354 2.89254
355 2.9254
356 2.92819
357 2.9409
358 2.94239
359 2.94554
360 2.95279
361 2.95809
362 2.96468
363 2.96991
364 2.97558
365 2.98269
366 2.9882
367 2.99181
