1 0.00206
2 0.00353
3 0.01413
4 0.0231
5 0.0402
6 0.04485
7 0.04987
8 0.05434
9 0.06377
10 0.06866
11 0.07198
12 0.07782
13 0.08764
14 0.10341
15 0.11443
16 0.1173
17 0.12615
18 0.1466
19 0.15633
20 0.16146
21 0.16571
22 0.17548
23 0.18215
24 0.18577
25 0.18974
26 0.19826
27 0.20261
28 0.21168
29 0.22409
30 0.22855
31 0.23697
32 0.24014
33 0.24712
34 0.25545
35 0.26851
36 0.28043
37 0.28458
38 0.32432
39 0.3283
40 0.33823
41 0.33915
42 0.35234
43 0.35603
44 0.36328
45 0.39817
46 0.40166
47 0.40666
48 0.40888
49 0.41331
50 0.41613
51 0.42627
52 0.43107
53 0.44025
54 0.44265
55 0.44895
56 0.45227
57 0.45675
58 0.45769
59 0.46912
60 0.47554
61 0.48013
62 0.4891
63 0.49409
64 0.50937
65 0.51908
66 0.53215
67 0.53535
68 0.54759
69 0.55328
70 0.55577
71 0.58111
72 0.59046
73 0.60162
74 0.6099
75 0.61224
76 0.62119
77 0.63708
78 0.64999
79 0.65638
80 0.66147
81 0.66445
82 0.66708
83 0.67197
84 0.67721
85 0.67902
86 0.68639
87 0.68784
88 0.69353
89 0.69783
90 0.7055
91 0.71722
92 0.73734
93 0.7537
94 0.75568
95 0.75816
96 0.77407
97 0.78465
98 0.79893
99 0.80357
100 0.81017
101 0.81372
102 0.83648
103 0.85893
104 0.86506
105 0.86643
106 0.87554
107 0.87898
108 0.88265
109 0.89637
110 0.90646
111 0.91242
112 0.91965
113 0.92137
114 0.92278
115 0.92926
116 0.93161
117 0.93892
118 0.94282
119 0.94588
120 0.94848
121 0.95411
122 0.96433
123 0.9718
124 0.98048
125 0.99027
126 1.02182
127 1.05033
128 1.06659
129 1.07479
130 1.07649
131 1.07809
132 1.08953
133 1.10135
134 1.10371
135 1.11268
136 1.12945
137 1.13183
138 1.15404
139 1.16198
140 1.16916
141 1.17075
142 1.17958
143 1.18408
144 1.1926
145 1.19755
146 1.20221
147 1.20675
148 1.21071
149 1.23286
150 1.23449
151 1.25262
152 1.26251
153 1.27413
154 1.28036
155 1.30789
156 1.30993
157 1.31294
158 1.31852
159 1.32267
160 1.32514
161 1.33307
162 1.34368
163 1.34981
164 1.35749
165 1.36435
166 1.38281
167 1.38763
168 1.39509
169 1.3971
170 1.40388
171 1.40856
172 1.42241
173 1.42506
174 1.42845
175 1.44067
176 1.44749
177 1.44949
178 1.46111
179 1.46491
180 1.47924
181 1.48583
182 1.48783
183 1.50649
184 1.51134
185 1.52802
186 1.53338
187 1.54021
188 1.54863
189 1.55186
190 1.56842
191 1.57123
192 1.58345
193 1.60741
194 1.61089
195 1.61187
196 1.62128
197 1.63306
198 1.65369
199 1.65723
200 1.6695
201 1.67686
202 1.67938
203 1.6924
204 1.69896
205 1.70592
206 1.71411
207 1.75135
208 1.75673
209 1.77425
210 1.77842
211 1.78932
212 1.80291
213 1.8095
214 1.81431
215 1.82023
216 1.82152
217 1.83337
218 1.83598
219 1.84362
220 1.84571
221 1.85886
222 1.89315
223 1.90299
224 1.92416
225 1.93902
226 1.9513
227 1.95723
228 1.95906
229 1.96303
230 1.97286
231 1.98545
232 2.00159
233 2.02027
234 2.02474
235 2.02592
236 2.03065
237 2.05407
238 2.0574
239 2.06542
240 2.06737
241 2.07634
242 2.08424
243 2.09094
244 2.1052
245 2.11178
246 2.13391
247 2.14705
248 2.17073
249 2.17314
250 2.17541
251 2.20083
252 2.2142
253 2.22038
254 2.23542
255 2.24197
256 2.24674
257 2.25171
258 2.25441
259 2.25871
260 2.26206
261 2.26723
262 2.28554
263 2.30138
264 2.31058
265 2.31863
266 2.32459
267 2.33477
268 2.339
269 2.34612
270 2.3493
271 2.35107
272 2.35703
273 2.38982
274 2.39194
275 2.40158
276 2.40608
277 2.41056
278 2.42195
279 2.42567
280 2.4425
281 2.45164
282 2.46066
283 2.47068
284 2.47341
285 2.49458
286 2.50445
287 2.53628
288 2.53747
289 2.54559
290 2.54987
291 2.55598
292 2.56738
293 2.57511
294 2.5976
295 2.5989
296 2.61014
297 2.6183
298 2.62351
299 2.6531
300 2.65658
301 2.66915
302 2.68529
303 2.69284
304 2.70991
305 2.72135
306 2.73167
307 2.73356
308 2.73955
309 2.74795
310 2.77408
311 2.78291
312 2.78563
313 2.80389
314 2.82848
315 2.84129
316 2.87
317 2.87186
318 2.87439
319 2.88916
320 2.89995
321 2.90534
322 2.91135
323 2.92117
324 2.93026
325 2.94268
326 2.95755
327 2.96055
328 2.9632
329 2.97898
330 2.98252
331 2.98585
