1 0.00351
2 0.00478
3 0.01225
4 0.02812
5 0.03056
6 0.03267
7 0.04013
8 0.04508
9 0.05651
10 0.06003
11 0.06863
12 0.0757
13 0.0774
14 0.07926
15 0.08206
16 0.08667
17 0.09081
18 0.09989
19 0.10419
20 0.11404
21 0.11787
22 0.12393
23 0.12791
24 0.1395
25 0.1436
26 0.15039
27 0.15344
28 0.15516
29 0.1592
30 0.18126
31 0.18491
32 0.19687
33 0.2032
34 0.21335
35 0.22365
36 0.23308
37 0.23691
38 0.24306
39 0.24611
40 0.25264
41 0.26122
42 0.27715
43 0.28312
44 0.28618
45 0.29156
46 0.29472
47 0.30206
48 0.30966
49 0.313
50 0.32229
51 0.32604
52 0.33214
53 0.34161
54 0.35387
55 0.35917
56 0.37082
57 0.37642
58 0.38021
59 0.38306
60 0.38858
61 0.39205
62 0.39428
63 0.3966
64 0.40172
65 0.40896
66 0.42707
67 0.43443
68 0.43631
69 0.44286
70 0.44571
71 0.44841
72 0.44965
73 0.45402
74 0.4615
75 0.47031
76 0.48079
77 0.48791
78 0.49494
79 0.49815
80 0.52552
81 0.53443
82 0.53899
83 0.54197
84 0.54396
85 0.54853
86 0.5628
87 0.5671
88 0.57496
89 0.57896
90 0.58089
91 0.58801
92 0.59716
93 0.60317
94 0.60814
95 0.61561
96 0.62285
97 0.62476
98 0.63457
99 0.63599
100 0.64426
101 0.65391
102 0.6578
103 0.68045
104 0.68758
105 0.689
106 0.69525
107 0.69671
108 0.7012
109 0.70793
110 0.72324
111 0.73236
112 0.74449
113 0.75234
114 0.78091
115 0.7883
116 0.78992
117 0.79929
118 0.80652
119 0.80897
120 0.81489
121 0.82379
122 0.83844
123 0.84966
124 0.85413
125 0.8582
126 0.86902
127 0.87281
128 0.87959
129 0.89206
130 0.90034
131 0.9022
132 0.90862
133 0.93286
134 0.93428
135 0.93864
136 0.94793
137 0.95138
138 0.96182
139 0.9709
140 0.97852
141 0.98496
142 0.98925
143 0.99044
144 0.99392
145 0.99711
146 0.99995
147 1.02442
148 1.03013
149 1.03278
150 1.03662
151 1.04011
152 1.04837
153 1.06217
154 1.06676
155 1.07216
156 1.07533
157 1.08059
158 1.08709
159 1.09849
160 1.10352
161 1.10579
162 1.1079
163 1.11556
164 1.1248
165 1.13337
166 1.13907
167 1.14024
168 1.15034
169 1.15821
170 1.17848
171 1.18408
172 1.18812
173 1.19328
174 1.20304
175 1.20542
176 1.20721
177 1.20921
178 1.21268
179 1.22443
180 1.22844
181 1.24385
182 1.24827
183 1.25212
184 1.25593
185 1.27905
186 1.28205
187 1.28489
188 1.29114
189 1.29708
190 1.30206
191 1.30649
192 1.31083
193 1.31304
194 1.31616
195 1.32028
196 1.32431
197 1.33449
198 1.33832
199 1.35176
200 1.35577
201 1.36651
202 1.3843
203 1.39406
204 1.43048
205 1.4352
206 1.43882
207 1.44437
208 1.44549
209 1.44726
210 1.45368
211 1.45757
212 1.46342
213 1.48439
214 1.48771
215 1.4906
216 1.50823
217 1.52768
218 1.53115
219 1.54323
220 1.54605
221 1.5645
222 1.56696
223 1.57415
224 1.57857
225 1.58048
226 1.59738
227 1.60403
228 1.60988
229 1.62141
230 1.6254
231 1.62781
232 1.63815
233 1.64549
234 1.65041
235 1.68279
236 1.68593
237 1.69708
238 1.69996
239 1.70368
240 1.71428
241 1.73168
242 1.74597
243 1.75047
244 1.77431
245 1.7829
246 1.79195
247 1.80104
248 1.80901
249 1.81615
250 1.82004
251 1.82549
252 1.83271
253 1.83719
254 1.85234
255 1.85482
256 1.86109
257 1.86351
258 1.8752
259 1.8841
260 1.88865
261 1.89105
262 1.89289
263 1.89846
264 1.90225
265 1.90522
266 1.92796
267 1.93443
268 1.93677
269 1.93913
270 1.94383
271 1.94561
272 1.94841
273 1.96396
274 1.96743
275 1.97088
276 1.97429
277 1.98612
278 1.98949
279 2.00553
280 2.02906
281 2.0324
282 2.03408
283 2.03604
284 2.03896
285 2.04648
286 2.04743
287 2.05634
288 2.07016
289 2.07825
290 2.08344
291 2.09087
292 2.09598
293 2.09899
294 2.11068
295 2.11239
296 2.11887
297 2.126
298 2.12931
299 2.13643
300 2.14758
301 2.15345
302 2.15592
303 2.15761
304 2.18519
305 2.18854
306 2.19071
307 2.19518
308 2.20151
309 2.20423
310 2.2299
311 2.23564
312 2.23906
313 2.24199
314 2.24977
315 2.28549
316 2.29047
317 2.29585
318 2.30886
319 2.33947
320 2.35
321 2.35495
322 2.36023
323 2.36275
324 2.36861
325 2.37801
326 2.38155
327 2.38324
328 2.39283
329 2.39534
330 2.40001
331 2.40265
332 2.43208
333 2.43371
334 2.43852
335 2.45127
336 2.45884
337 2.47828
338 2.48762
339 2.48928
340 2.49402
341 2.49631
342 2.50573
343 2.52399
344 2.54054
345 2.54687
346 2.55177
347 2.56109
348 2.57074
349 2.5776
350 2.59174
351 2.59629
352 2.60631
353 2.60811
354 2.61748
355 2.62002
356 2.62715
357 2.63074
358 2.63226
359 2.63974
360 2.64138
361 2.65581
362 2.67775
363 2.68206
364 2.69408
365 2.6951
366 2.70887
367 2.72358
368 2.73371
369 2.73755
370 2.74183
371 2.74686
372 2.77555
373 2.78662
374 2.79061
375 2.7924
376 2.80476
377 2.81289
378 2.81408
379 2.82072
380 2.83225
381 2.84167
382 2.84594
383 2.84836
384 2.85757
385 2.86037
386 2.86798
387 2.87328
388 2.87788
389 2.88165
390 2.88552
391 2.89113
392 2.90303
393 2.91115
394 2.93113
395 2.94035
396 2.94465
397 2.94918
398 2.9517
399 2.95846
400 2.96426
401 2.97512
402 2.98568
403 2.98688
404 2.99527
405 2.99943
