1 0.01023
2 0.01704
3 0.02054
4 0.02436
5 0.02936
6 0.03675
7 0.04206
8 0.04983
9 0.05563
10 0.05869
11 0.06388
12 0.06495
13 0.0685
14 0.09109
15 0.1014
16 0.10367
17 0.10681
18 0.10872
19 0.11545
20 0.12043
21 0.13255
22 0.13942
23 0.15231
24 0.15762
25 0.1676
26 0.17525
27 0.18333
28 0.187
29 0.19205
30 0.19857
31 0.2073
32 0.21583
33 0.2214
34 0.22513
35 0.23742
36 0.24361
37 0.25177
38 0.26286
39 0.26781
40 0.27632
41 0.29619
42 0.30091
43 0.30259
44 0.31019
45 0.31672
46 0.32414
47 0.32902
48 0.33735
49 0.34484
50 0.35176
51 0.35391
52 0.36939
53 0.3792
54 0.39224
55 0.39738
56 0.40229
57 0.42179
58 0.42992
59 0.43714
60 0.45234
61 0.45844
62 0.46879
63 0.47831
64 0.48131
65 0.48928
66 0.49417
67 0.50097
68 0.50764
69 0.52358
70 0.52694
71 0.53964
72 0.55606
73 0.56926
74 0.58552
75 0.59552
76 0.59811
77 0.613
78 0.61627
79 0.62029
80 0.6341
81 0.66791
82 0.66922
83 0.67094
84 0.67507
85 0.68018
86 0.68352
87 0.69605
88 0.69886
89 0.70381
90 0.72502
91 0.73168
92 0.73355
93 0.73722
94 0.74038
95 0.7508
96 0.75667
97 0.76283
98 0.76838
99 0.77428
100 0.78086
101 0.78509
102 0.79647
103 0.80718
104 0.8127
105 0.82248
106 0.83102
107 0.83643
108 0.8461
109 0.86088
110 0.87064
111 0.87707
112 0.88321
113 0.89128
114 0.89784
115 0.90182
116 0.90623
117 0.911
118 0.91621
119 0.9191
120 0.92064
121 0.92986
122 0.94753
123 0.96278
124 0.96466
125 0.96715
126 0.97685
127 0.98376
128 0.9946
129 0.99692
130 1.00477
131 1.01837
132 1.03364
133 1.05104
134 1.0546
135 1.06718
136 1.07131
137 1.07413
138 1.07771
139 1.08482
140 1.09552
141 1.10603
142 1.11917
143 1.12522
144 1.12756
145 1.13104
146 1.13338
147 1.13845
148 1.15333
149 1.15626
150 1.16604
151 1.17202
152 1.17795
153 1.18058
154 1.18747
155 1.19014
156 1.1967
157 1.20763
158 1.21573
159 1.21866
160 1.22037
161 1.23192
162 1.23941
163 1.24119
164 1.25019
165 1.26478
166 1.27674
167 1.27827
168 1.28005
169 1.28725
170 1.28935
171 1.29636
172 1.29849
173 1.31762
174 1.32815
175 1.3391
176 1.351
177 1.3557
178 1.37096
179 1.3737
180 1.38262
181 1.39011
182 1.3926
183 1.41062
184 1.41425
185 1.41682
186 1.41901
187 1.43348
188 1.43969
189 1.44446
190 1.44941
191 1.45296
192 1.46677
193 1.47385
194 1.47825
195 1.48069
196 1.4879
197 1.48975
198 1.49172
199 1.49412
200 1.50209
201 1.50541
202 1.51219
203 1.51516
204 1.52525
205 1.53585
206 1.54062
207 1.55306
208 1.56063
209 1.56629
210 1.58207
211 1.5895
212 1.59273
213 1.59719
214 1.62023
215 1.62307
216 1.6253
217 1.63917
218 1.64097
219 1.64625
220 1.65129
221 1.66343
222 1.67198
223 1.68164
224 1.70699
225 1.71206
226 1.71518
227 1.7212
228 1.73544
229 1.74591
230 1.75209
231 1.76121
232 1.77118
233 1.77229
234 1.78607
235 1.80698
236 1.82009
237 1.82905
238 1.84358
239 1.85351
240 1.86177
241 1.86821
242 1.88715
243 1.89303
244 1.90415
245 1.90993
246 1.91502
247 1.91707
248 1.92148
249 1.92756
250 1.93332
251 1.93828
252 1.94841
253 1.95509
254 1.95659
255 1.96276
256 1.96487
257 1.97368
258 1.97608
259 1.98722
260 1.99608
261 2.00049
262 2.01324
263 2.01679
264 2.02553
265 2.02931
266 2.04315
267 2.04967
268 2.05113
269 2.06352
270 2.08344
271 2.09938
272 2.10906
273 2.11584
274 2.1192
275 2.12264
276 2.12808
277 2.13865
278 2.1521
279 2.15426
280 2.16338
281 2.1713
282 2.1787
283 2.18922
284 2.19008
285 2.19704
286 2.20341
287 2.21111
288 2.21873
289 2.23516
290 2.24437
291 2.25166
292 2.25735
293 2.26757
294 2.27231
295 2.28567
296 2.29121
297 2.29232
298 2.30932
299 2.31248
300 2.31874
301 2.32278
302 2.34216
303 2.34453
304 2.34622
305 2.35493
306 2.36566
307 2.37094
308 2.38405
309 2.38951
310 2.39226
311 2.39549
312 2.42488
313 2.42851
314 2.4418
315 2.44817
316 2.47019
317 2.48718
318 2.49843
319 2.50145
320 2.51132
321 2.51377
322 2.51764
323 2.51955
324 2.5268
325 2.53889
326 2.56503
327 2.56959
328 2.57077
329 2.57848
330 2.58124
331 2.58431
332 2.59096
333 2.60074
334 2.62494
335 2.63609
336 2.64712
337 2.65145
338 2.65667
339 2.66384
340 2.66979
341 2.67347
342 2.6929
343 2.69974
344 2.70776
345 2.71672
346 2.72482
347 2.73275
348 2.74637
349 2.75624
350 2.76478
351 2.76715
352 2.77801
353 2.78241
354 2.78528
355 2.79547
356 2.80008
357 2.80283
358 2.81128
359 2.83111
360 2.83733
361 2.85008
362 2.85693
363 2.86859
364 2.87859
365 2.88279
366 2.88688
367 2.89064
368 2.89812
369 2.90163
370 2.90874
371 2.9162
372 2.92256
373 2.93671
374 2.94313
375 2.95357
376 2.95514
377 2.96649
378 2.97258
379 2.98528
380 2.9868
381 2.99263
