1 0.00797
2 0.00947
3 0.01287
4 0.02916
5 0.03275
6 0.03673
7 0.04373
8 0.05117
9 0.05481
10 0.05812
11 0.06645
12 0.06808
13 0.07653
14 0.08143
15 0.08729
16 0.09642
17 0.0993
18 0.10238
19 0.10609
20 0.12733
21 0.13204
22 0.1375
23 0.14459
24 0.15768
25 0.1587
26 0.17895
27 0.18773
28 0.19268
29 0.20328
30 0.21811
31 0.24224
32 0.25146
33 0.25691
34 0.26244
35 0.26769
36 0.27932
37 0.29648
38 0.31489
39 0.31965
40 0.33624
41 0.33807
42 0.346
43 0.35788
44 0.3605
45 0.37234
46 0.38252
47 0.40335
48 0.41753
49 0.43481
50 0.43625
51 0.44215
52 0.44942
53 0.45427
54 0.46837
55 0.49139
56 0.4932
57 0.49876
58 0.50287
59 0.50698
60 0.51245
61 0.53002
62 0.54219
63 0.54538
64 0.54699
65 0.55933
66 0.57063
67 0.57623
68 0.58617
69 0.59177
70 0.61227
71 0.62088
72 0.62822
73 0.63633
74 0.6384
75 0.65012
76 0.66033
77 0.66465
78 0.67436
79 0.68333
80 0.68728
81 0.69966
82 0.70139
83 0.70556
84 0.70876
85 0.71206
86 0.71581
87 0.72916
88 0.73665
89 0.74298
90 0.7493
91 0.75189
92 0.76917
93 0.77797
94 0.78626
95 0.79546
96 0.79844
97 0.80499
98 0.82644
99 0.84733
100 0.85732
101 0.86879
102 0.87137
103 0.88043
104 0.89284
105 0.89861
106 0.91059
107 0.91551
108 0.92191
109 0.93631
110 0.94115
111 0.94666
112 0.95493
113 0.95823
114 0.96138
115 0.97348
116 0.97627
117 0.99941
118 1.00489
119 1.01312
120 1.03673
121 1.05097
122 1.06457
123 1.08434
124 1.09694
125 1.11503
126 1.1181
127 1.12828
128 1.13415
129 1.14936
130 1.1558
131 1.16823
132 1.17094
133 1.17675
134 1.188
135 1.19492
136 1.1988
137 1.20138
138 1.22695
139 1.23121
140 1.24609
141 1.25531
142 1.27314
143 1.28247
144 1.29035
145 1.30051
146 1.30608
147 1.33496
148 1.34402
149 1.35407
150 1.3572
151 1.36389
152 1.38122
153 1.38989
154 1.40632
155 1.42852
156 1.43498
157 1.44448
158 1.45981
159 1.46572
160 1.47054
161 1.48356
162 1.49303
163 1.49766
164 1.50991
165 1.51449
166 1.523
167 1.53442
168 1.54934
169 1.55341
170 1.5629
171 1.57306
172 1.59082
173 1.59955
174 1.61196
175 1.61971
176 1.63207
177 1.63707
178 1.64622
179 1.6509
180 1.66092
181 1.67067
182 1.67722
183 1.68733
184 1.69637
185 1.70687
186 1.72962
187 1.73468
188 1.73694
189 1.76297
190 1.76864
191 1.78723
192 1.795
193 1.80182
194 1.80621
195 1.83196
196 1.8479
197 1.86825
198 1.87401
199 1.88008
200 1.88576
201 1.90851
202 1.91353
203 1.92036
204 1.93432
205 1.9524
206 1.95542
207 1.96175
208 1.98018
209 1.98166
210 2.0037
211 2.00679
212 2.01173
213 2.02885
214 2.03719
215 2.04766
216 2.0492
217 2.05243
218 2.06567
219 2.10297
220 2.13099
221 2.15388
222 2.17405
223 2.18441
224 2.19457
225 2.21673
226 2.22213
227 2.22911
228 2.23528
229 2.2514
230 2.26749
231 2.27783
232 2.29295
233 2.30206
234 2.31179
235 2.32987
236 2.33947
237 2.3469
238 2.35259
239 2.37812
240 2.38917
241 2.39736
242 2.40096
243 2.4104
244 2.41235
245 2.41495
246 2.42395
247 2.4282
248 2.44331
249 2.4495
250 2.45585
251 2.4747
252 2.48037
253 2.48428
254 2.49663
255 2.50638
256 2.51354
257 2.51735
258 2.52128
259 2.52929
260 2.53218
261 2.54364
262 2.55119
263 2.58215
264 2.585
265 2.60484
266 2.61057
267 2.621
268 2.64098
269 2.64959
270 2.65157
271 2.65825
272 2.6661
273 2.67109
274 2.68308
275 2.6904
276 2.69658
277 2.71295
278 2.72008
279 2.7239
280 2.74703
281 2.75697
282 2.77812
283 2.78283
284 2.78661
285 2.78972
286 2.79319
287 2.7982
288 2.81427
289 2.81958
290 2.83399
291 2.84182
292 2.84676
293 2.849
294 2.85941
295 2.86423
296 2.87213
297 2.88676
298 2.8889
299 2.89913
300 2.91745
301 2.92776
302 2.93463
303 2.94209
304 2.95709
305 2.96695
306 2.98402
307 2.99198
