1 0.00335
2 0.00563
3 0.01087
4 0.0139
5 0.01869
6 0.01987
7 0.04072
8 0.05736
9 0.06237
10 0.06695
11 0.07164
12 0.07292
13 0.07379
14 0.07846
15 0.08716
16 0.09143
17 0.09431
18 0.10164
19 0.10746
20 0.11393
21 0.11908
22 0.12566
23 0.12834
24 0.13156
25 0.13496
26 0.14093
27 0.14709
28 0.14978
29 0.17
30 0.17454
31 0.17578
32 0.1791
33 0.18112
34 0.18314
35 0.18785
36 0.19302
37 0.20735
38 0.21188
39 0.23203
40 0.23663
41 0.23946
42 0.24965
43 0.25165
44 0.25442
45 0.25734
46 0.26373
47 0.2672
48 0.26959
49 0.27558
50 0.28118
51 0.28589
52 0.29025
53 0.29819
54 0.30419
55 0.31346
56 0.32462
57 0.33269
58 0.33618
59 0.34606
60 0.34935
61 0.3507
62 0.35442
63 0.35594
64 0.35745
65 0.37051
66 0.38767
67 0.3914
68 0.39396
69 0.39645
70 0.39833
71 0.40504
72 0.4168
73 0.42285
74 0.42776
75 0.43029
76 0.43311
77 0.44167
78 0.44711
79 0.45021
80 0.45271
81 0.45638
82 0.45925
83 0.46283
84 0.46657
85 0.47972
86 0.48901
87 0.4964
88 0.49923
89 0.51177
90 0.51701
91 0.51974
92 0.53826
93 0.54194
94 0.57677
95 0.58913
96 0.59665
97 0.60301
98 0.60838
99 0.61262
100 0.6146
101 0.6218
102 0.62504
103 0.63314
104 0.64103
105 0.64751
106 0.65287
107 0.65505
108 0.66237
109 0.66903
110 0.67204
111 0.67575
112 0.68007
113 0.68282
114 0.6921
115 0.69718
116 0.70797
117 0.71736
118 0.7221
119 0.74983
120 0.75496
121 0.76756
122 0.78383
123 0.78601
124 0.78882
125 0.79559
126 0.81581
127 0.82657
128 0.83775
129 0.84038
130 0.84313
131 0.85192
132 0.85788
133 0.86255
134 0.86763
135 0.88589
136 0.88989
137 0.89553
138 0.9062
139 0.92122
140 0.92599
141 0.93122
142 0.94915
143 0.95511
144 0.95923
145 0.96237
146 0.98448
147 1.00161
148 1.00479
149 1.01172
150 1.01865
151 1.0234
152 1.03185
153 1.03485
154 1.03792
155 1.04134
156 1.05213
157 1.05747
158 1.0762
159 1.08274
160 1.0906
161 1.09251
162 1.09576
163 1.11768
164 1.11949
165 1.12259
166 1.12432
167 1.13771
168 1.14806
169 1.15242
170 1.17166
171 1.17877
172 1.18379
173 1.1889
174 1.19803
175 1.19996
176 1.20698
177 1.20895
178 1.21257
179 1.24412
180 1.24814
181 1.24962
182 1.25175
183 1.25448
184 1.25849
185 1.26101
186 1.26335
187 1.28122
188 1.28292
189 1.29685
190 1.30596
191 1.31492
192 1.33214
193 1.33573
194 1.34456
195 1.34734
196 1.35895
197 1.3599
198 1.36557
199 1.36704
200 1.37884
201 1.38593
202 1.39096
203 1.3964
204 1.39839
205 1.42166
206 1.42546
207 1.43426
208 1.44695
209 1.45223
210 1.46491
211 1.4781
212 1.49302
213 1.50509
214 1.51292
215 1.51682
216 1.53772
217 1.54639
218 1.55394
219 1.55763
220 1.55996
221 1.56078
222 1.56304
223 1.56579
224 1.5757
225 1.58336
226 1.59777
227 1.59941
228 1.60202
229 1.60966
230 1.61464
231 1.61984
232 1.62586
233 1.6365
234 1.64326
235 1.67355
236 1.678
237 1.68725
238 1.70055
239 1.70623
240 1.71513
241 1.72305
242 1.7248
243 1.74464
244 1.74785
245 1.7512
246 1.7543
247 1.76163
248 1.77308
249 1.78556
250 1.78701
251 1.7903
252 1.79317
253 1.80537
254 1.8098
255 1.81534
256 1.82438
257 1.83167
258 1.83518
259 1.84748
260 1.85272
261 1.85755
262 1.86799
263 1.88887
264 1.89197
265 1.89325
266 1.89583
267 1.90687
268 1.91927
269 1.92208
270 1.92836
271 1.93057
272 1.94794
273 1.95567
274 1.9617
275 1.96999
276 1.98587
277 1.98914
278 1.99453
279 1.99765
280 2.00027
281 2.00316
282 2.00873
283 2.01557
284 2.03325
285 2.03759
286 2.04088
287 2.04741
288 2.05498
289 2.05998
290 2.06136
291 2.06388
292 2.0751
293 2.08285
294 2.09074
295 2.09573
296 2.10159
297 2.10361
298 2.10602
299 2.12698
300 2.13972
301 2.14264
302 2.15518
303 2.17029
304 2.17358
305 2.18132
306 2.19383
307 2.20545
308 2.21013
309 2.24094
310 2.25659
311 2.26364
312 2.29958
313 2.30558
314 2.31096
315 2.31629
316 2.32538
317 2.32746
318 2.33125
319 2.34504
320 2.35248
321 2.36325
322 2.38186
323 2.38979
324 2.39273
325 2.39788
326 2.42117
327 2.42596
328 2.42971
329 2.432
330 2.43595
331 2.43888
332 2.44679
333 2.4486
334 2.45264
335 2.45955
336 2.46896
337 2.47061
338 2.47482
339 2.48986
340 2.50099
341 2.50437
342 2.5057
343 2.51467
344 2.51788
345 2.52832
346 2.53083
347 2.53328
348 2.54662
349 2.5499
350 2.55978
351 2.56294
352 2.56961
353 2.572
354 2.57452
355 2.58131
356 2.58518
357 2.59219
358 2.60481
359 2.61297
360 2.62115
361 2.6252
362 2.63107
363 2.63735
364 2.64878
365 2.65352
366 2.67018
367 2.67374
368 2.67718
369 2.68164
370 2.69021
371 2.69636
372 2.69819
373 2.727
374 2.73703
375 2.7399
376 2.74814
377 2.75516
378 2.76175
379 2.7801
380 2.7865
381 2.79919
382 2.80217
383 2.80934
384 2.81735
385 2.82848
386 2.83037
387 2.83365
388 2.8459
389 2.84813
390 2.85709
391 2.87391
392 2.88911
393 2.89214
394 2.90533
395 2.92605
396 2.9283
397 2.93125
398 2.93538
399 2.95077
400 2.95664
401 2.95881
402 2.96677
403 2.98168
404 2.99221
405 2.99505
