1 0.00624
2 0.01536
3 0.0169
4 0.02114
5 0.02654
6 0.02832
7 0.03444
8 0.03717
9 0.04081
10 0.04336
11 0.04696
12 0.04942
13 0.05585
14 0.06246
15 0.06798
16 0.0698
17 0.07265
18 0.07433
19 0.0817
20 0.09314
21 0.09448
22 0.0981
23 0.10207
24 0.10882
25 0.11745
26 0.12617
27 0.1373
28 0.16148
29 0.17128
30 0.17687
31 0.18417
32 0.19444
33 0.21921
34 0.22078
35 0.2345
36 0.23708
37 0.23967
38 0.24376
39 0.24696
40 0.25213
41 0.26262
42 0.26826
43 0.27396
44 0.28141
45 0.28502
46 0.28752
47 0.29144
48 0.29402
49 0.29959
50 0.30677
51 0.30898
52 0.32046
53 0.32991
54 0.34762
55 0.352
56 0.35403
57 0.3578
58 0.3638
59 0.36776
60 0.37093
61 0.37442
62 0.37683
63 0.38106
64 0.41164
65 0.41591
66 0.42762
67 0.43015
68 0.43908
69 0.46147
70 0.46502
71 0.46883
72 0.47303
73 0.4765
74 0.4833
75 0.48734
76 0.49476
77 0.5157
78 0.52749
79 0.53199
80 0.53982
81 0.54263
82 0.55127
83 0.57369
84 0.57698
85 0.58379
86 0.59469
87 0.59828
88 0.60278
89 0.60821
90 0.61485
91 0.61734
92 0.62005
93 0.63074
94 0.63673
95 0.64054
96 0.64291
97 0.64869
98 0.65631
99 0.66726
100 0.67371
101 0.67704
102 0.69546
103 0.70177
104 0.70438
105 0.7064
106 0.70916
107 0.71241
108 0.71821
109 0.72489
110 0.73107
111 0.73691
112 0.74014
113 0.74198
114 0.75041
115 0.75537
116 0.75675
117 0.77583
118 0.77879
119 0.7827
120 0.79183
121 0.79789
122 0.80061
123 0.80181
124 0.81257
125 0.81705
126 0.82101
127 0.83334
128 0.84287
129 0.84446
130 0.84934
131 0.85482
132 0.86223
133 0.87043
134 0.87487
135 0.87826
136 0.88538
137 0.91149
138 0.92256
139 0.93112
140 0.94694
141 0.95405
142 0.95975
143 0.96413
144 0.96631
145 0.97732
146 0.98737
147 1.00318
148 1.01786
149 1.03407
150 1.04126
151 1.05662
152 1.07054
153 1.07661
154 1.07781
155 1.08156
156 1.1029
157 1.10884
158 1.12297
159 1.12623
160 1.13097
161 1.13526
162 1.14344
163 1.16586
164 1.16723
165 1.17462
166 1.1799
167 1.191
168 1.19337
169 1.19578
170 1.20191
171 1.22201
172 1.22718
173 1.24016
174 1.24317
175 1.25556
176 1.26315
177 1.27268
178 1.28683
179 1.29569
180 1.29931
181 1.31659
182 1.31953
183 1.32191
184 1.32865
185 1.34445
186 1.34988
187 1.36261
188 1.36615
189 1.38305
190 1.38528
191 1.39247
192 1.4018
193 1.40596
194 1.41087
195 1.41628
196 1.41896
197 1.4271
198 1.43079
199 1.43316
200 1.4389
201 1.444
202 1.44603
203 1.45531
204 1.46112
205 1.4698
206 1.47214
207 1.48673
208 1.49068
209 1.49765
210 1.50035
211 1.50581
212 1.51147
213 1.51698
214 1.52027
215 1.52616
216 1.54121
217 1.54551
218 1.55159
219 1.56491
220 1.56636
221 1.56964
222 1.57683
223 1.58675
224 1.59789
225 1.60586
226 1.60923
227 1.61241
228 1.61941
229 1.63117
230 1.63494
231 1.64065
232 1.65569
233 1.66581
234 1.66947
235 1.67418
236 1.68128
237 1.71582
238 1.72027
239 1.72187
240 1.73596
241 1.74202
242 1.74601
243 1.74815
244 1.76528
245 1.77006
246 1.77109
247 1.78058
248 1.79134
249 1.79654
250 1.80297
251 1.80824
252 1.81547
253 1.81871
254 1.84519
255 1.85521
256 1.85766
257 1.86098
258 1.86484
259 1.86776
260 1.87205
261 1.8756
262 1.87746
263 1.88691
264 1.90703
265 1.91335
266 1.91575
267 1.91677
268 1.92408
269 1.92503
270 1.94413
271 1.95082
272 1.95484
273 1.96322
274 1.96856
275 1.97426
276 1.98282
277 1.98575
278 1.98699
279 1.99191
280 1.99432
281 1.99925
282 2.01698
283 2.02349
284 2.03396
285 2.0378
286 2.03911
287 2.04419
288 2.04778
289 2.05069
290 2.06455
291 2.07325
292 2.08247
293 2.08499
294 2.09639
295 2.10634
296 2.11056
297 2.11806
298 2.12445
299 2.12833
300 2.12979
301 2.13463
302 2.1363
303 2.14445
304 2.15935
305 2.16627
306 2.16717
307 2.17627
308 2.17747
309 2.1953
310 2.19995
311 2.20716
312 2.21159
313 2.2164
314 2.21933
315 2.23897
316 2.24266
317 2.2461
318 2.26306
319 2.26623
320 2.26938
321 2.27262
322 2.27883
323 2.29173
324 2.29601
325 2.30469
326 2.32206
327 2.32695
328 2.34753
329 2.36163
330 2.36333
331 2.36853
332 2.37548
333 2.3777
334 2.38101
335 2.3872
336 2.40322
337 2.40556
338 2.40776
339 2.42015
340 2.42499
341 2.44471
342 2.44903
343 2.4518
344 2.46145
345 2.4663
346 2.47737
347 2.48341
348 2.50104
349 2.50645
350 2.50851
351 2.51258
352 2.52045
353 2.52543
354 2.52958
355 2.54205
356 2.54529
357 2.55887
358 2.56756
359 2.57719
360 2.60086
361 2.60334
362 2.60703
363 2.61006
364 2.61626
365 2.62888
366 2.63305
367 2.63945
368 2.64913
369 2.65317
370 2.65487
371 2.66393
372 2.67512
373 2.6954
374 2.70356
375 2.71217
376 2.71872
377 2.72803
378 2.73011
379 2.73523
380 2.73965
381 2.74385
382 2.75228
383 2.7552
384 2.75854
385 2.76548
386 2.77256
387 2.77435
388 2.7917
389 2.79831
390 2.80238
391 2.82029
392 2.82635
393 2.83107
394 2.84495
395 2.85714
396 2.86188
397 2.86855
398 2.87586
399 2.88103
400 2.91203
401 2.91984
402 2.92827
403 2.93039
404 2.94688
405 2.95599
406 2.96262
407 2.96479
408 2.98541
409 2.98841
410 2.99085
411 2.99422
