1 0.00269
2 0.00615
3 0.016
4 0.01958
5 0.0308
6 0.03347
7 0.03944
8 0.04624
9 0.05845
10 0.08144
11 0.08377
12 0.10327
13 0.12933
14 0.13113
15 0.14413
16 0.14737
17 0.18074
18 0.20747
19 0.21219
20 0.21568
21 0.21859
22 0.22252
23 0.23531
24 0.24452
25 0.24711
26 0.25844
27 0.26723
28 0.27358
29 0.28454
30 0.29045
31 0.29686
32 0.31855
33 0.33967
34 0.34233
35 0.35038
36 0.35327
37 0.3553
38 0.35794
39 0.36464
40 0.37594
41 0.38107
42 0.38984
43 0.42023
44 0.42406
45 0.42618
46 0.43143
47 0.44002
48 0.44281
49 0.45898
50 0.46074
51 0.4625
52 0.47061
53 0.48284
54 0.49125
55 0.49831
56 0.50221
57 0.50373
58 0.50863
59 0.51142
60 0.51277
61 0.51583
62 0.52373
63 0.53352
64 0.54122
65 0.5462
66 0.54798
67 0.56486
68 0.575
69 0.57826
70 0.58398
71 0.5882
72 0.60168
73 0.61698
74 0.62394
75 0.63212
76 0.63402
77 0.64103
78 0.67613
79 0.68
80 0.68326
81 0.69784
82 0.70967
83 0.71297
84 0.71654
85 0.71817
86 0.73221
87 0.75271
88 0.75734
89 0.75929
90 0.76497
91 0.76834
92 0.77488
93 0.78426
94 0.78832
95 0.7921
96 0.7962
97 0.81828
98 0.83054
99 0.83299
100 0.8382
101 0.84203
102 0.85998
103 0.88172
104 0.91738
105 0.93306
106 0.94673
107 0.95093
108 0.95852
109 0.96016
110 0.96434
111 0.98598
112 0.9913
113 1.0052
114 1.01473
115 1.02242
116 1.02858
117 1.04239
118 1.0471
119 1.07502
120 1.07682
121 1.08068
122 1.08814
123 1.09349
124 1.09973
125 1.1048
126 1.11282
127 1.11641
128 1.12629
129 1.13111
130 1.13396
131 1.17109
132 1.17502
133 1.18068
134 1.20032
135 1.20347
136 1.20683
137 1.20888
138 1.21159
139 1.22196
140 1.23455
141 1.24134
142 1.25958
143 1.26988
144 1.27106
145 1.27224
146 1.27514
147 1.28151
148 1.28551
149 1.30091
150 1.3149
151 1.32475
152 1.33393
153 1.339
154 1.36363
155 1.37722
156 1.38005
157 1.38147
158 1.38409
159 1.39199
160 1.3997
161 1.41788
162 1.42568
163 1.46242
164 1.46865
165 1.47364
166 1.48148
167 1.48538
168 1.48984
169 1.50303
170 1.51307
171 1.51633
172 1.51964
173 1.53256
174 1.53498
175 1.54721
176 1.549
177 1.57952
178 1.58794
179 1.59259
180 1.59567
181 1.59946
182 1.60953
183 1.61502
184 1.6442
185 1.64854
186 1.6546
187 1.66384
188 1.66541
189 1.67608
190 1.67948
191 1.69108
192 1.69263
193 1.7032
194 1.7102
195 1.71411
196 1.71852
197 1.72533
198 1.73349
199 1.73895
200 1.75883
201 1.76253
202 1.76628
203 1.77332
204 1.78801
205 1.79355
206 1.82156
207 1.8319
208 1.84483
209 1.8469
210 1.85626
211 1.88533
212 1.9062
213 1.92138
214 1.92877
215 1.9311
216 1.93525
217 1.94077
218 1.94216
219 1.95942
220 1.96648
221 1.97195
222 1.97957
223 1.98228
224 1.98446
225 1.98794
226 2.00373
227 2.00732
228 2.02608
229 2.03228
230 2.03991
231 2.0472
232 2.07484
233 2.07909
234 2.09042
235 2.09901
236 2.12271
237 2.12839
238 2.1339
239 2.17321
240 2.18903
241 2.19165
242 2.20525
243 2.21158
244 2.21527
245 2.21791
246 2.22125
247 2.22589
248 2.23603
249 2.25245
250 2.26038
251 2.26221
252 2.2738
253 2.2771
254 2.28252
255 2.29105
256 2.29283
257 2.32348
258 2.3338
259 2.34788
260 2.37071
261 2.38281
262 2.38538
263 2.40922
264 2.4272
265 2.43026
266 2.43492
267 2.4725
268 2.47664
269 2.48021
270 2.48553
271 2.49936
272 2.50353
273 2.50913
274 2.51687
275 2.52057
276 2.53513
277 2.5805
278 2.58537
279 2.58667
280 2.58852
281 2.59026
282 2.60002
283 2.61237
284 2.62833
285 2.6332
286 2.6363
287 2.64688
288 2.66849
289 2.67254
290 2.67924
291 2.68714
292 2.69138
293 2.70738
294 2.71053
295 2.71163
296 2.7202
297 2.72463
298 2.73626
299 2.75269
300 2.75691
301 2.76471
302 2.76756
303 2.77226
304 2.7764
305 2.77781
306 2.788
307 2.7984
308 2.80201
309 2.82164
310 2.82562
311 2.83146
312 2.83705
313 2.84815
314 2.85124
315 2.85722
316 2.86364
317 2.86866
318 2.88005
319 2.88301
320 2.88783
321 2.89082
322 2.90584
323 2.92014
324 2.92789
325 2.93591
326 2.96873
327 2.97727
328 2.97852
