1 0.00286
2 0.0053
3 0.0094
4 0.0132
5 0.01526
6 0.02054
7 0.02297
8 0.03534
9 0.04157
10 0.05513
11 0.07134
12 0.07729
13 0.07922
14 0.08863
15 0.09866
16 0.10121
17 0.10713
18 0.10967
19 0.11577
20 0.13114
21 0.14454
22 0.15272
23 0.16003
24 0.1675
25 0.17482
26 0.18215
27 0.18561
28 0.19331
29 0.19956
30 0.20522
31 0.20728
32 0.2092
33 0.21042
34 0.21494
35 0.21725
36 0.22087
37 0.25011
38 0.2604
39 0.26273
40 0.26856
41 0.27154
42 0.2752
43 0.27725
44 0.27995
45 0.28664
46 0.29092
47 0.30114
48 0.32501
49 0.33755
50 0.34696
51 0.35778
52 0.36224
53 0.36719
54 0.36904
55 0.37157
56 0.37295
57 0.39057
58 0.39294
59 0.39466
60 0.40472
61 0.40911
62 0.41495
63 0.41799
64 0.42473
65 0.42609
66 0.42734
67 0.43254
68 0.43631
69 0.44268
70 0.44695
71 0.45502
72 0.46073
73 0.46383
74 0.466
75 0.47293
76 0.49366
77 0.5106
78 0.51848
79 0.52126
80 0.5236
81 0.52443
82 0.53008
83 0.53215
84 0.54114
85 0.57557
86 0.57686
87 0.59052
88 0.60063
89 0.6081
90 0.62492
91 0.6269
92 0.63045
93 0.64882
94 0.6636
95 0.68385
96 0.69549
97 0.69912
98 0.70507
99 0.72382
100 0.74189
101 0.75342
102 0.76869
103 0.77855
104 0.78404
105 0.80783
106 0.81495
107 0.84692
108 0.86851
109 0.88145
110 0.89017
111 0.8939
112 0.90146
113 0.90808
114 0.91406
115 0.91582
116 0.91739
117 0.92852
118 0.93306
119 0.94495
120 0.95526
121 0.96231
122 0.96616
123 0.98181
124 0.99676
125 1.00512
126 1.01135
127 1.03411
128 1.04276
129 1.05038
130 1.06403
131 1.07228
132 1.08894
133 1.10849
134 1.11707
135 1.1254
136 1.1337
137 1.13793
138 1.15153
139 1.16031
140 1.16144
141 1.16543
142 1.17057
143 1.18859
144 1.19364
145 1.1976
146 1.20575
147 1.2128
148 1.21927
149 1.23632
150 1.25076
151 1.26197
152 1.264
153 1.2913
154 1.29502
155 1.30124
156 1.31351
157 1.33193
158 1.33401
159 1.33953
160 1.34663
161 1.35156
162 1.35396
163 1.36484
164 1.39051
165 1.3984
166 1.41004
167 1.41175
168 1.41508
169 1.42424
170 1.43317
171 1.44049
172 1.4485
173 1.46149
174 1.46365
175 1.467
176 1.4743
177 1.48048
178 1.48338
179 1.48955
180 1.51043
181 1.52364
182 1.53411
183 1.55737
184 1.57263
185 1.58558
186 1.60079
187 1.60848
188 1.64075
189 1.64701
190 1.65349
191 1.66067
192 1.67297
193 1.68453
194 1.69164
195 1.69653
196 1.71479
197 1.7234
198 1.73553
199 1.76156
200 1.77046
201 1.782
202 1.78516
203 1.7887
204 1.80221
205 1.81663
206 1.83008
207 1.83519
208 1.86469
209 1.87256
210 1.88083
211 1.8952
212 1.91203
213 1.92121
214 1.92634
215 1.94508
216 1.95124
217 1.96478
218 1.97377
219 1.97847
220 1.98423
221 1.98986
222 2.00079
223 2.00953
224 2.01584
225 2.02051
226 2.0276
227 2.0528
228 2.06352
229 2.06795
230 2.07134
231 2.07549
232 2.08366
233 2.10266
234 2.11956
235 2.13985
236 2.14617
237 2.1659
238 2.17159
239 2.17503
240 2.18064
241 2.19496
242 2.20164
243 2.20936
244 2.21576
245 2.22811
246 2.24848
247 2.25951
248 2.26048
249 2.26299
250 2.27201
251 2.27618
252 2.27794
253 2.29523
254 2.31382
255 2.32247
256 2.35448
257 2.35821
258 2.38886
259 2.39218
260 2.40001
261 2.40513
262 2.40652
263 2.41092
264 2.4213
265 2.42259
266 2.43292
267 2.44254
268 2.45096
269 2.4547
270 2.46336
271 2.46957
272 2.4764
273 2.48129
274 2.48558
275 2.4921
276 2.49399
277 2.49552
278 2.50027
279 2.51549
280 2.52557
281 2.5337
282 2.54539
283 2.55393
284 2.56648
285 2.58573
286 2.60051
287 2.60769
288 2.61236
289 2.63097
290 2.63251
291 2.63436
292 2.63738
293 2.64312
294 2.64977
295 2.65607
296 2.6616
297 2.67136
298 2.67594
299 2.68148
300 2.70122
301 2.7066
302 2.71768
303 2.72859
304 2.73987
305 2.75694
306 2.77285
307 2.78832
308 2.80164
309 2.8173
310 2.84579
311 2.8529
312 2.85411
313 2.8619
314 2.86695
315 2.87562
316 2.87657
317 2.8942
318 2.89661
319 2.90452
320 2.91779
321 2.9234
322 2.93071
323 2.93429
324 2.94848
325 2.95991
326 2.96649
327 2.98209
328 2.99245
329 2.99798
