1 0.01211
2 0.0243
3 0.03703
4 0.04226
5 0.04547
6 0.05836
7 0.06029
8 0.07173
9 0.09398
10 0.10604
11 0.11327
12 0.1177
13 0.13827
14 0.1399
15 0.15216
16 0.16143
17 0.16987
18 0.17666
19 0.19452
20 0.19815
21 0.211
22 0.23036
23 0.23401
24 0.24366
25 0.24591
26 0.26032
27 0.26648
28 0.26951
29 0.27528
30 0.28619
31 0.28774
32 0.28951
33 0.30685
34 0.3086
35 0.32556
36 0.34662
37 0.35836
38 0.3657
39 0.37051
40 0.37763
41 0.41904
42 0.42883
43 0.4528
44 0.46313
45 0.46723
46 0.47045
47 0.47618
48 0.48024
49 0.48358
50 0.49478
51 0.50421
52 0.50873
53 0.51253
54 0.54559
55 0.55458
56 0.57874
57 0.58056
58 0.58477
59 0.5867
60 0.6043
61 0.61203
62 0.61812
63 0.63256
64 0.63437
65 0.64019
66 0.65631
67 0.6677
68 0.68095
69 0.68301
70 0.68691
71 0.70259
72 0.72253
73 0.74678
74 0.75034
75 0.75451
76 0.75978
77 0.78644
78 0.79007
79 0.79595
80 0.82571
81 0.8644
82 0.88041
83 0.88216
84 0.88624
85 0.88835
86 0.90023
87 0.91283
88 0.93026
89 0.93386
90 0.95505
91 0.96811
92 0.96976
93 0.97126
94 0.97484
95 0.98668
96 0.99251
97 0.99999
98 1.01902
99 1.02584
100 1.03
101 1.0396
102 1.04836
103 1.05881
104 1.06077
105 1.06398
106 1.07014
107 1.07769
108 1.11438
109 1.11869
110 1.12087
111 1.13097
112 1.13512
113 1.14042
114 1.15448
115 1.17439
116 1.19832
117 1.20185
118 1.21065
119 1.22216
120 1.22599
121 1.23785
122 1.24469
123 1.24733
124 1.25095
125 1.26614
126 1.27433
127 1.28193
128 1.28947
129 1.3006
130 1.30843
131 1.33517
132 1.38365
133 1.38702
134 1.39108
135 1.42299
136 1.42447
137 1.42659
138 1.454
139 1.45994
140 1.4763
141 1.49172
142 1.49299
143 1.496
144 1.50124
145 1.5066
146 1.50806
147 1.51836
148 1.53802
149 1.54693
150 1.54878
151 1.55244
152 1.55982
153 1.5636
154 1.58243
155 1.58838
156 1.59463
157 1.59909
158 1.60959
159 1.61666
160 1.63191
161 1.63393
162 1.67207
163 1.6737
164 1.70097
165 1.70473
166 1.71717
167 1.72227
168 1.72653
169 1.72857
170 1.74156
171 1.74358
172 1.74471
173 1.75042
174 1.75696
175 1.75901
176 1.76396
177 1.77819
178 1.78259
179 1.79405
180 1.80107
181 1.8229
182 1.83396
183 1.85635
184 1.86097
185 1.87405
186 1.88537
187 1.90015
188 1.91206
189 1.91957
190 1.92624
191 1.93169
192 1.94605
193 1.95388
194 1.9555
195 1.96408
196 1.96759
197 1.97517
198 1.98454
199 1.98624
200 1.99264
201 1.99722
202 2.01324
203 2.03395
204 2.04481
205 2.04639
206 2.0582
207 2.06252
208 2.07925
209 2.09182
210 2.09429
211 2.0982
212 2.10516
213 2.11013
214 2.12897
215 2.13883
216 2.14808
217 2.16141
218 2.16927
219 2.17056
220 2.18038
221 2.18633
222 2.19796
223 2.20418
224 2.21983
225 2.23001
226 2.24938
227 2.2511
228 2.26738
229 2.27467
230 2.27833
231 2.29229
232 2.30241
233 2.30591
234 2.32666
235 2.33243
236 2.33838
237 2.34426
238 2.37332
239 2.38441
240 2.38676
241 2.3942
242 2.41494
243 2.42253
244 2.4301
245 2.44984
246 2.45276
247 2.45682
248 2.46697
249 2.4692
250 2.47055
251 2.48193
252 2.49313
253 2.49814
254 2.50804
255 2.51948
256 2.52522
257 2.52871
258 2.53414
259 2.5431
260 2.55083
261 2.58227
262 2.60835
263 2.61004
264 2.63846
265 2.67186
266 2.70248
267 2.71254
268 2.72503
269 2.72865
270 2.74498
271 2.7719
272 2.774
273 2.77716
274 2.78491
275 2.79
276 2.80807
277 2.83094
278 2.83324
279 2.84345
280 2.85881
281 2.87113
282 2.91051
283 2.93133
284 2.948
285 2.95447
286 2.96935
287 2.97378
288 2.97897
289 2.99524
290 2.9989
