1 0.00165
2 0.00466
3 0.01446
4 0.02804
5 0.03122
6 0.03414
7 0.03571
8 0.03886
9 0.04466
10 0.04755
11 0.05032
12 0.05212
13 0.05932
14 0.06523
15 0.06897
16 0.07635
17 0.08038
18 0.08385
19 0.08959
20 0.09532
21 0.09703
22 0.10673
23 0.11034
24 0.11225
25 0.11948
26 0.12528
27 0.12795
28 0.13572
29 0.13901
30 0.14276
31 0.14738
32 0.17225
33 0.17619
34 0.17997
35 0.18236
36 0.19171
37 0.19454
38 0.19875
39 0.20104
40 0.20885
41 0.21168
42 0.21406
43 0.22682
44 0.23157
45 0.24242
46 0.25125
47 0.25786
48 0.25974
49 0.26189
50 0.27106
51 0.27913
52 0.28202
53 0.30129
54 0.31269
55 0.3149
56 0.31912
57 0.33238
58 0.33614
59 0.34101
60 0.3438
61 0.35299
62 0.35725
63 0.36528
64 0.37113
65 0.37919
66 0.38938
67 0.39607
68 0.397
69 0.40374
70 0.42609
71 0.4379
72 0.45238
73 0.45662
74 0.46386
75 0.47134
76 0.47409
77 0.47736
78 0.48015
79 0.48217
80 0.4843
81 0.48949
82 0.49412
83 0.50613
84 0.50987
85 0.51571
86 0.52429
87 0.52938
88 0.54192
89 0.55676
90 0.57817
91 0.58306
92 0.59214
93 0.59431
94 0.62333
95 0.63024
96 0.63526
97 0.63885
98 0.64236
99 0.6488
100 0.65901
101 0.67141
102 0.67257
103 0.6762
104 0.68691
105 0.69047
106 0.70449
107 0.71169
108 0.72558
109 0.72714
110 0.72947
111 0.73624
112 0.74512
113 0.74842
114 0.75061
115 0.75943
116 0.77092
117 0.778
118 0.78448
119 0.79142
120 0.79608
121 0.79969
122 0.81382
123 0.83637
124 0.84102
125 0.85087
126 0.86575
127 0.87004
128 0.87473
129 0.89359
130 0.89868
131 0.9116
132 0.92154
133 0.92503
134 0.93458
135 0.93581
136 0.94227
137 0.95037
138 0.95777
139 0.963
140 0.97106
141 0.97254
142 0.98385
143 0.99721
144 0.99922
145 1.00418
146 1.00846
147 1.01211
148 1.0138
149 1.01666
150 1.03368
151 1.03993
152 1.04242
153 1.04722
154 1.07966
155 1.08819
156 1.09699
157 1.1024
158 1.12001
159 1.12624
160 1.13704
161 1.14472
162 1.14866
163 1.16978
164 1.17362
165 1.17714
166 1.18764
167 1.19109
168 1.19789
169 1.20685
170 1.22197
171 1.22673
172 1.2301
173 1.24013
174 1.25425
175 1.25566
176 1.25876
177 1.26214
178 1.26963
179 1.27808
180 1.29062
181 1.30406
182 1.31784
183 1.3313
184 1.33326
185 1.34851
186 1.36822
187 1.37359
188 1.37479
189 1.37835
190 1.38261
191 1.38419
192 1.38777
193 1.39079
194 1.39339
195 1.40595
196 1.41947
197 1.43365
198 1.43877
199 1.44977
200 1.46493
201 1.46729
202 1.47048
203 1.47498
204 1.48456
205 1.49257
206 1.50433
207 1.50603
208 1.51266
209 1.51554
210 1.52727
211 1.52994
212 1.53305
213 1.53707
214 1.54883
215 1.55698
216 1.5684
217 1.58267
218 1.58841
219 1.59678
220 1.61121
221 1.62105
222 1.62654
223 1.63226
224 1.6349
225 1.64102
226 1.6462
227 1.65495
228 1.67918
229 1.68666
230 1.69081
231 1.69535
232 1.70799
233 1.71337
234 1.71908
235 1.722
236 1.73276
237 1.74611
238 1.75255
239 1.76341
240 1.76976
241 1.78763
242 1.78975
243 1.79221
244 1.79844
245 1.80409
246 1.81232
247 1.82844
248 1.84638
249 1.85014
250 1.86856
251 1.87024
252 1.87451
253 1.88289
254 1.8889
255 1.89857
256 1.90377
257 1.9179
258 1.91933
259 1.92292
260 1.92444
261 1.93239
262 1.93512
263 1.94282
264 1.95056
265 1.96318
266 1.97651
267 1.98428
268 1.98814
269 1.98973
270 1.99936
271 2.00954
272 2.0143
273 2.01821
274 2.02091
275 2.03565
276 2.0398
277 2.04721
278 2.05158
279 2.05326
280 2.06328
281 2.07819
282 2.08678
283 2.09219
284 2.09837
285 2.12041
286 2.12404
287 2.13479
288 2.14307
289 2.14914
290 2.16204
291 2.16446
292 2.16915
293 2.17335
294 2.19082
295 2.19479
296 2.20872
297 2.21846
298 2.2219
299 2.22483
300 2.2304
301 2.24933
302 2.25061
303 2.26611
304 2.27375
305 2.27708
306 2.29236
307 2.29649
308 2.30281
309 2.33562
310 2.33659
311 2.34669
312 2.34846
313 2.37154
314 2.37751
315 2.38193
316 2.38425
317 2.3967
318 2.40389
319 2.41673
320 2.42371
321 2.43429
322 2.4454
323 2.45165
324 2.45506
325 2.46101
326 2.47052
327 2.47471
328 2.48113
329 2.48611
330 2.48893
331 2.49926
332 2.50129
333 2.50968
334 2.51171
335 2.51505
336 2.52466
337 2.53706
338 2.5481
339 2.55079
340 2.5634
341 2.57464
342 2.58524
343 2.59471
344 2.61726
345 2.62081
346 2.62656
347 2.63326
348 2.64111
349 2.64903
350 2.66217
351 2.66527
352 2.66801
353 2.67965
354 2.69682
355 2.70144
356 2.70716
357 2.72117
358 2.72508
359 2.72678
360 2.73236
361 2.73555
362 2.74384
363 2.75615
364 2.75967
365 2.76974
366 2.77183
367 2.77777
368 2.7954
369 2.79866
370 2.80633
371 2.8268
372 2.8321
373 2.837
374 2.84716
375 2.84898
376 2.85201
377 2.85858
378 2.87185
379 2.87516
380 2.88163
381 2.8844
382 2.8912
383 2.90786
384 2.9173
385 2.92337
386 2.9345
387 2.93795
388 2.94047
389 2.94242
390 2.95136
391 2.95428
392 2.95814
393 2.96486
394 2.96719
395 2.974
396 2.97991
397 2.9921
