1 0.00386
2 0.00565
3 0.0071
4 0.02837
5 0.03536
6 0.03846
7 0.04049
8 0.04713
9 0.0485
10 0.05201
11 0.06866
12 0.08784
13 0.09177
14 0.09595
15 0.10209
16 0.11234
17 0.11656
18 0.11781
19 0.1363
20 0.1432
21 0.15101
22 0.16356
23 0.17509
24 0.18029
25 0.18342
26 0.18476
27 0.19857
28 0.20127
29 0.2042
30 0.21434
31 0.21694
32 0.22812
33 0.23686
34 0.24788
35 0.25129
36 0.25998
37 0.2646
38 0.28433
39 0.28992
40 0.29532
41 0.30005
42 0.30864
43 0.32744
44 0.33543
45 0.34057
46 0.35525
47 0.3646
48 0.3665
49 0.37109
50 0.38029
51 0.38332
52 0.3856
53 0.39475
54 0.40998
55 0.42975
56 0.43362
57 0.44229
58 0.44496
59 0.44738
60 0.4615
61 0.46609
62 0.47465
63 0.48202
64 0.487
65 0.502
66 0.51478
67 0.51728
68 0.52887
69 0.54178
70 0.54663
71 0.54855
72 0.55977
73 0.56077
74 0.56441
75 0.57481
76 0.58676
77 0.58831
78 0.59069
79 0.59795
80 0.6098
81 0.61121
82 0.62743
83 0.63481
84 0.63853
85 0.64137
86 0.65062
87 0.65708
88 0.66104
89 0.66736
90 0.67781
91 0.6858
92 0.69691
93 0.707
94 0.71238
95 0.71733
96 0.72693
97 0.73152
98 0.73444
99 0.73594
100 0.74649
101 0.74986
102 0.75195
103 0.75311
104 0.76358
105 0.77946
106 0.78642
107 0.79203
108 0.80831
109 0.81999
110 0.82342
111 0.8251
112 0.83181
113 0.84317
114 0.8451
115 0.85139
116 0.85731
117 0.86927
118 0.8807
119 0.89238
120 0.90159
121 0.9094
122 0.91314
123 0.9215
124 0.92681
125 0.93465
126 0.94797
127 0.96236
128 0.96685
129 0.97813
130 0.98361
131 0.99651
132 1.01005
133 1.02635
134 1.0388
135 1.04616
136 1.04949
137 1.05477
138 1.05801
139 1.06066
140 1.06264
141 1.07185
142 1.07569
143 1.1068
144 1.12183
145 1.12807
146 1.14037
147 1.15078
148 1.15631
149 1.16059
150 1.17596
151 1.18737
152 1.19803
153 1.20059
154 1.21152
155 1.2204
156 1.22902
157 1.25519
158 1.2607
159 1.2771
160 1.28218
161 1.29081
162 1.295
163 1.2965
164 1.29884
165 1.31342
166 1.3202
167 1.33584
168 1.3431
169 1.35504
170 1.3574
171 1.35901
172 1.36927
173 1.37756
174 1.38734
175 1.39059
176 1.39568
177 1.40603
178 1.41227
179 1.41402
180 1.4179
181 1.42134
182 1.43759
183 1.44089
184 1.44752
185 1.4605
186 1.47144
187 1.47609
188 1.48134
189 1.48531
190 1.49614
191 1.50526
192 1.50944
193 1.51409
194 1.51552
195 1.5292
196 1.54254
197 1.54391
198 1.55379
199 1.55497
200 1.55761
201 1.56325
202 1.59109
203 1.59402
204 1.60833
205 1.61109
206 1.6171
207 1.62444
208 1.62996
209 1.63528
210 1.65685
211 1.65921
212 1.666
213 1.67373
214 1.67889
215 1.68262
216 1.68658
217 1.69165
218 1.71346
219 1.71861
220 1.72166
221 1.73123
222 1.75215
223 1.77999
224 1.79374
225 1.79721
226 1.80434
227 1.81388
228 1.82451
229 1.82745
230 1.83759
231 1.84964
232 1.85803
233 1.86255
234 1.87116
235 1.87977
236 1.88556
237 1.8947
238 1.9126
239 1.91436
240 1.92379
241 1.92794
242 1.9403
243 1.94377
244 1.95344
245 1.96563
246 1.98132
247 1.98472
248 1.98713
249 1.99129
250 2.0064
251 2.02064
252 2.02955
253 2.04064
254 2.04589
255 2.05173
256 2.06005
257 2.06455
258 2.08456
259 2.0973
260 2.10856
261 2.13062
262 2.13221
263 2.13426
264 2.14293
265 2.14758
266 2.16436
267 2.16748
268 2.18362
269 2.19244
270 2.21383
271 2.22014
272 2.22302
273 2.22921
274 2.23938
275 2.24954
276 2.27732
277 2.29567
278 2.30607
279 2.30894
280 2.32579
281 2.34358
282 2.35329
283 2.3608
284 2.3646
285 2.39905
286 2.40772
287 2.41504
288 2.4323
289 2.43989
290 2.44395
291 2.45167
292 2.47254
293 2.4827
294 2.48649
295 2.49081
296 2.49603
297 2.51257
298 2.5253
299 2.54277
300 2.54999
301 2.55957
302 2.56278
303 2.57127
304 2.59092
305 2.61143
306 2.61623
307 2.62879
308 2.63563
309 2.6402
310 2.66051
311 2.67472
312 2.68896
313 2.69584
314 2.70678
315 2.71675
316 2.72168
317 2.73208
318 2.7406
319 2.74733
320 2.7557
321 2.75903
322 2.77457
323 2.78142
324 2.80169
325 2.80383
326 2.80624
327 2.82266
328 2.83597
329 2.84893
330 2.85755
331 2.86817
332 2.87448
333 2.87957
334 2.8815
335 2.88523
336 2.8978
337 2.89899
338 2.90619
339 2.90815
340 2.92013
341 2.9403
342 2.94204
343 2.94374
344 2.95115
345 2.96608
346 2.96773
347 2.97104
348 2.98286
349 2.99621
