1 0.00702
2 0.00869
3 0.04255
4 0.04665
5 0.05617
6 0.05853
7 0.08272
8 0.09069
9 0.10427
10 0.1172
11 0.12294
12 0.12976
13 0.14504
14 0.14938
15 0.15114
16 0.16816
17 0.17337
18 0.2004
19 0.20706
20 0.20927
21 0.21654
22 0.22671
23 0.23005
24 0.24666
25 0.25107
26 0.25424
27 0.25611
28 0.27025
29 0.27991
30 0.28858
31 0.30146
32 0.31131
33 0.31476
34 0.33438
35 0.33982
36 0.34806
37 0.3644
38 0.36798
39 0.39892
40 0.40694
41 0.41915
42 0.42484
43 0.42889
44 0.43068
45 0.43298
46 0.44811
47 0.44981
48 0.45472
49 0.46369
50 0.48778
51 0.49229
52 0.49954
53 0.53541
54 0.54879
55 0.55915
56 0.5613
57 0.56682
58 0.57011
59 0.5736
60 0.585
61 0.5934
62 0.59692
63 0.60493
64 0.61835
65 0.62056
66 0.62416
67 0.64743
68 0.65302
69 0.66826
70 0.67147
71 0.68788
72 0.70728
73 0.71926
74 0.72653
75 0.73671
76 0.74809
77 0.7503
78 0.78906
79 0.80084
80 0.81209
81 0.81702
82 0.82765
83 0.83694
84 0.8409
85 0.86699
86 0.87113
87 0.87487
88 0.89252
89 0.89471
90 0.9143
91 0.92021
92 0.92836
93 0.93922
94 0.9545
95 0.95834
96 0.96617
97 0.96989
98 0.9772
99 0.99146
100 1.00216
101 1.01724
102 1.04096
103 1.058
104 1.0644
105 1.06944
106 1.07484
107 1.08913
108 1.09245
109 1.09479
110 1.10406
111 1.11533
112 1.11851
113 1.12859
114 1.13655
115 1.13855
116 1.14934
117 1.15088
118 1.15714
119 1.16502
120 1.17289
121 1.1863
122 1.2
123 1.20697
124 1.21431
125 1.22462
126 1.2479
127 1.2544
128 1.28018
129 1.30217
130 1.30994
131 1.31707
132 1.3187
133 1.33079
134 1.35593
135 1.37092
136 1.38939
137 1.39406
138 1.40078
139 1.40925
140 1.41066
141 1.43507
142 1.44081
143 1.44921
144 1.45079
145 1.46252
146 1.49046
147 1.49753
148 1.50321
149 1.50851
150 1.51275
151 1.51455
152 1.56531
153 1.56713
154 1.57139
155 1.59389
156 1.61233
157 1.62811
158 1.64305
159 1.65053
160 1.65788
161 1.67157
162 1.70782
163 1.74818
164 1.75259
165 1.75425
166 1.76225
167 1.77025
168 1.79291
169 1.79833
170 1.81465
171 1.82668
172 1.83638
173 1.84903
174 1.86214
175 1.87317
176 1.89762
177 1.92442
178 1.9456
179 1.95095
180 1.96606
181 1.99908
182 2.00956
183 2.03436
184 2.04814
185 2.06504
186 2.07084
187 2.09888
188 2.12209
189 2.13289
190 2.1454
191 2.14724
192 2.17038
193 2.17663
194 2.18402
195 2.18763
196 2.19465
197 2.20461
198 2.20858
199 2.22183
200 2.24826
201 2.28559
202 2.29312
203 2.30853
204 2.32025
205 2.34277
206 2.34767
207 2.35629
208 2.36933
209 2.39773
210 2.39937
211 2.42177
212 2.43699
213 2.44706
214 2.46081
215 2.4779
216 2.48609
217 2.49567
218 2.5021
219 2.52489
220 2.55928
221 2.56345
222 2.56507
223 2.57359
224 2.59068
225 2.59294
226 2.59833
227 2.60221
228 2.60424
229 2.61002
230 2.61286
231 2.62504
232 2.65321
233 2.66281
234 2.67049
235 2.67899
236 2.70815
237 2.71158
238 2.71842
239 2.7461
240 2.75092
241 2.76295
242 2.76464
243 2.77031
244 2.80087
245 2.80673
246 2.82019
247 2.84339
248 2.86496
249 2.86883
250 2.87469
251 2.88224
252 2.89446
253 2.92331
254 2.93297
255 2.9389
256 2.94036
257 2.95174
258 2.95521
259 2.95685
260 2.95843
261 2.99149
