1 0.00288
2 0.00791
3 0.0123
4 0.01677
5 0.02278
6 0.03474
7 0.03789
8 0.04
9 0.04456
10 0.04909
11 0.05097
12 0.05605
13 0.05907
14 0.06132
15 0.06594
16 0.07456
17 0.08585
18 0.08717
19 0.0934
20 0.10025
21 0.11257
22 0.1146
23 0.12019
24 0.12191
25 0.12491
26 0.1263
27 0.13047
28 0.16788
29 0.17395
30 0.17627
31 0.18224
32 0.1876
33 0.20078
34 0.20807
35 0.21287
36 0.21675
37 0.2195
38 0.22153
39 0.22398
40 0.22876
41 0.23135
42 0.242
43 0.24743
44 0.25173
45 0.25871
46 0.26743
47 0.27417
48 0.2766
49 0.28135
50 0.29376
51 0.29522
52 0.30301
53 0.30863
54 0.31257
55 0.31517
56 0.3207
57 0.3397
58 0.34145
59 0.34687
60 0.3494
61 0.35407
62 0.35897
63 0.3693
64 0.37051
65 0.37285
66 0.37414
67 0.38066
68 0.41337
69 0.41726
70 0.41987
71 0.42604
72 0.43868
73 0.45434
74 0.46257
75 0.46627
76 0.47196
77 0.4754
78 0.47648
79 0.47983
80 0.49353
81 0.49601
82 0.4986
83 0.50538
84 0.51361
85 0.52599
86 0.54218
87 0.5498
88 0.55918
89 0.57062
90 0.57271
91 0.59015
92 0.5976
93 0.59872
94 0.60315
95 0.60683
96 0.6162
97 0.62672
98 0.62901
99 0.63534
100 0.64323
101 0.66192
102 0.67069
103 0.67492
104 0.67785
105 0.67912
106 0.68967
107 0.70703
108 0.71638
109 0.72366
110 0.72574
111 0.73031
112 0.74235
113 0.75013
114 0.7571
115 0.7608
116 0.7698
117 0.77739
118 0.78049
119 0.78867
120 0.79787
121 0.79966
122 0.80711
123 0.81045
124 0.81739
125 0.84386
126 0.85711
127 0.86415
128 0.86962
129 0.88312
130 0.89485
131 0.91378
132 0.91671
133 0.92511
134 0.93264
135 0.93458
136 0.93896
137 0.9538
138 0.96174
139 0.96576
140 0.96965
141 0.97296
142 0.97421
143 0.98027
144 0.99344
145 0.99985
146 1.00618
147 1.0215
148 1.0234
149 1.03305
150 1.03707
151 1.03975
152 1.04634
153 1.05676
154 1.06171
155 1.06914
156 1.07793
157 1.09607
158 1.10251
159 1.10606
160 1.11458
161 1.1204
162 1.13049
163 1.16275
164 1.16689
165 1.17623
166 1.18591
167 1.20338
168 1.20681
169 1.20972
170 1.21163
171 1.21565
172 1.21887
173 1.23135
174 1.23784
175 1.23957
176 1.25875
177 1.27063
178 1.27281
179 1.27482
180 1.2919
181 1.30114
182 1.30713
183 1.31975
184 1.32426
185 1.34282
186 1.34668
187 1.34827
188 1.35186
189 1.35465
190 1.36019
191 1.3651
192 1.37769
193 1.37979
194 1.38564
195 1.39963
196 1.4117
197 1.42576
198 1.43415
199 1.45523
200 1.4619
201 1.46599
202 1.4714
203 1.47614
204 1.49936
205 1.50371
206 1.50768
207 1.51016
208 1.5182
209 1.51957
210 1.52633
211 1.53027
212 1.53932
213 1.54541
214 1.54984
215 1.56384
216 1.59164
217 1.5946
218 1.59726
219 1.60032
220 1.60459
221 1.60916
222 1.61069
223 1.6123
224 1.61955
225 1.62563
226 1.62891
227 1.66594
228 1.67021
229 1.6943
230 1.70121
231 1.70937
232 1.71319
233 1.71907
234 1.72267
235 1.72427
236 1.72904
237 1.73198
238 1.73588
239 1.73876
240 1.74113
241 1.747
242 1.75511
243 1.76143
244 1.76643
245 1.77905
246 1.78506
247 1.7919
248 1.806
249 1.81594
250 1.82561
251 1.84161
252 1.84341
253 1.86103
254 1.86352
255 1.86545
256 1.87225
257 1.87467
258 1.88451
259 1.89813
260 1.91151
261 1.91821
262 1.92847
263 1.93817
264 1.94729
265 1.96529
266 1.97645
267 1.98269
268 1.98992
269 1.99889
270 2.00113
271 2.00967
272 2.01731
273 2.02661
274 2.02803
275 2.03595
276 2.0383
277 2.05114
278 2.06148
279 2.09177
280 2.09613
281 2.09934
282 2.10252
283 2.10804
284 2.12029
285 2.1244
286 2.12951
287 2.13657
288 2.13851
289 2.14524
290 2.16603
291 2.17167
292 2.17773
293 2.1817
294 2.184
295 2.20427
296 2.2099
297 2.21587
298 2.22145
299 2.23055
300 2.23591
301 2.23858
302 2.2418
303 2.25477
304 2.25906
305 2.26574
306 2.28269
307 2.28958
308 2.30469
309 2.31416
310 2.31665
311 2.34129
312 2.34649
313 2.36423
314 2.37346
315 2.38141
316 2.41784
317 2.42331
318 2.42739
319 2.44138
320 2.45804
321 2.46615
322 2.47751
323 2.48151
324 2.4849
325 2.48666
326 2.49461
327 2.49622
328 2.50328
329 2.50496
330 2.51466
331 2.52078
332 2.52582
333 2.52988
334 2.54213
335 2.54503
336 2.55025
337 2.55151
338 2.55877
339 2.56368
340 2.59006
341 2.59376
342 2.60356
343 2.61363
344 2.62175
345 2.62531
346 2.62912
347 2.63565
348 2.66742
349 2.67099
350 2.6729
351 2.67735
352 2.6799
353 2.68201
354 2.68645
355 2.69519
356 2.706
357 2.71407
358 2.72983
359 2.73664
360 2.7506
361 2.75548
362 2.75976
363 2.76638
364 2.78317
365 2.79324
366 2.80272
367 2.81191
368 2.8395
369 2.84601
370 2.85535
371 2.86738
372 2.91544
373 2.92204
374 2.92999
375 2.93672
376 2.94074
377 2.95795
378 2.96729
379 2.97095
380 2.97349
381 2.9799
