1 0.00981
2 0.01707
3 0.04217
4 0.05683
5 0.06561
6 0.07483
7 0.0809
8 0.08622
9 0.10053
10 0.10514
11 0.11582
12 0.13061
13 0.13806
14 0.14277
15 0.14576
16 0.15101
17 0.16162
18 0.16343
19 0.1764
20 0.18785
21 0.20301
22 0.20957
23 0.22513
24 0.2341
25 0.23737
26 0.26031
27 0.26342
28 0.26764
29 0.27122
30 0.28293
31 0.29256
32 0.31156
33 0.31261
34 0.33489
35 0.34094
36 0.3514
37 0.37008
38 0.3823
39 0.39063
40 0.3919
41 0.40065
42 0.40301
43 0.41051
44 0.42764
45 0.43958
46 0.4623
47 0.47278
48 0.48001
49 0.48627
50 0.50053
51 0.50736
52 0.51369
53 0.53344
54 0.53987
55 0.54369
56 0.55858
57 0.56686
58 0.5684
59 0.57486
60 0.58392
61 0.58834
62 0.60009
63 0.60324
64 0.61103
65 0.62748
66 0.63741
67 0.64059
68 0.66034
69 0.66144
70 0.67326
71 0.67605
72 0.68361
73 0.68976
74 0.6955
75 0.69813
76 0.70354
77 0.71389
78 0.74027
79 0.74341
80 0.75118
81 0.75811
82 0.76909
83 0.77313
84 0.77973
85 0.78147
86 0.78441
87 0.79047
88 0.80382
89 0.81907
90 0.83258
91 0.83853
92 0.84836
93 0.85073
94 0.85936
95 0.87558
96 0.88414
97 0.89196
98 0.90443
99 0.92961
100 0.93346
101 0.93657
102 0.94782
103 0.9516
104 0.97867
105 0.98087
106 0.98451
107 1.01344
108 1.02515
109 1.02792
110 1.02952
111 1.03318
112 1.03902
113 1.04072
114 1.04924
115 1.0623
116 1.08559
117 1.12654
118 1.13417
119 1.14988
120 1.15925
121 1.16741
122 1.17228
123 1.1751
124 1.18347
125 1.19689
126 1.20159
127 1.21164
128 1.21728
129 1.2216
130 1.2355
131 1.25887
132 1.26601
133 1.26922
134 1.28101
135 1.28665
136 1.29148
137 1.29962
138 1.30203
139 1.31038
140 1.31432
141 1.31708
142 1.3188
143 1.32851
144 1.35081
145 1.35991
146 1.36191
147 1.37996
148 1.39557
149 1.40758
150 1.4117
151 1.42161
152 1.43629
153 1.44091
154 1.44357
155 1.44853
156 1.45713
157 1.48518
158 1.53191
159 1.53437
160 1.54665
161 1.54777
162 1.55856
163 1.56244
164 1.57346
165 1.58277
166 1.58643
167 1.59597
168 1.59825
169 1.60138
170 1.61116
171 1.62022
172 1.6268
173 1.64103
174 1.64596
175 1.66331
176 1.666
177 1.66837
178 1.67291
179 1.67574
180 1.68004
181 1.68383
182 1.69448
183 1.70514
184 1.72673
185 1.7345
186 1.73931
187 1.74183
188 1.75767
189 1.76384
190 1.76907
191 1.77202
192 1.77394
193 1.78141
194 1.78314
195 1.7843
196 1.79655
197 1.80562
198 1.81954
199 1.82701
200 1.83584
201 1.83937
202 1.85072
203 1.85604
204 1.85799
205 1.86362
206 1.86864
207 1.87831
208 1.91067
209 1.91303
210 1.93354
211 1.93469
212 1.93973
213 1.95082
214 1.95421
215 1.95967
216 1.97698
217 1.97921
218 1.98796
219 1.99312
220 1.9969
221 1.99805
222 2.00482
223 2.01694
224 2.02727
225 2.04508
226 2.0559
227 2.05976
228 2.06456
229 2.06871
230 2.08035
231 2.08142
232 2.09054
233 2.09354
234 2.10594
235 2.11063
236 2.11268
237 2.11855
238 2.12411
239 2.13134
240 2.14688
241 2.15087
242 2.16516
243 2.17642
244 2.17866
245 2.19211
246 2.19513
247 2.21037
248 2.23149
249 2.24333
250 2.25158
251 2.25262
252 2.26162
253 2.26326
254 2.27453
255 2.27916
256 2.28581
257 2.30647
258 2.3159
259 2.32091
260 2.33288
261 2.33579
262 2.34867
263 2.35229
264 2.35906
265 2.36115
266 2.37121
267 2.37761
268 2.3814
269 2.3879
270 2.39842
271 2.40685
272 2.41239
273 2.41567
274 2.43657
275 2.44346
276 2.44557
277 2.45923
278 2.46809
279 2.47862
280 2.49934
281 2.50602
282 2.52707
283 2.53469
284 2.53872
285 2.55458
286 2.56596
287 2.56992
288 2.57433
289 2.58243
290 2.59765
291 2.59953
292 2.61088
293 2.61618
294 2.6239
295 2.63509
296 2.66224
297 2.66553
298 2.67168
299 2.68418
300 2.6861
301 2.69844
302 2.71107
303 2.7168
304 2.72439
305 2.73242
306 2.74349
307 2.75766
308 2.7708
309 2.77264
310 2.77857
311 2.78172
312 2.79853
313 2.80377
314 2.81242
315 2.82297
316 2.83281
317 2.83575
318 2.84725
319 2.85193
320 2.85494
321 2.8653
322 2.87028
323 2.87549
324 2.87955
325 2.89339
326 2.89619
327 2.90713
328 2.90972
329 2.92055
330 2.9408
331 2.94429
332 2.96679
333 2.96883
334 2.97984
335 2.98548
