1 0.00219
2 0.00349
3 0.00616
4 0.00711
5 0.01268
6 0.02323
7 0.03213
8 0.03745
9 0.04015
10 0.04863
11 0.05725
12 0.08124
13 0.09651
14 0.10235
15 0.10932
16 0.11207
17 0.11769
18 0.12426
19 0.12878
20 0.13118
21 0.13809
22 0.14109
23 0.14302
24 0.14759
25 0.16034
26 0.16163
27 0.17211
28 0.17596
29 0.17888
30 0.18827
31 0.20545
32 0.20813
33 0.21518
34 0.22104
35 0.22261
36 0.22656
37 0.24243
38 0.25228
39 0.25479
40 0.25744
41 0.26717
42 0.27166
43 0.27323
44 0.27804
45 0.28614
46 0.2884
47 0.29557
48 0.30169
49 0.30585
50 0.31011
51 0.31962
52 0.33119
53 0.35663
54 0.36108
55 0.36372
56 0.3656
57 0.36907
58 0.37966
59 0.38353
60 0.38519
61 0.38949
62 0.40584
63 0.41588
64 0.42033
65 0.43066
66 0.43303
67 0.43821
68 0.44341
69 0.45718
70 0.4601
71 0.46225
72 0.47144
73 0.47746
74 0.47923
75 0.4838
76 0.49245
77 0.49733
78 0.49953
79 0.51519
80 0.52183
81 0.53034
82 0.53389
83 0.54943
84 0.55204
85 0.57953
86 0.59287
87 0.59885
88 0.60064
89 0.60689
90 0.61393
91 0.6272
92 0.63344
93 0.64499
94 0.65467
95 0.65952
96 0.6755
97 0.69033
98 0.70206
99 0.70497
100 0.71559
101 0.72387
102 0.72653
103 0.74556
104 0.74774
105 0.75475
106 0.7616
107 0.76459
108 0.76905
109 0.77112
110 0.79427
111 0.80144
112 0.8304
113 0.83211
114 0.83775
115 0.86035
116 0.86128
117 0.86612
118 0.87488
119 0.87758
120 0.87992
121 0.88121
122 0.89421
123 0.908
124 0.9178
125 0.92164
126 0.92972
127 0.94028
128 0.95252
129 0.9565
130 0.95837
131 0.96206
132 0.96744
133 0.98057
134 0.98564
135 0.99418
136 0.99602
137 0.99777
138 1.00319
139 1.02315
140 1.02802
141 1.03154
142 1.03971
143 1.05638
144 1.05874
145 1.0617
146 1.06544
147 1.06745
148 1.07197
149 1.08604
150 1.09086
151 1.10352
152 1.1083
153 1.11401
154 1.13502
155 1.14905
156 1.15855
157 1.1633
158 1.17825
159 1.17981
160 1.183
161 1.1868
162 1.20417
163 1.21708
164 1.2239
165 1.23372
166 1.24708
167 1.25257
168 1.26431
169 1.26613
170 1.28433
171 1.2898
172 1.30534
173 1.30987
174 1.32932
175 1.34415
176 1.36066
177 1.36492
178 1.36917
179 1.37586
180 1.37934
181 1.3817
182 1.38421
183 1.3877
184 1.40569
185 1.40886
186 1.41237
187 1.41531
188 1.43183
189 1.44186
190 1.45299
191 1.46009
192 1.47084
193 1.47547
194 1.48521
195 1.49155
196 1.49624
197 1.49918
198 1.52208
199 1.52647
200 1.53237
201 1.5358
202 1.54092
203 1.54286
204 1.5541
205 1.56009
206 1.56263
207 1.587
208 1.59288
209 1.60349
210 1.60441
211 1.60572
212 1.6251
213 1.64035
214 1.64145
215 1.65589
216 1.66326
217 1.66556
218 1.68103
219 1.68288
220 1.68453
221 1.68567
222 1.69393
223 1.70456
224 1.70797
225 1.71293
226 1.71698
227 1.72187
228 1.73694
229 1.74706
230 1.75961
231 1.77488
232 1.78519
233 1.78924
234 1.79044
235 1.8048
236 1.82855
237 1.84592
238 1.85097
239 1.86122
240 1.86677
241 1.87699
242 1.88274
243 1.88501
244 1.89246
245 1.91077
246 1.92101
247 1.93604
248 1.94315
249 1.95337
250 1.9571
251 1.96093
252 1.96545
253 1.97224
254 1.98435
255 2.00053
256 2.01458
257 2.02438
258 2.03184
259 2.03906
260 2.04285
261 2.04772
262 2.05102
263 2.05392
264 2.05899
265 2.06143
266 2.08036
267 2.11089
268 2.1133
269 2.1241
270 2.12819
271 2.14371
272 2.17089
273 2.18288
274 2.18582
275 2.20511
276 2.21087
277 2.21598
278 2.21916
279 2.22893
280 2.23689
281 2.24169
282 2.2488
283 2.25337
284 2.25633
285 2.27319
286 2.28037
287 2.29175
288 2.29365
289 2.30165
290 2.31812
291 2.32659
292 2.33445
293 2.33948
294 2.35183
295 2.35737
296 2.36852
297 2.37072
298 2.37587
299 2.39101
300 2.41057
301 2.41612
302 2.42365
303 2.4266
304 2.43427
305 2.44159
306 2.45623
307 2.45991
308 2.46293
309 2.47124
310 2.47512
311 2.47695
312 2.47856
313 2.50506
314 2.50738
315 2.52064
316 2.52339
317 2.52956
318 2.54017
319 2.55665
320 2.55877
321 2.58356
322 2.59138
323 2.59319
324 2.60396
325 2.61578
326 2.62339
327 2.62764
328 2.62969
329 2.63754
330 2.6578
331 2.66307
332 2.67517
333 2.68109
334 2.68707
335 2.68849
336 2.69112
337 2.70498
338 2.71502
339 2.72058
340 2.72695
341 2.72932
342 2.74751
343 2.74969
344 2.76471
345 2.77749
346 2.78011
347 2.79575
348 2.79832
349 2.80032
350 2.80541
351 2.82894
352 2.83502
353 2.8561
354 2.86252
355 2.86643
356 2.87531
357 2.87938
358 2.88447
359 2.88898
360 2.90627
361 2.91141
362 2.91705
363 2.92553
364 2.92933
365 2.93532
366 2.93984
367 2.94212
368 2.95448
369 2.95823
370 2.97831
371 2.98038
372 2.98662
373 2.99466
