1 0.00414
2 0.00795
3 0.01125
4 0.01723
5 0.02298
6 0.02834
7 0.03122
8 0.0324
9 0.04626
10 0.05372
11 0.06033
12 0.06213
13 0.06784
14 0.07579
15 0.07741
16 0.09
17 0.09803
18 0.10039
19 0.12044
20 0.12251
21 0.14219
22 0.16067
23 0.17171
24 0.17533
25 0.18269
26 0.19325
27 0.20706
28 0.21076
29 0.22438
30 0.22761
31 0.23848
32 0.24284
33 0.26667
34 0.26864
35 0.27553
36 0.28135
37 0.28333
38 0.29295
39 0.30134
40 0.31618
41 0.32707
42 0.34133
43 0.34394
44 0.35062
45 0.36989
46 0.38391
47 0.39288
48 0.39575
49 0.40796
50 0.41242
51 0.41594
52 0.41813
53 0.42418
54 0.42918
55 0.43458
56 0.43745
57 0.44816
58 0.45159
59 0.45899
60 0.46297
61 0.46885
62 0.48562
63 0.48902
64 0.49591
65 0.49911
66 0.50902
67 0.52247
68 0.52861
69 0.53881
70 0.55293
71 0.56136
72 0.56952
73 0.57401
74 0.59421
75 0.59763
76 0.60543
77 0.60842
78 0.62141
79 0.62374
80 0.62803
81 0.63112
82 0.65771
83 0.6796
84 0.68909
85 0.69031
86 0.70737
87 0.71514
88 0.72101
89 0.73245
90 0.74085
91 0.74398
92 0.74759
93 0.76001
94 0.76736
95 0.77673
96 0.79201
97 0.79813
98 0.80664
99 0.81133
100 0.84527
101 0.85091
102 0.85943
103 0.8682
104 0.87039
105 0.87691
106 0.88479
107 0.89398
108 0.89923
109 0.90205
110 0.91819
111 0.91988
112 0.93373
113 0.94402
114 0.94907
115 0.95661
116 0.96567
117 0.96874
118 0.97269
119 0.98313
120 0.99012
121 0.99881
122 1.00934
123 1.01391
124 1.01866
125 1.02025
126 1.04133
127 1.05442
128 1.05982
129 1.06275
130 1.10075
131 1.10538
132 1.12002
133 1.12205
134 1.14335
135 1.14989
136 1.15779
137 1.16159
138 1.18818
139 1.19515
140 1.21374
141 1.21565
142 1.22131
143 1.22842
144 1.23795
145 1.24173
146 1.26744
147 1.27551
148 1.28431
149 1.29502
150 1.30512
151 1.30871
152 1.31113
153 1.31467
154 1.31799
155 1.32799
156 1.33261
157 1.35538
158 1.37566
159 1.38496
160 1.40845
161 1.41949
162 1.42683
163 1.42877
164 1.43199
165 1.43467
166 1.44156
167 1.44741
168 1.45433
169 1.45754
170 1.46415
171 1.48094
172 1.48765
173 1.50074
174 1.51621
175 1.5201
176 1.52405
177 1.52567
178 1.53383
179 1.54267
180 1.54705
181 1.5544
182 1.56268
183 1.56744
184 1.57065
185 1.58468
186 1.60347
187 1.60698
188 1.61809
189 1.62346
190 1.62783
191 1.64687
192 1.64852
193 1.65029
194 1.65421
195 1.67501
196 1.67829
197 1.68403
198 1.68614
199 1.70356
200 1.70783
201 1.71584
202 1.71856
203 1.72207
204 1.72808
205 1.7331
206 1.74023
207 1.74415
208 1.74885
209 1.76283
210 1.76612
211 1.77415
212 1.78482
213 1.79582
214 1.81233
215 1.81496
216 1.81627
217 1.84637
218 1.853
219 1.87062
220 1.87483
221 1.88632
222 1.89576
223 1.90364
224 1.91133
225 1.92915
226 1.93431
227 1.93645
228 1.94327
229 1.9603
230 1.97237
231 1.97468
232 1.99074
233 2.00856
234 2.01223
235 2.01467
236 2.01665
237 2.01843
238 2.02151
239 2.03684
240 2.04102
241 2.05401
242 2.05517
243 2.06903
244 2.09893
245 2.10624
246 2.11785
247 2.13423
248 2.14785
249 2.16773
250 2.17327
251 2.18286
252 2.1905
253 2.19421
254 2.20148
255 2.20296
256 2.21165
257 2.2275
258 2.23045
259 2.23379
260 2.23729
261 2.25409
262 2.25974
263 2.26473
264 2.26735
265 2.27404
266 2.2938
267 2.30283
268 2.30821
269 2.31492
270 2.32004
271 2.32464
272 2.33039
273 2.34161
274 2.35133
275 2.36857
276 2.37273
277 2.38131
278 2.38369
279 2.38697
280 2.39002
281 2.39352
282 2.41091
283 2.42068
284 2.42275
285 2.43387
286 2.44818
287 2.45842
288 2.45991
289 2.47392
290 2.48253
291 2.48998
292 2.49359
293 2.51737
294 2.52894
295 2.53441
296 2.53675
297 2.54238
298 2.5525
299 2.55643
300 2.55812
301 2.57566
302 2.59474
303 2.60025
304 2.60223
305 2.60679
306 2.61627
307 2.6201
308 2.63589
309 2.64595
310 2.66217
311 2.67774
312 2.68891
313 2.69366
314 2.70378
315 2.70839
316 2.71773
317 2.7372
318 2.74129
319 2.74259
320 2.747
321 2.76587
322 2.76787
323 2.78873
324 2.80714
325 2.81083
326 2.81754
327 2.82087
328 2.82504
329 2.83705
330 2.84455
331 2.84928
332 2.85231
333 2.8535
334 2.85606
335 2.85805
336 2.87507
337 2.88437
338 2.89297
339 2.89519
340 2.91062
341 2.9173
342 2.92866
343 2.93289
344 2.93708
345 2.93979
346 2.94906
347 2.95375
348 2.96125
349 2.966
350 2.96806
351 2.99112
352 2.99324
353 2.99757
