1 0.00272
2 0.00408
3 0.01068
4 0.0209
5 0.02301
6 0.02845
7 0.03218
8 0.03426
9 0.03962
10 0.04391
11 0.06338
12 0.0792
13 0.08126
14 0.09058
15 0.09882
16 0.11982
17 0.12615
18 0.14136
19 0.14528
20 0.14772
21 0.14899
22 0.15196
23 0.15651
24 0.15926
25 0.16516
26 0.17074
27 0.1967
28 0.19797
29 0.20463
30 0.20779
31 0.23063
32 0.23275
33 0.24602
34 0.2497
35 0.25337
36 0.2561
37 0.25822
38 0.26171
39 0.27264
40 0.29457
41 0.30193
42 0.31823
43 0.32404
44 0.3332
45 0.33609
46 0.3414
47 0.34367
48 0.34787
49 0.37697
50 0.3837
51 0.39058
52 0.39493
53 0.39733
54 0.40447
55 0.40813
56 0.41629
57 0.44379
58 0.44972
59 0.45624
60 0.46656
61 0.47266
62 0.48605
63 0.49219
64 0.49423
65 0.49624
66 0.49779
67 0.50197
68 0.50696
69 0.51045
70 0.51382
71 0.52504
72 0.54529
73 0.55156
74 0.55462
75 0.56787
76 0.57559
77 0.57682
78 0.58194
79 0.58374
80 0.59391
81 0.62047
82 0.62351
83 0.62815
84 0.63218
85 0.64019
86 0.6462
87 0.64983
88 0.65905
89 0.6608
90 0.67092
91 0.67473
92 0.69809
93 0.70569
94 0.71736
95 0.72087
96 0.72691
97 0.73263
98 0.74638
99 0.7504
100 0.75261
101 0.75606
102 0.76455
103 0.77413
104 0.79253
105 0.80885
106 0.81212
107 0.82256
108 0.84973
109 0.86685
110 0.87038
111 0.87346
112 0.87652
113 0.88196
114 0.88696
115 0.888
116 0.89591
117 0.8979
118 0.9003
119 0.91033
120 0.91536
121 0.92023
122 0.9215
123 0.92421
124 0.92696
125 0.92932
126 0.94404
127 0.95108
128 0.9555
129 0.9656
130 0.96954
131 0.97766
132 0.98785
133 0.99179
134 0.99903
135 1.01356
136 1.01861
137 1.0246
138 1.02744
139 1.03998
140 1.04124
141 1.0592
142 1.06305
143 1.08266
144 1.08666
145 1.08961
146 1.12232
147 1.12788
148 1.1329
149 1.13632
150 1.13883
151 1.1428
152 1.15461
153 1.16096
154 1.17613
155 1.1947
156 1.1982
157 1.20468
158 1.2119
159 1.21717
160 1.21984
161 1.23167
162 1.24027
163 1.24386
164 1.25797
165 1.27597
166 1.27886
167 1.28888
168 1.2906
169 1.29293
170 1.29858
171 1.30151
172 1.31325
173 1.3233
174 1.33325
175 1.33681
176 1.34488
177 1.37892
178 1.38073
179 1.38243
180 1.38997
181 1.39377
182 1.40664
183 1.41013
184 1.42474
185 1.45091
186 1.45797
187 1.46081
188 1.47834
189 1.49071
190 1.49266
191 1.50073
192 1.50544
193 1.50752
194 1.51412
195 1.51698
196 1.52459
197 1.5294
198 1.53295
199 1.54507
200 1.55319
201 1.57176
202 1.57795
203 1.58255
204 1.58871
205 1.59534
206 1.6149
207 1.6209
208 1.62287
209 1.62472
210 1.63809
211 1.64657
212 1.64904
213 1.65518
214 1.65983
215 1.66249
216 1.67873
217 1.69446
218 1.69611
219 1.70607
220 1.71235
221 1.71524
222 1.7178
223 1.71907
224 1.72097
225 1.73103
226 1.73974
227 1.74296
228 1.75026
229 1.75381
230 1.75809
231 1.76831
232 1.77591
233 1.77884
234 1.79427
235 1.79957
236 1.80136
237 1.80616
238 1.80948
239 1.82748
240 1.83071
241 1.85028
242 1.86469
243 1.87379
244 1.87675
245 1.8839
246 1.88733
247 1.89903
248 1.90798
249 1.91221
250 1.91638
251 1.91926
252 1.94477
253 1.95611
254 1.96146
255 1.96804
256 1.97169
257 1.97857
258 1.98737
259 1.9914
260 2.00028
261 2.00325
262 2.02182
263 2.0253
264 2.04407
265 2.05067
266 2.05361
267 2.05724
268 2.06303
269 2.07402
270 2.07737
271 2.09421
272 2.1253
273 2.13313
274 2.13681
275 2.14571
276 2.1704
277 2.17577
278 2.20258
279 2.20495
280 2.20807
281 2.21546
282 2.22495
283 2.22887
284 2.24024
285 2.24755
286 2.25154
287 2.25392
288 2.25904
289 2.26108
290 2.27233
291 2.2933
292 2.2962
293 2.2988
294 2.3037
295 2.30469
296 2.30807
297 2.31446
298 2.32909
299 2.33247
300 2.33502
301 2.36629
302 2.37032
303 2.37739
304 2.38077
305 2.38805
306 2.39133
307 2.39934
308 2.40204
309 2.40352
310 2.41044
311 2.41522
312 2.42325
313 2.45026
314 2.45594
315 2.46136
316 2.46771
317 2.47954
318 2.4867
319 2.50223
320 2.50821
321 2.51446
322 2.52576
323 2.53683
324 2.54041
325 2.56798
326 2.57043
327 2.57759
328 2.58036
329 2.58753
330 2.59296
331 2.59543
332 2.61829
333 2.62521
334 2.6309
335 2.63882
336 2.6549
337 2.66449
338 2.69266
339 2.70031
340 2.70387
341 2.7075
342 2.71117
343 2.72397
344 2.73169
345 2.7431
346 2.74944
347 2.75169
348 2.75476
349 2.75588
350 2.77893
351 2.78246
352 2.78433
353 2.78823
354 2.79672
355 2.79961
356 2.80143
357 2.82194
358 2.83254
359 2.83889
360 2.84326
361 2.84652
362 2.86217
363 2.87716
364 2.8842
365 2.89236
366 2.90153
367 2.90338
368 2.90479
369 2.90772
370 2.91079
371 2.91824
372 2.92995
373 2.94567
374 2.9529
375 2.9544
376 2.95957
377 2.97159
378 2.98369
379 2.99297
380 2.9956
381 2.99681
382 2.99879
