1 0.00363
2 0.00526
3 0.0068
4 0.01052
5 0.0143
6 0.01697
7 0.02331
8 0.0302
9 0.03647
10 0.0447
11 0.04737
12 0.05037
13 0.05234
14 0.05422
15 0.06384
16 0.08254
17 0.08725
18 0.09307
19 0.09792
20 0.10048
21 0.10244
22 0.11059
23 0.11313
24 0.12446
25 0.12984
26 0.13861
27 0.1565
28 0.15842
29 0.16223
30 0.16387
31 0.16566
32 0.16962
33 0.17904
34 0.19511
35 0.19607
36 0.19786
37 0.20276
38 0.20539
39 0.20765
40 0.20934
41 0.2196
42 0.22414
43 0.23644
44 0.24428
45 0.24742
46 0.25461
47 0.25635
48 0.25794
49 0.27081
50 0.27361
51 0.27984
52 0.28166
53 0.2891
54 0.29383
55 0.29543
56 0.31221
57 0.32992
58 0.33786
59 0.34228
60 0.34822
61 0.3544
62 0.35717
63 0.36347
64 0.37117
65 0.37508
66 0.37898
67 0.38305
68 0.38559
69 0.39474
70 0.4005
71 0.41425
72 0.41684
73 0.41834
74 0.42752
75 0.43061
76 0.44532
77 0.45384
78 0.46257
79 0.46636
80 0.47143
81 0.48402
82 0.49414
83 0.50036
84 0.50353
85 0.50718
86 0.51032
87 0.52396
88 0.53085
89 0.5347
90 0.53886
91 0.54377
92 0.54803
93 0.55199
94 0.55696
95 0.58536
96 0.59339
97 0.59701
98 0.60317
99 0.60818
100 0.61436
101 0.61756
102 0.62414
103 0.63239
104 0.63582
105 0.65271
106 0.65756
107 0.66373
108 0.66593
109 0.66878
110 0.70024
111 0.70358
112 0.70925
113 0.711
114 0.74394
115 0.75518
116 0.76662
117 0.77408
118 0.77933
119 0.78179
120 0.79045
121 0.79146
122 0.79556
123 0.80181
124 0.81131
125 0.81558
126 0.83644
127 0.84475
128 0.84884
129 0.85152
130 0.85385
131 0.85764
132 0.86143
133 0.86373
134 0.86725
135 0.87911
136 0.89
137 0.89397
138 0.90074
139 0.90548
140 0.91952
141 0.92931
142 0.93021
143 0.93278
144 0.9465
145 0.95177
146 0.95387
147 0.96194
148 0.96493
149 0.98748
150 0.99139
151 1.00115
152 1.00782
153 1.01139
154 1.02495
155 1.0485
156 1.05566
157 1.06719
158 1.08996
159 1.09292
160 1.09511
161 1.10303
162 1.1173
163 1.11874
164 1.12266
165 1.12489
166 1.13002
167 1.13629
168 1.14086
169 1.15167
170 1.15852
171 1.16697
172 1.16942
173 1.17522
174 1.17798
175 1.18146
176 1.18386
177 1.19914
178 1.20088
179 1.20874
180 1.21592
181 1.22326
182 1.24469
183 1.25274
184 1.25525
185 1.26482
186 1.27428
187 1.27641
188 1.28889
189 1.29172
190 1.29387
191 1.29845
192 1.30059
193 1.30215
194 1.31207
195 1.34144
196 1.34234
197 1.34447
198 1.35748
199 1.36121
200 1.37238
201 1.37518
202 1.38029
203 1.39811
204 1.40298
205 1.40711
206 1.41381
207 1.41945
208 1.43021
209 1.45244
210 1.4548
211 1.46
212 1.4668
213 1.47051
214 1.49276
215 1.49744
216 1.50626
217 1.50867
218 1.53388
219 1.54109
220 1.542
221 1.54829
222 1.5524
223 1.5589
224 1.57731
225 1.58168
226 1.58926
227 1.5966
228 1.60023
229 1.60536
230 1.61355
231 1.61493
232 1.61748
233 1.62587
234 1.62925
235 1.65082
236 1.65967
237 1.66235
238 1.66646
239 1.67206
240 1.67574
241 1.68364
242 1.69628
243 1.70393
244 1.70505
245 1.706
246 1.74851
247 1.75141
248 1.75413
249 1.75653
250 1.7602
251 1.76547
252 1.77426
253 1.77851
254 1.7826
255 1.78528
256 1.79543
257 1.80729
258 1.81198
259 1.83066
260 1.84294
261 1.84981
262 1.86116
263 1.86246
264 1.86916
265 1.87184
266 1.87474
267 1.9062
268 1.91092
269 1.91746
270 1.92741
271 1.93341
272 1.93765
273 1.94975
274 1.95679
275 1.9623
276 1.96824
277 1.99481
278 2.00005
279 2.01471
280 2.02226
281 2.02695
282 2.0317
283 2.03651
284 2.03847
285 2.05128
286 2.05904
287 2.06305
288 2.08497
289 2.0902
290 2.09158
291 2.10179
292 2.11437
293 2.11968
294 2.12129
295 2.1285
296 2.13135
297 2.13293
298 2.1399
299 2.15022
300 2.15206
301 2.16253
302 2.16403
303 2.16713
304 2.17198
305 2.17858
306 2.19945
307 2.20552
308 2.20824
309 2.21372
310 2.21728
311 2.22496
312 2.24254
313 2.24724
314 2.25153
315 2.26024
316 2.27253
317 2.27598
318 2.27855
319 2.28515
320 2.29639
321 2.30217
322 2.3113
323 2.34659
324 2.34952
325 2.35411
326 2.35988
327 2.36711
328 2.37067
329 2.37988
330 2.38527
331 2.3919
332 2.39852
333 2.40029
334 2.41035
335 2.42638
336 2.4303
337 2.45629
338 2.48032
339 2.48955
340 2.4985
341 2.51285
342 2.52322
343 2.53045
344 2.53323
345 2.53711
346 2.54013
347 2.54136
348 2.54482
349 2.54635
350 2.55216
351 2.55633
352 2.55969
353 2.56684
354 2.58794
355 2.5902
356 2.59979
357 2.60075
358 2.60674
359 2.60903
360 2.6121
361 2.6148
362 2.62384
363 2.62718
364 2.6358
365 2.64252
366 2.65669
367 2.6587
368 2.67156
369 2.67395
370 2.68931
371 2.69633
372 2.70873
373 2.70974
374 2.71594
375 2.72288
376 2.74513
377 2.74958
378 2.75439
379 2.76213
380 2.76406
381 2.76683
382 2.76833
383 2.78105
384 2.78238
385 2.78593
386 2.78804
387 2.78971
388 2.79388
389 2.79669
390 2.80172
391 2.80561
392 2.84075
393 2.84456
394 2.84841
395 2.85535
396 2.85739
397 2.86538
398 2.8672
399 2.87032
400 2.87788
401 2.88207
402 2.88371
403 2.89349
404 2.90553
405 2.90738
406 2.91165
407 2.91707
408 2.92816
409 2.93415
410 2.95293
411 2.95894
412 2.96955
413 2.98747
414 2.99456
415 2.99939
