1 0.00543
2 0.0086
3 0.01619
4 0.01918
5 0.03208
6 0.03588
7 0.06666
8 0.06908
9 0.08348
10 0.08739
11 0.09799
12 0.12714
13 0.1532
14 0.15732
15 0.16647
16 0.17434
17 0.18874
18 0.19848
19 0.21132
20 0.21573
21 0.22428
22 0.23622
23 0.25362
24 0.2614
25 0.26461
26 0.28415
27 0.29021
28 0.29892
29 0.31131
30 0.32623
31 0.32769
32 0.34303
33 0.35408
34 0.36729
35 0.37121
36 0.38533
37 0.39525
38 0.39671
39 0.4156
40 0.42199
41 0.42749
42 0.43794
43 0.44669
44 0.45186
45 0.46002
46 0.48562
47 0.49395
48 0.49697
49 0.50503
50 0.51585
51 0.5245
52 0.53249
53 0.53834
54 0.54237
55 0.55137
56 0.55327
57 0.56649
58 0.5788
59 0.58333
60 0.59739
61 0.60288
62 0.61174
63 0.62389
64 0.63408
65 0.65083
66 0.66244
67 0.66348
68 0.66958
69 0.70048
70 0.70323
71 0.70491
72 0.70691
73 0.71024
74 0.71341
75 0.7176
76 0.72964
77 0.73228
78 0.74601
79 0.7524
80 0.75754
81 0.81063
82 0.81646
83 0.83243
84 0.83433
85 0.83801
86 0.84066
87 0.85528
88 0.85669
89 0.85792
90 0.86438
91 0.87723
92 0.8849
93 0.88787
94 0.89841
95 0.90795
96 0.91774
97 0.92433
98 0.93292
99 0.93842
100 0.94653
101 0.95452
102 0.97241
103 0.98931
104 0.99867
105 1.00338
106 1.02938
107 1.03792
108 1.04228
109 1.07537
110 1.08386
111 1.09005
112 1.10032
113 1.10766
114 1.11868
115 1.13365
116 1.13909
117 1.14838
118 1.16669
119 1.17678
120 1.19278
121 1.19777
122 1.20677
123 1.2213
124 1.23134
125 1.24249
126 1.24686
127 1.25441
128 1.26199
129 1.26977
130 1.30192
131 1.32073
132 1.32787
133 1.33177
134 1.34021
135 1.36002
136 1.36291
137 1.36907
138 1.37202
139 1.38399
140 1.39867
141 1.40037
142 1.40679
143 1.41187
144 1.41889
145 1.43932
146 1.44291
147 1.44457
148 1.45524
149 1.46248
150 1.46387
151 1.46928
152 1.5003
153 1.50514
154 1.51104
155 1.51826
156 1.54091
157 1.54248
158 1.54782
159 1.55945
160 1.56234
161 1.5752
162 1.58835
163 1.60365
164 1.60579
165 1.61396
166 1.61959
167 1.63726
168 1.63856
169 1.64418
170 1.64713
171 1.65085
172 1.65605
173 1.66289
174 1.68914
175 1.70057
176 1.70356
177 1.71285
178 1.73067
179 1.74141
180 1.74866
181 1.75187
182 1.75872
183 1.77594
184 1.78059
185 1.78287
186 1.79308
187 1.80319
188 1.81928
189 1.8322
190 1.83445
191 1.86248
192 1.87495
193 1.88389
194 1.88714
195 1.88825
196 1.89
197 1.89788
198 1.89998
199 1.90994
200 1.93565
201 1.94348
202 1.95379
203 1.96003
204 1.96544
205 1.97091
206 1.97447
207 1.97925
208 1.9903
209 1.9928
210 1.99531
211 2.0068
212 2.03698
213 2.04246
214 2.06167
215 2.06724
216 2.07135
217 2.09017
218 2.10692
219 2.11719
220 2.13197
221 2.15073
222 2.16441
223 2.17209
224 2.20545
225 2.20967
226 2.21433
227 2.21622
228 2.22156
229 2.23901
230 2.2421
231 2.24338
232 2.24654
233 2.25168
234 2.25366
235 2.26096
236 2.27589
237 2.29522
238 2.33239
239 2.34592
240 2.34966
241 2.36601
242 2.37974
243 2.38131
244 2.4147
245 2.42626
246 2.42826
247 2.43862
248 2.45255
249 2.47737
250 2.48776
251 2.48983
252 2.4984
253 2.50649
254 2.51465
255 2.52763
256 2.53584
257 2.55545
258 2.56923
259 2.57413
260 2.58199
261 2.58615
262 2.59616
263 2.60177
264 2.60979
265 2.62841
266 2.63139
267 2.64168
268 2.65246
269 2.66359
270 2.66528
271 2.67101
272 2.69552
273 2.70451
274 2.71387
275 2.72651
276 2.74063
277 2.74201
278 2.75497
279 2.78561
280 2.79038
281 2.80811
282 2.82212
283 2.82664
284 2.84376
285 2.85989
286 2.87141
287 2.87298
288 2.87878
289 2.88887
290 2.90013
291 2.90384
292 2.90924
293 2.91744
294 2.933
295 2.93948
296 2.94395
297 2.9497
298 2.95813
299 2.96651
300 2.975
301 2.99205
