1 0.01079
2 0.01343
3 0.01733
4 0.03478
5 0.03786
6 0.04697
7 0.06493
8 0.07366
9 0.09075
10 0.09313
11 0.10547
12 0.11302
13 0.12025
14 0.1525
15 0.15499
16 0.16442
17 0.17808
18 0.18763
19 0.19955
20 0.20588
21 0.20914
22 0.22804
23 0.22998
24 0.23289
25 0.24243
26 0.24399
27 0.26187
28 0.27032
29 0.27817
30 0.27919
31 0.28198
32 0.2911
33 0.31211
34 0.33562
35 0.33995
36 0.3502
37 0.35893
38 0.36315
39 0.37397
40 0.37682
41 0.37978
42 0.40389
43 0.4072
44 0.41852
45 0.42347
46 0.43609
47 0.44601
48 0.4566
49 0.46962
50 0.47981
51 0.49287
52 0.50412
53 0.50509
54 0.50804
55 0.50967
56 0.53306
57 0.54188
58 0.56158
59 0.56537
60 0.57602
61 0.5818
62 0.58328
63 0.606
64 0.60911
65 0.62904
66 0.63038
67 0.65396
68 0.69615
69 0.71519
70 0.7219
71 0.72511
72 0.7278
73 0.73856
74 0.74234
75 0.74497
76 0.75983
77 0.77044
78 0.78282
79 0.78915
80 0.81977
81 0.84739
82 0.85292
83 0.85484
84 0.86771
85 0.88982
86 0.90564
87 0.92451
88 0.95024
89 0.95382
90 0.98071
91 0.98598
92 0.98854
93 0.99437
94 1.00508
95 1.00682
96 1.01247
97 1.0229
98 1.02644
99 1.07075
100 1.07732
101 1.09448
102 1.09911
103 1.10214
104 1.10917
105 1.11209
106 1.11569
107 1.14717
108 1.1512
109 1.15999
110 1.17417
111 1.18138
112 1.18623
113 1.19638
114 1.19996
115 1.21328
116 1.22783
117 1.23403
118 1.24229
119 1.25222
120 1.25516
121 1.26177
122 1.26453
123 1.27529
124 1.29255
125 1.29809
126 1.29966
127 1.30453
128 1.31372
129 1.32728
130 1.34149
131 1.35783
132 1.36208
133 1.37813
134 1.38098
135 1.38343
136 1.3882
137 1.39592
138 1.40145
139 1.40421
140 1.41699
141 1.42171
142 1.42963
143 1.43175
144 1.44044
145 1.44883
146 1.45582
147 1.46165
148 1.46506
149 1.47448
150 1.51688
151 1.52493
152 1.52857
153 1.53176
154 1.55054
155 1.55837
156 1.56674
157 1.5706
158 1.57175
159 1.57852
160 1.58296
161 1.59714
162 1.60552
163 1.6191
164 1.62243
165 1.63031
166 1.63427
167 1.63724
168 1.64686
169 1.66163
170 1.67544
171 1.68526
172 1.70304
173 1.71521
174 1.72685
175 1.73531
176 1.7414
177 1.75366
178 1.75952
179 1.76595
180 1.77942
181 1.79895
182 1.81341
183 1.82663
184 1.83269
185 1.84098
186 1.8462
187 1.84929
188 1.877
189 1.88396
190 1.91512
191 1.92747
192 1.93779
193 1.96093
194 1.97524
195 1.97944
196 1.98307
197 1.99163
198 2.00737
199 2.01641
200 2.02768
201 2.04194
202 2.04871
203 2.07085
204 2.08286
205 2.1013
206 2.13833
207 2.15445
208 2.16403
209 2.19649
210 2.19888
211 2.21106
212 2.21845
213 2.2206
214 2.24383
215 2.26201
216 2.27321
217 2.28558
218 2.29039
219 2.29147
220 2.29979
221 2.30225
222 2.30596
223 2.31101
224 2.32685
225 2.33197
226 2.34173
227 2.35228
228 2.36755
229 2.37146
230 2.38307
231 2.40437
232 2.41597
233 2.427
234 2.44338
235 2.46173
236 2.49056
237 2.49911
238 2.52711
239 2.54023
240 2.54131
241 2.55711
242 2.55993
243 2.57652
244 2.58125
245 2.59987
246 2.60777
247 2.61917
248 2.63658
249 2.64108
250 2.6469
251 2.65404
252 2.663
253 2.67813
254 2.68877
255 2.69221
256 2.69612
257 2.69851
258 2.70206
259 2.70797
260 2.71228
261 2.72112
262 2.73632
263 2.74772
264 2.75109
265 2.76209
266 2.77924
267 2.79588
268 2.8102
269 2.83381
270 2.83547
271 2.83658
272 2.84891
273 2.86142
274 2.86964
275 2.88156
276 2.89513
277 2.89962
278 2.90204
279 2.92797
280 2.93575
281 2.94514
282 2.95331
283 2.96391
284 2.98031
285 2.98494
286 2.99438
287 2.99696
