1 0.00258
2 0.01816
3 0.02273
4 0.03376
5 0.04385
6 0.05617
7 0.06161
8 0.06925
9 0.07927
10 0.09105
11 0.09463
12 0.10202
13 0.10735
14 0.11504
15 0.11876
16 0.12154
17 0.12736
18 0.1325
19 0.13881
20 0.1472
21 0.15765
22 0.16465
23 0.17064
24 0.17628
25 0.20496
26 0.2089
27 0.21158
28 0.22641
29 0.24114
30 0.24924
31 0.26175
32 0.26484
33 0.26809
34 0.27431
35 0.27969
36 0.3093
37 0.33393
38 0.35178
39 0.35403
40 0.36304
41 0.36558
42 0.36942
43 0.37327
44 0.39288
45 0.40211
46 0.42319
47 0.43413
48 0.4473
49 0.45748
50 0.46278
51 0.47617
52 0.47725
53 0.47964
54 0.48269
55 0.49796
56 0.51045
57 0.52197
58 0.52982
59 0.53528
60 0.53877
61 0.55922
62 0.5666
63 0.58764
64 0.58985
65 0.59517
66 0.60379
67 0.61311
68 0.64168
69 0.64675
70 0.65036
71 0.65931
72 0.661
73 0.67073
74 0.67771
75 0.68113
76 0.6866
77 0.69168
78 0.69816
79 0.7057
80 0.7134
81 0.71841
82 0.72186
83 0.73073
84 0.74775
85 0.76166
86 0.76488
87 0.76909
88 0.78215
89 0.78671
90 0.79577
91 0.80547
92 0.81855
93 0.82418
94 0.85145
95 0.85505
96 0.85676
97 0.87051
98 0.88643
99 0.90078
100 0.91505
101 0.92132
102 0.92591
103 0.93137
104 0.94782
105 0.96409
106 0.97225
107 0.9762
108 0.97824
109 0.98282
110 0.99105
111 0.9975
112 1.01738
113 1.02948
114 1.04341
115 1.05161
116 1.06602
117 1.06959
118 1.07459
119 1.08145
120 1.09577
121 1.10007
122 1.1071
123 1.11118
124 1.11664
125 1.12729
126 1.13097
127 1.13425
128 1.14197
129 1.14389
130 1.14586
131 1.15233
132 1.16012
133 1.16242
134 1.16879
135 1.17512
136 1.19732
137 1.21918
138 1.23599
139 1.24114
140 1.24376
141 1.25401
142 1.26378
143 1.28354
144 1.28542
145 1.3017
146 1.30808
147 1.31505
148 1.31873
149 1.34372
150 1.35054
151 1.35243
152 1.36238
153 1.37092
154 1.37739
155 1.38092
156 1.3891
157 1.394
158 1.40307
159 1.4163
160 1.42793
161 1.43629
162 1.45403
163 1.46421
164 1.46639
165 1.47609
166 1.48067
167 1.48918
168 1.5123
169 1.52052
170 1.52441
171 1.53116
172 1.53512
173 1.54988
174 1.55211
175 1.55537
176 1.57494
177 1.57875
178 1.59252
179 1.59891
180 1.60936
181 1.61899
182 1.62762
183 1.63816
184 1.64674
185 1.65035
186 1.65184
187 1.6553
188 1.66244
189 1.67425
190 1.68532
191 1.7064
192 1.71053
193 1.71169
194 1.71988
195 1.72834
196 1.73915
197 1.74446
198 1.74655
199 1.75092
200 1.76386
201 1.76611
202 1.77213
203 1.78048
204 1.79186
205 1.7947
206 1.80007
207 1.80815
208 1.81079
209 1.81732
210 1.82536
211 1.84367
212 1.84503
213 1.84675
214 1.85249
215 1.86239
216 1.86636
217 1.88115
218 1.88283
219 1.88802
220 1.89753
221 1.90627
222 1.91971
223 1.928
224 1.9487
225 1.96847
226 1.98047
227 1.99065
228 2.00085
229 2.01264
230 2.02602
231 2.03652
232 2.04174
233 2.04428
234 2.0486
235 2.05106
236 2.05729
237 2.07084
238 2.07855
239 2.08413
240 2.08584
241 2.09786
242 2.10271
243 2.11084
244 2.1321
245 2.13455
246 2.13617
247 2.13952
248 2.15085
249 2.15483
250 2.1702
251 2.17763
252 2.18031
253 2.19623
254 2.20615
255 2.21409
256 2.2183
257 2.22415
258 2.23369
259 2.24931
260 2.27902
261 2.28301
262 2.29371
263 2.29963
264 2.32372
265 2.32793
266 2.33297
267 2.344
268 2.3509
269 2.36166
270 2.36553
271 2.39181
272 2.40797
273 2.41361
274 2.42651
275 2.43583
276 2.44975
277 2.45988
278 2.46691
279 2.47141
280 2.47965
281 2.48637
282 2.49259
283 2.5138
284 2.52039
285 2.52489
286 2.52782
287 2.54233
288 2.55669
289 2.5685
290 2.59219
291 2.60442
292 2.60762
293 2.61975
294 2.62372
295 2.63225
296 2.63949
297 2.64616
298 2.65226
299 2.66008
300 2.66241
301 2.66786
302 2.66978
303 2.67635
304 2.69293
305 2.70498
306 2.70806
307 2.71724
308 2.72615
309 2.72859
310 2.73029
311 2.74021
312 2.74929
313 2.76047
314 2.76391
315 2.77321
316 2.78528
317 2.79014
318 2.80036
319 2.81357
320 2.81825
321 2.82394
322 2.83077
323 2.83286
324 2.8354
325 2.84411
326 2.84911
327 2.85251
328 2.86284
329 2.87258
330 2.87968
331 2.8825
332 2.88689
333 2.89836
334 2.90214
335 2.91054
336 2.92262
337 2.92722
338 2.94925
339 2.96774
340 2.96948
341 2.98527
342 2.99215
343 2.99295
