1 0.00414
2 0.00598
3 0.01232
4 0.01619
5 0.02038
6 0.02274
7 0.03334
8 0.03591
9 0.03914
10 0.04301
11 0.05418
12 0.05558
13 0.07845
14 0.08981
15 0.09225
16 0.09725
17 0.1056
18 0.11302
19 0.11429
20 0.11806
21 0.12738
22 0.13113
23 0.13909
24 0.15561
25 0.17011
26 0.1764
27 0.18078
28 0.18616
29 0.18843
30 0.19355
31 0.19612
32 0.19829
33 0.20674
34 0.21728
35 0.23014
36 0.23749
37 0.24518
38 0.24825
39 0.25155
40 0.25757
41 0.26918
42 0.27808
43 0.28601
44 0.29195
45 0.29557
46 0.30027
47 0.30162
48 0.30569
49 0.31039
50 0.31335
51 0.32067
52 0.32717
53 0.3412
54 0.34776
55 0.35229
56 0.36121
57 0.37142
58 0.37796
59 0.39085
60 0.39764
61 0.39918
62 0.40498
63 0.41467
64 0.41627
65 0.42185
66 0.43307
67 0.4388
68 0.44391
69 0.44723
70 0.45145
71 0.45556
72 0.46199
73 0.46443
74 0.47132
75 0.48073
76 0.49329
77 0.49751
78 0.52633
79 0.52941
80 0.53558
81 0.54709
82 0.55237
83 0.56302
84 0.58389
85 0.5962
86 0.61155
87 0.61968
88 0.62963
89 0.64157
90 0.64712
91 0.64881
92 0.67196
93 0.68069
94 0.68406
95 0.68556
96 0.69069
97 0.70025
98 0.70416
99 0.70705
100 0.71204
101 0.71357
102 0.72555
103 0.72883
104 0.7341
105 0.75239
106 0.76985
107 0.78325
108 0.78782
109 0.79001
110 0.79401
111 0.7987
112 0.80126
113 0.80613
114 0.80969
115 0.82284
116 0.8297
117 0.83546
118 0.84345
119 0.84796
120 0.85309
121 0.85618
122 0.85925
123 0.87194
124 0.87727
125 0.8802
126 0.88864
127 0.89552
128 0.89728
129 0.92673
130 0.93344
131 0.93938
132 0.9533
133 0.95733
134 0.96399
135 0.96929
136 0.98156
137 0.98689
138 0.99926
139 1.00161
140 1.00492
141 1.006
142 1.01285
143 1.01652
144 1.02526
145 1.03747
146 1.04405
147 1.05067
148 1.06047
149 1.06631
150 1.07919
151 1.09085
152 1.10517
153 1.10674
154 1.121
155 1.12581
156 1.12943
157 1.13543
158 1.14752
159 1.15284
160 1.17198
161 1.17496
162 1.1809
163 1.18305
164 1.18768
165 1.20465
166 1.21839
167 1.22088
168 1.23489
169 1.24533
170 1.25487
171 1.26087
172 1.28719
173 1.29994
174 1.30502
175 1.3096
176 1.32006
177 1.3237
178 1.32847
179 1.3298
180 1.34072
181 1.34922
182 1.35072
183 1.36618
184 1.39553
185 1.40534
186 1.40801
187 1.41435
188 1.42181
189 1.43163
190 1.44251
191 1.44794
192 1.45619
193 1.46372
194 1.4741
195 1.4774
196 1.48184
197 1.50016
198 1.50337
199 1.50804
200 1.52632
201 1.52939
202 1.53459
203 1.5458
204 1.55137
205 1.55364
206 1.55612
207 1.5589
208 1.5668
209 1.57427
210 1.58122
211 1.59372
212 1.60334
213 1.61055
214 1.6217
215 1.62505
216 1.62816
217 1.63821
218 1.64176
219 1.6449
220 1.65019
221 1.66778
222 1.67523
223 1.67813
224 1.68176
225 1.6874
226 1.71091
227 1.738
228 1.74544
229 1.74651
230 1.75328
231 1.78311
232 1.78768
233 1.78948
234 1.79807
235 1.80185
236 1.80776
237 1.8121
238 1.81773
239 1.82476
240 1.82631
241 1.8331
242 1.84341
243 1.84841
244 1.85254
245 1.86729
246 1.87127
247 1.88577
248 1.88905
249 1.90179
250 1.90281
251 1.90796
252 1.91166
253 1.92047
254 1.92851
255 1.93484
256 1.94006
257 1.94868
258 1.95595
259 1.9594
260 1.96277
261 1.96967
262 1.9741
263 1.98969
264 1.99722
265 1.99882
266 2.00368
267 2.00728
268 2.01147
269 2.03042
270 2.03621
271 2.04361
272 2.05238
273 2.05322
274 2.07448
275 2.082
276 2.09115
277 2.09347
278 2.09474
279 2.10263
280 2.10762
281 2.11047
282 2.11919
283 2.1419
284 2.15545
285 2.16905
286 2.172
287 2.184
288 2.19552
289 2.2019
290 2.2104
291 2.21516
292 2.22163
293 2.22458
294 2.23242
295 2.23761
296 2.24024
297 2.24984
298 2.25164
299 2.25485
300 2.25808
301 2.26587
302 2.2758
303 2.28428
304 2.29417
305 2.32577
306 2.34383
307 2.35053
308 2.35344
309 2.35594
310 2.36979
311 2.37301
312 2.37478
313 2.37727
314 2.3939
315 2.39782
316 2.40172
317 2.40992
318 2.4195
319 2.4291
320 2.43277
321 2.44186
322 2.45059
323 2.4621
324 2.47323
325 2.47629
326 2.48049
327 2.49241
328 2.49623
329 2.5109
330 2.51448
331 2.52495
332 2.52595
333 2.53085
334 2.54423
335 2.54676
336 2.56206
337 2.56651
338 2.56765
339 2.57085
340 2.57444
341 2.59488
342 2.59781
343 2.60138
344 2.60819
345 2.62117
346 2.62756
347 2.6318
348 2.65289
349 2.66051
350 2.66695
351 2.67693
352 2.68022
353 2.68896
354 2.70533
355 2.7073
356 2.71113
357 2.71356
358 2.71727
359 2.72226
360 2.72987
361 2.73218
362 2.74567
363 2.76103
364 2.77801
365 2.7898
366 2.79633
367 2.80471
368 2.80954
369 2.81969
370 2.83134
371 2.84837
372 2.8504
373 2.85372
374 2.85824
375 2.87077
376 2.88325
377 2.89684
378 2.8992
379 2.91262
380 2.92774
381 2.95156
382 2.96126
383 2.97462
384 2.97701
385 2.98684
386 2.99386
