1 0.00271
2 0.00665
3 0.01324
4 0.01824
5 0.02114
6 0.02509
7 0.02759
8 0.02975
9 0.03166
10 0.03486
11 0.04358
12 0.05375
13 0.06138
14 0.06364
15 0.06869
16 0.09734
17 0.10458
18 0.10973
19 0.11911
20 0.1357
21 0.15011
22 0.16725
23 0.17281
24 0.17867
25 0.1806
26 0.18638
27 0.19698
28 0.22115
29 0.22456
30 0.22751
31 0.23073
32 0.23803
33 0.24054
34 0.24263
35 0.25142
36 0.2583
37 0.26913
38 0.27123
39 0.28616
40 0.28931
41 0.29584
42 0.30205
43 0.30829
44 0.31411
45 0.3457
46 0.36985
47 0.37471
48 0.37912
49 0.38921
50 0.42055
51 0.43587
52 0.44596
53 0.45134
54 0.46926
55 0.48543
56 0.4932
57 0.50486
58 0.50992
59 0.51563
60 0.51964
61 0.52835
62 0.53327
63 0.53657
64 0.54314
65 0.55052
66 0.55541
67 0.56414
68 0.56884
69 0.58397
70 0.58986
71 0.59499
72 0.60882
73 0.61023
74 0.61536
75 0.62505
76 0.6277
77 0.63591
78 0.64085
79 0.65721
80 0.68242
81 0.6882
82 0.69018
83 0.70235
84 0.71658
85 0.73233
86 0.73567
87 0.73925
88 0.74805
89 0.77129
90 0.77941
91 0.78254
92 0.78411
93 0.80644
94 0.81021
95 0.8156
96 0.83868
97 0.85244
98 0.85483
99 0.85753
100 0.86344
101 0.8673
102 0.87472
103 0.88445
104 0.90105
105 0.91315
106 0.93138
107 0.93616
108 0.946
109 0.96517
110 0.97351
111 0.98807
112 0.98996
113 1.01003
114 1.03351
115 1.03962
116 1.05841
117 1.07001
118 1.0853
119 1.1063
120 1.12073
121 1.13072
122 1.13822
123 1.16556
124 1.17984
125 1.18263
126 1.18889
127 1.19266
128 1.19934
129 1.21633
130 1.23827
131 1.25366
132 1.27491
133 1.2794
134 1.29907
135 1.33318
136 1.34912
137 1.35513
138 1.35965
139 1.36161
140 1.39239
141 1.42691
142 1.43001
143 1.436
144 1.44352
145 1.45218
146 1.47149
147 1.4805
148 1.49068
149 1.49266
150 1.50631
151 1.51238
152 1.5218
153 1.52456
154 1.52977
155 1.54303
156 1.54508
157 1.55427
158 1.56567
159 1.59485
160 1.61089
161 1.6256
162 1.62927
163 1.63672
164 1.64498
165 1.64979
166 1.66245
167 1.67009
168 1.68381
169 1.70087
170 1.71641
171 1.72225
172 1.73617
173 1.74012
174 1.76386
175 1.76917
176 1.77295
177 1.77943
178 1.80195
179 1.8073
180 1.82403
181 1.84942
182 1.85523
183 1.86262
184 1.86864
185 1.87812
186 1.88115
187 1.88493
188 1.89541
189 1.92807
190 1.93722
191 1.94795
192 1.97107
193 1.98886
194 1.99939
195 2.01028
196 2.02039
197 2.02703
198 2.0312
199 2.03779
200 2.05784
201 2.07094
202 2.07294
203 2.08973
204 2.10828
205 2.11124
206 2.11618
207 2.12176
208 2.12901
209 2.14433
210 2.15027
211 2.17659
212 2.1789
213 2.1837
214 2.18495
215 2.19196
216 2.2151
217 2.23091
218 2.23627
219 2.23796
220 2.23969
221 2.24373
222 2.25234
223 2.25844
224 2.26737
225 2.2737
226 2.28255
227 2.29175
228 2.3333
229 2.36007
230 2.36478
231 2.3711
232 2.37421
233 2.38398
234 2.39145
235 2.41379
236 2.42273
237 2.4308
238 2.44194
239 2.44282
240 2.44384
241 2.47593
242 2.47863
243 2.48476
244 2.49226
245 2.50007
246 2.50766
247 2.51658
248 2.52103
249 2.52581
250 2.52769
251 2.53283
252 2.54947
253 2.59637
254 2.60092
255 2.61332
256 2.61511
257 2.62461
258 2.62819
259 2.64319
260 2.64491
261 2.64802
262 2.66924
263 2.67697
264 2.678
265 2.68398
266 2.68704
267 2.68829
268 2.68975
269 2.69447
270 2.70065
271 2.70337
272 2.72361
273 2.73453
274 2.75021
275 2.75529
276 2.76969
277 2.77333
278 2.78322
279 2.79636
280 2.81403
281 2.81694
282 2.83144
283 2.83926
284 2.84368
285 2.85459
286 2.86047
287 2.87192
288 2.87719
289 2.88909
290 2.9017
291 2.9181
292 2.92587
293 2.92872
294 2.93113
295 2.93478
296 2.94616
297 2.96024
298 2.9632
299 2.98441
300 2.99192
301 2.99447
302 2.99754
