1 0.00277
2 0.00503
3 0.00917
4 0.01549
5 0.02376
6 0.02588
7 0.03723
8 0.04106
9 0.04673
10 0.05057
11 0.06419
12 0.06861
13 0.07971
14 0.08861
15 0.09142
16 0.09634
17 0.10078
18 0.11701
19 0.11893
20 0.12885
21 0.13347
22 0.14029
23 0.14609
24 0.15583
25 0.15936
26 0.16152
27 0.16611
28 0.16811
29 0.17315
30 0.17924
31 0.20234
32 0.20804
33 0.21212
34 0.21639
35 0.21905
36 0.23179
37 0.24079
38 0.24416
39 0.24901
40 0.26447
41 0.26799
42 0.2747
43 0.28295
44 0.29854
45 0.30135
46 0.31099
47 0.32532
48 0.33448
49 0.33881
50 0.34945
51 0.37959
52 0.38181
53 0.39039
54 0.39296
55 0.40402
56 0.40947
57 0.41292
58 0.4162
59 0.41837
60 0.42072
61 0.42949
62 0.45116
63 0.46647
64 0.47058
65 0.49248
66 0.49534
67 0.50043
68 0.51278
69 0.51924
70 0.52771
71 0.5457
72 0.54989
73 0.55386
74 0.56158
75 0.57443
76 0.57895
77 0.59095
78 0.59854
79 0.60973
80 0.61302
81 0.6371
82 0.64078
83 0.64608
84 0.6544
85 0.65584
86 0.66314
87 0.67
88 0.67205
89 0.67584
90 0.68298
91 0.71256
92 0.71794
93 0.72746
94 0.72912
95 0.73789
96 0.75023
97 0.75545
98 0.75725
99 0.75928
100 0.76248
101 0.77752
102 0.77989
103 0.78547
104 0.80045
105 0.80472
106 0.80946
107 0.81382
108 0.81832
109 0.84869
110 0.85652
111 0.88001
112 0.88985
113 0.89832
114 0.90085
115 0.911
116 0.9219
117 0.923
118 0.9241
119 0.92518
120 0.93128
121 0.94984
122 0.95181
123 0.96142
124 0.96591
125 0.97104
126 0.97656
127 0.99584
128 0.99975
129 1.01617
130 1.01965
131 1.03092
132 1.04765
133 1.05342
134 1.05949
135 1.07982
136 1.08742
137 1.13216
138 1.14899
139 1.15234
140 1.15742
141 1.16023
142 1.16604
143 1.17533
144 1.17813
145 1.20157
146 1.20867
147 1.2125
148 1.2175
149 1.22305
150 1.24358
151 1.25518
152 1.26731
153 1.28085
154 1.29794
155 1.30171
156 1.30449
157 1.31004
158 1.32808
159 1.34828
160 1.37376
161 1.38198
162 1.38948
163 1.39769
164 1.40565
165 1.40655
166 1.41999
167 1.42228
168 1.42558
169 1.44147
170 1.44728
171 1.45819
172 1.46346
173 1.47236
174 1.47989
175 1.4882
176 1.49899
177 1.50603
178 1.50909
179 1.51482
180 1.53142
181 1.54709
182 1.54846
183 1.55334
184 1.55547
185 1.55975
186 1.56406
187 1.56795
188 1.58552
189 1.5921
190 1.59607
191 1.62484
192 1.62916
193 1.63637
194 1.64016
195 1.64802
196 1.65166
197 1.65909
198 1.6637
199 1.66557
200 1.67387
201 1.68649
202 1.70435
203 1.70622
204 1.71249
205 1.71585
206 1.72201
207 1.73379
208 1.74498
209 1.7501
210 1.75432
211 1.75981
212 1.76256
213 1.766
214 1.76971
215 1.77694
216 1.79378
217 1.79469
218 1.79998
219 1.80252
220 1.80459
221 1.80848
222 1.81185
223 1.82095
224 1.82695
225 1.83023
226 1.83363
227 1.86508
228 1.88915
229 1.89467
230 1.90116
231 1.90311
232 1.91211
233 1.92143
234 1.93716
235 1.95595
236 1.96099
237 1.96218
238 1.96691
239 1.97301
240 1.97916
241 1.98529
242 1.99895
243 2.00038
244 2.00409
245 2.00794
246 2.01098
247 2.01597
248 2.02283
249 2.0309
250 2.03468
251 2.03781
252 2.04089
253 2.04428
254 2.04975
255 2.07226
256 2.07983
257 2.08987
258 2.10293
259 2.10843
260 2.13778
261 2.14681
262 2.15963
263 2.16467
264 2.16771
265 2.1701
266 2.18125
267 2.183
268 2.20084
269 2.21204
270 2.22071
271 2.22985
272 2.23827
273 2.24423
274 2.25143
275 2.2567
276 2.2629
277 2.2702
278 2.27564
279 2.28929
280 2.29352
281 2.30769
282 2.31491
283 2.33162
284 2.33845
285 2.35193
286 2.37352
287 2.38604
288 2.39157
289 2.40223
290 2.40852
291 2.411
292 2.45092
293 2.45452
294 2.46126
295 2.46971
296 2.47478
297 2.48668
298 2.49142
299 2.49553
300 2.50408
301 2.52037
302 2.52335
303 2.52557
304 2.53891
305 2.54443
306 2.54669
307 2.55041
308 2.56025
309 2.56295
310 2.56533
311 2.56728
312 2.5776
313 2.58972
314 2.60525
315 2.62762
316 2.63023
317 2.63481
318 2.63804
319 2.65425
320 2.66722
321 2.67236
322 2.6796
323 2.70184
324 2.71014
325 2.72033
326 2.72581
327 2.7303
328 2.73329
329 2.73909
330 2.74407
331 2.75113
332 2.75335
333 2.7557
334 2.76158
335 2.76527
336 2.76727
337 2.7715
338 2.77267
339 2.78095
340 2.78629
341 2.79244
342 2.79571
343 2.7971
344 2.80149
345 2.80858
346 2.82459
347 2.83869
348 2.862
349 2.86857
350 2.88324
351 2.89964
352 2.91223
353 2.91815
354 2.91928
355 2.92321
356 2.94874
357 2.95561
358 2.97
359 2.97233
360 2.9774
361 2.99005
