1 0.00445
2 0.02049
3 0.03851
4 0.05245
5 0.05653
6 0.07112
7 0.08423
8 0.09816
9 0.1083
10 0.12735
11 0.1384
12 0.14018
13 0.14858
14 0.152
15 0.16104
16 0.17248
17 0.17918
18 0.18711
19 0.21192
20 0.23382
21 0.23988
22 0.25149
23 0.25868
24 0.27661
25 0.30656
26 0.31876
27 0.32275
28 0.35813
29 0.37309
30 0.38878
31 0.39209
32 0.39593
33 0.40095
34 0.4049
35 0.40883
36 0.41622
37 0.4282
38 0.46399
39 0.46847
40 0.47365
41 0.47556
42 0.48856
43 0.49991
44 0.55173
45 0.55931
46 0.56465
47 0.57076
48 0.59335
49 0.59632
50 0.62067
51 0.63948
52 0.65351
53 0.65884
54 0.66015
55 0.66631
56 0.68148
57 0.70236
58 0.75467
59 0.75815
60 0.80352
61 0.80733
62 0.81637
63 0.82624
64 0.82783
65 0.82949
66 0.83484
67 0.83695
68 0.84619
69 0.86185
70 0.86968
71 0.881
72 0.89383
73 0.91501
74 0.92019
75 0.92362
76 0.94781
77 0.96151
78 0.96487
79 0.99767
80 1.0104
81 1.04061
82 1.05038
83 1.05431
84 1.06548
85 1.06883
86 1.07252
87 1.07967
88 1.08901
89 1.09848
90 1.10827
91 1.12066
92 1.13992
93 1.14586
94 1.16057
95 1.17031
96 1.20488
97 1.21053
98 1.2284
99 1.23302
100 1.25544
101 1.30668
102 1.31255
103 1.3187
104 1.32642
105 1.33604
106 1.34608
107 1.36693
108 1.37276
109 1.40262
110 1.41055
111 1.418
112 1.42287
113 1.42942
114 1.46279
115 1.50243
116 1.51205
117 1.51551
118 1.54245
119 1.5649
120 1.57504
121 1.58913
122 1.59264
123 1.60072
124 1.61688
125 1.62859
126 1.63045
127 1.64462
128 1.6579
129 1.67202
130 1.67384
131 1.68016
132 1.7066
133 1.72412
134 1.73446
135 1.759
136 1.77075
137 1.77769
138 1.78466
139 1.79766
140 1.81145
141 1.81324
142 1.81879
143 1.8227
144 1.82443
145 1.83511
146 1.85089
147 1.86233
148 1.8785
149 1.89243
150 1.90805
151 1.91388
152 1.91713
153 1.94069
154 1.95267
155 1.95704
156 1.99044
157 1.99837
158 2.00537
159 2.02986
160 2.03299
161 2.05091
162 2.0602
163 2.06649
164 2.07015
165 2.07772
166 2.08343
167 2.08911
168 2.09307
169 2.10116
170 2.10586
171 2.11779
172 2.12861
173 2.13406
174 2.14719
175 2.15089
176 2.15604
177 2.16309
178 2.16661
179 2.18668
180 2.20051
181 2.20777
182 2.2154
183 2.2394
184 2.25062
185 2.26144
186 2.30236
187 2.30827
188 2.31009
189 2.31219
190 2.31361
191 2.31542
192 2.33433
193 2.33642
194 2.34498
195 2.34821
196 2.3598
197 2.36492
198 2.38317
199 2.3916
200 2.39491
201 2.40494
202 2.40843
203 2.41029
204 2.42533
205 2.42697
206 2.45068
207 2.45447
208 2.46056
209 2.46576
210 2.47494
211 2.50975
212 2.52915
213 2.55417
214 2.56537
215 2.56827
216 2.57824
217 2.58235
218 2.59509
219 2.60291
220 2.6243
221 2.62848
222 2.65576
223 2.65775
224 2.66413
225 2.67145
226 2.67729
227 2.69082
228 2.69891
229 2.70091
230 2.70649
231 2.71303
232 2.72318
233 2.75066
234 2.75239
235 2.75704
236 2.77795
237 2.79525
238 2.79868
239 2.8064
240 2.82068
241 2.82869
242 2.83617
243 2.84434
244 2.84892
245 2.85603
246 2.86034
247 2.87757
248 2.88091
249 2.88925
250 2.89087
251 2.89438
252 2.89645
253 2.9003
254 2.90644
255 2.91199
256 2.91819
257 2.925
258 2.9533
259 2.96679
