1 0.00278
2 0.00514
3 0.0138
4 0.01996
5 0.03314
6 0.03567
7 0.03774
8 0.04111
9 0.04808
10 0.05476
11 0.05808
12 0.07378
13 0.08807
14 0.09052
15 0.09412
16 0.0968
17 0.10286
18 0.10968
19 0.11171
20 0.12131
21 0.13802
22 0.14047
23 0.15116
24 0.15477
25 0.16695
26 0.16949
27 0.17591
28 0.20334
29 0.20647
30 0.21274
31 0.22104
32 0.22365
33 0.22914
34 0.23331
35 0.25237
36 0.25407
37 0.26113
38 0.26588
39 0.28091
40 0.28297
41 0.28597
42 0.31016
43 0.31808
44 0.32517
45 0.3269
46 0.33104
47 0.3368
48 0.34229
49 0.35932
50 0.36748
51 0.37165
52 0.38253
53 0.39676
54 0.40661
55 0.41171
56 0.41836
57 0.42002
58 0.42261
59 0.42465
60 0.4306
61 0.44988
62 0.45772
63 0.45895
64 0.46812
65 0.49398
66 0.50094
67 0.50622
68 0.50755
69 0.51031
70 0.51231
71 0.51586
72 0.53451
73 0.54126
74 0.5558
75 0.56214
76 0.56716
77 0.57459
78 0.57967
79 0.58387
80 0.5895
81 0.59475
82 0.6007
83 0.60455
84 0.60916
85 0.61311
86 0.62956
87 0.63394
88 0.6415
89 0.64475
90 0.64816
91 0.65135
92 0.65657
93 0.66078
94 0.66419
95 0.67023
96 0.67676
97 0.70684
98 0.71225
99 0.72027
100 0.73629
101 0.74412
102 0.7511
103 0.75513
104 0.76552
105 0.76985
106 0.78336
107 0.80542
108 0.8208
109 0.83226
110 0.83561
111 0.83967
112 0.84614
113 0.85248
114 0.85607
115 0.8626
116 0.87645
117 0.87793
118 0.88841
119 0.89308
120 0.89679
121 0.90551
122 0.90914
123 0.91577
124 0.91934
125 0.92227
126 0.93115
127 0.93499
128 0.95032
129 0.95675
130 0.96902
131 0.97458
132 0.99592
133 0.99747
134 1.00793
135 1.0139
136 1.01519
137 1.03441
138 1.04922
139 1.06756
140 1.07366
141 1.07766
142 1.07924
143 1.09819
144 1.09957
145 1.10458
146 1.10792
147 1.11148
148 1.12313
149 1.13682
150 1.15242
151 1.155
152 1.1624
153 1.17469
154 1.18264
155 1.20608
156 1.21005
157 1.21217
158 1.22028
159 1.2277
160 1.24104
161 1.24703
162 1.25738
163 1.26245
164 1.27061
165 1.27312
166 1.28212
167 1.28705
168 1.28986
169 1.29169
170 1.3057
171 1.30806
172 1.31666
173 1.31794
174 1.32178
175 1.32755
176 1.33094
177 1.33322
178 1.33793
179 1.3461
180 1.34844
181 1.35154
182 1.35955
183 1.36603
184 1.37324
185 1.38669
186 1.39386
187 1.40217
188 1.4056
189 1.40765
190 1.4512
191 1.45428
192 1.45827
193 1.46328
194 1.46582
195 1.47649
196 1.49435
197 1.49848
198 1.50598
199 1.54841
200 1.5525
201 1.56133
202 1.56618
203 1.57339
204 1.58076
205 1.58568
206 1.5912
207 1.59814
208 1.61739
209 1.62405
210 1.62782
211 1.63338
212 1.63898
213 1.64198
214 1.64306
215 1.64815
216 1.65408
217 1.65727
218 1.66405
219 1.67752
220 1.69953
221 1.70433
222 1.71104
223 1.72134
224 1.72386
225 1.73226
226 1.7438
227 1.74683
228 1.75009
229 1.7544
230 1.76903
231 1.78208
232 1.78458
233 1.79044
234 1.80051
235 1.82253
236 1.82454
237 1.82737
238 1.83175
239 1.83605
240 1.8496
241 1.85913
242 1.86501
243 1.86929
244 1.87231
245 1.87815
246 1.88959
247 1.90024
248 1.90262
249 1.90776
250 1.91346
251 1.93065
252 1.93699
253 1.95346
254 1.96063
255 1.97018
256 1.97487
257 1.97766
258 2.00085
259 2.0031
260 2.00524
261 2.00738
262 2.01428
263 2.01677
264 2.05626
265 2.06323
266 2.06532
267 2.06999
268 2.07755
269 2.08927
270 2.10468
271 2.10865
272 2.11432
273 2.12356
274 2.13284
275 2.14504
276 2.14682
277 2.16065
278 2.16525
279 2.17235
280 2.17756
281 2.18388
282 2.19968
283 2.20258
284 2.21124
285 2.22151
286 2.25091
287 2.25516
288 2.26144
289 2.2669
290 2.28078
291 2.28303
292 2.28878
293 2.31004
294 2.31183
295 2.32024
296 2.32499
297 2.32852
298 2.33166
299 2.33359
300 2.34031
301 2.34806
302 2.35291
303 2.36324
304 2.3719
305 2.37396
306 2.39269
307 2.39486
308 2.40729
309 2.41293
310 2.41404
311 2.41866
312 2.42165
313 2.42353
314 2.42517
315 2.45169
316 2.45711
317 2.45964
318 2.46619
319 2.47215
320 2.47984
321 2.4848
322 2.49726
323 2.50318
324 2.50888
325 2.51142
326 2.51851
327 2.52807
328 2.53576
329 2.54011
330 2.55688
331 2.56513
332 2.56884
333 2.57198
334 2.58633
335 2.59222
336 2.60609
337 2.6186
338 2.62061
339 2.62317
340 2.62795
341 2.63562
342 2.64268
343 2.65374
344 2.66359
345 2.66662
346 2.67515
347 2.70432
348 2.70779
349 2.71205
350 2.72576
351 2.7335
352 2.74583
353 2.75348
354 2.75859
355 2.75982
356 2.78349
357 2.80639
358 2.81318
359 2.83375
360 2.83881
361 2.85379
362 2.86019
363 2.87344
364 2.87639
365 2.87782
366 2.89044
367 2.89709
368 2.90123
369 2.91333
370 2.91851
371 2.93206
372 2.94914
373 2.95147
374 2.95427
375 2.95919
376 2.96044
377 2.96652
378 2.97015
379 2.97154
380 2.97353
381 2.97562
382 2.99892
