1 0.0017
2 0.00657
3 0.01513
4 0.01945
5 0.0255
6 0.0272
7 0.03346
8 0.0385
9 0.04155
10 0.04543
11 0.04745
12 0.06626
13 0.06913
14 0.07275
15 0.08001
16 0.0854
17 0.09191
18 0.09471
19 0.10043
20 0.12111
21 0.13063
22 0.14202
23 0.14713
24 0.15563
25 0.1623
26 0.17826
27 0.18405
28 0.18998
29 0.19744
30 0.20937
31 0.21414
32 0.21995
33 0.22411
34 0.23388
35 0.24141
36 0.24312
37 0.24685
38 0.25802
39 0.26909
40 0.27446
41 0.27746
42 0.2795
43 0.28197
44 0.30755
45 0.31322
46 0.31544
47 0.32154
48 0.33372
49 0.33875
50 0.34281
51 0.34508
52 0.35471
53 0.36217
54 0.3968
55 0.39896
56 0.40457
57 0.43414
58 0.44922
59 0.4541
60 0.47417
61 0.47966
62 0.48494
63 0.49092
64 0.49305
65 0.50012
66 0.50167
67 0.5222
68 0.52456
69 0.5396
70 0.5435
71 0.5499
72 0.57138
73 0.58333
74 0.58774
75 0.59026
76 0.60022
77 0.61441
78 0.63396
79 0.63977
80 0.65273
81 0.6584
82 0.67196
83 0.68002
84 0.69447
85 0.70735
86 0.71769
87 0.72288
88 0.727
89 0.74046
90 0.74475
91 0.75226
92 0.75735
93 0.75892
94 0.76587
95 0.77654
96 0.78316
97 0.78809
98 0.78982
99 0.79298
100 0.82007
101 0.82442
102 0.83115
103 0.8381
104 0.83928
105 0.84956
106 0.85122
107 0.86246
108 0.889
109 0.8926
110 0.90138
111 0.9228
112 0.92538
113 0.94266
114 0.95259
115 0.95615
116 0.96454
117 0.9697
118 0.97153
119 0.97581
120 0.98977
121 0.99344
122 0.99518
123 1.00403
124 1.00987
125 1.01574
126 1.01934
127 1.02495
128 1.0305
129 1.05675
130 1.06497
131 1.06925
132 1.07484
133 1.08138
134 1.08592
135 1.10021
136 1.10527
137 1.11307
138 1.11516
139 1.13154
140 1.13841
141 1.14697
142 1.1524
143 1.16891
144 1.18754
145 1.19907
146 1.20551
147 1.20846
148 1.23143
149 1.23266
150 1.23486
151 1.23896
152 1.25031
153 1.25253
154 1.26091
155 1.27783
156 1.28069
157 1.2836
158 1.29074
159 1.29501
160 1.29602
161 1.31916
162 1.33455
163 1.35057
164 1.35521
165 1.40098
166 1.42676
167 1.43236
168 1.43447
169 1.44824
170 1.44914
171 1.45072
172 1.45774
173 1.47268
174 1.48532
175 1.48832
176 1.49239
177 1.50867
178 1.51178
179 1.5138
180 1.51739
181 1.51917
182 1.52588
183 1.53599
184 1.5417
185 1.54291
186 1.54523
187 1.56394
188 1.5844
189 1.59838
190 1.60516
191 1.60811
192 1.63703
193 1.64851
194 1.65831
195 1.67015
196 1.6722
197 1.68593
198 1.70817
199 1.70954
200 1.71775
201 1.72588
202 1.73625
203 1.73855
204 1.74119
205 1.74265
206 1.75214
207 1.77383
208 1.77951
209 1.78101
210 1.78254
211 1.82241
212 1.82669
213 1.83271
214 1.83816
215 1.84478
216 1.8592
217 1.87771
218 1.89242
219 1.8952
220 1.91025
221 1.92502
222 1.93129
223 1.93716
224 1.94288
225 1.94494
226 1.94804
227 1.95464
228 1.96223
229 1.97297
230 1.98482
231 1.98626
232 1.99134
233 2.00124
234 2.01642
235 2.01954
236 2.02478
237 2.03699
238 2.06907
239 2.07277
240 2.07548
241 2.08019
242 2.08237
243 2.08422
244 2.0928
245 2.10237
246 2.10733
247 2.11005
248 2.12969
249 2.16124
250 2.16308
251 2.16896
252 2.2009
253 2.2085
254 2.22419
255 2.23101
256 2.23495
257 2.2427
258 2.24794
259 2.25107
260 2.26946
261 2.27615
262 2.27847
263 2.29264
264 2.29368
265 2.29747
266 2.31888
267 2.32957
268 2.33131
269 2.34846
270 2.35436
271 2.36824
272 2.37233
273 2.38094
274 2.38502
275 2.39663
276 2.40751
277 2.42003
278 2.42921
279 2.4398
280 2.4444
281 2.45639
282 2.4617
283 2.47345
284 2.48425
285 2.48752
286 2.50012
287 2.51193
288 2.51609
289 2.52122
290 2.52987
291 2.53215
292 2.53541
293 2.53883
294 2.54951
295 2.57131
296 2.57692
297 2.58017
298 2.58314
299 2.58704
300 2.59366
301 2.5964
302 2.60569
303 2.62828
304 2.64328
305 2.65123
306 2.66214
307 2.66676
308 2.67309
309 2.68098
310 2.69522
311 2.69916
312 2.72392
313 2.73184
314 2.73384
315 2.74187
316 2.75026
317 2.76076
318 2.76311
319 2.76717
320 2.7704
321 2.77371
322 2.78787
323 2.80862
324 2.82049
325 2.82155
326 2.82414
327 2.82667
328 2.83756
329 2.84514
330 2.85396
331 2.86166
332 2.88509
333 2.89563
334 2.90112
335 2.91288
336 2.92949
337 2.93324
338 2.94678
339 2.95845
340 2.97791
341 2.98294
342 2.98541
343 2.98835
