1 0.00192
2 0.00515
3 0.01093
4 0.01404
5 0.01856
6 0.02841
7 0.03062
8 0.03434
9 0.03919
10 0.04301
11 0.04735
12 0.05127
13 0.05273
14 0.05477
15 0.05945
16 0.06154
17 0.06385
18 0.07305
19 0.09028
20 0.09478
21 0.09962
22 0.11037
23 0.11519
24 0.11914
25 0.1228
26 0.12601
27 0.12795
28 0.13394
29 0.13917
30 0.14164
31 0.14849
32 0.15869
33 0.16674
34 0.17321
35 0.1815
36 0.18549
37 0.18933
38 0.20267
39 0.21305
40 0.22027
41 0.22275
42 0.22747
43 0.23241
44 0.23573
45 0.24055
46 0.24475
47 0.25673
48 0.25816
49 0.27147
50 0.2747
51 0.28239
52 0.28731
53 0.30267
54 0.306
55 0.31694
56 0.32078
57 0.33545
58 0.34766
59 0.35323
60 0.36392
61 0.36835
62 0.37578
63 0.38235
64 0.39302
65 0.40558
66 0.41888
67 0.42149
68 0.42874
69 0.4358
70 0.44465
71 0.44833
72 0.4533
73 0.4657
74 0.48888
75 0.49112
76 0.49784
77 0.50572
78 0.51243
79 0.52807
80 0.53046
81 0.53649
82 0.5458
83 0.5478
84 0.55043
85 0.55917
86 0.56167
87 0.56392
88 0.57938
89 0.58391
90 0.58897
91 0.59138
92 0.59784
93 0.60736
94 0.61317
95 0.61694
96 0.62577
97 0.63232
98 0.64045
99 0.64936
100 0.671
101 0.6784
102 0.67988
103 0.68742
104 0.69454
105 0.70084
106 0.70751
107 0.71771
108 0.72066
109 0.72393
110 0.72579
111 0.72916
112 0.73944
113 0.7455
114 0.75984
115 0.76149
116 0.7661
117 0.77137
118 0.77768
119 0.78298
120 0.7891
121 0.7933
122 0.79942
123 0.80132
124 0.80603
125 0.81649
126 0.81838
127 0.83568
128 0.83822
129 0.84172
130 0.84424
131 0.85153
132 0.871
133 0.87956
134 0.89606
135 0.90067
136 0.92369
137 0.92713
138 0.93185
139 0.94202
140 0.94825
141 0.94953
142 0.96355
143 0.96982
144 0.98013
145 0.98634
146 0.9954
147 1.00538
148 1.01188
149 1.01973
150 1.0309
151 1.03449
152 1.04885
153 1.05744
154 1.06068
155 1.06377
156 1.06975
157 1.09191
158 1.09793
159 1.10388
160 1.11564
161 1.12004
162 1.12467
163 1.12828
164 1.13433
165 1.13695
166 1.14089
167 1.15276
168 1.16264
169 1.17246
170 1.18777
171 1.18958
172 1.19267
173 1.20153
174 1.20367
175 1.21947
176 1.2222
177 1.22549
178 1.22839
179 1.23503
180 1.2654
181 1.27358
182 1.28282
183 1.28546
184 1.29404
185 1.3007
186 1.30713
187 1.31508
188 1.3208
189 1.32915
190 1.33057
191 1.33712
192 1.33961
193 1.34279
194 1.34745
195 1.35004
196 1.36158
197 1.36747
198 1.3739
199 1.37741
200 1.37982
201 1.38822
202 1.39983
203 1.4105
204 1.42244
205 1.4234
206 1.42955
207 1.43169
208 1.44923
209 1.45813
210 1.46773
211 1.4721
212 1.48107
213 1.48835
214 1.49101
215 1.49837
216 1.50028
217 1.50563
218 1.50874
219 1.51104
220 1.51913
221 1.52628
222 1.53133
223 1.53909
224 1.54026
225 1.54648
226 1.56162
227 1.56987
228 1.5922
229 1.59878
230 1.60487
231 1.61044
232 1.61768
233 1.63331
234 1.63751
235 1.63956
236 1.64448
237 1.65094
238 1.67863
239 1.68848
240 1.70121
241 1.70963
242 1.71508
243 1.71772
244 1.7229
245 1.73737
246 1.7414
247 1.74586
248 1.75703
249 1.76097
250 1.771
251 1.78198
252 1.78803
253 1.80129
254 1.80661
255 1.84065
256 1.85326
257 1.86712
258 1.87045
259 1.87174
260 1.87481
261 1.87924
262 1.89273
263 1.90355
264 1.92173
265 1.93482
266 1.95023
267 1.9663
268 1.96898
269 1.97811
270 1.98603
271 1.99214
272 1.99716
273 2.00768
274 2.02202
275 2.02763
276 2.04056
277 2.04779
278 2.05271
279 2.05471
280 2.05618
281 2.06569
282 2.07517
283 2.09579
284 2.11837
285 2.1231
286 2.12571
287 2.12961
288 2.16301
289 2.17509
290 2.17641
291 2.18324
292 2.20258
293 2.2127
294 2.21593
295 2.24164
296 2.2511
297 2.25747
298 2.27993
299 2.29414
300 2.29812
301 2.30533
302 2.31236
303 2.31562
304 2.32253
305 2.33582
306 2.34129
307 2.34673
308 2.35258
309 2.36172
310 2.38426
311 2.39081
312 2.40701
313 2.42389
314 2.42576
315 2.42904
316 2.43385
317 2.43768
318 2.44342
319 2.445
320 2.45047
321 2.45359
322 2.46137
323 2.46655
324 2.47504
325 2.48757
326 2.4913
327 2.50626
328 2.51093
329 2.51636
330 2.52987
331 2.54056
332 2.54782
333 2.55115
334 2.56225
335 2.56875
336 2.57126
337 2.5879
338 2.60053
339 2.61013
340 2.64161
341 2.67618
342 2.68581
343 2.68872
344 2.69296
345 2.7022
346 2.71013
347 2.71439
348 2.71784
349 2.72565
350 2.73798
351 2.74074
352 2.74637
353 2.74944
354 2.76582
355 2.77142
356 2.7762
357 2.78474
358 2.78864
359 2.79191
360 2.81533
361 2.82843
362 2.84666
363 2.84971
364 2.85385
365 2.85795
366 2.86056
367 2.86566
368 2.86811
369 2.8699
370 2.87629
371 2.88812
372 2.91104
373 2.91764
374 2.92564
375 2.92806
376 2.93271
377 2.93759
378 2.94316
379 2.94757
380 2.95029
381 2.95378
382 2.98119
383 2.99188
