1 0.00132
2 0.00238
3 0.00485
4 0.00997
5 0.01831
6 0.02198
7 0.0333
8 0.03417
9 0.03759
10 0.0484
11 0.05087
12 0.05378
13 0.05812
14 0.06167
15 0.06347
16 0.0648
17 0.07321
18 0.08414
19 0.0866
20 0.08994
21 0.09868
22 0.10318
23 0.10686
24 0.12728
25 0.1296
26 0.13317
27 0.14052
28 0.14272
29 0.14415
30 0.14635
31 0.1491
32 0.17393
33 0.17704
34 0.19253
35 0.2013
36 0.2075
37 0.20988
38 0.21827
39 0.22191
40 0.22394
41 0.23445
42 0.23673
43 0.24193
44 0.25186
45 0.26077
46 0.26575
47 0.27966
48 0.28813
49 0.29522
50 0.3026
51 0.31399
52 0.32346
53 0.3256
54 0.33174
55 0.33354
56 0.3391
57 0.34832
58 0.34919
59 0.3521
60 0.3625
61 0.36547
62 0.3732
63 0.37824
64 0.38878
65 0.41706
66 0.426
67 0.43151
68 0.43503
69 0.43994
70 0.44222
71 0.45258
72 0.46658
73 0.47044
74 0.47444
75 0.48118
76 0.48836
77 0.49341
78 0.4999
79 0.50404
80 0.50503
81 0.50847
82 0.51468
83 0.52113
84 0.52626
85 0.52989
86 0.55731
87 0.55882
88 0.56643
89 0.56779
90 0.57013
91 0.58267
92 0.58583
93 0.58719
94 0.59552
95 0.59894
96 0.61991
97 0.62741
98 0.6337
99 0.64258
100 0.66615
101 0.67496
102 0.67891
103 0.68561
104 0.68761
105 0.69267
106 0.70485
107 0.70865
108 0.71532
109 0.72066
110 0.72359
111 0.7278
112 0.72988
113 0.73536
114 0.73861
115 0.74503
116 0.74707
117 0.7612
118 0.76457
119 0.76845
120 0.78333
121 0.79401
122 0.80376
123 0.80767
124 0.80966
125 0.81109
126 0.81486
127 0.82586
128 0.82946
129 0.83231
130 0.83881
131 0.84112
132 0.84799
133 0.86551
134 0.86856
135 0.87111
136 0.87633
137 0.88023
138 0.88271
139 0.88391
140 0.89721
141 0.89995
142 0.9024
143 0.91959
144 0.92349
145 0.93253
146 0.93855
147 0.94459
148 0.94595
149 0.94874
150 0.96408
151 0.96826
152 0.9728
153 0.97562
154 0.97721
155 0.98074
156 0.98858
157 0.99308
158 0.99505
159 0.99844
160 1.00313
161 1.00569
162 1.02812
163 1.04181
164 1.0468
165 1.05957
166 1.06482
167 1.07376
168 1.0769
169 1.07937
170 1.09497
171 1.10495
172 1.12118
173 1.12717
174 1.13585
175 1.14662
176 1.15286
177 1.16634
178 1.17769
179 1.1787
180 1.18209
181 1.18728
182 1.21274
183 1.22203
184 1.23119
185 1.23656
186 1.24908
187 1.25031
188 1.25394
189 1.25733
190 1.30351
191 1.3084
192 1.31592
193 1.32018
194 1.32749
195 1.34087
196 1.34319
197 1.34735
198 1.37265
199 1.37536
200 1.37889
201 1.38078
202 1.38779
203 1.38975
204 1.40217
205 1.41856
206 1.4259
207 1.43713
208 1.44702
209 1.45805
210 1.46331
211 1.46641
212 1.47661
213 1.49164
214 1.50236
215 1.50835
216 1.51833
217 1.52199
218 1.53533
219 1.54321
220 1.54632
221 1.55672
222 1.55888
223 1.57109
224 1.57959
225 1.58832
226 1.59697
227 1.62359
228 1.62678
229 1.63237
230 1.63865
231 1.64208
232 1.64831
233 1.65384
234 1.67328
235 1.6796
236 1.68388
237 1.69137
238 1.70868
239 1.71372
240 1.71694
241 1.73172
242 1.73847
243 1.74655
244 1.76761
245 1.77503
246 1.78813
247 1.79736
248 1.81163
249 1.81352
250 1.81762
251 1.82036
252 1.82568
253 1.83462
254 1.84071
255 1.86953
256 1.87563
257 1.87797
258 1.90046
259 1.92117
260 1.9358
261 1.93788
262 1.9417
263 1.95264
264 1.95639
265 1.96019
266 1.96515
267 1.967
268 1.97237
269 1.97772
270 1.98245
271 1.98661
272 1.9904
273 1.99644
274 1.99903
275 2.00622
276 2.01169
277 2.01663
278 2.02221
279 2.0246
280 2.02627
281 2.04688
282 2.05539
283 2.0598
284 2.06079
285 2.06644
286 2.06815
287 2.06993
288 2.07771
289 2.07968
290 2.08166
291 2.09736
292 2.1151
293 2.12282
294 2.1305
295 2.15282
296 2.1655
297 2.16926
298 2.1716
299 2.17791
300 2.18708
301 2.18888
302 2.20739
303 2.21373
304 2.2153
305 2.21653
306 2.21946
307 2.22966
308 2.23644
309 2.23862
310 2.24483
311 2.25002
312 2.25598
313 2.26452
314 2.28259
315 2.29076
316 2.30458
317 2.31163
318 2.32166
319 2.32806
320 2.33414
321 2.34066
322 2.34335
323 2.3544
324 2.36097
325 2.37067
326 2.37525
327 2.38379
328 2.38762
329 2.38925
330 2.39019
331 2.39865
332 2.41522
333 2.41643
334 2.41902
335 2.42318
336 2.42719
337 2.46857
338 2.47026
339 2.47887
340 2.48814
341 2.49756
342 2.50636
343 2.51228
344 2.51666
345 2.53901
346 2.54932
347 2.55452
348 2.55994
349 2.56854
350 2.57088
351 2.57305
352 2.57961
353 2.58471
354 2.59163
355 2.59394
356 2.62343
357 2.63133
358 2.63646
359 2.63842
360 2.64285
361 2.64698
362 2.66557
363 2.67069
364 2.67658
365 2.67846
366 2.68785
367 2.69588
368 2.70462
369 2.71243
370 2.72569
371 2.73124
372 2.73302
373 2.7385
374 2.74246
375 2.75092
376 2.75321
377 2.76114
378 2.76347
379 2.76791
380 2.77667
381 2.79556
382 2.80695
383 2.81287
384 2.82367
385 2.82522
386 2.82866
387 2.83313
388 2.846
389 2.85544
390 2.87431
391 2.87607
392 2.8858
393 2.90315
394 2.91345
395 2.92235
396 2.93536
397 2.93875
398 2.94748
399 2.95102
400 2.96195
401 2.96652
402 2.97496
403 2.98173
404 2.98906
405 2.99152
406 2.99491
407 2.99713
