1 0.00482
2 0.01228
3 0.04074
4 0.04424
5 0.04725
6 0.04969
7 0.0542
8 0.07055
9 0.07632
10 0.08202
11 0.09538
12 0.11593
13 0.12331
14 0.1269
15 0.13205
16 0.13915
17 0.14168
18 0.14771
19 0.16251
20 0.18171
21 0.19228
22 0.19489
23 0.20856
24 0.22063
25 0.22532
26 0.25362
27 0.26372
28 0.26539
29 0.28538
30 0.29236
31 0.29917
32 0.308
33 0.31234
34 0.32846
35 0.33232
36 0.33571
37 0.3578
38 0.36721
39 0.37563
40 0.38455
41 0.39041
42 0.40249
43 0.42603
44 0.4383
45 0.44446
46 0.45597
47 0.46593
48 0.49615
49 0.49958
50 0.50641
51 0.51847
52 0.52905
53 0.53342
54 0.54336
55 0.55479
56 0.5582
57 0.56765
58 0.57232
59 0.59508
60 0.60423
61 0.622
62 0.63443
63 0.65492
64 0.66144
65 0.68637
66 0.69081
67 0.69673
68 0.71847
69 0.72343
70 0.73627
71 0.74387
72 0.76035
73 0.77193
74 0.77968
75 0.78402
76 0.79171
77 0.80293
78 0.81067
79 0.82549
80 0.83738
81 0.85631
82 0.86667
83 0.86946
84 0.88448
85 0.89175
86 0.89789
87 0.90439
88 0.91229
89 0.92117
90 0.92244
91 0.93949
92 0.94342
93 0.96395
94 0.96951
95 0.97761
96 1.00518
97 1.00845
98 1.03896
99 1.05479
100 1.05726
101 1.07204
102 1.07771
103 1.08475
104 1.09928
105 1.11007
106 1.13971
107 1.14753
108 1.15877
109 1.16709
110 1.16886
111 1.17919
112 1.19065
113 1.19918
114 1.21664
115 1.23288
116 1.23851
117 1.24691
118 1.25653
119 1.27298
120 1.27654
121 1.28294
122 1.28457
123 1.29836
124 1.32863
125 1.33161
126 1.34805
127 1.3544
128 1.36072
129 1.36418
130 1.37213
131 1.37389
132 1.40516
133 1.41543
134 1.4194
135 1.44739
136 1.46498
137 1.48216
138 1.48481
139 1.49109
140 1.49658
141 1.50759
142 1.52413
143 1.54511
144 1.56362
145 1.57729
146 1.57948
147 1.592
148 1.61218
149 1.62063
150 1.63096
151 1.63583
152 1.6538
153 1.65966
154 1.66609
155 1.68049
156 1.70137
157 1.7075
158 1.7089
159 1.71875
160 1.71988
161 1.73118
162 1.73373
163 1.73563
164 1.75947
165 1.76708
166 1.76881
167 1.78286
168 1.7841
169 1.80948
170 1.83383
171 1.84449
172 1.84724
173 1.87521
174 1.88317
175 1.88729
176 1.90718
177 1.91337
178 1.9199
179 1.92257
180 1.93176
181 1.9377
182 1.9448
183 1.95562
184 1.96643
185 1.97764
186 2.00016
187 2.01597
188 2.02633
189 2.04836
190 2.07443
191 2.08143
192 2.08733
193 2.10247
194 2.11019
195 2.12319
196 2.12932
197 2.14152
198 2.15232
199 2.16431
200 2.1653
201 2.18501
202 2.1915
203 2.19422
204 2.20772
205 2.20952
206 2.21262
207 2.21953
208 2.22288
209 2.23971
210 2.24914
211 2.25177
212 2.28013
213 2.28843
214 2.29353
215 2.31089
216 2.32209
217 2.32747
218 2.34569
219 2.37485
220 2.38556
221 2.39047
222 2.40515
223 2.41312
224 2.4163
225 2.42179
226 2.43225
227 2.4425
228 2.44917
229 2.4583
230 2.47515
231 2.48137
232 2.48361
233 2.48741
234 2.49685
235 2.50721
236 2.51032
237 2.51577
238 2.51768
239 2.5205
240 2.5345
241 2.53971
242 2.55019
243 2.55564
244 2.57315
245 2.58252
246 2.59515
247 2.60441
248 2.61244
249 2.61864
250 2.62351
251 2.64014
252 2.64772
253 2.65855
254 2.66203
255 2.66446
256 2.67117
257 2.69012
258 2.69115
259 2.71382
260 2.71522
261 2.72941
262 2.7447
263 2.75256
264 2.76854
265 2.77474
266 2.78571
267 2.78685
268 2.80073
269 2.80429
270 2.81613
271 2.82751
272 2.83789
273 2.84639
274 2.85467
275 2.86111
276 2.86988
277 2.88162
278 2.89348
279 2.90046
280 2.9064
281 2.92907
282 2.95106
283 2.958
284 2.95984
285 2.96135
286 2.96324
287 2.9706
288 2.97386
289 2.97649
290 2.97789
291 2.98189
292 2.98689
293 2.99819
