1 0.00463
2 0.0058
3 0.01736
4 0.02764
5 0.03477
6 0.03706
7 0.05322
8 0.05953
9 0.0698
10 0.07691
11 0.07901
12 0.08525
13 0.09266
14 0.09836
15 0.10792
16 0.10952
17 0.11593
18 0.12373
19 0.13285
20 0.13486
21 0.13806
22 0.14503
23 0.1567
24 0.1681
25 0.17913
26 0.18681
27 0.19528
28 0.20734
29 0.22817
30 0.23213
31 0.23846
32 0.24538
33 0.26674
34 0.27374
35 0.28282
36 0.29232
37 0.31005
38 0.33413
39 0.3597
40 0.37951
41 0.38225
42 0.38641
43 0.39298
44 0.40382
45 0.40921
46 0.43253
47 0.45461
48 0.45729
49 0.46707
50 0.47451
51 0.47794
52 0.48167
53 0.49104
54 0.50746
55 0.50983
56 0.51277
57 0.52643
58 0.5323
59 0.53753
60 0.55867
61 0.58266
62 0.59221
63 0.59614
64 0.60027
65 0.61798
66 0.6349
67 0.6375
68 0.64978
69 0.66114
70 0.66711
71 0.67477
72 0.69525
73 0.69974
74 0.70971
75 0.72113
76 0.73062
77 0.7341
78 0.74416
79 0.75038
80 0.75637
81 0.76753
82 0.77334
83 0.78945
84 0.79432
85 0.80167
86 0.81498
87 0.81867
88 0.83141
89 0.83357
90 0.83761
91 0.83996
92 0.84193
93 0.84568
94 0.86361
95 0.87157
96 0.8784
97 0.88278
98 0.88845
99 0.89903
100 0.91832
101 0.92956
102 0.95048
103 0.95967
104 0.96449
105 0.97881
106 0.99742
107 1.00691
108 1.01191
109 1.02354
110 1.02488
111 1.035
112 1.03885
113 1.04722
114 1.06469
115 1.08659
116 1.08865
117 1.10397
118 1.1343
119 1.13797
120 1.14585
121 1.15064
122 1.16922
123 1.18078
124 1.18619
125 1.20555
126 1.21625
127 1.22456
128 1.23261
129 1.25803
130 1.26026
131 1.26746
132 1.28702
133 1.28939
134 1.2926
135 1.33079
136 1.34332
137 1.36109
138 1.36857
139 1.37026
140 1.38451
141 1.38861
142 1.39963
143 1.41088
144 1.43865
145 1.4501
146 1.47303
147 1.47785
148 1.52766
149 1.53149
150 1.53791
151 1.5508
152 1.55657
153 1.57417
154 1.58528
155 1.59138
156 1.59444
157 1.6049
158 1.61115
159 1.6287
160 1.63818
161 1.64071
162 1.64549
163 1.65709
164 1.66146
165 1.66355
166 1.67417
167 1.69836
168 1.70531
169 1.71435
170 1.72088
171 1.72461
172 1.74173
173 1.74819
174 1.7512
175 1.76541
176 1.77083
177 1.78192
178 1.78655
179 1.79665
180 1.80799
181 1.83265
182 1.83699
183 1.84307
184 1.84576
185 1.85691
186 1.86079
187 1.86552
188 1.87529
189 1.87724
190 1.89174
191 1.89908
192 1.90739
193 1.9294
194 1.94844
195 1.95307
196 1.95959
197 1.96871
198 1.97922
199 1.99133
200 1.99816
201 2.01055
202 2.02825
203 2.03922
204 2.05172
205 2.05797
206 2.06427
207 2.07048
208 2.07721
209 2.08315
210 2.08688
211 2.09061
212 2.09888
213 2.10259
214 2.11087
215 2.1218
216 2.13041
217 2.13808
218 2.16108
219 2.17546
220 2.19045
221 2.20474
222 2.21402
223 2.21816
224 2.23129
225 2.23689
226 2.23968
227 2.26538
228 2.26886
229 2.27008
230 2.27578
231 2.27677
232 2.28667
233 2.29161
234 2.29346
235 2.30916
236 2.33054
237 2.33567
238 2.34168
239 2.34537
240 2.35486
241 2.35576
242 2.35678
243 2.38231
244 2.39383
245 2.42266
246 2.43527
247 2.44934
248 2.46298
249 2.46812
250 2.47044
251 2.47323
252 2.47872
253 2.48183
254 2.49374
255 2.50289
256 2.5155
257 2.52434
258 2.53476
259 2.54098
260 2.5565
261 2.5658
262 2.58157
263 2.59347
264 2.59701
265 2.61388
266 2.62514
267 2.63918
268 2.64731
269 2.6542
270 2.66698
271 2.66983
272 2.68864
273 2.68995
274 2.69137
275 2.70088
276 2.71068
277 2.72668
278 2.72939
279 2.73456
280 2.7491
281 2.75394
282 2.78459
283 2.78597
284 2.82459
285 2.83593
286 2.8413
287 2.84566
288 2.84837
289 2.85976
290 2.88478
291 2.88834
292 2.91123
293 2.93493
294 2.9429
295 2.95223
296 2.95825
297 2.96672
298 2.97267
299 2.98359
300 2.98441
301 2.98984
