1 0.00974
2 0.01165
3 0.01406
4 0.01574
5 0.01855
6 0.02725
7 0.03229
8 0.03782
9 0.0404
10 0.04389
11 0.05048
12 0.0635
13 0.07479
14 0.08046
15 0.08383
16 0.08575
17 0.09268
18 0.09538
19 0.09916
20 0.10613
21 0.10886
22 0.11095
23 0.11317
24 0.12534
25 0.12781
26 0.13536
27 0.13743
28 0.14107
29 0.1428
30 0.14454
31 0.15498
32 0.16776
33 0.17069
34 0.17575
35 0.17808
36 0.18333
37 0.19198
38 0.19537
39 0.19779
40 0.21109
41 0.2125
42 0.22446
43 0.22786
44 0.23575
45 0.25618
46 0.25716
47 0.27433
48 0.27764
49 0.27958
50 0.28879
51 0.29828
52 0.3084
53 0.31523
54 0.31938
55 0.32751
56 0.33556
57 0.33817
58 0.33908
59 0.34309
60 0.35002
61 0.35443
62 0.35659
63 0.36094
64 0.36869
65 0.37531
66 0.38738
67 0.39183
68 0.40396
69 0.41359
70 0.42096
71 0.43276
72 0.44116
73 0.45983
74 0.46318
75 0.47428
76 0.47537
77 0.47973
78 0.49417
79 0.50968
80 0.51819
81 0.52368
82 0.53971
83 0.55212
84 0.57011
85 0.57432
86 0.57638
87 0.59235
88 0.60064
89 0.60824
90 0.62415
91 0.62799
92 0.63318
93 0.64308
94 0.64832
95 0.64959
96 0.65956
97 0.66139
98 0.67215
99 0.67828
100 0.69321
101 0.69683
102 0.70151
103 0.70526
104 0.7144
105 0.71898
106 0.73024
107 0.73555
108 0.74265
109 0.75212
110 0.7689
111 0.77287
112 0.79405
113 0.81031
114 0.81854
115 0.82076
116 0.82323
117 0.84013
118 0.84892
119 0.86702
120 0.88104
121 0.88435
122 0.89207
123 0.90005
124 0.90353
125 0.91068
126 0.92311
127 0.93338
128 0.94275
129 0.94642
130 0.95829
131 0.96767
132 0.97035
133 0.97665
134 0.97908
135 0.98194
136 0.98573
137 0.98882
138 1.00638
139 1.01225
140 1.01529
141 1.02051
142 1.02609
143 1.03525
144 1.03909
145 1.04538
146 1.05357
147 1.09317
148 1.09547
149 1.10007
150 1.11166
151 1.11882
152 1.12801
153 1.13843
154 1.14461
155 1.15285
156 1.15578
157 1.16097
158 1.16833
159 1.17594
160 1.18864
161 1.2007
162 1.20584
163 1.21229
164 1.22105
165 1.23196
166 1.23969
167 1.24213
168 1.24802
169 1.26078
170 1.27028
171 1.27682
172 1.29465
173 1.30236
174 1.30648
175 1.31418
176 1.31655
177 1.33164
178 1.34009
179 1.35035
180 1.35253
181 1.35437
182 1.37282
183 1.37532
184 1.37776
185 1.38063
186 1.38686
187 1.39314
188 1.39614
189 1.40572
190 1.41343
191 1.41708
192 1.43158
193 1.43626
194 1.45142
195 1.45524
196 1.46681
197 1.47714
198 1.47869
199 1.48074
200 1.48668
201 1.49985
202 1.50451
203 1.50765
204 1.52129
205 1.52589
206 1.55381
207 1.56252
208 1.56807
209 1.58154
210 1.58512
211 1.58815
212 1.59074
213 1.61696
214 1.62305
215 1.62724
216 1.63812
217 1.64728
218 1.65363
219 1.65933
220 1.66603
221 1.68663
222 1.71128
223 1.72537
224 1.73009
225 1.73509
226 1.75059
227 1.76796
228 1.7721
229 1.78564
230 1.79044
231 1.79523
232 1.81237
233 1.81846
234 1.82365
235 1.83127
236 1.84246
237 1.84872
238 1.86367
239 1.86581
240 1.87615
241 1.89291
242 1.89794
243 1.90575
244 1.91565
245 1.91795
246 1.92061
247 1.92535
248 1.93625
249 1.93962
250 1.94354
251 1.95533
252 1.96227
253 1.96367
254 1.97788
255 1.98205
256 1.98816
257 1.99534
258 1.99772
259 2.00717
260 2.00982
261 2.01844
262 2.02171
263 2.02926
264 2.04553
265 2.05618
266 2.05831
267 2.06141
268 2.06524
269 2.06979
270 2.07287
271 2.07735
272 2.0826
273 2.09031
274 2.09342
275 2.09968
276 2.10385
277 2.10626
278 2.10957
279 2.11438
280 2.11785
281 2.13018
282 2.13684
283 2.14515
284 2.14774
285 2.16016
286 2.16822
287 2.17664
288 2.18019
289 2.18352
290 2.18677
291 2.19695
292 2.21068
293 2.21434
294 2.22156
295 2.22543
296 2.22872
297 2.2562
298 2.25763
299 2.26161
300 2.27709
301 2.28271
302 2.29373
303 2.30292
304 2.30611
305 2.30964
306 2.32086
307 2.32264
308 2.32494
309 2.329
310 2.3355
311 2.35026
312 2.37176
313 2.37715
314 2.38433
315 2.39322
316 2.41619
317 2.42214
318 2.43527
319 2.44425
320 2.44838
321 2.46284
322 2.47439
323 2.48626
324 2.49004
325 2.50765
326 2.51046
327 2.52626
328 2.52823
329 2.54027
330 2.54456
331 2.55878
332 2.5703
333 2.57424
334 2.58098
335 2.58665
336 2.58919
337 2.59131
338 2.59534
339 2.59821
340 2.6037
341 2.60739
342 2.61397
343 2.62175
344 2.62837
345 2.6352
346 2.63748
347 2.63979
348 2.64298
349 2.64987
350 2.6562
351 2.66859
352 2.67795
353 2.69652
354 2.70709
355 2.72618
356 2.73042
357 2.7367
358 2.74723
359 2.74943
360 2.75068
361 2.76526
362 2.7707
363 2.78425
364 2.79322
365 2.79867
366 2.80369
367 2.82543
368 2.82873
369 2.83731
370 2.8468
371 2.85571
372 2.86216
373 2.86818
374 2.87545
375 2.87863
376 2.88348
377 2.88974
378 2.89565
379 2.90352
380 2.90653
381 2.91081
382 2.917
383 2.92538
384 2.93046
385 2.95364
386 2.95772
387 2.96476
388 2.97969
389 2.98174
390 2.98723
391 2.99151
392 2.99578
