1 0.00753
2 0.0187
3 0.03436
4 0.05078
5 0.05409
6 0.06557
7 0.08134
8 0.11767
9 0.12764
10 0.13805
11 0.14853
12 0.15046
13 0.15788
14 0.16885
15 0.18461
16 0.20192
17 0.20868
18 0.22188
19 0.23008
20 0.2412
21 0.2427
22 0.24457
23 0.24906
24 0.25517
25 0.28131
26 0.28657
27 0.30114
28 0.31518
29 0.32013
30 0.33202
31 0.34191
32 0.35062
33 0.36409
34 0.36889
35 0.37878
36 0.38873
37 0.39416
38 0.3974
39 0.39912
40 0.4027
41 0.40479
42 0.41305
43 0.42626
44 0.43014
45 0.44888
46 0.45191
47 0.45877
48 0.47047
49 0.47669
50 0.48588
51 0.49861
52 0.50204
53 0.50336
54 0.50578
55 0.53338
56 0.5572
57 0.55904
58 0.61235
59 0.62931
60 0.6392
61 0.64965
62 0.66412
63 0.6813
64 0.68667
65 0.69631
66 0.70427
67 0.71089
68 0.7201
69 0.74902
70 0.76037
71 0.76637
72 0.7722
73 0.77623
74 0.77818
75 0.77962
76 0.78578
77 0.8146
78 0.82182
79 0.85841
80 0.86773
81 0.86917
82 0.87504
83 0.87637
84 0.88103
85 0.88238
86 0.88386
87 0.89905
88 0.92366
89 0.93477
90 0.94585
91 0.97041
92 0.99112
93 1.00268
94 1.0088
95 1.01625
96 1.02089
97 1.03499
98 1.05593
99 1.07209
100 1.07791
101 1.08197
102 1.09427
103 1.09853
104 1.11942
105 1.13274
106 1.14271
107 1.15497
108 1.16255
109 1.1707
110 1.17348
111 1.20172
112 1.20695
113 1.22065
114 1.24299
115 1.26076
116 1.26824
117 1.27001
118 1.28874
119 1.30284
120 1.3408
121 1.34606
122 1.35373
123 1.38667
124 1.398
125 1.40244
126 1.4043
127 1.41983
128 1.44787
129 1.45383
130 1.45915
131 1.46487
132 1.46648
133 1.47015
134 1.47936
135 1.49618
136 1.49888
137 1.5024
138 1.51167
139 1.51759
140 1.52554
141 1.52729
142 1.53299
143 1.54043
144 1.55546
145 1.57287
146 1.57678
147 1.58093
148 1.59705
149 1.60462
150 1.60859
151 1.61325
152 1.62182
153 1.62873
154 1.63143
155 1.63735
156 1.64154
157 1.64465
158 1.66164
159 1.6632
160 1.66483
161 1.67364
162 1.68489
163 1.69773
164 1.70516
165 1.71361
166 1.71575
167 1.719
168 1.72229
169 1.72435
170 1.73298
171 1.74484
172 1.74646
173 1.74784
174 1.75227
175 1.75925
176 1.76494
177 1.7668
178 1.77854
179 1.78572
180 1.79349
181 1.81091
182 1.83487
183 1.84723
184 1.88299
185 1.88763
186 1.89371
187 1.89671
188 1.91044
189 1.91912
190 1.93459
191 1.9627
192 1.96626
193 1.96854
194 1.98156
195 2.00415
196 2.01829
197 2.04293
198 2.04865
199 2.06203
200 2.08923
201 2.10103
202 2.10719
203 2.11475
204 2.12327
205 2.15242
206 2.16642
207 2.17298
208 2.17499
209 2.18239
210 2.21351
211 2.22029
212 2.22179
213 2.22556
214 2.22705
215 2.23072
216 2.24093
217 2.24845
218 2.25781
219 2.2628
220 2.27954
221 2.28494
222 2.29379
223 2.30244
224 2.3174
225 2.32675
226 2.35184
227 2.36134
228 2.37564
229 2.38619
230 2.38775
231 2.4049
232 2.40854
233 2.41029
234 2.41531
235 2.45428
236 2.45618
237 2.46582
238 2.47056
239 2.49215
240 2.49387
241 2.51678
242 2.52222
243 2.52668
244 2.53037
245 2.54279
246 2.55224
247 2.56695
248 2.58051
249 2.58814
250 2.59185
251 2.60866
252 2.61834
253 2.63185
254 2.64521
255 2.65717
256 2.66247
257 2.67143
258 2.7066
259 2.71459
260 2.72318
261 2.72702
262 2.72904
263 2.73089
264 2.73229
265 2.76071
266 2.78166
267 2.79694
268 2.8004
269 2.82563
270 2.84426
271 2.88214
272 2.8947
273 2.90051
274 2.90666
275 2.90822
276 2.92023
277 2.93393
278 2.94869
279 2.95188
280 2.95693
281 2.96171
282 2.96842
283 2.9881
284 2.99158
285 2.99934
