1 0.00298
2 0.00451
3 0.00717
4 0.01026
5 0.02285
6 0.02843
7 0.03167
8 0.03441
9 0.03711
10 0.04177
11 0.05304
12 0.05683
13 0.05817
14 0.05972
15 0.06598
16 0.07114
17 0.08134
18 0.0926
19 0.09408
20 0.09779
21 0.10096
22 0.11181
23 0.11844
24 0.12101
25 0.12301
26 0.15353
27 0.1583
28 0.16553
29 0.16756
30 0.17738
31 0.17952
32 0.18517
33 0.18712
34 0.18856
35 0.19359
36 0.2002
37 0.20509
38 0.21259
39 0.21383
40 0.22117
41 0.22473
42 0.22609
43 0.22811
44 0.23279
45 0.23539
46 0.24597
47 0.25272
48 0.26625
49 0.28036
50 0.28287
51 0.28902
52 0.29306
53 0.30725
54 0.30909
55 0.31563
56 0.3282
57 0.33628
58 0.34866
59 0.35213
60 0.35802
61 0.3598
62 0.36139
63 0.37132
64 0.3743
65 0.38213
66 0.39916
67 0.40649
68 0.40829
69 0.41139
70 0.41584
71 0.42258
72 0.4325
73 0.43616
74 0.44142
75 0.44435
76 0.45524
77 0.47384
78 0.4758
79 0.48018
80 0.48472
81 0.49006
82 0.49658
83 0.50035
84 0.51007
85 0.51149
86 0.53732
87 0.55152
88 0.55379
89 0.55589
90 0.56045
91 0.5787
92 0.58713
93 0.59104
94 0.59827
95 0.61187
96 0.61409
97 0.62846
98 0.63493
99 0.65632
100 0.6596
101 0.6646
102 0.66872
103 0.68565
104 0.68832
105 0.69312
106 0.6955
107 0.69831
108 0.70083
109 0.70493
110 0.72478
111 0.72689
112 0.72908
113 0.73614
114 0.73832
115 0.74737
116 0.75046
117 0.75816
118 0.76183
119 0.76424
120 0.76792
121 0.77092
122 0.78628
123 0.80252
124 0.81449
125 0.82876
126 0.83485
127 0.83807
128 0.84322
129 0.85361
130 0.8622
131 0.87053
132 0.88137
133 0.88612
134 0.89739
135 0.90122
136 0.90847
137 0.91307
138 0.92499
139 0.92802
140 0.9325
141 0.93406
142 0.93548
143 0.93694
144 0.93811
145 0.9419
146 0.94691
147 0.95683
148 0.95977
149 0.98054
150 0.98942
151 1.00103
152 1.00381
153 1.00503
154 1.00954
155 1.02816
156 1.03872
157 1.04094
158 1.05934
159 1.06395
160 1.07524
161 1.08349
162 1.08622
163 1.10081
164 1.10549
165 1.11614
166 1.11963
167 1.12948
168 1.14994
169 1.16726
170 1.17644
171 1.18382
172 1.1894
173 1.19107
174 1.19483
175 1.19625
176 1.2
177 1.20469
178 1.20838
179 1.21822
180 1.22251
181 1.22642
182 1.23269
183 1.23646
184 1.242
185 1.24505
186 1.25542
187 1.27816
188 1.2831
189 1.28891
190 1.30546
191 1.30678
192 1.30784
193 1.31056
194 1.3156
195 1.3287
196 1.33602
197 1.33792
198 1.34627
199 1.36184
200 1.36666
201 1.40469
202 1.40697
203 1.41177
204 1.42297
205 1.43146
206 1.43387
207 1.4401
208 1.44363
209 1.4467
210 1.45863
211 1.4738
212 1.47624
213 1.47785
214 1.48522
215 1.48841
216 1.49249
217 1.49413
218 1.50087
219 1.50582
220 1.50949
221 1.51394
222 1.52613
223 1.53482
224 1.54004
225 1.5428
226 1.55205
227 1.55438
228 1.55664
229 1.55972
230 1.56275
231 1.57705
232 1.58595
233 1.59439
234 1.59851
235 1.60284
236 1.61013
237 1.61645
238 1.62503
239 1.62965
240 1.63312
241 1.65139
242 1.65941
243 1.68045
244 1.69052
245 1.69559
246 1.70083
247 1.71308
248 1.71708
249 1.73119
250 1.73483
251 1.73994
252 1.74306
253 1.74951
254 1.76088
255 1.76446
256 1.76807
257 1.77852
258 1.78023
259 1.78128
260 1.78574
261 1.792
262 1.79472
263 1.80368
264 1.80718
265 1.81017
266 1.81312
267 1.81683
268 1.82434
269 1.83623
270 1.84168
271 1.84496
272 1.84722
273 1.85394
274 1.85909
275 1.8815
276 1.90372
277 1.90937
278 1.91374
279 1.91834
280 1.92551
281 1.9328
282 1.93725
283 1.94277
284 1.94887
285 1.95895
286 1.97082
287 1.99151
288 1.99445
289 2.00078
290 2.01228
291 2.02678
292 2.03082
293 2.03222
294 2.03504
295 2.04107
296 2.05329
297 2.05779
298 2.06034
299 2.07524
300 2.08317
301 2.08643
302 2.08952
303 2.09394
304 2.10094
305 2.1058
306 2.11822
307 2.15858
308 2.17919
309 2.18516
310 2.18911
311 2.19471
312 2.19609
313 2.20535
314 2.20804
315 2.22651
316 2.23051
317 2.23245
318 2.23458
319 2.23803
320 2.24189
321 2.25076
322 2.25642
323 2.26754
324 2.26997
325 2.27893
326 2.28104
327 2.28238
328 2.28602
329 2.29354
330 2.30433
331 2.30704
332 2.31277
333 2.32508
334 2.32757
335 2.32916
336 2.33234
337 2.336
338 2.34789
339 2.34953
340 2.35488
341 2.36703
342 2.37024
343 2.37411
344 2.3794
345 2.38138
346 2.39145
347 2.40467
348 2.4114
349 2.42041
350 2.42951
351 2.43703
352 2.44198
353 2.4538
354 2.45776
355 2.46948
356 2.47694
357 2.48358
358 2.4895
359 2.49416
360 2.50137
361 2.51405
362 2.51765
363 2.52817
364 2.53403
365 2.53577
366 2.55473
367 2.557
368 2.56111
369 2.56254
370 2.5753
371 2.58355
372 2.59678
373 2.60176
374 2.61052
375 2.61398
376 2.61585
377 2.61806
378 2.61986
379 2.62568
380 2.63363
381 2.6588
382 2.67822
383 2.68185
384 2.68507
385 2.70061
386 2.70208
387 2.70909
388 2.72193
389 2.72813
390 2.73747
391 2.74394
392 2.74965
393 2.75481
394 2.75898
395 2.76501
396 2.76706
397 2.77909
398 2.78188
399 2.78597
400 2.80427
401 2.83641
402 2.84245
403 2.86
404 2.87276
405 2.87696
406 2.88316
407 2.90673
408 2.91086
409 2.91486
410 2.92098
411 2.93287
412 2.93698
413 2.94426
414 2.94755
415 2.94859
416 2.95653
417 2.96358
418 2.97029
419 2.97382
420 2.98336
421 2.99438
