1 0.00137
2 0.00256
3 0.0042
4 0.01057
5 0.0204
6 0.02649
7 0.0318
8 0.03489
9 0.04068
10 0.04436
11 0.0575
12 0.05955
13 0.06191
14 0.07205
15 0.0764
16 0.08422
17 0.0934
18 0.09619
19 0.1088
20 0.11666
21 0.1422
22 0.14645
23 0.16572
24 0.17567
25 0.18125
26 0.1829
27 0.18421
28 0.20373
29 0.21369
30 0.22198
31 0.23372
32 0.25059
33 0.25462
34 0.26972
35 0.27406
36 0.27566
37 0.28144
38 0.28417
39 0.29342
40 0.29607
41 0.30269
42 0.31418
43 0.32577
44 0.33903
45 0.35507
46 0.36347
47 0.37537
48 0.3849
49 0.38958
50 0.39164
51 0.39655
52 0.41007
53 0.42155
54 0.42565
55 0.42676
56 0.43216
57 0.46017
58 0.46996
59 0.47517
60 0.48462
61 0.49157
62 0.49433
63 0.49875
64 0.5083
65 0.51003
66 0.52525
67 0.53155
68 0.54234
69 0.54453
70 0.5496
71 0.55626
72 0.57193
73 0.57324
74 0.57966
75 0.58332
76 0.59415
77 0.59579
78 0.59943
79 0.60411
80 0.61489
81 0.62349
82 0.63898
83 0.64136
84 0.64942
85 0.66123
86 0.66313
87 0.67445
88 0.67947
89 0.6825
90 0.7001
91 0.71181
92 0.71706
93 0.72536
94 0.72828
95 0.72999
96 0.73477
97 0.74218
98 0.74781
99 0.7566
100 0.75802
101 0.77122
102 0.77594
103 0.78151
104 0.79201
105 0.79737
106 0.80321
107 0.81389
108 0.82434
109 0.83544
110 0.83916
111 0.84958
112 0.86589
113 0.86889
114 0.88823
115 0.89108
116 0.89979
117 0.90647
118 0.91231
119 0.92056
120 0.92401
121 0.93226
122 0.93456
123 0.94613
124 0.94813
125 0.95357
126 0.95683
127 0.95947
128 0.96438
129 0.97254
130 0.97634
131 0.99579
132 1.00424
133 1.0072
134 1.00987
135 1.02032
136 1.02283
137 1.02814
138 1.03241
139 1.04381
140 1.04702
141 1.05133
142 1.06004
143 1.07784
144 1.07899
145 1.09099
146 1.09828
147 1.09958
148 1.10345
149 1.10823
150 1.11244
151 1.12314
152 1.13056
153 1.14025
154 1.16465
155 1.17244
156 1.18366
157 1.18762
158 1.20156
159 1.20387
160 1.20557
161 1.20682
162 1.21964
163 1.2231
164 1.22939
165 1.23523
166 1.24704
167 1.25639
168 1.26626
169 1.2709
170 1.27541
171 1.27637
172 1.28139
173 1.28719
174 1.29429
175 1.3099
176 1.32888
177 1.33231
178 1.33787
179 1.33971
180 1.34924
181 1.36666
182 1.38356
183 1.38811
184 1.39159
185 1.39485
186 1.39666
187 1.41511
188 1.42495
189 1.43015
190 1.43686
191 1.44884
192 1.45633
193 1.4584
194 1.46308
195 1.46529
196 1.47084
197 1.47761
198 1.48921
199 1.49431
200 1.49645
201 1.50344
202 1.50738
203 1.51095
204 1.52112
205 1.52745
206 1.52929
207 1.53115
208 1.5334
209 1.53474
210 1.53902
211 1.54502
212 1.54853
213 1.5569
214 1.56937
215 1.5779
216 1.58124
217 1.58571
218 1.58997
219 1.59727
220 1.60443
221 1.60759
222 1.61594
223 1.61894
224 1.63029
225 1.66634
226 1.67411
227 1.67779
228 1.6878
229 1.70004
230 1.70258
231 1.7045
232 1.72049
233 1.73365
234 1.74483
235 1.7459
236 1.7513
237 1.75741
238 1.76074
239 1.77297
240 1.77661
241 1.78483
242 1.787
243 1.79546
244 1.80278
245 1.81822
246 1.82263
247 1.82789
248 1.83843
249 1.84035
250 1.84753
251 1.84872
252 1.86419
253 1.87583
254 1.88051
255 1.90035
256 1.92352
257 1.92967
258 1.93159
259 1.95164
260 1.96761
261 1.97208
262 1.97683
263 1.97869
264 1.99153
265 2.0229
266 2.02442
267 2.02634
268 2.02753
269 2.03957
270 2.04215
271 2.05013
272 2.06798
273 2.07033
274 2.07328
275 2.07879
276 2.08797
277 2.1006
278 2.10958
279 2.12173
280 2.12421
281 2.12702
282 2.13222
283 2.13813
284 2.14473
285 2.14688
286 2.15555
287 2.16037
288 2.16858
289 2.17239
290 2.18206
291 2.18502
292 2.19869
293 2.20107
294 2.20506
295 2.20819
296 2.2171
297 2.21934
298 2.22706
299 2.23372
300 2.24247
301 2.24445
302 2.25428
303 2.25889
304 2.26832
305 2.27242
306 2.2776
307 2.28325
308 2.28712
309 2.29873
310 2.30856
311 2.3103
312 2.31179
313 2.31283
314 2.32128
315 2.32373
316 2.3338
317 2.34072
318 2.3454
319 2.36788
320 2.37095
321 2.37706
322 2.38901
323 2.39577
324 2.42589
325 2.43617
326 2.44895
327 2.45921
328 2.4669
329 2.472
330 2.47381
331 2.48818
332 2.50108
333 2.50823
334 2.52785
335 2.53814
336 2.54274
337 2.55482
338 2.56102
339 2.56523
340 2.56787
341 2.58217
342 2.5961
343 2.6007
344 2.60244
345 2.60747
346 2.61406
347 2.62813
348 2.63653
349 2.64202
350 2.67219
351 2.67684
352 2.6865
353 2.70044
354 2.70322
355 2.70631
356 2.71311
357 2.71855
358 2.72031
359 2.72499
360 2.7298
361 2.73157
362 2.73566
363 2.74533
364 2.75129
365 2.7536
366 2.77293
367 2.77376
368 2.77849
369 2.78
370 2.78171
371 2.78709
372 2.80592
373 2.82604
374 2.83518
375 2.83881
376 2.84885
377 2.85629
378 2.86693
379 2.87227
380 2.8901
381 2.89786
382 2.92658
383 2.92963
384 2.9326
385 2.93563
386 2.94445
387 2.9517
388 2.95524
389 2.95901
390 2.98032
391 2.99664
