1 0.00225
2 0.00685
3 0.01706
4 0.02059
5 0.02781
6 0.04053
7 0.04769
8 0.05065
9 0.08556
10 0.09483
11 0.1015
12 0.11134
13 0.11999
14 0.12815
15 0.13255
16 0.14055
17 0.15186
18 0.15862
19 0.16655
20 0.16865
21 0.17279
22 0.17555
23 0.20157
24 0.20541
25 0.21491
26 0.22786
27 0.23344
28 0.23658
29 0.25566
30 0.26952
31 0.2761
32 0.28406
33 0.28704
34 0.28853
35 0.30208
36 0.30757
37 0.31827
38 0.32137
39 0.32732
40 0.33782
41 0.35337
42 0.35745
43 0.37005
44 0.37363
45 0.38217
46 0.38939
47 0.39033
48 0.40728
49 0.42735
50 0.43506
51 0.43837
52 0.44031
53 0.44388
54 0.44551
55 0.4547
56 0.45667
57 0.45861
58 0.46411
59 0.46578
60 0.4946
61 0.5072
62 0.50894
63 0.51322
64 0.51561
65 0.52195
66 0.52603
67 0.53375
68 0.53912
69 0.54445
70 0.55413
71 0.56056
72 0.56813
73 0.57878
74 0.58409
75 0.58753
76 0.59162
77 0.6159
78 0.61872
79 0.62781
80 0.63958
81 0.64938
82 0.65372
83 0.65949
84 0.668
85 0.6695
86 0.67482
87 0.67847
88 0.68404
89 0.68863
90 0.69415
91 0.70665
92 0.70808
93 0.71455
94 0.72212
95 0.72501
96 0.72627
97 0.73213
98 0.73991
99 0.75672
100 0.76229
101 0.76525
102 0.78635
103 0.78935
104 0.80052
105 0.80189
106 0.8057
107 0.80939
108 0.81971
109 0.82197
110 0.82746
111 0.83322
112 0.83997
113 0.84312
114 0.84658
115 0.85743
116 0.87555
117 0.88735
118 0.8978
119 0.90102
120 0.90358
121 0.90709
122 0.91433
123 0.92381
124 0.92704
125 0.9329
126 0.93471
127 0.93588
128 0.93777
129 0.94755
130 0.95694
131 0.96372
132 0.96765
133 0.97473
134 0.99157
135 0.99806
136 1.0033
137 1.00476
138 1.01508
139 1.01803
140 1.02402
141 1.02953
142 1.03737
143 1.04684
144 1.05287
145 1.06667
146 1.08944
147 1.09106
148 1.10881
149 1.13463
150 1.14014
151 1.1425
152 1.15232
153 1.15745
154 1.16751
155 1.17018
156 1.18404
157 1.18722
158 1.19618
159 1.20321
160 1.21773
161 1.24279
162 1.25071
163 1.25447
164 1.26684
165 1.28346
166 1.28941
167 1.29133
168 1.30401
169 1.32774
170 1.34076
171 1.35382
172 1.36484
173 1.37111
174 1.38085
175 1.38647
176 1.39392
177 1.39624
178 1.39912
179 1.4032
180 1.41726
181 1.41868
182 1.42333
183 1.42658
184 1.42977
185 1.43289
186 1.43721
187 1.45127
188 1.45705
189 1.46016
190 1.46714
191 1.49423
192 1.50478
193 1.5138
194 1.52598
195 1.53251
196 1.53788
197 1.54752
198 1.55495
199 1.55824
200 1.56344
201 1.58751
202 1.59824
203 1.60296
204 1.62075
205 1.63761
206 1.64208
207 1.64623
208 1.65087
209 1.65527
210 1.66433
211 1.6708
212 1.6724
213 1.68084
214 1.68973
215 1.70517
216 1.70858
217 1.7115
218 1.73753
219 1.73961
220 1.74218
221 1.75069
222 1.7656
223 1.77175
224 1.78366
225 1.79186
226 1.80188
227 1.80691
228 1.81039
229 1.82748
230 1.84517
231 1.84659
232 1.85371
233 1.87036
234 1.8779
235 1.8812
236 1.91554
237 1.92119
238 1.93417
239 1.93686
240 1.94291
241 1.95054
242 1.95415
243 1.96274
244 1.96721
245 1.99088
246 1.99508
247 2.0059
248 2.00944
249 2.01374
250 2.02553
251 2.02741
252 2.04643
253 2.05072
254 2.05959
255 2.0625
256 2.07681
257 2.09508
258 2.12805
259 2.1303
260 2.13145
261 2.13624
262 2.13792
263 2.14289
264 2.15199
265 2.16943
266 2.17309
267 2.17531
268 2.18271
269 2.19025
270 2.19615
271 2.20182
272 2.20562
273 2.20708
274 2.209
275 2.21668
276 2.25493
277 2.2652
278 2.26712
279 2.27169
280 2.27451
281 2.27947
282 2.28504
283 2.29162
284 2.30172
285 2.30276
286 2.30987
287 2.32161
288 2.34291
289 2.34704
290 2.36184
291 2.37278
292 2.37413
293 2.37561
294 2.38752
295 2.39816
296 2.4068
297 2.41897
298 2.43431
299 2.44372
300 2.44863
301 2.45025
302 2.46442
303 2.46786
304 2.47198
305 2.47761
306 2.49134
307 2.49736
308 2.50842
309 2.52012
310 2.52734
311 2.5295
312 2.53671
313 2.54785
314 2.55194
315 2.5577
316 2.56885
317 2.57807
318 2.58426
319 2.58669
320 2.59086
321 2.59675
322 2.61128
323 2.62046
324 2.62714
325 2.63636
326 2.64767
327 2.65024
328 2.65729
329 2.66381
330 2.67081
331 2.67794
332 2.68173
333 2.69888
334 2.70219
335 2.7037
336 2.71679
337 2.73364
338 2.74059
339 2.7494
340 2.76635
341 2.77076
342 2.77971
343 2.78708
344 2.79811
345 2.80593
346 2.80963
347 2.82767
348 2.83593
349 2.84755
350 2.87024
351 2.87746
352 2.88794
353 2.90763
354 2.91424
355 2.92
356 2.92416
357 2.92967
358 2.93243
359 2.95389
360 2.95779
361 2.96788
362 2.97607
363 2.99201
