1 0.00191
2 0.00815
3 0.02242
4 0.02824
5 0.03601
6 0.04894
7 0.055
8 0.06556
9 0.06909
10 0.07287
11 0.07674
12 0.0802
13 0.08259
14 0.09111
15 0.09544
16 0.10228
17 0.10354
18 0.11289
19 0.12102
20 0.12252
21 0.12669
22 0.13114
23 0.13488
24 0.14069
25 0.14429
26 0.15023
27 0.15314
28 0.15558
29 0.15884
30 0.16117
31 0.16812
32 0.17294
33 0.1757
34 0.17794
35 0.18492
36 0.18721
37 0.19608
38 0.20012
39 0.20104
40 0.20315
41 0.20545
42 0.22801
43 0.2295
44 0.24307
45 0.24661
46 0.248
47 0.25538
48 0.25787
49 0.26111
50 0.27083
51 0.2763
52 0.27987
53 0.28273
54 0.28743
55 0.28942
56 0.29117
57 0.2991
58 0.30427
59 0.3173
60 0.31918
61 0.32043
62 0.32581
63 0.33161
64 0.34337
65 0.36193
66 0.37079
67 0.37249
68 0.37406
69 0.38279
70 0.392
71 0.39619
72 0.39966
73 0.4061
74 0.41014
75 0.41719
76 0.42085
77 0.42204
78 0.42375
79 0.43099
80 0.43836
81 0.44176
82 0.44705
83 0.47292
84 0.47657
85 0.48615
86 0.49311
87 0.49597
88 0.505
89 0.5123
90 0.51358
91 0.53641
92 0.54391
93 0.55345
94 0.56925
95 0.57728
96 0.61395
97 0.61811
98 0.623
99 0.62474
100 0.62872
101 0.63808
102 0.65635
103 0.67059
104 0.68001
105 0.68245
106 0.6875
107 0.68936
108 0.69727
109 0.70278
110 0.7087
111 0.72644
112 0.73009
113 0.73302
114 0.74091
115 0.74719
116 0.75745
117 0.76183
118 0.76522
119 0.77131
120 0.78113
121 0.78683
122 0.79907
123 0.81799
124 0.821
125 0.82618
126 0.83307
127 0.83598
128 0.83966
129 0.8598
130 0.86206
131 0.86423
132 0.87127
133 0.88015
134 0.88282
135 0.88807
136 0.89223
137 0.89934
138 0.91494
139 0.91729
140 0.92487
141 0.92679
142 0.93349
143 0.93797
144 0.94762
145 0.9521
146 0.95448
147 0.97757
148 0.98394
149 0.98637
150 0.99684
151 1.00456
152 1.012
153 1.01844
154 1.0222
155 1.02633
156 1.03679
157 1.05212
158 1.07457
159 1.0782
160 1.08343
161 1.08713
162 1.10617
163 1.10821
164 1.11162
165 1.11528
166 1.12109
167 1.12418
168 1.13025
169 1.13291
170 1.13806
171 1.14164
172 1.14438
173 1.15681
174 1.16064
175 1.16885
176 1.17693
177 1.18428
178 1.18783
179 1.19612
180 1.19971
181 1.20306
182 1.23052
183 1.23968
184 1.2449
185 1.25313
186 1.26716
187 1.27929
188 1.28014
189 1.2829
190 1.28799
191 1.29766
192 1.3189
193 1.33081
194 1.34249
195 1.35917
196 1.36635
197 1.37559
198 1.37714
199 1.38364
200 1.39078
201 1.39787
202 1.40485
203 1.4097
204 1.41227
205 1.41452
206 1.42174
207 1.43228
208 1.4387
209 1.44855
210 1.45253
211 1.47478
212 1.47888
213 1.48833
214 1.49059
215 1.49187
216 1.4942
217 1.49874
218 1.50586
219 1.50952
220 1.51243
221 1.53234
222 1.53699
223 1.5459
224 1.54979
225 1.57145
226 1.57406
227 1.58928
228 1.59231
229 1.60143
230 1.6108
231 1.6159
232 1.61886
233 1.63077
234 1.6331
235 1.63644
236 1.63754
237 1.64662
238 1.66528
239 1.66991
240 1.67169
241 1.67991
242 1.68271
243 1.70243
244 1.73166
245 1.73846
246 1.74236
247 1.74544
248 1.75056
249 1.75241
250 1.75723
251 1.76112
252 1.77328
253 1.78197
254 1.79493
255 1.8191
256 1.83254
257 1.8351
258 1.83787
259 1.85621
260 1.86337
261 1.86659
262 1.87979
263 1.88231
264 1.88405
265 1.88888
266 1.89288
267 1.89857
268 1.90083
269 1.90656
270 1.90977
271 1.91662
272 1.92086
273 1.9249
274 1.92734
275 1.93015
276 1.94362
277 1.95453
278 1.95767
279 1.97355
280 1.98035
281 1.99197
282 2.0004
283 2.00287
284 2.00839
285 2.00987
286 2.01454
287 2.01988
288 2.02344
289 2.02517
290 2.02852
291 2.03192
292 2.0335
293 2.0421
294 2.04782
295 2.07141
296 2.07458
297 2.08311
298 2.08713
299 2.09232
300 2.10846
301 2.11148
302 2.11665
303 2.12031
304 2.12222
305 2.12905
306 2.13729
307 2.14837
308 2.15224
309 2.16518
310 2.16632
311 2.16945
312 2.17221
313 2.17645
314 2.17966
315 2.18193
316 2.18569
317 2.19059
318 2.19471
319 2.19964
320 2.23688
321 2.2415
322 2.24757
323 2.25978
324 2.26684
325 2.27095
326 2.2772
327 2.28098
328 2.29203
329 2.31667
330 2.32272
331 2.33179
332 2.35532
333 2.35898
334 2.36675
335 2.36851
336 2.3719
337 2.37344
338 2.37648
339 2.37845
340 2.38032
341 2.40478
342 2.41018
343 2.41374
344 2.41966
345 2.43155
346 2.43639
347 2.44232
348 2.44604
349 2.44818
350 2.48468
351 2.48739
352 2.49005
353 2.49452
354 2.49644
355 2.50365
356 2.51461
357 2.53153
358 2.53643
359 2.54064
360 2.54269
361 2.54477
362 2.54931
363 2.57547
364 2.57869
365 2.58563
366 2.5917
367 2.61251
368 2.61362
369 2.61766
370 2.62493
371 2.63008
372 2.63347
373 2.64432
374 2.65058
375 2.6548
376 2.66347
377 2.66639
378 2.67334
379 2.68175
380 2.68522
381 2.68774
382 2.69098
383 2.694
384 2.69706
385 2.72745
386 2.73022
387 2.73706
388 2.74081
389 2.7416
390 2.76636
391 2.77378
392 2.78451
393 2.8365
394 2.84356
395 2.8576
396 2.86523
397 2.867
398 2.86959
399 2.8819
400 2.8843
401 2.8857
402 2.88787
403 2.89123
404 2.89498
405 2.90077
406 2.90384
407 2.91306
408 2.92143
409 2.92397
410 2.93046
411 2.93822
412 2.97961
413 2.98615
414 2.98832
415 2.99325
416 2.99888
