1 0.01162
2 0.02244
3 0.02456
4 0.02793
5 0.032
6 0.04256
7 0.0482
8 0.05259
9 0.05488
10 0.05834
11 0.06972
12 0.0724
13 0.07561
14 0.07847
15 0.09483
16 0.10553
17 0.11293
18 0.13167
19 0.13792
20 0.1427
21 0.15856
22 0.17755
23 0.18722
24 0.1896
25 0.19934
26 0.20206
27 0.21787
28 0.23339
29 0.23982
30 0.25113
31 0.25602
32 0.25818
33 0.26074
34 0.26402
35 0.29405
36 0.29597
37 0.30665
38 0.32222
39 0.32694
40 0.32787
41 0.33556
42 0.33744
43 0.33986
44 0.34594
45 0.35354
46 0.37698
47 0.37907
48 0.38769
49 0.40074
50 0.40354
51 0.41118
52 0.41987
53 0.42215
54 0.42664
55 0.42967
56 0.43778
57 0.45328
58 0.46804
59 0.4708
60 0.47624
61 0.48261
62 0.48831
63 0.49573
64 0.50156
65 0.50795
66 0.53167
67 0.53512
68 0.54724
69 0.55958
70 0.57194
71 0.57697
72 0.58817
73 0.59579
74 0.59961
75 0.6016
76 0.61756
77 0.62334
78 0.6373
79 0.63983
80 0.65029
81 0.66666
82 0.68332
83 0.69491
84 0.69916
85 0.7126
86 0.7145
87 0.72268
88 0.72571
89 0.73187
90 0.73493
91 0.73935
92 0.74717
93 0.75777
94 0.76093
95 0.76711
96 0.78152
97 0.78643
98 0.80363
99 0.81387
100 0.84197
101 0.85048
102 0.85245
103 0.85767
104 0.86035
105 0.88988
106 0.89557
107 0.89758
108 0.90874
109 0.91179
110 0.91423
111 0.91816
112 0.9275
113 0.93241
114 0.94651
115 0.9534
116 0.95905
117 0.99027
118 0.99225
119 1.00206
120 1.00479
121 1.01001
122 1.02488
123 1.02903
124 1.03216
125 1.05796
126 1.07905
127 1.09972
128 1.11181
129 1.11553
130 1.11735
131 1.13014
132 1.13803
133 1.14618
134 1.15094
135 1.16287
136 1.16732
137 1.17884
138 1.19513
139 1.20199
140 1.20768
141 1.21211
142 1.24752
143 1.25802
144 1.2608
145 1.26993
146 1.285
147 1.29155
148 1.29802
149 1.30459
150 1.3067
151 1.32318
152 1.32584
153 1.33126
154 1.34499
155 1.35919
156 1.36625
157 1.37081
158 1.39872
159 1.40903
160 1.4259
161 1.43237
162 1.45465
163 1.46172
164 1.4769
165 1.49483
166 1.51821
167 1.53797
168 1.54676
169 1.55077
170 1.55985
171 1.57112
172 1.57215
173 1.57568
174 1.57899
175 1.58337
176 1.58963
177 1.59586
178 1.60208
179 1.60913
180 1.62748
181 1.64714
182 1.65915
183 1.67163
184 1.67704
185 1.69545
186 1.69782
187 1.71588
188 1.71945
189 1.7296
190 1.73294
191 1.73437
192 1.73992
193 1.75528
194 1.75834
195 1.76679
196 1.76846
197 1.77437
198 1.78263
199 1.78867
200 1.80117
201 1.81245
202 1.82803
203 1.83793
204 1.8528
205 1.85898
206 1.87751
207 1.87968
208 1.8894
209 1.91686
210 1.9263
211 1.92998
212 1.93115
213 1.93791
214 1.94326
215 1.94952
216 1.95953
217 1.97872
218 1.98376
219 1.99881
220 2.01048
221 2.01942
222 2.02365
223 2.02966
224 2.04491
225 2.04902
226 2.05963
227 2.06139
228 2.07957
229 2.0982
230 2.1045
231 2.12269
232 2.14186
233 2.15296
234 2.17258
235 2.17459
236 2.17911
237 2.19112
238 2.19487
239 2.20159
240 2.20333
241 2.21359
242 2.22574
243 2.23792
244 2.2401
245 2.25375
246 2.26514
247 2.27493
248 2.28452
249 2.29483
250 2.30856
251 2.31786
252 2.33203
253 2.33673
254 2.34535
255 2.35175
256 2.36562
257 2.37655
258 2.40399
259 2.41133
260 2.41706
261 2.42105
262 2.42903
263 2.44093
264 2.4507
265 2.45305
266 2.46033
267 2.48232
268 2.48647
269 2.49088
270 2.50266
271 2.50783
272 2.51165
273 2.52605
274 2.53424
275 2.54033
276 2.54578
277 2.55308
278 2.55872
279 2.56807
280 2.5746
281 2.58087
282 2.58184
283 2.5857
284 2.5923
285 2.60444
286 2.60952
287 2.6246
288 2.64661
289 2.6709
290 2.67506
291 2.67957
292 2.68511
293 2.68831
294 2.69361
295 2.69813
296 2.70625
297 2.71165
298 2.72274
299 2.72546
300 2.732
301 2.73619
302 2.74757
303 2.77432
304 2.78298
305 2.79535
306 2.79899
307 2.80155
308 2.81021
309 2.82331
310 2.83256
311 2.8388
312 2.84766
313 2.85649
314 2.87591
315 2.88133
316 2.88729
317 2.90271
318 2.90603
319 2.91264
320 2.92227
321 2.93751
322 2.95301
323 2.9583
324 2.96705
325 2.97229
326 2.97485
327 2.9775
328 2.99675
