1 0.01168
2 0.02314
3 0.02461
4 0.03089
5 0.03385
6 0.03749
7 0.05911
8 0.06113
9 0.06443
10 0.06716
11 0.08348
12 0.08571
13 0.09586
14 0.10383
15 0.11447
16 0.11761
17 0.11974
18 0.12433
19 0.1258
20 0.12893
21 0.13512
22 0.13802
23 0.14181
24 0.15791
25 0.19022
26 0.22493
27 0.2303
28 0.24381
29 0.24661
30 0.25182
31 0.26511
32 0.27245
33 0.27681
34 0.28066
35 0.28338
36 0.28776
37 0.29447
38 0.30362
39 0.31155
40 0.32244
41 0.3251
42 0.33276
43 0.33421
44 0.35394
45 0.35637
46 0.36251
47 0.36599
48 0.36855
49 0.37062
50 0.37434
51 0.39049
52 0.40337
53 0.43055
54 0.43262
55 0.45324
56 0.4564
57 0.46744
58 0.47765
59 0.49129
60 0.50409
61 0.52017
62 0.52375
63 0.52758
64 0.53298
65 0.55212
66 0.55747
67 0.56332
68 0.57117
69 0.57675
70 0.58133
71 0.58517
72 0.59133
73 0.60567
74 0.61397
75 0.61907
76 0.62588
77 0.63895
78 0.64123
79 0.65123
80 0.65257
81 0.6631
82 0.6721
83 0.67554
84 0.68589
85 0.69365
86 0.69764
87 0.70436
88 0.71515
89 0.72932
90 0.73244
91 0.74067
92 0.74695
93 0.75188
94 0.75419
95 0.76163
96 0.77111
97 0.7834
98 0.79416
99 0.81076
100 0.81884
101 0.82235
102 0.83046
103 0.83405
104 0.83894
105 0.85241
106 0.85593
107 0.8694
108 0.87104
109 0.87226
110 0.87383
111 0.88086
112 0.88243
113 0.90118
114 0.90248
115 0.90664
116 0.91511
117 0.92818
118 0.93462
119 0.93966
120 0.94407
121 0.94931
122 0.97476
123 0.98588
124 0.99944
125 1.01514
126 1.01693
127 1.01869
128 1.02051
129 1.0318
130 1.03794
131 1.06354
132 1.07124
133 1.07664
134 1.08629
135 1.10784
136 1.13096
137 1.13716
138 1.13981
139 1.14147
140 1.15325
141 1.16264
142 1.16499
143 1.18748
144 1.19124
145 1.20889
146 1.23844
147 1.2594
148 1.26429
149 1.27327
150 1.28142
151 1.28369
152 1.29304
153 1.30207
154 1.31971
155 1.32949
156 1.33476
157 1.34295
158 1.36688
159 1.36886
160 1.38797
161 1.39193
162 1.39954
163 1.40063
164 1.40576
165 1.40955
166 1.41283
167 1.41793
168 1.43513
169 1.4433
170 1.44758
171 1.46438
172 1.47208
173 1.48263
174 1.49478
175 1.49746
176 1.50425
177 1.52402
178 1.52766
179 1.53252
180 1.53959
181 1.54209
182 1.5514
183 1.55559
184 1.56764
185 1.57401
186 1.5995
187 1.60573
188 1.6138
189 1.61851
190 1.61971
191 1.62132
192 1.62398
193 1.63016
194 1.63681
195 1.65795
196 1.66162
197 1.67433
198 1.67894
199 1.69083
200 1.69289
201 1.72078
202 1.73594
203 1.7394
204 1.74464
205 1.76191
206 1.76407
207 1.7764
208 1.7833
209 1.78511
210 1.78824
211 1.80379
212 1.8133
213 1.81624
214 1.82209
215 1.82606
216 1.83215
217 1.85595
218 1.86077
219 1.87276
220 1.89896
221 1.90364
222 1.9056
223 1.91263
224 1.9188
225 1.92138
226 1.9316
227 1.93389
228 1.94332
229 1.94602
230 1.95267
231 1.98247
232 1.9857
233 1.98897
234 1.99277
235 2.00178
236 2.02311
237 2.02774
238 2.02969
239 2.03672
240 2.0457
241 2.04916
242 2.05259
243 2.06044
244 2.07892
245 2.08064
246 2.08336
247 2.10353
248 2.11642
249 2.12205
250 2.12963
251 2.13277
252 2.13758
253 2.14182
254 2.14375
255 2.14967
256 2.15369
257 2.16158
258 2.16661
259 2.16883
260 2.18327
261 2.18814
262 2.19592
263 2.19991
264 2.20548
265 2.20826
266 2.22329
267 2.22523
268 2.23565
269 2.26882
270 2.27081
271 2.27249
272 2.27557
273 2.28167
274 2.28337
275 2.28832
276 2.30603
277 2.32325
278 2.33091
279 2.33576
280 2.34687
281 2.35309
282 2.36018
283 2.36504
284 2.36824
285 2.3717
286 2.37393
287 2.37858
288 2.38492
289 2.39121
290 2.39991
291 2.40926
292 2.42356
293 2.42962
294 2.4306
295 2.44341
296 2.45195
297 2.45657
298 2.46715
299 2.47474
300 2.48728
301 2.51131
302 2.53018
303 2.53488
304 2.53929
305 2.54688
306 2.55238
307 2.5621
308 2.56421
309 2.57264
310 2.57402
311 2.58709
312 2.62177
313 2.62724
314 2.63338
315 2.64175
316 2.65173
317 2.65593
318 2.66597
319 2.66724
320 2.67565
321 2.68121
322 2.6824
323 2.6949
324 2.7012
325 2.71779
326 2.72868
327 2.73363
328 2.73897
329 2.75501
330 2.7729
331 2.7886
332 2.80652
333 2.81085
334 2.82227
335 2.82736
336 2.83449
337 2.86107
338 2.86706
339 2.88354
340 2.88966
341 2.89333
342 2.89755
343 2.89996
344 2.91411
345 2.91624
346 2.92293
347 2.93
348 2.932
349 2.93805
350 2.94486
351 2.95499
352 2.96659
353 2.97376
354 2.97731
355 2.98141
