1 0.00373
2 0.00798
3 0.01706
4 0.02246
5 0.02891
6 0.03257
7 0.03718
8 0.04571
9 0.04947
10 0.06848
11 0.08247
12 0.0904
13 0.10326
14 0.10952
15 0.11581
16 0.1349
17 0.14856
18 0.16368
19 0.16837
20 0.17458
21 0.19331
22 0.1977
23 0.19952
24 0.20603
25 0.22529
26 0.22948
27 0.24417
28 0.25744
29 0.27283
30 0.27734
31 0.28059
32 0.29704
33 0.30451
34 0.30765
35 0.31017
36 0.33759
37 0.34332
38 0.34951
39 0.35294
40 0.35682
41 0.35955
42 0.36474
43 0.36914
44 0.38122
45 0.39857
46 0.40153
47 0.40379
48 0.40633
49 0.42705
50 0.43023
51 0.44337
52 0.44493
53 0.45084
54 0.46137
55 0.49255
56 0.50062
57 0.50629
58 0.51173
59 0.51663
60 0.51924
61 0.52235
62 0.53028
63 0.54369
64 0.54647
65 0.55135
66 0.55227
67 0.56176
68 0.57494
69 0.58602
70 0.60312
71 0.61796
72 0.6331
73 0.65608
74 0.6692
75 0.70494
76 0.71234
77 0.73387
78 0.75126
79 0.75301
80 0.76388
81 0.77687
82 0.78419
83 0.78845
84 0.79554
85 0.8144
86 0.81732
87 0.82155
88 0.8312
89 0.84396
90 0.85182
91 0.86202
92 0.86676
93 0.86866
94 0.87828
95 0.90355
96 0.91697
97 0.92009
98 0.93167
99 0.94275
100 0.94943
101 0.95497
102 0.95866
103 0.96295
104 0.96447
105 0.97247
106 0.98196
107 0.99224
108 0.99538
109 1.00192
110 1.01359
111 1.02354
112 1.04337
113 1.04732
114 1.06939
115 1.08011
116 1.08886
117 1.09696
118 1.11959
119 1.12234
120 1.1247
121 1.13535
122 1.1395
123 1.15489
124 1.16568
125 1.1792
126 1.20999
127 1.21446
128 1.21756
129 1.22246
130 1.24208
131 1.24507
132 1.27557
133 1.28798
134 1.29745
135 1.30035
136 1.30755
137 1.32263
138 1.3447
139 1.3567
140 1.361
141 1.37831
142 1.38685
143 1.39367
144 1.3996
145 1.40275
146 1.40486
147 1.41347
148 1.42046
149 1.42897
150 1.43708
151 1.43977
152 1.45242
153 1.46014
154 1.46132
155 1.46771
156 1.47027
157 1.47924
158 1.48537
159 1.49955
160 1.50433
161 1.50796
162 1.52782
163 1.54437
164 1.55653
165 1.56062
166 1.58849
167 1.59131
168 1.59614
169 1.60118
170 1.60611
171 1.61314
172 1.63403
173 1.64357
174 1.64802
175 1.64954
176 1.65783
177 1.65978
178 1.66861
179 1.67605
180 1.69024
181 1.7052
182 1.7179
183 1.7256
184 1.7394
185 1.75007
186 1.76205
187 1.79041
188 1.79765
189 1.80555
190 1.80803
191 1.81061
192 1.81799
193 1.83241
194 1.85281
195 1.85713
196 1.88637
197 1.91047
198 1.93751
199 1.94842
200 1.96365
201 1.97892
202 1.99323
203 1.99798
204 2.00682
205 2.0169
206 2.02518
207 2.0385
208 2.04374
209 2.05355
210 2.05694
211 2.06888
212 2.07198
213 2.07729
214 2.08308
215 2.09778
216 2.10462
217 2.12206
218 2.12496
219 2.1414
220 2.15266
221 2.15454
222 2.16047
223 2.16452
224 2.16621
225 2.18317
226 2.18797
227 2.19552
228 2.19714
229 2.20453
230 2.21025
231 2.21914
232 2.22784
233 2.2489
234 2.26071
235 2.2784
236 2.28056
237 2.28486
238 2.2977
239 2.30129
240 2.30323
241 2.30584
242 2.32365
243 2.32846
244 2.3377
245 2.34501
246 2.35902
247 2.36671
248 2.36862
249 2.38639
250 2.39387
251 2.40164
252 2.41718
253 2.42407
254 2.45052
255 2.45738
256 2.46636
257 2.47411
258 2.48491
259 2.50918
260 2.51632
261 2.54874
262 2.55558
263 2.57811
264 2.58557
265 2.59531
266 2.60395
267 2.60542
268 2.61202
269 2.6161
270 2.6172
271 2.65144
272 2.65476
273 2.66143
274 2.66626
275 2.6759
276 2.68861
277 2.69942
278 2.71283
279 2.7259
280 2.72853
281 2.75029
282 2.76811
283 2.77759
284 2.78483
285 2.79957
286 2.80932
287 2.82239
288 2.82737
289 2.85061
290 2.85295
291 2.87659
292 2.88586
293 2.90277
294 2.91039
295 2.92058
296 2.92721
297 2.93356
298 2.94418
299 2.94895
300 2.95474
301 2.95843
302 2.96575
