1 0.00129
2 0.00724
3 0.00921
4 0.01844
5 0.02469
6 0.0435
7 0.04475
8 0.04854
9 0.06035
10 0.06459
11 0.0682
12 0.07112
13 0.07497
14 0.07638
15 0.08784
16 0.09946
17 0.10048
18 0.10739
19 0.11569
20 0.12307
21 0.13141
22 0.13774
23 0.14124
24 0.14567
25 0.16192
26 0.17023
27 0.17643
28 0.18442
29 0.18711
30 0.19257
31 0.19934
32 0.20681
33 0.21069
34 0.2127
35 0.21767
36 0.22117
37 0.2252
38 0.23097
39 0.24447
40 0.24789
41 0.25527
42 0.26182
43 0.26828
44 0.27066
45 0.27811
46 0.28437
47 0.28946
48 0.29613
49 0.30052
50 0.31619
51 0.32468
52 0.33277
53 0.33908
54 0.34307
55 0.34531
56 0.3473
57 0.35436
58 0.36934
59 0.38357
60 0.39071
61 0.40293
62 0.41095
63 0.42172
64 0.42781
65 0.43349
66 0.44163
67 0.44612
68 0.4503
69 0.45534
70 0.459
71 0.46066
72 0.46268
73 0.47264
74 0.47627
75 0.48731
76 0.49403
77 0.49843
78 0.50152
79 0.50848
80 0.52468
81 0.53061
82 0.54341
83 0.54811
84 0.5732
85 0.58503
86 0.59088
87 0.59544
88 0.59813
89 0.6055
90 0.61088
91 0.63041
92 0.63672
93 0.64059
94 0.64332
95 0.66626
96 0.66725
97 0.67002
98 0.67187
99 0.67607
100 0.67901
101 0.68438
102 0.69657
103 0.69829
104 0.70139
105 0.70592
106 0.70944
107 0.71337
108 0.71588
109 0.73245
110 0.73934
111 0.74287
112 0.74901
113 0.75102
114 0.75315
115 0.75524
116 0.76241
117 0.7735
118 0.77444
119 0.79378
120 0.80102
121 0.80455
122 0.82689
123 0.82981
124 0.83442
125 0.84334
126 0.84668
127 0.84879
128 0.85844
129 0.87705
130 0.87916
131 0.88593
132 0.89619
133 0.91515
134 0.9309
135 0.94175
136 0.94411
137 0.94662
138 0.95091
139 0.962
140 0.96441
141 0.96738
142 0.9766
143 0.98388
144 0.98803
145 0.9897
146 0.99662
147 0.99925
148 1.00074
149 1.00311
150 1.00995
151 1.01401
152 1.02266
153 1.03368
154 1.04841
155 1.05602
156 1.07953
157 1.08382
158 1.09235
159 1.10721
160 1.11067
161 1.13351
162 1.15237
163 1.16673
164 1.17216
165 1.17383
166 1.1774
167 1.18177
168 1.1903
169 1.19231
170 1.19833
171 1.20053
172 1.2049
173 1.20949
174 1.21729
175 1.22216
176 1.22827
177 1.24154
178 1.24585
179 1.24674
180 1.25342
181 1.25868
182 1.26305
183 1.26733
184 1.26937
185 1.27824
186 1.28808
187 1.29268
188 1.30158
189 1.31956
190 1.32661
191 1.33806
192 1.34072
193 1.34285
194 1.34538
195 1.35235
196 1.35378
197 1.38036
198 1.40982
199 1.41747
200 1.43148
201 1.43336
202 1.44174
203 1.4513
204 1.45577
205 1.46175
206 1.46701
207 1.47064
208 1.47386
209 1.47808
210 1.49406
211 1.49944
212 1.50452
213 1.51439
214 1.5202
215 1.53763
216 1.54406
217 1.54851
218 1.54988
219 1.55997
220 1.57173
221 1.58868
222 1.59183
223 1.59538
224 1.62742
225 1.63595
226 1.64005
227 1.64293
228 1.65093
229 1.65294
230 1.66113
231 1.66933
232 1.67853
233 1.68427
234 1.68795
235 1.69642
236 1.70775
237 1.70908
238 1.71772
239 1.72545
240 1.72889
241 1.73306
242 1.74407
243 1.75117
244 1.75353
245 1.75972
246 1.76865
247 1.77154
248 1.77774
249 1.78859
250 1.82257
251 1.8353
252 1.84353
253 1.84726
254 1.85013
255 1.85379
256 1.85748
257 1.86501
258 1.88163
259 1.89437
260 1.90618
261 1.91352
262 1.92524
263 1.92686
264 1.92993
265 1.93133
266 1.94271
267 1.94741
268 1.95667
269 1.96327
270 1.96654
271 1.96826
272 1.97969
273 1.99377
274 2.00045
275 2.00801
276 2.01442
277 2.01959
278 2.03682
279 2.05405
280 2.05905
281 2.07196
282 2.07818
283 2.08724
284 2.09529
285 2.09876
286 2.10093
287 2.13465
288 2.14078
289 2.14406
290 2.16668
291 2.17133
292 2.17833
293 2.18209
294 2.18785
295 2.19956
296 2.2018
297 2.2078
298 2.21282
299 2.21664
300 2.22264
301 2.23802
302 2.24724
303 2.25249
304 2.25376
305 2.25842
306 2.26368
307 2.27033
308 2.27855
309 2.29094
310 2.29613
311 2.30344
312 2.32928
313 2.33484
314 2.34059
315 2.34502
316 2.34998
317 2.35364
318 2.38126
319 2.38775
320 2.41609
321 2.42298
322 2.42801
323 2.43203
324 2.43839
325 2.44118
326 2.44345
327 2.44954
328 2.456
329 2.46137
330 2.4652
331 2.4676
332 2.47791
333 2.49572
334 2.49872
335 2.50254
336 2.50397
337 2.51132
338 2.51606
339 2.52182
340 2.52461
341 2.53336
342 2.54408
343 2.55534
344 2.5652
345 2.58012
346 2.58349
347 2.58889
348 2.59727
349 2.59967
350 2.60081
351 2.61054
352 2.63627
353 2.65189
354 2.66985
355 2.67328
356 2.67608
357 2.68464
358 2.6889
359 2.69616
360 2.71996
361 2.72705
362 2.73216
363 2.74775
364 2.76119
365 2.76875
366 2.77227
367 2.7784
368 2.78835
369 2.79921
370 2.82385
371 2.8338
372 2.83567
373 2.84584
374 2.84978
375 2.86403
376 2.8769
377 2.88042
378 2.89406
379 2.8994
380 2.91694
381 2.92878
382 2.93828
383 2.9456
384 2.95001
385 2.95289
386 2.95542
387 2.95799
388 2.96008
389 2.9619
390 2.96967
391 2.97676
392 2.99085
393 2.99498
394 2.99691
