1 0.00398
2 0.01059
3 0.01962
4 0.02637
5 0.0286
6 0.03429
7 0.04363
8 0.0506
9 0.0537
10 0.05621
11 0.06005
12 0.06161
13 0.07503
14 0.08729
15 0.09813
16 0.10177
17 0.10583
18 0.11495
19 0.11799
20 0.12251
21 0.13172
22 0.13706
23 0.14806
24 0.16568
25 0.17578
26 0.17848
27 0.19119
28 0.19859
29 0.21139
30 0.22024
31 0.23111
32 0.2436
33 0.26283
34 0.26403
35 0.28123
36 0.30409
37 0.31672
38 0.32718
39 0.33987
40 0.34933
41 0.3646
42 0.36856
43 0.38266
44 0.38605
45 0.39282
46 0.42595
47 0.44648
48 0.47675
49 0.50003
50 0.5053
51 0.50767
52 0.51499
53 0.52841
54 0.53558
55 0.54619
56 0.55087
57 0.55495
58 0.57499
59 0.58929
60 0.60175
61 0.60596
62 0.61405
63 0.62544
64 0.65077
65 0.65977
66 0.66474
67 0.6686
68 0.67246
69 0.68075
70 0.68217
71 0.69191
72 0.71057
73 0.72195
74 0.72399
75 0.7396
76 0.75677
77 0.76181
78 0.77431
79 0.78567
80 0.80333
81 0.80951
82 0.81437
83 0.82922
84 0.84438
85 0.86327
86 0.86521
87 0.88436
88 0.89274
89 0.89395
90 0.89649
91 0.91884
92 0.92657
93 0.92943
94 0.93432
95 0.94366
96 0.94926
97 0.95143
98 0.95955
99 0.96475
100 0.97132
101 0.97297
102 0.9809
103 0.98849
104 0.98955
105 0.99175
106 0.99667
107 1.00603
108 1.02829
109 1.03255
110 1.03803
111 1.04114
112 1.05305
113 1.06385
114 1.06871
115 1.07883
116 1.09291
117 1.09676
118 1.10208
119 1.1157
120 1.1194
121 1.13067
122 1.13355
123 1.1385
124 1.15166
125 1.16392
126 1.17682
127 1.19385
128 1.21099
129 1.21402
130 1.22376
131 1.23492
132 1.25794
133 1.25953
134 1.2696
135 1.27563
136 1.28282
137 1.31082
138 1.32512
139 1.32836
140 1.33649
141 1.3452
142 1.34957
143 1.36193
144 1.36566
145 1.3702
146 1.37574
147 1.40294
148 1.40919
149 1.44352
150 1.46479
151 1.49001
152 1.49802
153 1.50734
154 1.512
155 1.5166
156 1.52198
157 1.52337
158 1.53364
159 1.54137
160 1.54293
161 1.56167
162 1.56487
163 1.57216
164 1.58164
165 1.58594
166 1.5986
167 1.61316
168 1.61956
169 1.63369
170 1.64405
171 1.66194
172 1.671
173 1.67649
174 1.68273
175 1.68516
176 1.69475
177 1.70081
178 1.70934
179 1.71276
180 1.71868
181 1.7221
182 1.73551
183 1.74049
184 1.75601
185 1.76219
186 1.76541
187 1.79362
188 1.81138
189 1.81233
190 1.82237
191 1.83758
192 1.84045
193 1.84653
194 1.84942
195 1.86663
196 1.87972
197 1.88937
198 1.89983
199 1.91611
200 1.92481
201 1.9442
202 1.94785
203 1.95305
204 1.96623
205 1.98806
206 1.98944
207 1.99968
208 2.00993
209 2.01486
210 2.01985
211 2.02748
212 2.03258
213 2.05759
214 2.0664
215 2.07326
216 2.0845
217 2.08997
218 2.09457
219 2.11155
220 2.11385
221 2.11687
222 2.11906
223 2.12864
224 2.1407
225 2.14474
226 2.16932
227 2.17892
228 2.18076
229 2.18559
230 2.19249
231 2.19976
232 2.20183
233 2.22026
234 2.24594
235 2.25207
236 2.26325
237 2.27644
238 2.27913
239 2.28779
240 2.30048
241 2.30999
242 2.32935
243 2.33995
244 2.36924
245 2.37295
246 2.37597
247 2.38751
248 2.39022
249 2.39651
250 2.41033
251 2.4134
252 2.41721
253 2.41965
254 2.4235
255 2.42975
256 2.46572
257 2.47084
258 2.47619
259 2.51068
260 2.52532
261 2.52687
262 2.53232
263 2.5722
264 2.58611
265 2.59201
266 2.60544
267 2.61337
268 2.62361
269 2.62871
270 2.64841
271 2.65865
272 2.68764
273 2.71751
274 2.71874
275 2.72721
276 2.72911
277 2.73783
278 2.74568
279 2.7535
280 2.76039
281 2.76768
282 2.77755
283 2.78064
284 2.79245
285 2.80906
286 2.82922
287 2.83289
288 2.84383
289 2.85522
290 2.86058
291 2.86404
292 2.87818
293 2.88904
294 2.89423
295 2.90404
296 2.91443
297 2.92205
298 2.92638
299 2.94142
300 2.95237
301 2.96291
302 2.96644
303 2.9692
304 2.97169
305 2.9735
306 2.9946
