1 0.00374
2 0.00993
3 0.0166
4 0.02327
5 0.0256
6 0.03056
7 0.03851
8 0.04676
9 0.04856
10 0.05194
11 0.05474
12 0.05604
13 0.07475
14 0.08646
15 0.0969
16 0.09858
17 0.10308
18 0.11282
19 0.11555
20 0.12047
21 0.12602
22 0.13813
23 0.14601
24 0.16436
25 0.17423
26 0.18042
27 0.19105
28 0.19633
29 0.20418
30 0.21379
31 0.2283
32 0.23895
33 0.25469
34 0.25572
35 0.27209
36 0.29153
37 0.30572
38 0.32425
39 0.33504
40 0.34494
41 0.35458
42 0.3627
43 0.37195
44 0.37393
45 0.38172
46 0.4152
47 0.43853
48 0.46323
49 0.48417
50 0.48924
51 0.4909
52 0.50175
53 0.51746
54 0.52312
55 0.53045
56 0.53403
57 0.53792
58 0.55448
59 0.57646
60 0.59086
61 0.59382
62 0.59905
63 0.61579
64 0.64121
65 0.6457
66 0.65227
67 0.66144
68 0.66583
69 0.67264
70 0.67436
71 0.68731
72 0.70073
73 0.71029
74 0.71312
75 0.73041
76 0.74053
77 0.74594
78 0.75847
79 0.76973
80 0.78578
81 0.79123
82 0.79541
83 0.8082
84 0.82968
85 0.84269
86 0.84379
87 0.86806
88 0.87424
89 0.87566
90 0.87766
91 0.8958
92 0.90432
93 0.90933
94 0.91323
95 0.91903
96 0.92808
97 0.93118
98 0.9404
99 0.94347
100 0.95035
101 0.95222
102 0.95866
103 0.96209
104 0.96362
105 0.96642
106 0.97558
107 0.98264
108 1.00559
109 1.00905
110 1.01343
111 1.01815
112 1.02758
113 1.0378
114 1.04216
115 1.0512
116 1.07503
117 1.07994
118 1.08534
119 1.08998
120 1.09295
121 1.10398
122 1.10742
123 1.1102
124 1.12153
125 1.13604
126 1.14697
127 1.16532
128 1.17728
129 1.1875
130 1.19968
131 1.20472
132 1.22924
133 1.23137
134 1.24212
135 1.24818
136 1.25432
137 1.27832
138 1.29293
139 1.29748
140 1.30549
141 1.32196
142 1.32579
143 1.33352
144 1.33641
145 1.34138
146 1.34635
147 1.36916
148 1.37294
149 1.40572
150 1.42977
151 1.45376
152 1.45914
153 1.47555
154 1.47907
155 1.48323
156 1.48814
157 1.48944
158 1.50151
159 1.50842
160 1.50997
161 1.52604
162 1.53016
163 1.53467
164 1.54392
165 1.54931
166 1.5661
167 1.57899
168 1.5851
169 1.59517
170 1.60196
171 1.61774
172 1.62706
173 1.63681
174 1.64318
175 1.64468
176 1.64995
177 1.66117
178 1.66425
179 1.6697
180 1.67573
181 1.67744
182 1.69117
183 1.69839
184 1.7075
185 1.71603
186 1.72817
187 1.75063
188 1.76851
189 1.76954
190 1.77705
191 1.79198
192 1.79529
193 1.80404
194 1.80642
195 1.82589
196 1.835
197 1.84458
198 1.85309
199 1.86914
200 1.87489
201 1.89554
202 1.89881
203 1.90607
204 1.91487
205 1.94234
206 1.94401
207 1.95297
208 1.96241
209 1.96929
210 1.98039
211 1.98839
212 1.99345
213 2.0136
214 2.02186
215 2.02926
216 2.03996
217 2.04322
218 2.04861
219 2.05574
220 2.05835
221 2.06282
222 2.06863
223 2.07607
224 2.08543
225 2.08882
226 2.1153
227 2.12583
228 2.1268
229 2.13826
230 2.14125
231 2.14438
232 2.14721
233 2.16803
234 2.19638
235 2.2003
236 2.21212
237 2.23067
238 2.2337
239 2.24199
240 2.2547
241 2.26069
242 2.2772
243 2.29214
244 2.31357
245 2.3255
246 2.32851
247 2.33615
248 2.33878
249 2.3435
250 2.3495
251 2.35267
252 2.36307
253 2.3664
254 2.36984
255 2.37676
256 2.40678
257 2.41241
258 2.41753
259 2.45114
260 2.46319
261 2.46696
262 2.47965
263 2.51327
264 2.52904
265 2.53417
266 2.54633
267 2.55062
268 2.57044
269 2.57731
270 2.59328
271 2.60018
272 2.63176
273 2.66424
274 2.66554
275 2.67314
276 2.677
277 2.68911
278 2.69556
279 2.69805
280 2.70604
281 2.71345
282 2.73152
283 2.73448
284 2.74342
285 2.7577
286 2.77561
287 2.77876
288 2.78821
289 2.79668
290 2.79776
291 2.80219
292 2.82695
293 2.83824
294 2.84132
295 2.84725
296 2.8572
297 2.8693
298 2.87451
299 2.88928
300 2.89594
301 2.91071
302 2.91558
303 2.91812
304 2.91994
305 2.92148
306 2.94348
307 2.9499
308 2.95333
309 2.95488
310 2.95999
311 2.98399
312 2.98827
313 2.99626
