1 0.00208
2 0.01427
3 0.01823
4 0.0209
5 0.03123
6 0.03409
7 0.0356
8 0.03838
9 0.0444
10 0.05137
11 0.05367
12 0.06142
13 0.06534
14 0.08492
15 0.08771
16 0.09492
17 0.09958
18 0.11123
19 0.12481
20 0.14085
21 0.14776
22 0.15363
23 0.17147
24 0.17369
25 0.19887
26 0.20417
27 0.21214
28 0.21848
29 0.23465
30 0.23952
31 0.24227
32 0.2448
33 0.26548
34 0.27415
35 0.28156
36 0.29028
37 0.29488
38 0.29616
39 0.30186
40 0.31636
41 0.32502
42 0.34081
43 0.34365
44 0.35248
45 0.35727
46 0.36651
47 0.38128
48 0.39463
49 0.3961
50 0.41909
51 0.42302
52 0.43479
53 0.44015
54 0.44179
55 0.45335
56 0.45707
57 0.45973
58 0.4882
59 0.4904
60 0.49969
61 0.51094
62 0.53125
63 0.53718
64 0.54266
65 0.55185
66 0.55916
67 0.56601
68 0.57089
69 0.58218
70 0.58911
71 0.59667
72 0.61126
73 0.62242
74 0.62937
75 0.65226
76 0.66181
77 0.66874
78 0.68149
79 0.68897
80 0.69313
81 0.69472
82 0.70612
83 0.71097
84 0.71381
85 0.7219
86 0.72713
87 0.73727
88 0.73917
89 0.76511
90 0.7683
91 0.77503
92 0.78206
93 0.8011
94 0.80382
95 0.80685
96 0.8275
97 0.83965
98 0.85296
99 0.86597
100 0.88088
101 0.8872
102 0.90176
103 0.90438
104 0.90894
105 0.91019
106 0.91494
107 0.92407
108 0.92907
109 0.934
110 0.94634
111 0.95951
112 0.96411
113 0.97545
114 0.98147
115 0.98388
116 0.98656
117 0.99402
118 1.00512
119 1.02181
120 1.02769
121 1.05501
122 1.06806
123 1.07112
124 1.08795
125 1.08967
126 1.09438
127 1.09601
128 1.10324
129 1.1067
130 1.11833
131 1.13534
132 1.14816
133 1.15743
134 1.16724
135 1.17461
136 1.18422
137 1.1895
138 1.20052
139 1.22678
140 1.23019
141 1.24124
142 1.24666
143 1.24955
144 1.25115
145 1.26082
146 1.26373
147 1.26685
148 1.27022
149 1.27421
150 1.28495
151 1.29144
152 1.29493
153 1.29829
154 1.3024
155 1.30555
156 1.31365
157 1.33053
158 1.34067
159 1.34928
160 1.35716
161 1.37268
162 1.38414
163 1.39382
164 1.40367
165 1.42828
166 1.43718
167 1.44353
168 1.45535
169 1.46165
170 1.46419
171 1.47265
172 1.47993
173 1.48725
174 1.48918
175 1.49279
176 1.50494
177 1.50669
178 1.51565
179 1.52032
180 1.52185
181 1.52438
182 1.53068
183 1.53522
184 1.53666
185 1.54034
186 1.56062
187 1.56259
188 1.57029
189 1.58184
190 1.58906
191 1.59573
192 1.60272
193 1.61916
194 1.62663
195 1.63039
196 1.6468
197 1.67327
198 1.68138
199 1.68738
200 1.70781
201 1.709
202 1.71288
203 1.71945
204 1.72558
205 1.74218
206 1.74465
207 1.75077
208 1.75757
209 1.76075
210 1.76415
211 1.76852
212 1.77091
213 1.79528
214 1.80621
215 1.83791
216 1.84126
217 1.85925
218 1.8749
219 1.8825
220 1.88525
221 1.89266
222 1.8959
223 1.9051
224 1.93088
225 1.93778
226 1.94102
227 1.958
228 1.96707
229 1.98301
230 1.99391
231 2.00395
232 2.00774
233 2.01623
234 2.0223
235 2.02509
236 2.03572
237 2.03962
238 2.05083
239 2.05292
240 2.0607
241 2.06481
242 2.07136
243 2.07935
244 2.08535
245 2.10028
246 2.12198
247 2.13121
248 2.1361
249 2.13881
250 2.16196
251 2.16675
252 2.17432
253 2.17612
254 2.18153
255 2.18433
256 2.21253
257 2.2156
258 2.22048
259 2.22811
260 2.23962
261 2.25724
262 2.27052
263 2.27911
264 2.28222
265 2.28729
266 2.30195
267 2.31266
268 2.32174
269 2.32765
270 2.33025
271 2.33214
272 2.34225
273 2.35424
274 2.3818
275 2.38324
276 2.39093
277 2.39328
278 2.40971
279 2.41876
280 2.42677
281 2.44959
282 2.45179
283 2.45274
284 2.45471
285 2.46333
286 2.4792
287 2.49132
288 2.49916
289 2.5014
290 2.50838
291 2.52071
292 2.52343
293 2.55018
294 2.56288
295 2.57696
296 2.59041
297 2.5977
298 2.60157
299 2.60741
300 2.61868
301 2.62347
302 2.63113
303 2.64448
304 2.64732
305 2.64886
306 2.6531
307 2.66911
308 2.67486
309 2.69073
310 2.69787
311 2.7101
312 2.72045
313 2.73321
314 2.75059
315 2.75213
316 2.7629
317 2.76619
318 2.77277
319 2.77561
320 2.78782
321 2.79273
322 2.81144
323 2.82352
324 2.83468
325 2.86227
326 2.86668
327 2.87827
328 2.88375
329 2.88731
330 2.90461
331 2.90987
332 2.91505
333 2.93161
334 2.94537
335 2.94681
336 2.94784
337 2.95353
338 2.9583
339 2.96311
340 2.97515
341 2.98089
