1 0.00228
2 0.00332
3 0.00829
4 0.01529
5 0.02026
6 0.02143
7 0.02323
8 0.02756
9 0.03406
10 0.03533
11 0.04312
12 0.04557
13 0.04976
14 0.05524
15 0.06416
16 0.06965
17 0.07157
18 0.08842
19 0.09171
20 0.09393
21 0.09852
22 0.1083
23 0.10917
24 0.11218
25 0.11901
26 0.12401
27 0.12489
28 0.12848
29 0.13611
30 0.14737
31 0.15147
32 0.15852
33 0.16294
34 0.16888
35 0.17317
36 0.18151
37 0.18459
38 0.19106
39 0.21157
40 0.24346
41 0.24581
42 0.25084
43 0.25498
44 0.26636
45 0.27194
46 0.27529
47 0.28205
48 0.28574
49 0.29483
50 0.29749
51 0.30747
52 0.31337
53 0.31628
54 0.32208
55 0.32732
56 0.3287
57 0.33585
58 0.33858
59 0.34611
60 0.34903
61 0.355
62 0.36671
63 0.37219
64 0.3759
65 0.38135
66 0.40349
67 0.42568
68 0.43502
69 0.44225
70 0.45637
71 0.45998
72 0.46458
73 0.49776
74 0.50088
75 0.50186
76 0.50515
77 0.50795
78 0.52191
79 0.52758
80 0.53123
81 0.53979
82 0.54089
83 0.54954
84 0.55443
85 0.55998
86 0.56895
87 0.58243
88 0.58738
89 0.60518
90 0.6087
91 0.62291
92 0.62771
93 0.63246
94 0.63486
95 0.64377
96 0.65675
97 0.66081
98 0.66613
99 0.67355
100 0.67615
101 0.6835
102 0.68691
103 0.69084
104 0.70598
105 0.7104
106 0.71822
107 0.72079
108 0.72297
109 0.74722
110 0.74885
111 0.75095
112 0.75754
113 0.75923
114 0.77109
115 0.77567
116 0.78899
117 0.79481
118 0.79647
119 0.80141
120 0.80606
121 0.8092
122 0.81056
123 0.81816
124 0.8281
125 0.83545
126 0.84808
127 0.85017
128 0.85455
129 0.86386
130 0.88811
131 0.89861
132 0.90649
133 0.91439
134 0.91984
135 0.92145
136 0.92819
137 0.93894
138 0.94394
139 0.95849
140 0.95978
141 0.96749
142 0.98362
143 0.99896
144 1.00176
145 1.01633
146 1.02255
147 1.0244
148 1.02598
149 1.02923
150 1.03115
151 1.03552
152 1.04189
153 1.04473
154 1.05461
155 1.06849
156 1.08977
157 1.09383
158 1.09588
159 1.10468
160 1.10769
161 1.10863
162 1.114
163 1.11898
164 1.12636
165 1.12873
166 1.13201
167 1.13354
168 1.15779
169 1.15935
170 1.16058
171 1.16846
172 1.17018
173 1.17516
174 1.18718
175 1.18897
176 1.20886
177 1.21383
178 1.22935
179 1.24044
180 1.248
181 1.25206
182 1.25331
183 1.26826
184 1.27311
185 1.27769
186 1.28213
187 1.28706
188 1.29006
189 1.29657
190 1.3
191 1.30599
192 1.30943
193 1.31266
194 1.31944
195 1.33279
196 1.34236
197 1.35658
198 1.36154
199 1.36523
200 1.36804
201 1.38441
202 1.39183
203 1.40479
204 1.40664
205 1.40881
206 1.41124
207 1.41432
208 1.41831
209 1.42109
210 1.43696
211 1.4414
212 1.45782
213 1.45921
214 1.46127
215 1.46583
216 1.46882
217 1.49204
218 1.49911
219 1.52281
220 1.52391
221 1.52552
222 1.53974
223 1.54305
224 1.54446
225 1.55013
226 1.56267
227 1.56525
228 1.56893
229 1.57279
230 1.58746
231 1.59257
232 1.5969
233 1.59996
234 1.60477
235 1.61183
236 1.61343
237 1.62551
238 1.62929
239 1.63316
240 1.63447
241 1.64538
242 1.6563
243 1.66695
244 1.67352
245 1.6794
246 1.68216
247 1.69534
248 1.70446
249 1.70787
250 1.71547
251 1.7181
252 1.73794
253 1.74669
254 1.75046
255 1.75988
256 1.77002
257 1.77112
258 1.77479
259 1.77679
260 1.77921
261 1.78792
262 1.79061
263 1.79599
264 1.7991
265 1.80375
266 1.8069
267 1.81582
268 1.82211
269 1.83735
270 1.85023
271 1.86003
272 1.87987
273 1.88422
274 1.90306
275 1.91301
276 1.92186
277 1.92651
278 1.92795
279 1.93554
280 1.94007
281 1.94598
282 1.95511
283 1.9579
284 1.96057
285 1.9629
286 1.96629
287 1.97106
288 1.99138
289 1.99889
290 2.00502
291 2.01215
292 2.02105
293 2.02859
294 2.03109
295 2.0333
296 2.03617
297 2.04457
298 2.04764
299 2.04894
300 2.05624
301 2.06446
302 2.06795
303 2.07698
304 2.08327
305 2.08717
306 2.08846
307 2.09124
308 2.09465
309 2.1021
310 2.10543
311 2.11167
312 2.12505
313 2.15336
314 2.15977
315 2.16215
316 2.16382
317 2.17303
318 2.17649
319 2.18018
320 2.19492
321 2.20849
322 2.21662
323 2.21984
324 2.22194
325 2.24631
326 2.25014
327 2.26055
328 2.26692
329 2.26828
330 2.2803
331 2.2964
332 2.30302
333 2.3091
334 2.31693
335 2.3224
336 2.34095
337 2.34502
338 2.35044
339 2.36819
340 2.37687
341 2.37875
342 2.38704
343 2.4079
344 2.41745
345 2.42354
346 2.45517
347 2.45767
348 2.4613
349 2.47149
350 2.47687
351 2.49252
352 2.4942
353 2.49892
354 2.50823
355 2.52101
356 2.52686
357 2.52997
358 2.54096
359 2.54789
360 2.56369
361 2.56636
362 2.58833
363 2.59697
364 2.60261
365 2.60876
366 2.62191
367 2.63133
368 2.63502
369 2.65504
370 2.65653
371 2.65911
372 2.6713
373 2.67569
374 2.67829
375 2.68818
376 2.69723
377 2.71189
378 2.7176
379 2.72553
380 2.72677
381 2.7351
382 2.74685
383 2.75941
384 2.7732
385 2.78204
386 2.78815
387 2.7947
388 2.81829
389 2.8366
390 2.83877
391 2.8411
392 2.84577
393 2.85885
394 2.86246
395 2.87366
396 2.87875
397 2.88503
398 2.89977
399 2.90401
400 2.90964
401 2.91804
402 2.92627
403 2.93737
404 2.9569
405 2.96056
406 2.97042
407 2.98063
408 2.99067
