1 0.00124
2 0.01137
3 0.02241
4 0.03937
5 0.04354
6 0.07952
7 0.08604
8 0.09053
9 0.09637
10 0.09849
11 0.1016
12 0.11362
13 0.1168
14 0.12194
15 0.12709
16 0.13235
17 0.13596
18 0.16224
19 0.16452
20 0.16929
21 0.17679
22 0.18125
23 0.18508
24 0.18904
25 0.19128
26 0.19537
27 0.19877
28 0.20796
29 0.2161
30 0.21892
31 0.22557
32 0.23081
33 0.24961
34 0.25321
35 0.25678
36 0.26671
37 0.28993
38 0.30217
39 0.30426
40 0.32996
41 0.33544
42 0.33809
43 0.34042
44 0.34384
45 0.34722
46 0.35098
47 0.3635
48 0.36445
49 0.3664
50 0.37073
51 0.375
52 0.37944
53 0.38279
54 0.38503
55 0.40756
56 0.40949
57 0.41441
58 0.42436
59 0.4276
60 0.43148
61 0.44316
62 0.44855
63 0.45115
64 0.46181
65 0.46395
66 0.46718
67 0.47115
68 0.4861
69 0.49646
70 0.49881
71 0.50068
72 0.50213
73 0.50876
74 0.51068
75 0.52178
76 0.54191
77 0.54401
78 0.54845
79 0.55702
80 0.58745
81 0.58947
82 0.5918
83 0.60265
84 0.60383
85 0.62113
86 0.62829
87 0.64483
88 0.65514
89 0.6724
90 0.67585
91 0.68006
92 0.69135
93 0.69587
94 0.69983
95 0.70978
96 0.71147
97 0.71882
98 0.72713
99 0.72867
100 0.73418
101 0.74267
102 0.75578
103 0.7575
104 0.78772
105 0.78969
106 0.79632
107 0.80065
108 0.8305
109 0.83771
110 0.84704
111 0.85157
112 0.86163
113 0.8729
114 0.87438
115 0.88509
116 0.88986
117 0.89381
118 0.89722
119 0.90996
120 0.92334
121 0.93244
122 0.94366
123 0.9523
124 0.95462
125 0.9594
126 0.96771
127 0.99155
128 0.99909
129 1.00202
130 1.01423
131 1.02288
132 1.02545
133 1.03993
134 1.04838
135 1.05144
136 1.05998
137 1.08472
138 1.08936
139 1.09471
140 1.09925
141 1.10706
142 1.10883
143 1.11051
144 1.11862
145 1.1215
146 1.12884
147 1.13261
148 1.13968
149 1.16262
150 1.17592
151 1.17794
152 1.18363
153 1.18624
154 1.1926
155 1.19657
156 1.20431
157 1.20522
158 1.22212
159 1.2354
160 1.2434
161 1.2511
162 1.25376
163 1.2561
164 1.26499
165 1.28895
166 1.3018
167 1.3319
168 1.33453
169 1.33665
170 1.34352
171 1.35451
172 1.36719
173 1.37245
174 1.38479
175 1.39308
176 1.39841
177 1.41027
178 1.42222
179 1.42466
180 1.42744
181 1.43056
182 1.43535
183 1.45483
184 1.46348
185 1.46947
186 1.48243
187 1.48923
188 1.49707
189 1.50038
190 1.51276
191 1.53856
192 1.54435
193 1.54936
194 1.55346
195 1.55579
196 1.5838
197 1.58759
198 1.58971
199 1.59403
200 1.60386
201 1.60651
202 1.60815
203 1.61728
204 1.62591
205 1.63365
206 1.63976
207 1.64737
208 1.66067
209 1.67653
210 1.68628
211 1.69026
212 1.6946
213 1.69739
214 1.70159
215 1.71109
216 1.71752
217 1.72575
218 1.74025
219 1.74601
220 1.75573
221 1.77595
222 1.77885
223 1.79418
224 1.79572
225 1.80115
226 1.82796
227 1.82955
228 1.83869
229 1.8456
230 1.85007
231 1.85448
232 1.86145
233 1.87679
234 1.88221
235 1.89459
236 1.89853
237 1.92721
238 1.92894
239 1.93743
240 1.93978
241 1.94568
242 1.95825
243 1.98377
244 1.99155
245 1.99808
246 2.00946
247 2.02722
248 2.03707
249 2.04811
250 2.05746
251 2.0776
252 2.08357
253 2.08518
254 2.09047
255 2.10993
256 2.11551
257 2.12158
258 2.12465
259 2.13656
260 2.13997
261 2.14426
262 2.14803
263 2.16279
264 2.174
265 2.17559
266 2.17911
267 2.18787
268 2.18957
269 2.1996
270 2.2016
271 2.20581
272 2.20708
273 2.21473
274 2.2179
275 2.22439
276 2.23982
277 2.25506
278 2.26304
279 2.2749
280 2.291
281 2.29675
282 2.30427
283 2.31981
284 2.33245
285 2.33629
286 2.34277
287 2.34682
288 2.35424
289 2.35677
290 2.36911
291 2.37718
292 2.38299
293 2.38729
294 2.39104
295 2.3925
296 2.41104
297 2.41918
298 2.42154
299 2.43118
300 2.44011
301 2.45568
302 2.46092
303 2.46778
304 2.46906
305 2.48562
306 2.49153
307 2.49297
308 2.50155
309 2.5109
310 2.51358
311 2.52573
312 2.52861
313 2.53651
314 2.54506
315 2.54852
316 2.55281
317 2.5597
318 2.58024
319 2.59042
320 2.59198
321 2.60056
322 2.62601
323 2.62957
324 2.63442
325 2.67141
326 2.6747
327 2.683
328 2.68487
329 2.68888
330 2.69263
331 2.70134
332 2.70306
333 2.70565
334 2.7079
335 2.71264
336 2.72124
337 2.72477
338 2.73343
339 2.74138
340 2.74324
341 2.75648
342 2.75824
343 2.80238
344 2.80437
345 2.80666
346 2.82791
347 2.83765
348 2.83888
349 2.84171
350 2.85408
351 2.85543
352 2.85944
353 2.86126
354 2.87224
355 2.87852
356 2.88859
357 2.88945
358 2.89441
359 2.92956
360 2.93116
361 2.93304
362 2.93798
363 2.94786
364 2.95535
365 2.96074
366 2.96482
367 2.96825
368 2.97948
369 2.9854
