1 0.0081
2 0.02764
3 0.03407
4 0.03793
5 0.0483
6 0.06221
7 0.06441
8 0.06759
9 0.07911
10 0.08302
11 0.09034
12 0.09604
13 0.099
14 0.11639
15 0.12155
16 0.12582
17 0.12809
18 0.13043
19 0.13531
20 0.13826
21 0.15793
22 0.16139
23 0.16393
24 0.18057
25 0.18468
26 0.19047
27 0.20081
28 0.2116
29 0.21714
30 0.2278
31 0.26565
32 0.27133
33 0.28574
34 0.30259
35 0.31209
36 0.31972
37 0.32102
38 0.3294
39 0.34759
40 0.3526
41 0.35564
42 0.35796
43 0.36417
44 0.37131
45 0.38263
46 0.38696
47 0.38935
48 0.39338
49 0.39919
50 0.41124
51 0.41359
52 0.4182
53 0.42169
54 0.42987
55 0.43423
56 0.43849
57 0.44074
58 0.44951
59 0.45305
60 0.46877
61 0.4763
62 0.4822
63 0.48725
64 0.49485
65 0.49926
66 0.51228
67 0.5187
68 0.53666
69 0.54923
70 0.55745
71 0.56658
72 0.58022
73 0.58626
74 0.59188
75 0.61645
76 0.61859
77 0.62224
78 0.62991
79 0.63536
80 0.63731
81 0.64211
82 0.65332
83 0.65845
84 0.67767
85 0.67905
86 0.69151
87 0.70424
88 0.71685
89 0.72829
90 0.73917
91 0.74557
92 0.75932
93 0.77519
94 0.77951
95 0.79629
96 0.80884
97 0.83373
98 0.83978
99 0.85428
100 0.85734
101 0.86079
102 0.87195
103 0.87364
104 0.88317
105 0.89772
106 0.89858
107 0.91143
108 0.93626
109 0.93713
110 0.93839
111 0.94318
112 0.94497
113 0.95753
114 0.97619
115 0.98511
116 0.98939
117 0.99225
118 1.01669
119 1.02455
120 1.03808
121 1.0423
122 1.0562
123 1.0583
124 1.07389
125 1.08099
126 1.09548
127 1.12003
128 1.14617
129 1.14946
130 1.17567
131 1.17784
132 1.18727
133 1.19288
134 1.19947
135 1.21144
136 1.21899
137 1.22511
138 1.24745
139 1.26101
140 1.29705
141 1.30344
142 1.30552
143 1.32588
144 1.33073
145 1.34705
146 1.35186
147 1.36214
148 1.37303
149 1.38658
150 1.39005
151 1.43201
152 1.4367
153 1.45517
154 1.45689
155 1.46997
156 1.4865
157 1.50301
158 1.52218
159 1.52979
160 1.53589
161 1.55036
162 1.56175
163 1.56487
164 1.57008
165 1.5712
166 1.58146
167 1.58722
168 1.59888
169 1.60539
170 1.60748
171 1.61066
172 1.61353
173 1.62678
174 1.63136
175 1.63881
176 1.67613
177 1.6925
178 1.71958
179 1.72648
180 1.73105
181 1.7332
182 1.73954
183 1.74658
184 1.7538
185 1.75972
186 1.77614
187 1.79013
188 1.79183
189 1.79429
190 1.82139
191 1.83108
192 1.83507
193 1.8524
194 1.87181
195 1.87563
196 1.8783
197 1.88284
198 1.88772
199 1.8947
200 1.92928
201 1.93183
202 1.94797
203 1.95045
204 1.95308
205 1.9789
206 1.98666
207 2.01312
208 2.01668
209 2.02436
210 2.03448
211 2.05123
212 2.05472
213 2.0585
214 2.06567
215 2.082
216 2.08342
217 2.10239
218 2.11139
219 2.11356
220 2.12448
221 2.1284
222 2.16011
223 2.16205
224 2.16864
225 2.17836
226 2.19464
227 2.21179
228 2.2182
229 2.22194
230 2.24228
231 2.27324
232 2.28007
233 2.28213
234 2.28444
235 2.29044
236 2.293
237 2.29509
238 2.30303
239 2.3124
240 2.31431
241 2.33488
242 2.35864
243 2.36013
244 2.36396
245 2.37571
246 2.38379
247 2.39346
248 2.40381
249 2.40529
250 2.40957
251 2.42896
252 2.45422
253 2.45878
254 2.47468
255 2.47845
256 2.48768
257 2.49236
258 2.51174
259 2.53571
260 2.54668
261 2.55685
262 2.58304
263 2.58962
264 2.60797
265 2.60954
266 2.61903
267 2.63885
268 2.64423
269 2.66509
270 2.67109
271 2.69224
272 2.70635
273 2.71257
274 2.72085
275 2.72333
276 2.72451
277 2.73134
278 2.73459
279 2.73937
280 2.74385
281 2.76592
282 2.77465
283 2.77936
284 2.79456
285 2.80116
286 2.82066
287 2.82998
288 2.84903
289 2.85643
290 2.85953
291 2.8609
292 2.8694
293 2.87354
294 2.89174
295 2.90645
296 2.91687
297 2.92644
298 2.93249
299 2.93833
300 2.94985
301 2.95532
302 2.957
303 2.97698
304 2.98578
