1 0.00366
2 0.00482
3 0.01277
4 0.02127
5 0.02801
6 0.03068
7 0.03198
8 0.04806
9 0.05918
10 0.08735
11 0.09813
12 0.10304
13 0.11018
14 0.11202
15 0.11591
16 0.12308
17 0.12901
18 0.13465
19 0.14315
20 0.14601
21 0.16052
22 0.16601
23 0.17853
24 0.20135
25 0.21102
26 0.22159
27 0.22784
28 0.25066
29 0.25602
30 0.25935
31 0.26318
32 0.26478
33 0.27265
34 0.27412
35 0.29884
36 0.31442
37 0.32157
38 0.32409
39 0.33142
40 0.34346
41 0.34473
42 0.34622
43 0.34818
44 0.35719
45 0.36141
46 0.3647
47 0.36689
48 0.3731
49 0.38091
50 0.38613
51 0.38855
52 0.39407
53 0.39774
54 0.40291
55 0.40611
56 0.4116
57 0.4248
58 0.42691
59 0.45858
60 0.46403
61 0.46869
62 0.47636
63 0.49321
64 0.51135
65 0.52702
66 0.53606
67 0.55417
68 0.56702
69 0.57239
70 0.59209
71 0.59561
72 0.6046
73 0.60795
74 0.61527
75 0.6237
76 0.62833
77 0.631
78 0.64088
79 0.65116
80 0.66315
81 0.68733
82 0.69544
83 0.70395
84 0.71041
85 0.71796
86 0.72377
87 0.74102
88 0.74947
89 0.75573
90 0.75987
91 0.7635
92 0.77339
93 0.77935
94 0.78276
95 0.7948
96 0.8057
97 0.81306
98 0.83086
99 0.84804
100 0.8573
101 0.86421
102 0.87135
103 0.88615
104 0.89
105 0.90019
106 0.9019
107 0.90594
108 0.90839
109 0.92214
110 0.95025
111 0.95461
112 0.95769
113 0.96127
114 0.97829
115 1.00394
116 1.01807
117 1.0285
118 1.05625
119 1.07498
120 1.08553
121 1.10067
122 1.10555
123 1.10934
124 1.12687
125 1.13691
126 1.15083
127 1.1537
128 1.1671
129 1.18129
130 1.18503
131 1.18712
132 1.19063
133 1.20395
134 1.21673
135 1.22631
136 1.24701
137 1.26702
138 1.26992
139 1.27394
140 1.2819
141 1.28432
142 1.29634
143 1.30242
144 1.30468
145 1.30702
146 1.33
147 1.33955
148 1.35127
149 1.35447
150 1.36035
151 1.38762
152 1.40004
153 1.41311
154 1.419
155 1.42404
156 1.44503
157 1.45873
158 1.465
159 1.46788
160 1.49313
161 1.49719
162 1.52093
163 1.52354
164 1.54322
165 1.55081
166 1.55218
167 1.56866
168 1.58662
169 1.5916
170 1.59803
171 1.60771
172 1.6128
173 1.61546
174 1.62183
175 1.62625
176 1.63613
177 1.64463
178 1.65083
179 1.66447
180 1.66886
181 1.67325
182 1.67515
183 1.67995
184 1.6856
185 1.69384
186 1.69727
187 1.71197
188 1.75448
189 1.7673
190 1.7717
191 1.77614
192 1.78625
193 1.80041
194 1.8016
195 1.82184
196 1.82579
197 1.86349
198 1.86964
199 1.87169
200 1.88038
201 1.88244
202 1.88375
203 1.89046
204 1.89814
205 1.91558
206 1.92098
207 1.92796
208 1.96303
209 1.97216
210 2.00691
211 2.0091
212 2.02079
213 2.02932
214 2.03601
215 2.04193
216 2.04893
217 2.05136
218 2.05551
219 2.06238
220 2.09862
221 2.11925
222 2.12635
223 2.13331
224 2.13828
225 2.14691
226 2.15335
227 2.16078
228 2.18035
229 2.1951
230 2.20645
231 2.21208
232 2.21894
233 2.22518
234 2.24324
235 2.25381
236 2.25606
237 2.27166
238 2.2787
239 2.28902
240 2.30126
241 2.30443
242 2.31306
243 2.31784
244 2.32939
245 2.33789
246 2.34146
247 2.35268
248 2.37536
249 2.37834
250 2.38604
251 2.38763
252 2.4059
253 2.41881
254 2.42717
255 2.43083
256 2.45571
257 2.4573
258 2.46412
259 2.47229
260 2.48336
261 2.50486
262 2.5163
263 2.52052
264 2.52719
265 2.54703
266 2.55285
267 2.55706
268 2.56415
269 2.56678
270 2.57138
271 2.59617
272 2.59754
273 2.59963
274 2.60516
275 2.6078
276 2.61383
277 2.61939
278 2.62823
279 2.64275
280 2.64543
281 2.64725
282 2.66316
283 2.67005
284 2.68367
285 2.70562
286 2.71168
287 2.71453
288 2.71562
289 2.72036
290 2.7334
291 2.73535
292 2.7498
293 2.75283
294 2.75792
295 2.80721
296 2.80936
297 2.81126
298 2.81584
299 2.82027
300 2.82553
301 2.82774
302 2.8421
303 2.8521
304 2.86267
305 2.86974
306 2.88609
307 2.89313
308 2.9028
309 2.90937
310 2.91123
311 2.9181
312 2.92217
313 2.9519
314 2.97069
315 2.97368
316 2.98596
