1 0.00292
2 0.00861
3 0.01484
4 0.01829
5 0.02294
6 0.02739
7 0.03014
8 0.03454
9 0.03869
10 0.04896
11 0.05461
12 0.0566
13 0.05892
14 0.06291
15 0.07776
16 0.08521
17 0.09075
18 0.09475
19 0.10219
20 0.10486
21 0.10949
22 0.11294
23 0.11894
24 0.12102
25 0.12682
26 0.12857
27 0.13801
28 0.14074
29 0.14658
30 0.15498
31 0.15711
32 0.15987
33 0.17267
34 0.17438
35 0.17831
36 0.19646
37 0.20963
38 0.21236
39 0.23313
40 0.23829
41 0.24867
42 0.2585
43 0.26443
44 0.27103
45 0.27266
46 0.27367
47 0.27594
48 0.27977
49 0.28218
50 0.28346
51 0.29267
52 0.29815
53 0.30801
54 0.32246
55 0.326
56 0.3358
57 0.34315
58 0.36081
59 0.36546
60 0.37204
61 0.37376
62 0.38626
63 0.39525
64 0.40481
65 0.411
66 0.42032
67 0.423
68 0.42927
69 0.4452
70 0.44718
71 0.45224
72 0.45649
73 0.472
74 0.47467
75 0.49306
76 0.498
77 0.50655
78 0.50922
79 0.52069
80 0.52401
81 0.52748
82 0.53476
83 0.54089
84 0.54612
85 0.55813
86 0.56108
87 0.58032
88 0.5843
89 0.5877
90 0.60292
91 0.6051
92 0.61176
93 0.61586
94 0.62487
95 0.63379
96 0.64433
97 0.64768
98 0.65244
99 0.65516
100 0.65889
101 0.66238
102 0.66572
103 0.67558
104 0.67714
105 0.68914
106 0.69795
107 0.70385
108 0.70693
109 0.72336
110 0.73113
111 0.73487
112 0.76028
113 0.7727
114 0.77897
115 0.78478
116 0.79154
117 0.79878
118 0.8023
119 0.82646
120 0.83114
121 0.83614
122 0.83826
123 0.84552
124 0.85331
125 0.86903
126 0.8713
127 0.8807
128 0.88833
129 0.89803
130 0.90771
131 0.91895
132 0.92762
133 0.93824
134 0.95056
135 0.95396
136 0.9554
137 0.96641
138 0.96802
139 0.96997
140 0.97422
141 0.97917
142 0.98144
143 0.98538
144 0.99466
145 1.00685
146 1.00898
147 1.01413
148 1.01596
149 1.02246
150 1.03073
151 1.03299
152 1.04281
153 1.04784
154 1.05065
155 1.0554
156 1.06189
157 1.06853
158 1.0708
159 1.0851
160 1.08931
161 1.09261
162 1.09606
163 1.10261
164 1.11065
165 1.11338
166 1.11683
167 1.12143
168 1.12952
169 1.13304
170 1.13544
171 1.14299
172 1.14722
173 1.15652
174 1.16588
175 1.17011
176 1.17107
177 1.17939
178 1.18708
179 1.19751
180 1.20315
181 1.21747
182 1.21916
183 1.22422
184 1.22726
185 1.23038
186 1.24248
187 1.24904
188 1.27033
189 1.2765
190 1.2856
191 1.28929
192 1.29179
193 1.31585
194 1.31998
195 1.32578
196 1.32797
197 1.33816
198 1.35186
199 1.35617
200 1.36046
201 1.3662
202 1.37243
203 1.37898
204 1.40639
205 1.40742
206 1.41525
207 1.42006
208 1.4236
209 1.43369
210 1.44441
211 1.45482
212 1.4618
213 1.46341
214 1.4654
215 1.47069
216 1.4727
217 1.48239
218 1.49823
219 1.51295
220 1.51527
221 1.53111
222 1.53659
223 1.54326
224 1.54643
225 1.55216
226 1.56467
227 1.57036
228 1.57386
229 1.58189
230 1.58568
231 1.59188
232 1.60038
233 1.60666
234 1.61001
235 1.61224
236 1.61587
237 1.61828
238 1.6273
239 1.63228
240 1.65565
241 1.66334
242 1.66754
243 1.68399
244 1.68576
245 1.69553
246 1.69998
247 1.70473
248 1.71107
249 1.71965
250 1.72411
251 1.72628
252 1.72909
253 1.76405
254 1.77421
255 1.78388
256 1.78523
257 1.79141
258 1.79258
259 1.80263
260 1.81073
261 1.81409
262 1.81975
263 1.82545
264 1.82956
265 1.83353
266 1.83549
267 1.84248
268 1.84469
269 1.85468
270 1.85989
271 1.86312
272 1.86488
273 1.86643
274 1.87518
275 1.87782
276 1.88879
277 1.9076
278 1.93018
279 1.94372
280 1.94846
281 1.95134
282 1.95499
283 1.9611
284 1.96855
285 1.97334
286 1.97698
287 2.0055
288 2.01798
289 2.0248
290 2.03249
291 2.04768
292 2.06287
293 2.06599
294 2.07099
295 2.07464
296 2.08728
297 2.10045
298 2.10532
299 2.10777
300 2.11138
301 2.11757
302 2.12006
303 2.1262
304 2.12961
305 2.13532
306 2.13912
307 2.15416
308 2.16058
309 2.16754
310 2.17599
311 2.17805
312 2.1925
313 2.20204
314 2.21837
315 2.22952
316 2.2358
317 2.26029
318 2.26387
319 2.2687
320 2.27747
321 2.27994
322 2.28168
323 2.28456
324 2.29822
325 2.30079
326 2.31317
327 2.3168
328 2.32117
329 2.32249
330 2.32436
331 2.33041
332 2.332
333 2.33716
334 2.34203
335 2.35699
336 2.35979
337 2.36416
338 2.37524
339 2.37689
340 2.39224
341 2.41043
342 2.42683
343 2.44093
344 2.45113
345 2.45367
346 2.45781
347 2.46556
348 2.46916
349 2.47678
350 2.47848
351 2.48264
352 2.48697
353 2.50508
354 2.51434
355 2.52269
356 2.53263
357 2.53576
358 2.53999
359 2.54209
360 2.55203
361 2.55868
362 2.57554
363 2.58631
364 2.58805
365 2.59151
366 2.59503
367 2.60549
368 2.61454
369 2.62748
370 2.63027
371 2.64189
372 2.65037
373 2.65887
374 2.66603
375 2.67224
376 2.67568
377 2.67751
378 2.67944
379 2.68651
380 2.69408
381 2.69558
382 2.71384
383 2.71571
384 2.72004
385 2.73418
386 2.73996
387 2.75869
388 2.77471
389 2.78312
390 2.78454
391 2.79053
392 2.79538
393 2.81242
394 2.82041
395 2.82333
396 2.83027
397 2.83673
398 2.8386
399 2.84878
400 2.85149
401 2.85746
402 2.86971
403 2.8768
404 2.88269
405 2.89511
406 2.90362
407 2.91854
408 2.92242
409 2.92424
410 2.92754
411 2.94068
412 2.95321
413 2.95509
414 2.96454
415 2.97011
416 2.98015
