1 0.00267
2 0.00516
3 0.01438
4 0.01659
5 0.02161
6 0.02521
7 0.034
8 0.03963
9 0.04142
10 0.04405
11 0.04526
12 0.0516
13 0.05641
14 0.06761
15 0.07758
16 0.08152
17 0.08626
18 0.09578
19 0.10391
20 0.10663
21 0.11322
22 0.12385
23 0.13103
24 0.13901
25 0.14015
26 0.14764
27 0.15011
28 0.16066
29 0.16388
30 0.1661
31 0.17528
32 0.18157
33 0.19109
34 0.19806
35 0.20315
36 0.20602
37 0.21016
38 0.22075
39 0.22822
40 0.23859
41 0.24221
42 0.24449
43 0.25465
44 0.2725
45 0.27836
46 0.28954
47 0.29806
48 0.30902
49 0.32853
50 0.33022
51 0.33794
52 0.34163
53 0.34403
54 0.34578
55 0.35212
56 0.36582
57 0.37486
58 0.37812
59 0.38262
60 0.39295
61 0.39564
62 0.39799
63 0.40085
64 0.40436
65 0.40789
66 0.41993
67 0.4299
68 0.43349
69 0.45298
70 0.45744
71 0.45864
72 0.47209
73 0.49026
74 0.49284
75 0.49664
76 0.49876
77 0.5125
78 0.51773
79 0.51898
80 0.52142
81 0.52372
82 0.52564
83 0.53939
84 0.56415
85 0.57598
86 0.57843
87 0.58179
88 0.58515
89 0.58771
90 0.59229
91 0.59415
92 0.60197
93 0.61337
94 0.62124
95 0.6291
96 0.65215
97 0.66331
98 0.66565
99 0.68211
100 0.68605
101 0.69043
102 0.70661
103 0.70869
104 0.71284
105 0.71771
106 0.72334
107 0.72465
108 0.73713
109 0.74485
110 0.75297
111 0.76943
112 0.78593
113 0.79021
114 0.79522
115 0.79848
116 0.80251
117 0.80913
118 0.81401
119 0.83315
120 0.84009
121 0.84279
122 0.84555
123 0.85286
124 0.85817
125 0.86045
126 0.87328
127 0.88171
128 0.88497
129 0.89059
130 0.89828
131 0.90699
132 0.92998
133 0.94593
134 0.96634
135 0.9783
136 0.98705
137 0.99523
138 1.00257
139 1.01395
140 1.02385
141 1.02541
142 1.04378
143 1.05207
144 1.05933
145 1.07254
146 1.07957
147 1.09402
148 1.10331
149 1.10938
150 1.12234
151 1.12454
152 1.12717
153 1.13319
154 1.14246
155 1.14597
156 1.15857
157 1.16252
158 1.17041
159 1.17853
160 1.18364
161 1.19684
162 1.20013
163 1.21526
164 1.23062
165 1.24001
166 1.24307
167 1.2466
168 1.24962
169 1.26029
170 1.27178
171 1.27698
172 1.28076
173 1.2858
174 1.29063
175 1.32081
176 1.32928
177 1.33659
178 1.34938
179 1.35701
180 1.36756
181 1.37329
182 1.37946
183 1.38156
184 1.38521
185 1.39188
186 1.39702
187 1.39897
188 1.40339
189 1.40448
190 1.41593
191 1.42363
192 1.42844
193 1.4344
194 1.43757
195 1.44223
196 1.46181
197 1.46564
198 1.46898
199 1.47062
200 1.47504
201 1.47876
202 1.48648
203 1.4896
204 1.49232
205 1.49909
206 1.51216
207 1.521
208 1.52364
209 1.52918
210 1.53139
211 1.537
212 1.54404
213 1.55221
214 1.56314
215 1.56667
216 1.57358
217 1.58388
218 1.60408
219 1.61101
220 1.61244
221 1.62406
222 1.62539
223 1.62781
224 1.64069
225 1.64493
226 1.652
227 1.6634
228 1.66744
229 1.67904
230 1.68074
231 1.68302
232 1.7051
233 1.71617
234 1.72402
235 1.72875
236 1.74566
237 1.74845
238 1.75022
239 1.75489
240 1.77635
241 1.77846
242 1.77983
243 1.79255
244 1.80045
245 1.8019
246 1.8191
247 1.82695
248 1.83057
249 1.84294
250 1.84767
251 1.85457
252 1.85839
253 1.86329
254 1.87649
255 1.8814
256 1.89158
257 1.9092
258 1.91898
259 1.93146
260 1.93436
261 1.94124
262 1.95166
263 1.9668
264 1.97945
265 1.99451
266 1.99941
267 2.01817
268 2.02508
269 2.03441
270 2.03751
271 2.04412
272 2.05213
273 2.07282
274 2.08454
275 2.08816
276 2.09178
277 2.10191
278 2.10662
279 2.11364
280 2.12387
281 2.12842
282 2.14141
283 2.14636
284 2.15103
285 2.1525
286 2.15887
287 2.17076
288 2.17591
289 2.17892
290 2.18008
291 2.18833
292 2.21024
293 2.2117
294 2.21276
295 2.24178
296 2.24338
297 2.25922
298 2.26957
299 2.27271
300 2.27828
301 2.28906
302 2.29107
303 2.30462
304 2.30752
305 2.32294
306 2.33085
307 2.33381
308 2.33587
309 2.33731
310 2.34125
311 2.3464
312 2.35537
313 2.35738
314 2.35962
315 2.37444
316 2.38177
317 2.38681
318 2.39467
319 2.40296
320 2.40916
321 2.41216
322 2.42296
323 2.43705
324 2.44733
325 2.4581
326 2.45936
327 2.46326
328 2.46666
329 2.46964
330 2.48927
331 2.49055
332 2.49725
333 2.50144
334 2.50345
335 2.51177
336 2.51924
337 2.5307
338 2.53664
339 2.53923
340 2.54666
341 2.54822
342 2.56509
343 2.5729
344 2.5795
345 2.58349
346 2.5919
347 2.59959
348 2.60813
349 2.61313
350 2.61944
351 2.62257
352 2.62927
353 2.63197
354 2.64746
355 2.67035
356 2.67517
357 2.68447
358 2.69283
359 2.69773
360 2.69979
361 2.7042
362 2.70713
363 2.71368
364 2.71796
365 2.72556
366 2.73618
367 2.74075
368 2.75059
369 2.76721
370 2.78283
371 2.7873
372 2.79753
373 2.81109
374 2.82263
375 2.8276
376 2.83716
377 2.84191
378 2.84936
379 2.85459
380 2.85934
381 2.87001
382 2.88381
383 2.89896
384 2.91102
385 2.91347
386 2.92176
387 2.92411
388 2.93221
389 2.93692
390 2.94231
391 2.94793
392 2.95232
393 2.95665
394 2.95882
395 2.96077
396 2.9807
397 2.98992
