1 0.00167
2 0.00397
3 0.03665
4 0.0405
5 0.04507
6 0.04904
7 0.05825
8 0.06777
9 0.0795
10 0.08209
11 0.08541
12 0.08794
13 0.09098
14 0.09559
15 0.10035
16 0.10882
17 0.11849
18 0.12659
19 0.13656
20 0.13908
21 0.14062
22 0.1458
23 0.14917
24 0.15495
25 0.187
26 0.20079
27 0.20494
28 0.20819
29 0.21599
30 0.24658
31 0.24876
32 0.25136
33 0.25767
34 0.28553
35 0.28884
36 0.29358
37 0.29524
38 0.29749
39 0.29869
40 0.30163
41 0.31068
42 0.31254
43 0.31641
44 0.32479
45 0.32998
46 0.33582
47 0.34284
48 0.34691
49 0.35037
50 0.35599
51 0.38114
52 0.38606
53 0.39238
54 0.3952
55 0.40689
56 0.41218
57 0.42288
58 0.43288
59 0.44248
60 0.44688
61 0.44847
62 0.45385
63 0.45665
64 0.48362
65 0.49825
66 0.50181
67 0.53476
68 0.54359
69 0.55178
70 0.56098
71 0.56221
72 0.5668
73 0.57929
74 0.58106
75 0.58421
76 0.58642
77 0.58994
78 0.59705
79 0.60759
80 0.61561
81 0.63533
82 0.64683
83 0.65187
84 0.65447
85 0.65629
86 0.66088
87 0.67066
88 0.69566
89 0.69837
90 0.70432
91 0.71628
92 0.73517
93 0.75243
94 0.78769
95 0.79493
96 0.79872
97 0.80576
98 0.80834
99 0.81429
100 0.81774
101 0.83302
102 0.83575
103 0.83865
104 0.84167
105 0.84381
106 0.85206
107 0.87136
108 0.88185
109 0.88704
110 0.88962
111 0.89176
112 0.89861
113 0.90088
114 0.90433
115 0.91184
116 0.9173
117 0.94328
118 0.94507
119 0.9505
120 0.95225
121 0.95413
122 0.95692
123 0.96145
124 0.96411
125 0.96912
126 0.98013
127 0.99693
128 0.99829
129 1.00334
130 1.00726
131 1.03836
132 1.04489
133 1.04593
134 1.05554
135 1.05767
136 1.05936
137 1.06215
138 1.06498
139 1.07051
140 1.07349
141 1.08152
142 1.08338
143 1.08963
144 1.09317
145 1.09688
146 1.11543
147 1.12063
148 1.125
149 1.13024
150 1.13351
151 1.14816
152 1.1564
153 1.15762
154 1.17248
155 1.19155
156 1.19556
157 1.19803
158 1.20344
159 1.22873
160 1.23362
161 1.24736
162 1.25211
163 1.25806
164 1.28582
165 1.29296
166 1.2948
167 1.29745
168 1.30618
169 1.31043
170 1.31186
171 1.31977
172 1.32348
173 1.32806
174 1.3387
175 1.34224
176 1.34394
177 1.34805
178 1.35037
179 1.35353
180 1.36627
181 1.37019
182 1.37938
183 1.38819
184 1.39551
185 1.39847
186 1.40263
187 1.40663
188 1.41111
189 1.44329
190 1.44528
191 1.44811
192 1.45818
193 1.46169
194 1.46328
195 1.46541
196 1.48135
197 1.49446
198 1.50236
199 1.50383
200 1.53302
201 1.54447
202 1.54836
203 1.55505
204 1.5594
205 1.56466
206 1.57606
207 1.58507
208 1.62205
209 1.63668
210 1.64295
211 1.64803
212 1.64947
213 1.6553
214 1.66283
215 1.68295
216 1.70099
217 1.70291
218 1.70751
219 1.71066
220 1.72078
221 1.74637
222 1.74788
223 1.75079
224 1.75547
225 1.78232
226 1.78614
227 1.78914
228 1.79349
229 1.80137
230 1.81188
231 1.82403
232 1.82541
233 1.82895
234 1.83633
235 1.84323
236 1.84418
237 1.86533
238 1.87075
239 1.87417
240 1.87997
241 1.88388
242 1.89127
243 1.89318
244 1.89801
245 1.90081
246 1.9078
247 1.91652
248 1.93051
249 1.93448
250 1.94393
251 1.94748
252 1.95286
253 1.95527
254 1.96214
255 1.96439
256 1.96748
257 1.98322
258 1.99206
259 2.0351
260 2.03842
261 2.04273
262 2.04675
263 2.05416
264 2.06184
265 2.07431
266 2.08721
267 2.10813
268 2.11161
269 2.1199
270 2.12661
271 2.14249
272 2.15912
273 2.16338
274 2.16694
275 2.1701
276 2.18184
277 2.19742
278 2.2002
279 2.20402
280 2.20722
281 2.21116
282 2.21648
283 2.2204
284 2.2481
285 2.25087
286 2.25457
287 2.25991
288 2.29403
289 2.29688
290 2.31024
291 2.31419
292 2.31803
293 2.32369
294 2.3306
295 2.33243
296 2.33534
297 2.34216
298 2.34659
299 2.36799
300 2.37217
301 2.37794
302 2.38704
303 2.39283
304 2.40024
305 2.40135
306 2.40871
307 2.44834
308 2.45392
309 2.45791
310 2.46037
311 2.46998
312 2.47862
313 2.49652
314 2.50022
315 2.50328
316 2.53403
317 2.5365
318 2.53978
319 2.54469
320 2.55121
321 2.55621
322 2.57056
323 2.58557
324 2.61465
325 2.6274
326 2.63157
327 2.63983
328 2.64373
329 2.65046
330 2.66389
331 2.69599
332 2.7009
333 2.70237
334 2.70624
335 2.7089
336 2.71052
337 2.72895
338 2.74541
339 2.74818
340 2.7547
341 2.75645
342 2.75913
343 2.78343
344 2.792
345 2.79956
346 2.80175
347 2.80488
348 2.82067
349 2.83459
350 2.83803
351 2.84209
352 2.84879
353 2.85494
354 2.85813
355 2.87501
356 2.8789
357 2.88583
358 2.888
359 2.89523
360 2.89715
361 2.89995
362 2.90304
363 2.91376
364 2.91554
365 2.94473
366 2.94639
367 2.95004
368 2.968
369 2.97973
