1 0.00456
2 0.00934
3 0.01728
4 0.0201
5 0.03464
6 0.03794
7 0.0531
8 0.05524
9 0.06067
10 0.07118
11 0.08527
12 0.08991
13 0.09747
14 0.10417
15 0.11665
16 0.12366
17 0.1259
18 0.12933
19 0.13424
20 0.15337
21 0.161
22 0.18154
23 0.1921
24 0.19647
25 0.19874
26 0.20603
27 0.22079
28 0.23529
29 0.23992
30 0.24747
31 0.28166
32 0.28525
33 0.29899
34 0.30604
35 0.30846
36 0.31171
37 0.32483
38 0.33103
39 0.33597
40 0.33961
41 0.34933
42 0.35759
43 0.36047
44 0.36628
45 0.37276
46 0.3804
47 0.38445
48 0.41151
49 0.41497
50 0.43104
51 0.44154
52 0.44277
53 0.44471
54 0.44593
55 0.4495
56 0.45625
57 0.46798
58 0.49742
59 0.50511
60 0.51827
61 0.53741
62 0.5617
63 0.56382
64 0.57475
65 0.58518
66 0.59138
67 0.59374
68 0.60702
69 0.61282
70 0.61984
71 0.62919
72 0.65375
73 0.66259
74 0.68492
75 0.69324
76 0.70366
77 0.70776
78 0.70968
79 0.72169
80 0.74355
81 0.7502
82 0.7514
83 0.75634
84 0.76294
85 0.77456
86 0.79197
87 0.79675
88 0.81323
89 0.8167
90 0.81903
91 0.82356
92 0.82862
93 0.84012
94 0.84391
95 0.85408
96 0.87132
97 0.88734
98 0.89084
99 0.89597
100 0.91384
101 0.93525
102 0.94099
103 0.95047
104 0.96954
105 0.97924
106 1.00386
107 1.01274
108 1.01783
109 1.02337
110 1.02521
111 1.03407
112 1.04368
113 1.05448
114 1.05835
115 1.06157
116 1.07546
117 1.08148
118 1.08488
119 1.08636
120 1.09505
121 1.10895
122 1.11532
123 1.11935
124 1.13407
125 1.15081
126 1.1548
127 1.16558
128 1.17294
129 1.17522
130 1.18132
131 1.20047
132 1.20454
133 1.22714
134 1.24571
135 1.24996
136 1.25813
137 1.2718
138 1.28189
139 1.29484
140 1.30562
141 1.32584
142 1.33106
143 1.33211
144 1.35618
145 1.37891
146 1.39475
147 1.40052
148 1.41076
149 1.41967
150 1.43976
151 1.44189
152 1.44679
153 1.4513
154 1.45909
155 1.49137
156 1.49938
157 1.52637
158 1.53993
159 1.54324
160 1.55008
161 1.55578
162 1.55749
163 1.56799
164 1.58192
165 1.58969
166 1.60196
167 1.60352
168 1.63619
169 1.64628
170 1.64968
171 1.69682
172 1.70132
173 1.73483
174 1.74919
175 1.75112
176 1.76011
177 1.78074
178 1.78308
179 1.79651
180 1.80297
181 1.80575
182 1.81974
183 1.8298
184 1.836
185 1.85081
186 1.87133
187 1.8753
188 1.88427
189 1.89075
190 1.89586
191 1.90812
192 1.91651
193 1.93952
194 1.95964
195 1.97558
196 1.98801
197 1.9954
198 2.00051
199 2.00578
200 2.0145
201 2.02475
202 2.03474
203 2.03645
204 2.04289
205 2.05174
206 2.05794
207 2.07967
208 2.09377
209 2.1184
210 2.12182
211 2.12291
212 2.1431
213 2.15088
214 2.16439
215 2.16811
216 2.18277
217 2.19573
218 2.2112
219 2.22303
220 2.23978
221 2.24553
222 2.25372
223 2.26052
224 2.26975
225 2.27131
226 2.28867
227 2.29446
228 2.29785
229 2.30632
230 2.31303
231 2.32538
232 2.3384
233 2.35142
234 2.3638
235 2.36659
236 2.37853
237 2.38449
238 2.38972
239 2.3998
240 2.42778
241 2.43311
242 2.44443
243 2.45289
244 2.45833
245 2.47732
246 2.49458
247 2.514
248 2.54132
249 2.54771
250 2.57419
251 2.57875
252 2.58345
253 2.58533
254 2.59161
255 2.60029
256 2.60573
257 2.61013
258 2.63068
259 2.64372
260 2.64707
261 2.65264
262 2.65655
263 2.66833
264 2.6854
265 2.69864
266 2.717
267 2.74333
268 2.77655
269 2.78357
270 2.78717
271 2.7977
272 2.807
273 2.80999
274 2.82396
275 2.83368
276 2.83723
277 2.84359
278 2.84736
279 2.88826
280 2.89503
281 2.89634
282 2.91694
283 2.92751
284 2.94295
285 2.94633
286 2.95473
287 2.9573
288 2.96248
289 2.97634
290 2.99853
