1 0.00757
2 0.01124
3 0.02212
4 0.02626
5 0.03355
6 0.04047
7 0.04915
8 0.05636
9 0.06002
10 0.06872
11 0.07785
12 0.08666
13 0.09228
14 0.09507
15 0.10475
16 0.11064
17 0.11374
18 0.11643
19 0.1211
20 0.12886
21 0.13164
22 0.14004
23 0.147
24 0.15404
25 0.16683
26 0.17417
27 0.17907
28 0.18736
29 0.18929
30 0.19514
31 0.19614
32 0.20032
33 0.20215
34 0.21064
35 0.21804
36 0.22464
37 0.2275
38 0.24123
39 0.24574
40 0.25442
41 0.2595
42 0.26388
43 0.27239
44 0.28126
45 0.28552
46 0.28796
47 0.29677
48 0.30482
49 0.31029
50 0.32058
51 0.32499
52 0.32844
53 0.337
54 0.35762
55 0.36533
56 0.37447
57 0.38062
58 0.38318
59 0.39613
60 0.4037
61 0.40864
62 0.41137
63 0.41331
64 0.41502
65 0.41754
66 0.4237
67 0.43016
68 0.43862
69 0.44298
70 0.44894
71 0.46091
72 0.46563
73 0.47329
74 0.48607
75 0.48768
76 0.49177
77 0.5052
78 0.52735
79 0.54623
80 0.55082
81 0.57179
82 0.58624
83 0.58748
84 0.59279
85 0.60235
86 0.61419
87 0.61663
88 0.61911
89 0.62687
90 0.63248
91 0.63904
92 0.64301
93 0.65394
94 0.68312
95 0.68669
96 0.69235
97 0.69618
98 0.70059
99 0.70955
100 0.71271
101 0.73448
102 0.74147
103 0.74404
104 0.74775
105 0.75238
106 0.75416
107 0.77097
108 0.77412
109 0.77672
110 0.77967
111 0.78664
112 0.79654
113 0.80055
114 0.81291
115 0.81969
116 0.83254
117 0.83718
118 0.83979
119 0.84655
120 0.84967
121 0.85156
122 0.87046
123 0.88125
124 0.88376
125 0.88784
126 0.88894
127 0.91149
128 0.91255
129 0.91522
130 0.91742
131 0.91999
132 0.92216
133 0.92756
134 0.939
135 0.94556
136 0.95476
137 0.96693
138 0.97549
139 0.97918
140 0.98898
141 0.99251
142 0.99803
143 1.00031
144 1.00253
145 1.01077
146 1.02022
147 1.02377
148 1.02622
149 1.02759
150 1.03121
151 1.05205
152 1.0693
153 1.0867
154 1.0896
155 1.0932
156 1.09812
157 1.10944
158 1.11066
159 1.11382
160 1.11563
161 1.11816
162 1.13154
163 1.14101
164 1.1525
165 1.16773
166 1.17108
167 1.18979
168 1.20267
169 1.20509
170 1.21019
171 1.21244
172 1.2198
173 1.2427
174 1.24692
175 1.25507
176 1.27241
177 1.27412
178 1.27655
179 1.29462
180 1.29889
181 1.30774
182 1.31196
183 1.32779
184 1.33492
185 1.33929
186 1.34855
187 1.35906
188 1.38067
189 1.38692
190 1.38954
191 1.39426
192 1.40169
193 1.40777
194 1.41274
195 1.42255
196 1.4308
197 1.43455
198 1.44012
199 1.44346
200 1.4601
201 1.46293
202 1.4689
203 1.47418
204 1.48188
205 1.48466
206 1.49523
207 1.49722
208 1.5024
209 1.50627
210 1.50798
211 1.52212
212 1.52497
213 1.53023
214 1.53628
215 1.53861
216 1.54367
217 1.54852
218 1.55566
219 1.5604
220 1.57813
221 1.58066
222 1.59601
223 1.60051
224 1.61153
225 1.61531
226 1.61961
227 1.62805
228 1.63702
229 1.65243
230 1.65551
231 1.65833
232 1.6648
233 1.66802
234 1.69024
235 1.71478
236 1.72398
237 1.72544
238 1.728
239 1.73228
240 1.73934
241 1.75211
242 1.75569
243 1.76727
244 1.77028
245 1.78441
246 1.78569
247 1.79704
248 1.80146
249 1.82007
250 1.8228
251 1.84101
252 1.85483
253 1.86422
254 1.86935
255 1.87874
256 1.89623
257 1.89831
258 1.91183
259 1.91264
260 1.91648
261 1.92769
262 1.94399
263 1.95618
264 1.9662
265 1.968
266 1.97211
267 1.97763
268 1.99164
269 2.00649
270 2.0263
271 2.03294
272 2.0381
273 2.04522
274 2.04661
275 2.05575
276 2.06929
277 2.07092
278 2.11155
279 2.1133
280 2.13702
281 2.14511
282 2.14845
283 2.15186
284 2.15486
285 2.15736
286 2.15875
287 2.16442
288 2.16873
289 2.17805
290 2.18086
291 2.19
292 2.19358
293 2.20822
294 2.22199
295 2.23077
296 2.23296
297 2.2412
298 2.24724
299 2.25929
300 2.2614
301 2.26653
302 2.26917
303 2.27447
304 2.27553
305 2.28197
306 2.28753
307 2.2965
308 2.31031
309 2.32787
310 2.3497
311 2.36676
312 2.38289
313 2.39402
314 2.39988
315 2.40192
316 2.40353
317 2.42485
318 2.44173
319 2.44639
320 2.46251
321 2.46526
322 2.4691
323 2.48317
324 2.48812
325 2.50308
326 2.50532
327 2.50847
328 2.52686
329 2.5311
330 2.53648
331 2.54029
332 2.54306
333 2.54682
334 2.55876
335 2.57613
336 2.58115
337 2.58938
338 2.60736
339 2.6091
340 2.62063
341 2.63123
342 2.63687
343 2.6418
344 2.64552
345 2.65052
346 2.67076
347 2.69118
348 2.69778
349 2.70979
350 2.72907
351 2.73632
352 2.73908
353 2.75026
354 2.75597
355 2.75854
356 2.77105
357 2.78031
358 2.79119
359 2.8018
360 2.81724
361 2.82361
362 2.84355
363 2.84707
364 2.85247
365 2.85704
366 2.8705
367 2.87547
368 2.88524
369 2.89447
370 2.90148
371 2.90329
372 2.90965
373 2.91614
374 2.92061
375 2.94449
376 2.95619
377 2.9596
378 2.966
379 2.98059
380 2.99394
