1 0.00161
2 0.00633
3 0.00819
4 0.01744
5 0.01894
6 0.02438
7 0.03395
8 0.03877
9 0.04133
10 0.04604
11 0.04972
12 0.05409
13 0.06117
14 0.06539
15 0.06732
16 0.07115
17 0.0743
18 0.08743
19 0.09188
20 0.09897
21 0.10579
22 0.10687
23 0.11783
24 0.12528
25 0.12746
26 0.13262
27 0.13464
28 0.13743
29 0.14244
30 0.14668
31 0.15253
32 0.15378
33 0.16795
34 0.17215
35 0.17611
36 0.18093
37 0.18477
38 0.18638
39 0.1916
40 0.20808
41 0.21551
42 0.22559
43 0.231
44 0.23381
45 0.24813
46 0.25201
47 0.25816
48 0.26065
49 0.26313
50 0.2694
51 0.27509
52 0.28271
53 0.29156
54 0.29527
55 0.30868
56 0.3109
57 0.32018
58 0.32204
59 0.32777
60 0.33385
61 0.34076
62 0.3474
63 0.3523
64 0.35485
65 0.36012
66 0.36815
67 0.3732
68 0.37764
69 0.37884
70 0.38081
71 0.38519
72 0.38839
73 0.39532
74 0.39883
75 0.41565
76 0.41835
77 0.42285
78 0.42501
79 0.4329
80 0.43869
81 0.44028
82 0.44485
83 0.45621
84 0.4667
85 0.47752
86 0.48708
87 0.49254
88 0.50408
89 0.50905
90 0.51146
91 0.51382
92 0.51938
93 0.52913
94 0.53919
95 0.54328
96 0.55213
97 0.5546
98 0.56622
99 0.57297
100 0.5772
101 0.58105
102 0.58292
103 0.58695
104 0.59542
105 0.60805
106 0.61527
107 0.62282
108 0.64444
109 0.64716
110 0.65119
111 0.65377
112 0.65569
113 0.66412
114 0.67252
115 0.6747
116 0.68221
117 0.69317
118 0.70389
119 0.71145
120 0.71512
121 0.71912
122 0.7218
123 0.72647
124 0.72865
125 0.73358
126 0.75371
127 0.76389
128 0.76673
129 0.76983
130 0.77684
131 0.78686
132 0.78992
133 0.79852
134 0.79962
135 0.80369
136 0.80681
137 0.809
138 0.81563
139 0.81871
140 0.82733
141 0.83073
142 0.83782
143 0.84091
144 0.85395
145 0.85764
146 0.85995
147 0.86313
148 0.86879
149 0.87515
150 0.87658
151 0.87873
152 0.88696
153 0.89823
154 0.90245
155 0.90766
156 0.91054
157 0.91799
158 0.9282
159 0.93305
160 0.94372
161 0.95478
162 0.95695
163 0.96079
164 0.9637
165 0.97594
166 0.97975
167 0.98814
168 0.99438
169 0.99998
170 1.00995
171 1.01409
172 1.01951
173 1.03872
174 1.04099
175 1.04185
176 1.04788
177 1.05156
178 1.0532
179 1.05857
180 1.06548
181 1.06787
182 1.08235
183 1.08412
184 1.08875
185 1.09184
186 1.10032
187 1.10449
188 1.11867
189 1.12103
190 1.13561
191 1.14317
192 1.15599
193 1.15881
194 1.17452
195 1.18406
196 1.18897
197 1.20382
198 1.20516
199 1.20839
200 1.21145
201 1.21326
202 1.2148
203 1.22355
204 1.22691
205 1.23186
206 1.23299
207 1.24508
208 1.2536
209 1.2573
210 1.26457
211 1.29147
212 1.29797
213 1.30393
214 1.30989
215 1.3125
216 1.32641
217 1.33373
218 1.34852
219 1.35634
220 1.35733
221 1.36304
222 1.36481
223 1.38018
224 1.39315
225 1.39764
226 1.40304
227 1.40789
228 1.41195
229 1.41729
230 1.41923
231 1.42266
232 1.42528
233 1.4304
234 1.43363
235 1.4362
236 1.44309
237 1.44539
238 1.45707
239 1.46008
240 1.47717
241 1.48511
242 1.49986
243 1.50843
244 1.51365
245 1.52662
246 1.53244
247 1.539
248 1.54631
249 1.54835
250 1.56118
251 1.56607
252 1.57807
253 1.58304
254 1.59503
255 1.59995
256 1.60451
257 1.60843
258 1.61087
259 1.62256
260 1.62435
261 1.62975
262 1.64017
263 1.64323
264 1.64902
265 1.65323
266 1.65871
267 1.66088
268 1.67124
269 1.6751
270 1.67683
271 1.68641
272 1.68912
273 1.6957
274 1.70359
275 1.70773
276 1.70981
277 1.72699
278 1.73157
279 1.75096
280 1.75421
281 1.76945
282 1.78658
283 1.79205
284 1.79782
285 1.80618
286 1.80916
287 1.81208
288 1.81347
289 1.8158
290 1.83219
291 1.83841
292 1.84976
293 1.85503
294 1.85829
295 1.86832
296 1.86999
297 1.87753
298 1.88016
299 1.89642
300 1.89797
301 1.90112
302 1.90431
303 1.9054
304 1.92482
305 1.92589
306 1.93424
307 1.949
308 1.95179
309 1.97677
310 1.98264
311 2.00359
312 2.00683
313 2.00926
314 2.01014
315 2.01251
316 2.01637
317 2.02542
318 2.04073
319 2.05354
320 2.05574
321 2.05835
322 2.06716
323 2.07073
324 2.07256
325 2.08426
326 2.08834
327 2.09954
328 2.10681
329 2.1098
330 2.11152
331 2.11506
332 2.12533
333 2.12955
334 2.13119
335 2.14367
336 2.15274
337 2.15708
338 2.16379
339 2.17307
340 2.17516
341 2.17971
342 2.18677
343 2.18778
344 2.19155
345 2.20471
346 2.20898
347 2.2099
348 2.21539
349 2.22083
350 2.22662
351 2.23184
352 2.23827
353 2.25557
354 2.25889
355 2.2631
356 2.26558
357 2.27045
358 2.27853
359 2.28198
360 2.28693
361 2.28962
362 2.29621
363 2.29885
364 2.30892
365 2.31447
366 2.31876
367 2.32437
368 2.32877
369 2.33154
370 2.34569
371 2.34691
372 2.35385
373 2.36672
374 2.36875
375 2.38182
376 2.39295
377 2.40702
378 2.41184
379 2.42333
380 2.42757
381 2.43765
382 2.45194
383 2.45618
384 2.46266
385 2.46418
386 2.47463
387 2.48959
388 2.50813
389 2.51473
390 2.51829
391 2.52069
392 2.52835
393 2.53723
394 2.53909
395 2.54447
396 2.5471
397 2.55149
398 2.55335
399 2.55855
400 2.57458
401 2.57759
402 2.58272
403 2.58729
404 2.59582
405 2.60128
406 2.60517
407 2.61532
408 2.62249
409 2.6274
410 2.63347
411 2.64136
412 2.64405
413 2.64612
414 2.64859
415 2.66298
416 2.67523
417 2.6788
418 2.68372
419 2.68932
420 2.69234
421 2.70683
422 2.71001
423 2.71457
424 2.72177
425 2.72944
426 2.73285
427 2.73792
428 2.74068
429 2.7481
430 2.75035
431 2.75292
432 2.75931
433 2.76163
434 2.76934
435 2.78237
436 2.80066
437 2.80618
438 2.82702
439 2.82854
440 2.83378
441 2.84657
442 2.8533
443 2.85618
444 2.85914
445 2.86316
446 2.86886
447 2.87347
448 2.87814
449 2.87935
450 2.88427
451 2.89009
452 2.89588
453 2.91064
454 2.91673
455 2.92642
456 2.93941
457 2.94265
458 2.95736
459 2.9638
460 2.97118
461 2.98932
462 2.99495
