1 0.00464
2 0.01879
3 0.03109
4 0.0436
5 0.0615
6 0.08594
7 0.08907
8 0.09558
9 0.0989
10 0.10336
11 0.11187
12 0.11866
13 0.12263
14 0.12663
15 0.13006
16 0.13645
17 0.14931
18 0.16235
19 0.16697
20 0.16848
21 0.18808
22 0.19671
23 0.19827
24 0.2066
25 0.21341
26 0.2172
27 0.21886
28 0.22421
29 0.2318
30 0.23953
31 0.254
32 0.2592
33 0.26725
34 0.27301
35 0.29287
36 0.29502
37 0.30369
38 0.32476
39 0.34392
40 0.34728
41 0.36745
42 0.39712
43 0.41147
44 0.41649
45 0.43322
46 0.46714
47 0.47067
48 0.47968
49 0.48751
50 0.50564
51 0.50753
52 0.52193
53 0.53761
54 0.55037
55 0.56303
56 0.5912
57 0.59432
58 0.6139
59 0.63921
60 0.64492
61 0.64998
62 0.65679
63 0.67301
64 0.67892
65 0.68702
66 0.69651
67 0.69989
68 0.71665
69 0.7216
70 0.73363
71 0.74145
72 0.74506
73 0.76556
74 0.77143
75 0.78113
76 0.79182
77 0.80071
78 0.81392
79 0.83174
80 0.83657
81 0.84471
82 0.85051
83 0.8629
84 0.86462
85 0.89334
86 0.89546
87 0.9095
88 0.91631
89 0.93252
90 0.93802
91 0.94564
92 0.96057
93 0.97249
94 0.99688
95 0.99905
96 1.01677
97 1.03247
98 1.04998
99 1.059
100 1.06057
101 1.06713
102 1.0735
103 1.07804
104 1.08751
105 1.09405
106 1.13466
107 1.14858
108 1.15323
109 1.17978
110 1.19253
111 1.20647
112 1.22373
113 1.23133
114 1.24075
115 1.24468
116 1.26403
117 1.26514
118 1.27249
119 1.28622
120 1.31667
121 1.33292
122 1.33427
123 1.3375
124 1.35685
125 1.36395
126 1.36571
127 1.36772
128 1.37504
129 1.38343
130 1.41829
131 1.45869
132 1.47179
133 1.47692
134 1.486
135 1.51121
136 1.52318
137 1.54317
138 1.55504
139 1.56762
140 1.57322
141 1.58869
142 1.60804
143 1.61467
144 1.61633
145 1.61968
146 1.62153
147 1.63078
148 1.65024
149 1.65991
150 1.66318
151 1.66942
152 1.67561
153 1.68299
154 1.69411
155 1.70066
156 1.71295
157 1.71484
158 1.71798
159 1.73128
160 1.73656
161 1.74375
162 1.74934
163 1.75869
164 1.76679
165 1.76859
166 1.77556
167 1.79301
168 1.82294
169 1.85131
170 1.855
171 1.88248
172 1.90674
173 1.90816
174 1.90958
175 1.92605
176 1.93112
177 1.93747
178 1.94786
179 1.96161
180 1.96495
181 1.98456
182 1.99103
183 1.99646
184 2.00024
185 2.0141
186 2.02007
187 2.02376
188 2.02586
189 2.02765
190 2.03355
191 2.03897
192 2.05169
193 2.06947
194 2.09359
195 2.1215
196 2.12713
197 2.13302
198 2.15889
199 2.1732
200 2.19673
201 2.20875
202 2.21093
203 2.21571
204 2.23957
205 2.24144
206 2.25483
207 2.25988
208 2.26674
209 2.26859
210 2.27627
211 2.30576
212 2.30959
213 2.31106
214 2.33003
215 2.33733
216 2.34117
217 2.34574
218 2.36517
219 2.37338
220 2.37968
221 2.38663
222 2.38911
223 2.40358
224 2.40868
225 2.41322
226 2.42904
227 2.43669
228 2.46112
229 2.46854
230 2.48545
231 2.49149
232 2.49839
233 2.50164
234 2.51399
235 2.51726
236 2.53301
237 2.54323
238 2.55392
239 2.55743
240 2.56259
241 2.56675
242 2.58748
243 2.59908
244 2.60732
245 2.61436
246 2.61788
247 2.61968
248 2.64542
249 2.6609
250 2.67582
251 2.67757
252 2.6816
253 2.68533
254 2.7034
255 2.71227
256 2.72224
257 2.72405
258 2.73348
259 2.74672
260 2.75602
261 2.77711
262 2.81166
263 2.81879
264 2.83577
265 2.84065
266 2.85454
267 2.86154
268 2.87128
269 2.89446
270 2.91569
271 2.93728
272 2.94143
273 2.97531
274 2.9945
