1 0.02396
2 0.03802
3 0.04406
4 0.05073
5 0.05187
6 0.05453
7 0.06034
8 0.06245
9 0.06736
10 0.07227
11 0.08067
12 0.09372
13 0.10105
14 0.11346
15 0.11793
16 0.13315
17 0.13668
18 0.15529
19 0.16249
20 0.16879
21 0.1724
22 0.18105
23 0.18445
24 0.18971
25 0.19582
26 0.20124
27 0.21218
28 0.21963
29 0.2233
30 0.23295
31 0.24117
32 0.24673
33 0.26985
34 0.29718
35 0.29808
36 0.30552
37 0.31123
38 0.31865
39 0.3242
40 0.34416
41 0.35774
42 0.3655
43 0.36969
44 0.38138
45 0.38436
46 0.39671
47 0.39834
48 0.40416
49 0.40711
50 0.40856
51 0.41516
52 0.41889
53 0.42133
54 0.42536
55 0.43119
56 0.43492
57 0.44127
58 0.44716
59 0.45315
60 0.45761
61 0.465
62 0.47014
63 0.47744
64 0.48127
65 0.48488
66 0.48989
67 0.49721
68 0.50614
69 0.5346
70 0.53997
71 0.56103
72 0.56805
73 0.57515
74 0.5812
75 0.60938
76 0.61445
77 0.62608
78 0.63677
79 0.66269
80 0.66861
81 0.67794
82 0.68102
83 0.68837
84 0.69425
85 0.7024
86 0.70495
87 0.7263
88 0.73234
89 0.74478
90 0.7485
91 0.75289
92 0.77171
93 0.78194
94 0.78656
95 0.78865
96 0.79216
97 0.79617
98 0.8031
99 0.80856
100 0.81191
101 0.81411
102 0.81835
103 0.82608
104 0.83194
105 0.84909
106 0.85665
107 0.85978
108 0.86161
109 0.86587
110 0.87342
111 0.89324
112 0.89474
113 0.90338
114 0.91576
115 0.9209
116 0.93262
117 0.93371
118 0.93872
119 0.95272
120 0.95697
121 0.95926
122 0.97427
123 0.98819
124 0.99753
125 1.02209
126 1.04282
127 1.04615
128 1.05408
129 1.05655
130 1.05839
131 1.06016
132 1.06104
133 1.07533
134 1.07919
135 1.09377
136 1.10195
137 1.10832
138 1.11188
139 1.11613
140 1.13031
141 1.13126
142 1.1322
143 1.13992
144 1.14843
145 1.15486
146 1.15763
147 1.15919
148 1.16259
149 1.16375
150 1.17435
151 1.17881
152 1.18494
153 1.19168
154 1.19293
155 1.19431
156 1.20382
157 1.22752
158 1.24301
159 1.28544
160 1.29149
161 1.30029
162 1.30604
163 1.30924
164 1.31722
165 1.32739
166 1.35041
167 1.35339
168 1.36289
169 1.40213
170 1.40761
171 1.41036
172 1.42012
173 1.42441
174 1.43662
175 1.43982
176 1.44155
177 1.45448
178 1.46087
179 1.48146
180 1.48727
181 1.49767
182 1.52248
183 1.54903
184 1.55596
185 1.55975
186 1.56331
187 1.57031
188 1.57286
189 1.58158
190 1.60089
191 1.61117
192 1.61443
193 1.61879
194 1.6204
195 1.62525
196 1.63387
197 1.63988
198 1.64234
199 1.64696
200 1.65423
201 1.68897
202 1.69272
203 1.70045
204 1.70926
205 1.71777
206 1.7343
207 1.73726
208 1.74095
209 1.74845
210 1.75339
211 1.76281
212 1.78402
213 1.79109
214 1.79885
215 1.80565
216 1.8095
217 1.81276
218 1.8194
219 1.83034
220 1.85222
221 1.85745
222 1.862
223 1.897
224 1.90288
225 1.90644
226 1.90936
227 1.91099
228 1.91551
229 1.91947
230 1.93923
231 1.94318
232 1.9465
233 1.95897
234 1.9764
235 1.9899
236 1.9953
237 2.04149
238 2.05447
239 2.06077
240 2.07053
241 2.07442
242 2.09115
243 2.10248
244 2.10677
245 2.11059
246 2.11953
247 2.12838
248 2.13525
249 2.1569
250 2.16343
251 2.16655
252 2.17749
253 2.18144
254 2.18726
255 2.19307
256 2.21537
257 2.22052
258 2.22775
259 2.23948
260 2.25611
261 2.26901
262 2.29349
263 2.29693
264 2.29997
265 2.31087
266 2.33481
267 2.35089
268 2.35526
269 2.36213
270 2.36392
271 2.3685
272 2.37065
273 2.3771
274 2.39026
275 2.39236
276 2.39705
277 2.39929
278 2.40582
279 2.41403
280 2.42764
281 2.4285
282 2.43477
283 2.44912
284 2.45168
285 2.45646
286 2.4612
287 2.47891
288 2.49778
289 2.51857
290 2.5384
291 2.54757
292 2.55028
293 2.55459
294 2.55903
295 2.563
296 2.56643
297 2.57406
298 2.60283
299 2.60756
300 2.61342
301 2.61676
302 2.62746
303 2.63335
304 2.63737
305 2.64199
306 2.64618
307 2.65539
308 2.66571
309 2.67447
310 2.6786
311 2.68495
312 2.6918
313 2.69851
314 2.70183
315 2.70859
316 2.72942
317 2.73984
318 2.7492
319 2.79429
320 2.80052
321 2.80985
322 2.81547
323 2.81843
324 2.83487
325 2.85239
326 2.85435
327 2.85971
328 2.86858
329 2.87295
330 2.88694
331 2.8943
332 2.89934
333 2.91439
334 2.91934
335 2.93077
336 2.93547
337 2.94683
338 2.96985
339 2.97587
340 2.97775
341 2.98952
342 2.99696
