1 0.00352
2 0.00548
3 0.00863
4 0.01457
5 0.01838
6 0.02153
7 0.02851
8 0.03772
9 0.06291
10 0.06905
11 0.07206
12 0.08375
13 0.09512
14 0.09666
15 0.1004
16 0.10758
17 0.12651
18 0.13137
19 0.16036
20 0.16464
21 0.16893
22 0.17293
23 0.17652
24 0.1884
25 0.19045
26 0.19372
27 0.21135
28 0.21494
29 0.21859
30 0.22041
31 0.22688
32 0.24472
33 0.24843
34 0.25009
35 0.26847
36 0.27187
37 0.28875
38 0.31421
39 0.31789
40 0.33585
41 0.34673
42 0.35724
43 0.36561
44 0.37799
45 0.38191
46 0.40074
47 0.40469
48 0.41836
49 0.42386
50 0.43073
51 0.43906
52 0.44464
53 0.44668
54 0.45349
55 0.46044
56 0.46405
57 0.48002
58 0.48721
59 0.50205
60 0.51435
61 0.52058
62 0.53029
63 0.53237
64 0.54027
65 0.55564
66 0.55996
67 0.56778
68 0.57339
69 0.59835
70 0.60106
71 0.60558
72 0.61662
73 0.61861
74 0.62606
75 0.63223
76 0.66554
77 0.66784
78 0.67281
79 0.6807
80 0.68529
81 0.70752
82 0.7126
83 0.73121
84 0.74402
85 0.75145
86 0.76278
87 0.76956
88 0.77248
89 0.77396
90 0.77687
91 0.78234
92 0.80383
93 0.81653
94 0.81829
95 0.82252
96 0.83024
97 0.83675
98 0.84416
99 0.85657
100 0.85828
101 0.87066
102 0.87459
103 0.87825
104 0.89184
105 0.90855
106 0.9251
107 0.93434
108 0.93772
109 0.93948
110 0.9463
111 0.95324
112 0.96326
113 0.97442
114 0.98334
115 0.98874
116 0.99511
117 1
118 1.00127
119 1.01482
120 1.0378
121 1.06043
122 1.07845
123 1.08565
124 1.09627
125 1.10208
126 1.1083
127 1.11209
128 1.11796
129 1.12324
130 1.13538
131 1.14424
132 1.171
133 1.17855
134 1.1807
135 1.18438
136 1.18852
137 1.20361
138 1.21242
139 1.21635
140 1.229
141 1.23382
142 1.23743
143 1.24821
144 1.26211
145 1.26789
146 1.28905
147 1.30867
148 1.31225
149 1.31626
150 1.32822
151 1.35068
152 1.36836
153 1.37265
154 1.37925
155 1.38451
156 1.41836
157 1.42323
158 1.4358
159 1.44382
160 1.45465
161 1.46291
162 1.4697
163 1.48431
164 1.49209
165 1.50411
166 1.55385
167 1.55966
168 1.56102
169 1.56536
170 1.56991
171 1.57281
172 1.60487
173 1.61912
174 1.62122
175 1.62309
176 1.62492
177 1.62651
178 1.62881
179 1.63153
180 1.63662
181 1.64888
182 1.66876
183 1.67415
184 1.67774
185 1.69176
186 1.69513
187 1.70305
188 1.71494
189 1.71856
190 1.72157
191 1.72898
192 1.73292
193 1.73672
194 1.73821
195 1.74007
196 1.7477
197 1.76431
198 1.77783
199 1.7839
200 1.81691
201 1.82038
202 1.83069
203 1.84208
204 1.8514
205 1.85883
206 1.87302
207 1.88089
208 1.8861
209 1.89877
210 1.92136
211 1.92486
212 1.92872
213 1.94215
214 1.9486
215 1.96008
216 1.9813
217 1.99601
218 2.01449
219 2.03566
220 2.04079
221 2.04231
222 2.05422
223 2.06974
224 2.10079
225 2.10419
226 2.10653
227 2.1162
228 2.12603
229 2.15039
230 2.15774
231 2.1754
232 2.1776
233 2.18762
234 2.19267
235 2.19644
236 2.20517
237 2.21361
238 2.21688
239 2.24339
240 2.26798
241 2.27185
242 2.27743
243 2.28618
244 2.29042
245 2.29662
246 2.29835
247 2.31261
248 2.34421
249 2.35388
250 2.35694
251 2.37268
252 2.37554
253 2.38042
254 2.38257
255 2.39425
256 2.39754
257 2.40208
258 2.41582
259 2.41974
260 2.42312
261 2.42638
262 2.42803
263 2.44398
264 2.44554
265 2.44749
266 2.45233
267 2.45754
268 2.47459
269 2.49158
270 2.49694
271 2.51656
272 2.52231
273 2.52405
274 2.53711
275 2.55561
276 2.55742
277 2.56347
278 2.56895
279 2.57454
280 2.57988
281 2.59858
282 2.60648
283 2.61618
284 2.62241
285 2.62434
286 2.62614
287 2.62981
288 2.63428
289 2.66671
290 2.6784
291 2.68605
292 2.69058
293 2.69444
294 2.7049
295 2.70812
296 2.71147
297 2.71284
298 2.72558
299 2.76902
300 2.77079
301 2.77417
302 2.78605
303 2.78739
304 2.80748
305 2.8186
306 2.82242
307 2.82801
308 2.847
309 2.8504
310 2.85874
311 2.86843
312 2.87464
313 2.87659
314 2.88232
315 2.89451
316 2.90254
317 2.90572
318 2.91791
319 2.92203
320 2.92765
321 2.92941
322 2.93491
323 2.9434
324 2.94671
325 2.95024
326 2.95866
327 2.96956
328 2.98093
329 2.9966
