1 0.00541
2 0.00974
3 0.01288
4 0.01654
5 0.01782
6 0.02495
7 0.03665
8 0.05723
9 0.061
10 0.07512
11 0.07853
12 0.08276
13 0.08517
14 0.09198
15 0.10191
16 0.11762
17 0.12646
18 0.1332
19 0.1378
20 0.14342
21 0.14695
22 0.14905
23 0.15474
24 0.15991
25 0.17004
26 0.17472
27 0.20049
28 0.20651
29 0.2131
30 0.25017
31 0.2669
32 0.27307
33 0.2761
34 0.28863
35 0.30947
36 0.33437
37 0.33871
38 0.34441
39 0.35327
40 0.37192
41 0.39964
42 0.40702
43 0.41335
44 0.42487
45 0.44573
46 0.448
47 0.4624
48 0.47381
49 0.49593
50 0.52562
51 0.52713
52 0.54271
53 0.5508
54 0.55649
55 0.56627
56 0.57644
57 0.57928
58 0.58153
59 0.59626
60 0.60315
61 0.60728
62 0.62022
63 0.62354
64 0.65421
65 0.67102
66 0.6738
67 0.67542
68 0.67889
69 0.68678
70 0.6988
71 0.70519
72 0.72966
73 0.73172
74 0.74384
75 0.76539
76 0.77311
77 0.79132
78 0.80051
79 0.81063
80 0.82438
81 0.83247
82 0.84211
83 0.85433
84 0.85726
85 0.86902
86 0.87894
87 0.89037
88 0.89348
89 0.90025
90 0.9014
91 0.90361
92 0.90719
93 0.91815
94 0.94537
95 0.94851
96 0.95926
97 0.97246
98 0.97586
99 0.9851
100 0.99124
101 0.99448
102 1.00663
103 1.02367
104 1.02633
105 1.03031
106 1.0371
107 1.04644
108 1.05632
109 1.07541
110 1.08492
111 1.09697
112 1.10656
113 1.11699
114 1.12557
115 1.13191
116 1.13457
117 1.15454
118 1.16377
119 1.16894
120 1.19305
121 1.19515
122 1.20094
123 1.20356
124 1.20969
125 1.21706
126 1.22484
127 1.23149
128 1.24083
129 1.24481
130 1.25722
131 1.26102
132 1.27547
133 1.28041
134 1.28941
135 1.29229
136 1.30028
137 1.30526
138 1.31141
139 1.31377
140 1.32162
141 1.32645
142 1.33317
143 1.36759
144 1.37025
145 1.37383
146 1.38279
147 1.3971
148 1.39864
149 1.41362
150 1.41541
151 1.42484
152 1.43222
153 1.43894
154 1.44387
155 1.45743
156 1.46383
157 1.48434
158 1.49191
159 1.50477
160 1.51514
161 1.52208
162 1.52388
163 1.52672
164 1.5378
165 1.54007
166 1.54545
167 1.55577
168 1.5831
169 1.58657
170 1.60022
171 1.61371
172 1.64833
173 1.6615
174 1.66806
175 1.67114
176 1.68038
177 1.68284
178 1.68948
179 1.70269
180 1.70631
181 1.71086
182 1.72271
183 1.75271
184 1.75511
185 1.76498
186 1.78452
187 1.80127
188 1.80885
189 1.82221
190 1.82684
191 1.83261
192 1.83762
193 1.84178
194 1.84566
195 1.85536
196 1.85676
197 1.8674
198 1.87358
199 1.90238
200 1.90692
201 1.91505
202 1.91913
203 1.92136
204 1.93731
205 1.97066
206 1.98714
207 1.99708
208 2.01739
209 2.0316
210 2.04202
211 2.06828
212 2.07249
213 2.08615
214 2.09628
215 2.1031
216 2.10522
217 2.11003
218 2.11679
219 2.14009
220 2.1472
221 2.15241
222 2.17064
223 2.19097
224 2.19505
225 2.2022
226 2.2398
227 2.26824
228 2.28498
229 2.29148
230 2.31345
231 2.31672
232 2.32985
233 2.35138
234 2.35742
235 2.36795
236 2.37369
237 2.38981
238 2.40281
239 2.41603
240 2.41699
241 2.41842
242 2.41995
243 2.43053
244 2.44329
245 2.44599
246 2.45338
247 2.46355
248 2.48412
249 2.4883
250 2.49579
251 2.50801
252 2.51229
253 2.51495
254 2.52068
255 2.5253
256 2.52829
257 2.53037
258 2.54035
259 2.54431
260 2.5503
261 2.56381
262 2.56512
263 2.58296
264 2.59188
265 2.59528
266 2.59748
267 2.61339
268 2.61992
269 2.62385
270 2.6644
271 2.67357
272 2.69103
273 2.69648
274 2.7015
275 2.71105
276 2.72897
277 2.74408
278 2.77173
279 2.77745
280 2.78262
281 2.79817
282 2.80544
283 2.81339
284 2.82927
285 2.83432
286 2.84062
287 2.85566
288 2.86391
289 2.88855
290 2.89683
291 2.90226
292 2.91041
293 2.91367
294 2.92148
295 2.94725
296 2.95274
297 2.95488
298 2.95896
299 2.96167
300 2.96677
301 2.98465
302 2.99444
303 2.99641
