1 0.00529
2 0.01722
3 0.02476
4 0.02977
5 0.03219
6 0.03648
7 0.041
8 0.04639
9 0.04835
10 0.05345
11 0.05582
12 0.07012
13 0.0722
14 0.07778
15 0.08066
16 0.09186
17 0.10515
18 0.11615
19 0.12576
20 0.13102
21 0.13211
22 0.13573
23 0.14626
24 0.15009
25 0.15715
26 0.17369
27 0.19222
28 0.19881
29 0.2074
30 0.22276
31 0.23013
32 0.23599
33 0.24889
34 0.25072
35 0.2554
36 0.2643
37 0.28076
38 0.28757
39 0.299
40 0.3139
41 0.32446
42 0.32782
43 0.33683
44 0.33966
45 0.34519
46 0.34631
47 0.35848
48 0.36031
49 0.37381
50 0.37735
51 0.39082
52 0.39618
53 0.40272
54 0.4112
55 0.41863
56 0.42492
57 0.42813
58 0.43049
59 0.45695
60 0.46597
61 0.47795
62 0.47983
63 0.48181
64 0.4872
65 0.49893
66 0.50392
67 0.50956
68 0.51226
69 0.5248
70 0.52968
71 0.53362
72 0.56343
73 0.5649
74 0.5686
75 0.57504
76 0.58254
77 0.59366
78 0.59744
79 0.60243
80 0.61657
81 0.63112
82 0.64371
83 0.64756
84 0.65049
85 0.6525
86 0.66964
87 0.67933
88 0.68285
89 0.69418
90 0.69991
91 0.70424
92 0.73134
93 0.74394
94 0.75043
95 0.76007
96 0.77857
97 0.7896
98 0.79148
99 0.82185
100 0.82379
101 0.84033
102 0.84867
103 0.85881
104 0.86297
105 0.86783
106 0.8799
107 0.88389
108 0.90076
109 0.90246
110 0.90492
111 0.9088
112 0.91789
113 0.93234
114 0.94361
115 0.94589
116 0.96082
117 0.97366
118 0.9755
119 0.9808
120 0.98727
121 0.9917
122 0.99764
123 0.99973
124 1.00543
125 1.0083
126 1.02105
127 1.02404
128 1.03322
129 1.03776
130 1.03945
131 1.05243
132 1.05769
133 1.06438
134 1.07381
135 1.07749
136 1.0899
137 1.09383
138 1.10088
139 1.10384
140 1.10739
141 1.11198
142 1.13602
143 1.15033
144 1.15714
145 1.16441
146 1.17978
147 1.18472
148 1.19516
149 1.19824
150 1.20822
151 1.22172
152 1.22594
153 1.22908
154 1.23151
155 1.23665
156 1.24249
157 1.24986
158 1.25408
159 1.27204
160 1.27516
161 1.29004
162 1.29797
163 1.30861
164 1.32307
165 1.35488
166 1.35896
167 1.36661
168 1.3776
169 1.4064
170 1.41925
171 1.42028
172 1.42228
173 1.43331
174 1.44754
175 1.45111
176 1.47661
177 1.49662
178 1.50351
179 1.50593
180 1.52314
181 1.53229
182 1.53886
183 1.54959
184 1.57219
185 1.59029
186 1.59648
187 1.60362
188 1.61209
189 1.61661
190 1.62566
191 1.62984
192 1.63413
193 1.64997
194 1.65252
195 1.66193
196 1.69534
197 1.69816
198 1.70374
199 1.70872
200 1.71215
201 1.72239
202 1.72945
203 1.74123
204 1.74744
205 1.75292
206 1.76336
207 1.77683
208 1.78391
209 1.81081
210 1.83849
211 1.85449
212 1.87221
213 1.87716
214 1.88548
215 1.88983
216 1.89893
217 1.9081
218 1.91045
219 1.93536
220 1.94057
221 1.94919
222 1.95798
223 1.97228
224 1.97996
225 1.99723
226 2.03038
227 2.04581
228 2.06019
229 2.06711
230 2.07121
231 2.07526
232 2.08078
233 2.09509
234 2.10785
235 2.11443
236 2.13122
237 2.14064
238 2.14702
239 2.15224
240 2.16534
241 2.17323
242 2.19758
243 2.20508
244 2.20714
245 2.22074
246 2.22231
247 2.23507
248 2.23811
249 2.25246
250 2.26137
251 2.26512
252 2.2768
253 2.28377
254 2.28655
255 2.29948
256 2.30326
257 2.30777
258 2.31487
259 2.31819
260 2.32635
261 2.33766
262 2.35364
263 2.36056
264 2.37977
265 2.39561
266 2.39856
267 2.40643
268 2.41631
269 2.43854
270 2.44199
271 2.44845
272 2.45586
273 2.45801
274 2.46065
275 2.46336
276 2.46927
277 2.47129
278 2.47728
279 2.48529
280 2.48693
281 2.49553
282 2.5043
283 2.5076
284 2.51413
285 2.53729
286 2.54284
287 2.54687
288 2.56575
289 2.56765
290 2.57153
291 2.57497
292 2.582
293 2.60604
294 2.61514
295 2.62564
296 2.63579
297 2.64567
298 2.64908
299 2.65385
300 2.65657
301 2.67412
302 2.68031
303 2.69312
304 2.7087
305 2.7161
306 2.72102
307 2.72999
308 2.73575
309 2.74402
310 2.74837
311 2.7568
312 2.76028
313 2.77138
314 2.77263
315 2.77631
316 2.78266
317 2.78803
318 2.81545
319 2.83286
320 2.84052
321 2.84335
322 2.85971
323 2.86849
324 2.88161
325 2.88511
326 2.89603
327 2.90111
328 2.90575
329 2.92271
330 2.94023
331 2.94348
332 2.95229
333 2.95928
334 2.97115
335 2.97474
336 2.97871
337 2.99907
