1 0.00237
2 0.00647
3 0.01189
4 0.02238
5 0.02632
6 0.0285
7 0.03109
8 0.03756
9 0.0417
10 0.04419
11 0.04955
12 0.0567
13 0.06271
14 0.0662
15 0.07566
16 0.09383
17 0.10491
18 0.11259
19 0.11529
20 0.12014
21 0.12431
22 0.12935
23 0.13649
24 0.13833
25 0.14835
26 0.16316
27 0.16699
28 0.17928
29 0.18185
30 0.18484
31 0.19221
32 0.20417
33 0.21086
34 0.21325
35 0.23258
36 0.23429
37 0.24759
38 0.25132
39 0.25897
40 0.26153
41 0.28387
42 0.28499
43 0.28807
44 0.29102
45 0.31384
46 0.31816
47 0.32384
48 0.32737
49 0.34749
50 0.35525
51 0.35692
52 0.3643
53 0.37246
54 0.37626
55 0.38939
56 0.40672
57 0.41148
58 0.41629
59 0.42809
60 0.43145
61 0.4341
62 0.43931
63 0.4508
64 0.45387
65 0.45895
66 0.47337
67 0.47454
68 0.48003
69 0.48983
70 0.49395
71 0.49905
72 0.52761
73 0.53354
74 0.53649
75 0.55331
76 0.55774
77 0.56351
78 0.57266
79 0.57932
80 0.58043
81 0.58782
82 0.59773
83 0.609
84 0.6127
85 0.61703
86 0.62572
87 0.62806
88 0.6291
89 0.64861
90 0.6582
91 0.66231
92 0.67754
93 0.6848
94 0.69385
95 0.71396
96 0.72877
97 0.7344
98 0.73689
99 0.73939
100 0.74573
101 0.748
102 0.74939
103 0.75727
104 0.7731
105 0.7789
106 0.78774
107 0.78934
108 0.80252
109 0.80604
110 0.81071
111 0.81451
112 0.81992
113 0.83101
114 0.84066
115 0.8571
116 0.87703
117 0.8784
118 0.88184
119 0.89286
120 0.9152
121 0.92791
122 0.93544
123 0.94269
124 0.9497
125 0.95196
126 0.96292
127 0.96726
128 0.97126
129 0.97785
130 0.98635
131 0.99041
132 0.99861
133 1.00181
134 1.00695
135 1.01155
136 1.026
137 1.02811
138 1.04236
139 1.04787
140 1.06319
141 1.07462
142 1.08839
143 1.10706
144 1.11223
145 1.12216
146 1.12854
147 1.13021
148 1.13335
149 1.14461
150 1.15153
151 1.15571
152 1.1624
153 1.17098
154 1.19903
155 1.20559
156 1.21894
157 1.22472
158 1.24519
159 1.25451
160 1.26701
161 1.27247
162 1.28149
163 1.28813
164 1.29501
165 1.30387
166 1.31135
167 1.31792
168 1.32119
169 1.32674
170 1.33168
171 1.3521
172 1.36774
173 1.37289
174 1.37583
175 1.37861
176 1.39956
177 1.40561
178 1.42027
179 1.42202
180 1.42844
181 1.43338
182 1.43857
183 1.43993
184 1.44485
185 1.4538
186 1.45934
187 1.46605
188 1.47576
189 1.48349
190 1.49485
191 1.49858
192 1.51398
193 1.5163
194 1.5249
195 1.53015
196 1.53637
197 1.53946
198 1.5568
199 1.56591
200 1.57151
201 1.58216
202 1.59644
203 1.6078
204 1.61859
205 1.6207
206 1.62667
207 1.637
208 1.64243
209 1.64861
210 1.65296
211 1.65894
212 1.66475
213 1.67412
214 1.67788
215 1.68795
216 1.70089
217 1.70432
218 1.71125
219 1.71511
220 1.72257
221 1.73423
222 1.75514
223 1.76517
224 1.76746
225 1.77633
226 1.78176
227 1.79339
228 1.79762
229 1.80527
230 1.80865
231 1.81232
232 1.82357
233 1.82527
234 1.8277
235 1.83842
236 1.84372
237 1.85475
238 1.8574
239 1.86021
240 1.86402
241 1.87353
242 1.87505
243 1.88715
244 1.89155
245 1.89279
246 1.89907
247 1.90417
248 1.90831
249 1.91839
250 1.92354
251 1.9522
252 1.95624
253 1.9652
254 1.96945
255 1.97185
256 1.9743
257 1.98652
258 1.99541
259 1.99993
260 2.02448
261 2.03317
262 2.03867
263 2.04866
264 2.07051
265 2.08026
266 2.09714
267 2.12239
268 2.13696
269 2.14872
270 2.15394
271 2.16107
272 2.177
273 2.18517
274 2.19878
275 2.20326
276 2.21698
277 2.22044
278 2.23231
279 2.24858
280 2.25889
281 2.26117
282 2.26411
283 2.26838
284 2.27111
285 2.28457
286 2.2854
287 2.29173
288 2.29825
289 2.30255
290 2.30424
291 2.31456
292 2.31641
293 2.32368
294 2.32952
295 2.34463
296 2.34717
297 2.35093
298 2.35988
299 2.37058
300 2.39461
301 2.41312
302 2.42257
303 2.42731
304 2.42826
305 2.45256
306 2.47676
307 2.48436
308 2.48695
309 2.51084
310 2.51985
311 2.52348
312 2.53032
313 2.54588
314 2.55323
315 2.57003
316 2.57677
317 2.57932
318 2.58429
319 2.58753
320 2.59108
321 2.59402
322 2.59544
323 2.60689
324 2.62875
325 2.63626
326 2.64021
327 2.65463
328 2.66689
329 2.67305
330 2.69065
331 2.69695
332 2.70345
333 2.72256
334 2.72374
335 2.7304
336 2.74484
337 2.75344
338 2.75977
339 2.77791
340 2.78969
341 2.79507
342 2.81007
343 2.8269
344 2.82877
345 2.83437
346 2.83803
347 2.86053
348 2.86455
349 2.86838
350 2.86928
351 2.88081
352 2.89122
353 2.91197
354 2.91766
355 2.92851
356 2.93324
357 2.93603
358 2.9581
359 2.96118
360 2.96691
361 2.9697
362 2.9816
363 2.99658
