1 0.00141
2 0.00558
3 0.01228
4 0.01691
5 0.01791
6 0.01976
7 0.02204
8 0.02631
9 0.0321
10 0.03791
11 0.04081
12 0.05525
13 0.05653
14 0.05859
15 0.06226
16 0.06344
17 0.06824
18 0.07079
19 0.07612
20 0.07792
21 0.08107
22 0.08664
23 0.08907
24 0.1033
25 0.1146
26 0.12564
27 0.1359
28 0.14648
29 0.14884
30 0.15037
31 0.15639
32 0.16344
33 0.16475
34 0.17106
35 0.17587
36 0.18031
37 0.1968
38 0.19973
39 0.2015
40 0.20866
41 0.21177
42 0.21955
43 0.22246
44 0.22744
45 0.23528
46 0.23763
47 0.25393
48 0.25839
49 0.26022
50 0.26755
51 0.27183
52 0.27583
53 0.28408
54 0.28918
55 0.29077
56 0.29894
57 0.30885
58 0.31852
59 0.32124
60 0.3228
61 0.32406
62 0.32822
63 0.33191
64 0.3427
65 0.34643
66 0.35674
67 0.36254
68 0.36604
69 0.37812
70 0.39591
71 0.40638
72 0.40869
73 0.4181
74 0.42329
75 0.42561
76 0.43563
77 0.45283
78 0.46831
79 0.47243
80 0.47641
81 0.48215
82 0.48888
83 0.4973
84 0.51267
85 0.51559
86 0.52598
87 0.52684
88 0.5361
89 0.54251
90 0.54937
91 0.55837
92 0.56213
93 0.56634
94 0.56721
95 0.57164
96 0.59119
97 0.60072
98 0.60378
99 0.60935
100 0.61436
101 0.61823
102 0.65267
103 0.66012
104 0.66163
105 0.66862
106 0.68328
107 0.72223
108 0.72412
109 0.73075
110 0.73505
111 0.73647
112 0.73933
113 0.74022
114 0.74463
115 0.74936
116 0.76571
117 0.76832
118 0.77428
119 0.78059
120 0.79101
121 0.80373
122 0.82384
123 0.82532
124 0.83004
125 0.83104
126 0.83353
127 0.85568
128 0.86226
129 0.86882
130 0.88776
131 0.90506
132 0.91173
133 0.91272
134 0.92322
135 0.92931
136 0.93251
137 0.95202
138 0.96742
139 0.97354
140 0.97576
141 0.98725
142 0.98823
143 0.99583
144 1.01217
145 1.01978
146 1.03843
147 1.04177
148 1.04534
149 1.05018
150 1.05922
151 1.06663
152 1.07683
153 1.07946
154 1.08277
155 1.08466
156 1.08944
157 1.09236
158 1.11293
159 1.12067
160 1.12779
161 1.13839
162 1.14103
163 1.14925
164 1.15765
165 1.16243
166 1.16401
167 1.17324
168 1.18648
169 1.19737
170 1.20655
171 1.22604
172 1.24022
173 1.25144
174 1.25697
175 1.26282
176 1.26496
177 1.27264
178 1.27937
179 1.28887
180 1.30576
181 1.31599
182 1.32268
183 1.33821
184 1.34966
185 1.35882
186 1.3679
187 1.37206
188 1.37505
189 1.38314
190 1.4015
191 1.40683
192 1.40795
193 1.41791
194 1.42454
195 1.43134
196 1.43291
197 1.44734
198 1.47868
199 1.48637
200 1.49323
201 1.50067
202 1.51098
203 1.52085
204 1.52648
205 1.53445
206 1.53682
207 1.54573
208 1.55097
209 1.56122
210 1.56695
211 1.57096
212 1.57605
213 1.58153
214 1.60309
215 1.61725
216 1.62734
217 1.64839
218 1.64988
219 1.6615
220 1.66815
221 1.67424
222 1.67639
223 1.69577
224 1.71974
225 1.72731
226 1.73177
227 1.73423
228 1.73569
229 1.73909
230 1.75654
231 1.7657
232 1.77298
233 1.77718
234 1.78687
235 1.79908
236 1.8034
237 1.80888
238 1.81626
239 1.82217
240 1.82447
241 1.83019
242 1.8357
243 1.84894
244 1.85328
245 1.85837
246 1.86195
247 1.87137
248 1.8992
249 1.90489
250 1.9217
251 1.93635
252 1.97761
253 1.98836
254 1.99984
255 2.00844
256 2.01087
257 2.01652
258 2.02639
259 2.03146
260 2.03618
261 2.0401
262 2.05003
263 2.05582
264 2.0612
265 2.07139
266 2.07289
267 2.09371
268 2.10783
269 2.11489
270 2.14662
271 2.15511
272 2.1658
273 2.17276
274 2.21965
275 2.22253
276 2.23608
277 2.24137
278 2.25001
279 2.26208
280 2.26656
281 2.26907
282 2.27236
283 2.27551
284 2.27693
285 2.28097
286 2.28886
287 2.29131
288 2.31308
289 2.3248
290 2.32732
291 2.32923
292 2.33368
293 2.34034
294 2.34317
295 2.35253
296 2.35743
297 2.36179
298 2.37412
299 2.39805
300 2.40214
301 2.40367
302 2.4056
303 2.41315
304 2.41499
305 2.42061
306 2.42387
307 2.47284
308 2.47526
309 2.48036
310 2.48193
311 2.49229
312 2.50462
313 2.50694
314 2.51467
315 2.51658
316 2.51875
317 2.52216
318 2.52377
319 2.52768
320 2.53157
321 2.53913
322 2.54019
323 2.54791
324 2.56182
325 2.56852
326 2.56965
327 2.57296
328 2.58309
329 2.58944
330 2.59475
331 2.59939
332 2.60218
333 2.60551
334 2.61283
335 2.62362
336 2.64691
337 2.65069
338 2.66285
339 2.66551
340 2.6722
341 2.68198
342 2.70449
343 2.72344
344 2.72688
345 2.7378
346 2.74229
347 2.75235
348 2.77586
349 2.77761
350 2.79161
351 2.79569
352 2.8008
353 2.8067
354 2.81983
355 2.84663
356 2.84964
357 2.86645
358 2.8729
359 2.90216
360 2.90514
361 2.91195
362 2.91709
363 2.92214
364 2.93199
365 2.95473
366 2.97609
367 2.99073
368 2.9948
