1 0.00625
2 0.00874
3 0.01366
4 0.01544
5 0.03293
6 0.03528
7 0.03793
8 0.04962
9 0.0552
10 0.05767
11 0.0609
12 0.06791
13 0.07763
14 0.08928
15 0.09782
16 0.09912
17 0.10947
18 0.11264
19 0.11912
20 0.13313
21 0.13819
22 0.14982
23 0.17303
24 0.17607
25 0.18082
26 0.18238
27 0.19186
28 0.20419
29 0.20597
30 0.21704
31 0.23027
32 0.23207
33 0.23955
34 0.24435
35 0.25255
36 0.2552
37 0.26144
38 0.2796
39 0.30345
40 0.30681
41 0.33855
42 0.35297
43 0.35503
44 0.35921
45 0.36342
46 0.37222
47 0.37403
48 0.38115
49 0.38406
50 0.38598
51 0.39182
52 0.39506
53 0.39879
54 0.40107
55 0.41122
56 0.42586
57 0.4271
58 0.44425
59 0.44778
60 0.45677
61 0.45903
62 0.48104
63 0.48343
64 0.49104
65 0.49352
66 0.5038
67 0.51483
68 0.52043
69 0.52992
70 0.53313
71 0.53518
72 0.54793
73 0.55437
74 0.5626
75 0.57522
76 0.57829
77 0.58007
78 0.58289
79 0.60582
80 0.60849
81 0.6144
82 0.61825
83 0.62314
84 0.62715
85 0.63766
86 0.6448
87 0.66122
88 0.66272
89 0.67467
90 0.67885
91 0.68588
92 0.68943
93 0.69183
94 0.70041
95 0.70575
96 0.71936
97 0.72348
98 0.72742
99 0.73375
100 0.74623
101 0.75789
102 0.76503
103 0.78723
104 0.79976
105 0.82406
106 0.83194
107 0.83626
108 0.85238
109 0.85351
110 0.86013
111 0.86643
112 0.87483
113 0.88065
114 0.88548
115 0.89302
116 0.89695
117 0.9081
118 0.91841
119 0.91958
120 0.92167
121 0.9267
122 0.93316
123 0.93609
124 0.93753
125 0.93945
126 0.94191
127 0.95085
128 0.95416
129 0.9843
130 0.98641
131 0.98959
132 0.99161
133 1.01111
134 1.0165
135 1.02867
136 1.03212
137 1.03693
138 1.04112
139 1.05784
140 1.05969
141 1.06367
142 1.07251
143 1.10047
144 1.10946
145 1.119
146 1.13123
147 1.13214
148 1.14601
149 1.15231
150 1.16484
151 1.17143
152 1.18059
153 1.18989
154 1.20388
155 1.21631
156 1.22024
157 1.22785
158 1.2303
159 1.23704
160 1.24192
161 1.24494
162 1.25391
163 1.25811
164 1.26334
165 1.27782
166 1.28171
167 1.2862
168 1.30154
169 1.31639
170 1.3261
171 1.32728
172 1.3309
173 1.33326
174 1.33418
175 1.3392
176 1.35662
177 1.36345
178 1.36582
179 1.37892
180 1.38162
181 1.38668
182 1.39087
183 1.4158
184 1.43725
185 1.4385
186 1.44669
187 1.45242
188 1.46626
189 1.47254
190 1.47978
191 1.48681
192 1.49251
193 1.49571
194 1.50707
195 1.51193
196 1.51397
197 1.53644
198 1.55536
199 1.56047
200 1.57112
201 1.57726
202 1.58609
203 1.5882
204 1.59854
205 1.60012
206 1.60797
207 1.61035
208 1.61433
209 1.61611
210 1.62079
211 1.62794
212 1.62938
213 1.63806
214 1.64953
215 1.65619
216 1.65921
217 1.66914
218 1.67363
219 1.67544
220 1.68418
221 1.68697
222 1.68906
223 1.69863
224 1.71701
225 1.72634
226 1.72999
227 1.7369
228 1.74675
229 1.75419
230 1.75751
231 1.77723
232 1.80178
233 1.80938
234 1.82459
235 1.82947
236 1.8487
237 1.85374
238 1.85738
239 1.86773
240 1.87597
241 1.87894
242 1.88241
243 1.88791
244 1.89641
245 1.92986
246 1.93207
247 1.94129
248 1.94249
249 1.95353
250 1.96138
251 1.97081
252 1.98683
253 2.01045
254 2.01907
255 2.0285
256 2.03146
257 2.05639
258 2.07338
259 2.08007
260 2.10332
261 2.10895
262 2.11287
263 2.11636
264 2.13523
265 2.14341
266 2.14912
267 2.17071
268 2.17483
269 2.17687
270 2.18572
271 2.19102
272 2.19381
273 2.20115
274 2.22097
275 2.22529
276 2.23074
277 2.23155
278 2.24786
279 2.25416
280 2.25785
281 2.26299
282 2.27987
283 2.2878
284 2.31272
285 2.33142
286 2.33603
287 2.34886
288 2.36205
289 2.36438
290 2.37167
291 2.37458
292 2.38182
293 2.38706
294 2.39288
295 2.39395
296 2.39747
297 2.41011
298 2.42376
299 2.42796
300 2.43347
301 2.44036
302 2.44938
303 2.45735
304 2.47041
305 2.47307
306 2.48886
307 2.50748
308 2.51717
309 2.52729
310 2.55308
311 2.57689
312 2.60233
313 2.60852
314 2.6101
315 2.61339
316 2.62125
317 2.63063
318 2.63166
319 2.63926
320 2.64164
321 2.67343
322 2.67591
323 2.68101
324 2.68516
325 2.69085
326 2.69438
327 2.69873
328 2.71068
329 2.7176
330 2.72255
331 2.72563
332 2.72749
333 2.73063
334 2.74253
335 2.74422
336 2.75837
337 2.76177
338 2.76724
339 2.78415
340 2.80171
341 2.80943
342 2.82123
343 2.82716
344 2.82934
345 2.8357
346 2.85195
347 2.85394
348 2.85771
349 2.85879
350 2.8639
351 2.8665
352 2.88434
353 2.88731
354 2.89237
355 2.89719
356 2.9007
357 2.90664
358 2.91935
359 2.92209
360 2.93293
361 2.94424
362 2.95114
363 2.9532
364 2.96837
365 2.97003
366 2.98353
367 2.99386
