1 0.00467
2 0.00828
3 0.01457
4 0.02094
5 0.02338
6 0.03562
7 0.03921
8 0.04381
9 0.04851
10 0.05239
11 0.05609
12 0.05725
13 0.06773
14 0.07985
15 0.08258
16 0.08728
17 0.09881
18 0.10272
19 0.10858
20 0.11388
21 0.11776
22 0.12178
23 0.12527
24 0.12891
25 0.13581
26 0.13724
27 0.14069
28 0.14711
29 0.15202
30 0.15697
31 0.15957
32 0.1707
33 0.17793
34 0.18546
35 0.19058
36 0.20496
37 0.20982
38 0.21635
39 0.21968
40 0.22847
41 0.23179
42 0.24372
43 0.24731
44 0.25198
45 0.2577
46 0.27202
47 0.27824
48 0.29298
49 0.29641
50 0.31316
51 0.31599
52 0.33121
53 0.3356
54 0.34236
55 0.34936
56 0.35533
57 0.37044
58 0.38497
59 0.38935
60 0.39317
61 0.40205
62 0.40418
63 0.40963
64 0.41498
65 0.42562
66 0.42798
67 0.42934
68 0.43845
69 0.44599
70 0.44874
71 0.44984
72 0.46268
73 0.46592
74 0.47065
75 0.4732
76 0.47518
77 0.4873
78 0.49794
79 0.50405
80 0.53377
81 0.54056
82 0.54341
83 0.54583
84 0.54722
85 0.5546
86 0.55678
87 0.55905
88 0.56507
89 0.56895
90 0.5911
91 0.59396
92 0.6012
93 0.60999
94 0.61337
95 0.62116
96 0.63213
97 0.63682
98 0.64073
99 0.64376
100 0.66264
101 0.66397
102 0.67583
103 0.67887
104 0.68624
105 0.69584
106 0.71029
107 0.72092
108 0.72659
109 0.72847
110 0.74637
111 0.75191
112 0.76284
113 0.76702
114 0.76833
115 0.78745
116 0.79631
117 0.79938
118 0.81383
119 0.81769
120 0.83145
121 0.83867
122 0.84953
123 0.87264
124 0.87987
125 0.88396
126 0.88694
127 0.89881
128 0.90467
129 0.90941
130 0.91696
131 0.92831
132 0.9311
133 0.94096
134 0.95776
135 0.96183
136 0.96626
137 0.96832
138 0.97175
139 0.97812
140 0.98339
141 0.99148
142 0.99532
143 1.00958
144 1.01231
145 1.02009
146 1.02476
147 1.02743
148 1.03985
149 1.04436
150 1.04767
151 1.05133
152 1.05652
153 1.0595
154 1.06417
155 1.06991
156 1.0874
157 1.10146
158 1.10548
159 1.11088
160 1.12332
161 1.12777
162 1.12879
163 1.13189
164 1.13642
165 1.14448
166 1.14657
167 1.15671
168 1.16412
169 1.17894
170 1.18544
171 1.19334
172 1.20604
173 1.21697
174 1.22085
175 1.25213
176 1.25455
177 1.26335
178 1.26976
179 1.2992
180 1.30048
181 1.30225
182 1.31689
183 1.32438
184 1.33174
185 1.33513
186 1.36075
187 1.36638
188 1.37934
189 1.3809
190 1.3836
191 1.39225
192 1.39635
193 1.40104
194 1.40707
195 1.41497
196 1.42615
197 1.42808
198 1.43333
199 1.44367
200 1.44735
201 1.45904
202 1.46416
203 1.47973
204 1.48766
205 1.49376
206 1.50029
207 1.50771
208 1.50873
209 1.51392
210 1.53357
211 1.53715
212 1.54836
213 1.55601
214 1.56437
215 1.56924
216 1.58068
217 1.59458
218 1.59884
219 1.62888
220 1.63646
221 1.63818
222 1.64307
223 1.65081
224 1.65494
225 1.65761
226 1.66056
227 1.66417
228 1.67084
229 1.68322
230 1.68563
231 1.69094
232 1.70911
233 1.71439
234 1.71762
235 1.72081
236 1.72655
237 1.73014
238 1.74145
239 1.75372
240 1.757
241 1.76413
242 1.771
243 1.78254
244 1.78812
245 1.79481
246 1.81667
247 1.82397
248 1.83854
249 1.84028
250 1.84675
251 1.85521
252 1.85843
253 1.8645
254 1.87519
255 1.88063
256 1.88292
257 1.88741
258 1.89806
259 1.90625
260 1.91004
261 1.92191
262 1.93375
263 1.93998
264 1.96333
265 1.97238
266 1.97514
267 1.97998
268 1.99808
269 2.01826
270 2.02778
271 2.03927
272 2.04388
273 2.04929
274 2.05413
275 2.05555
276 2.05886
277 2.07381
278 2.09036
279 2.10545
280 2.11244
281 2.1176
282 2.12541
283 2.12808
284 2.13208
285 2.13713
286 2.15771
287 2.17078
288 2.1728
289 2.17543
290 2.18117
291 2.18231
292 2.18528
293 2.18911
294 2.19672
295 2.20518
296 2.21211
297 2.21862
298 2.22521
299 2.22883
300 2.23089
301 2.23423
302 2.23565
303 2.23962
304 2.24197
305 2.24763
306 2.24924
307 2.2516
308 2.27511
309 2.28333
310 2.29413
311 2.29769
312 2.30806
313 2.31421
314 2.33839
315 2.34294
316 2.34675
317 2.35444
318 2.35544
319 2.36464
320 2.36552
321 2.37639
322 2.38126
323 2.38795
324 2.39085
325 2.40227
326 2.40454
327 2.41827
328 2.4272
329 2.43027
330 2.43425
331 2.44547
332 2.45567
333 2.45871
334 2.46715
335 2.47582
336 2.48489
337 2.48696
338 2.4924
339 2.50306
340 2.50813
341 2.51406
342 2.52541
343 2.53668
344 2.54387
345 2.55287
346 2.56395
347 2.58023
348 2.59158
349 2.59526
350 2.61363
351 2.61588
352 2.62525
353 2.63181
354 2.63773
355 2.64002
356 2.66209
357 2.6741
358 2.68049
359 2.6889
360 2.70846
361 2.71288
362 2.71695
363 2.7199
364 2.72442
365 2.73185
366 2.74063
367 2.75022
368 2.75482
369 2.7627
370 2.76995
371 2.779
372 2.78613
373 2.79217
374 2.79388
375 2.79935
376 2.80453
377 2.81047
378 2.81427
379 2.84197
380 2.84691
381 2.85068
382 2.85247
383 2.85519
384 2.87777
385 2.88245
386 2.88448
387 2.88665
388 2.89
389 2.90015
390 2.91065
391 2.91807
392 2.92951
393 2.93428
394 2.93643
395 2.96312
396 2.965
397 2.97187
398 2.97554
399 2.98324
400 2.99212
401 2.99568
