1 0.00165
2 0.00896
3 0.01269
4 0.02062
5 0.02514
6 0.03018
7 0.0336
8 0.03646
9 0.0388
10 0.04078
11 0.04777
12 0.04953
13 0.06287
14 0.06783
15 0.0715
16 0.07699
17 0.08034
18 0.08769
19 0.08976
20 0.10006
21 0.10522
22 0.11316
23 0.12622
24 0.12969
25 0.13386
26 0.13885
27 0.14437
28 0.14697
29 0.1515
30 0.15295
31 0.15513
32 0.1566
33 0.16791
34 0.17007
35 0.18042
36 0.18813
37 0.19226
38 0.19312
39 0.19713
40 0.21455
41 0.22505
42 0.23084
43 0.23763
44 0.23929
45 0.24786
46 0.25325
47 0.26259
48 0.27141
49 0.27339
50 0.27434
51 0.2763
52 0.27967
53 0.285
54 0.29375
55 0.29507
56 0.31295
57 0.31564
58 0.31669
59 0.32004
60 0.32416
61 0.32956
62 0.34224
63 0.35192
64 0.35589
65 0.36067
66 0.37533
67 0.37633
68 0.38463
69 0.39049
70 0.39369
71 0.40917
72 0.44085
73 0.44455
74 0.45518
75 0.46633
76 0.47213
77 0.47763
78 0.48335
79 0.48956
80 0.49367
81 0.49619
82 0.49931
83 0.51963
84 0.5319
85 0.5382
86 0.54005
87 0.54702
88 0.56568
89 0.56667
90 0.56986
91 0.58021
92 0.58902
93 0.60298
94 0.61676
95 0.62497
96 0.63692
97 0.65114
98 0.65852
99 0.69442
100 0.69679
101 0.70274
102 0.70804
103 0.71854
104 0.72555
105 0.7325
106 0.74186
107 0.74814
108 0.75268
109 0.76084
110 0.7647
111 0.77095
112 0.77518
113 0.79257
114 0.79649
115 0.81196
116 0.81871
117 0.82318
118 0.82988
119 0.83588
120 0.84286
121 0.85363
122 0.85808
123 0.8619
124 0.87642
125 0.8832
126 0.89088
127 0.89233
128 0.89986
129 0.90578
130 0.93869
131 0.94031
132 0.94459
133 0.94907
134 0.95445
135 0.9591
136 0.96269
137 0.9639
138 0.96638
139 0.9705
140 0.97631
141 0.98836
142 1.0044
143 1.03123
144 1.03294
145 1.04134
146 1.04805
147 1.06621
148 1.06901
149 1.07219
150 1.07508
151 1.08053
152 1.08385
153 1.08854
154 1.10084
155 1.10705
156 1.11222
157 1.12673
158 1.13018
159 1.14815
160 1.14988
161 1.15171
162 1.15766
163 1.17018
164 1.17542
165 1.188
166 1.20059
167 1.20401
168 1.20701
169 1.21122
170 1.22361
171 1.22625
172 1.22775
173 1.24023
174 1.24546
175 1.24915
176 1.25243
177 1.27256
178 1.28138
179 1.29097
180 1.29767
181 1.31179
182 1.31638
183 1.32279
184 1.32651
185 1.3306
186 1.33425
187 1.33666
188 1.34225
189 1.35313
190 1.35655
191 1.36125
192 1.36941
193 1.38062
194 1.389
195 1.39647
196 1.40203
197 1.4053
198 1.40748
199 1.41064
200 1.414
201 1.42913
202 1.44031
203 1.44536
204 1.4533
205 1.47046
206 1.48226
207 1.48402
208 1.48577
209 1.49698
210 1.5001
211 1.5061
212 1.51191
213 1.52319
214 1.53245
215 1.54348
216 1.54876
217 1.56295
218 1.56612
219 1.57495
220 1.57883
221 1.60138
222 1.60825
223 1.6279
224 1.63153
225 1.63842
226 1.64562
227 1.65028
228 1.65486
229 1.65995
230 1.66924
231 1.67147
232 1.69607
233 1.70364
234 1.70519
235 1.7255
236 1.73157
237 1.73808
238 1.74891
239 1.75212
240 1.75442
241 1.77163
242 1.78199
243 1.78534
244 1.79266
245 1.79795
246 1.80125
247 1.81425
248 1.81575
249 1.8189
250 1.82085
251 1.82226
252 1.82732
253 1.85107
254 1.8601
255 1.87555
256 1.89826
257 1.92115
258 1.9226
259 1.93146
260 1.94131
261 1.94754
262 1.95135
263 1.96567
264 1.97195
265 1.97393
266 1.97976
267 1.99445
268 1.99882
269 2.00148
270 2.01942
271 2.03113
272 2.04321
273 2.04623
274 2.06957
275 2.0728
276 2.07638
277 2.08075
278 2.08735
279 2.09979
280 2.10563
281 2.1287
282 2.13087
283 2.14296
284 2.15012
285 2.15649
286 2.16685
287 2.17307
288 2.17998
289 2.18981
290 2.19641
291 2.19806
292 2.20295
293 2.21943
294 2.22609
295 2.23139
296 2.23549
297 2.23803
298 2.24875
299 2.25269
300 2.25812
301 2.26087
302 2.2725
303 2.27643
304 2.28297
305 2.28524
306 2.29091
307 2.2968
308 2.30224
309 2.31383
310 2.3181
311 2.31948
312 2.3246
313 2.32801
314 2.33353
315 2.33752
316 2.35678
317 2.35837
318 2.37741
319 2.38328
320 2.39
321 2.3939
322 2.40036
323 2.4043
324 2.42564
325 2.4379
326 2.4509
327 2.45319
328 2.45771
329 2.46026
330 2.46307
331 2.46882
332 2.47745
333 2.49179
334 2.49843
335 2.50297
336 2.51178
337 2.52288
338 2.5288
339 2.53397
340 2.53686
341 2.54147
342 2.54702
343 2.55154
344 2.56453
345 2.5669
346 2.57024
347 2.57454
348 2.5771
349 2.58557
350 2.60015
351 2.608
352 2.61079
353 2.61415
354 2.62622
355 2.6293
356 2.63215
357 2.63665
358 2.64616
359 2.64822
360 2.65579
361 2.65729
362 2.66145
363 2.66572
364 2.67095
365 2.6991
366 2.70409
367 2.72329
368 2.72999
369 2.73088
370 2.73623
371 2.73833
372 2.74682
373 2.75157
374 2.75696
375 2.75961
376 2.76155
377 2.76439
378 2.76967
379 2.77952
380 2.7852
381 2.79156
382 2.79883
383 2.8158
384 2.81934
385 2.82702
386 2.83657
387 2.84609
388 2.85311
389 2.85739
390 2.86269
391 2.87613
392 2.88115
393 2.88669
394 2.88883
395 2.89825
396 2.90755
397 2.94646
398 2.94789
399 2.95767
400 2.95981
401 2.96174
402 2.97099
403 2.97313
404 2.9767
405 2.97834
406 2.98978
407 2.99698
