1 0.00366
2 0.00472
3 0.00698
4 0.01488
5 0.02402
6 0.03287
7 0.03389
8 0.05131
9 0.06241
10 0.06818
11 0.08191
12 0.08597
13 0.09153
14 0.09398
15 0.09547
16 0.0977
17 0.0991
18 0.11503
19 0.12239
20 0.12763
21 0.13379
22 0.15168
23 0.15474
24 0.16199
25 0.16509
26 0.16777
27 0.17195
28 0.18411
29 0.18796
30 0.19347
31 0.19855
32 0.20137
33 0.21482
34 0.2175
35 0.23123
36 0.23343
37 0.24035
38 0.2421
39 0.24817
40 0.26158
41 0.26944
42 0.27921
43 0.28434
44 0.29969
45 0.31042
46 0.31621
47 0.31866
48 0.32408
49 0.33041
50 0.33767
51 0.33879
52 0.34393
53 0.34809
54 0.35209
55 0.35485
56 0.35784
57 0.36325
58 0.37045
59 0.37195
60 0.37431
61 0.38226
62 0.3931
63 0.39693
64 0.40641
65 0.41062
66 0.41698
67 0.41837
68 0.43738
69 0.44325
70 0.44492
71 0.45084
72 0.4647
73 0.48122
74 0.48268
75 0.48826
76 0.49943
77 0.50483
78 0.51188
79 0.51455
80 0.51572
81 0.51903
82 0.52972
83 0.53662
84 0.56296
85 0.5666
86 0.57139
87 0.58758
88 0.59122
89 0.59639
90 0.59863
91 0.59973
92 0.6084
93 0.62048
94 0.62356
95 0.63089
96 0.64575
97 0.65063
98 0.65744
99 0.66066
100 0.66188
101 0.66561
102 0.68683
103 0.69576
104 0.70114
105 0.70487
106 0.70938
107 0.71763
108 0.73384
109 0.73636
110 0.75865
111 0.7798
112 0.78477
113 0.78612
114 0.7981
115 0.80167
116 0.81237
117 0.81545
118 0.82322
119 0.83766
120 0.84304
121 0.85059
122 0.85465
123 0.85779
124 0.86741
125 0.87686
126 0.90396
127 0.90586
128 0.90969
129 0.91528
130 0.92707
131 0.9364
132 0.94106
133 0.94274
134 0.94406
135 0.95149
136 0.95861
137 0.96152
138 0.96618
139 0.97323
140 0.98332
141 0.98577
142 0.99326
143 0.99615
144 1.00138
145 1.01405
146 1.02057
147 1.022
148 1.02973
149 1.0393
150 1.06517
151 1.06756
152 1.0727
153 1.07459
154 1.08267
155 1.09064
156 1.0922
157 1.10106
158 1.10581
159 1.11309
160 1.1178
161 1.12448
162 1.12862
163 1.14729
164 1.14868
165 1.15068
166 1.15465
167 1.15803
168 1.16053
169 1.16625
170 1.17192
171 1.18039
172 1.18946
173 1.19937
174 1.20707
175 1.21325
176 1.21605
177 1.23384
178 1.23849
179 1.24962
180 1.25513
181 1.2657
182 1.27074
183 1.27279
184 1.27778
185 1.3144
186 1.32015
187 1.32763
188 1.33244
189 1.34153
190 1.34617
191 1.36284
192 1.36832
193 1.37179
194 1.37796
195 1.38612
196 1.4018
197 1.4034
198 1.40566
199 1.41285
200 1.41631
201 1.42245
202 1.43084
203 1.43645
204 1.44108
205 1.44585
206 1.45029
207 1.46005
208 1.47174
209 1.49233
210 1.49729
211 1.50609
212 1.50854
213 1.51799
214 1.52362
215 1.52804
216 1.53221
217 1.53597
218 1.54356
219 1.5461
220 1.56265
221 1.56957
222 1.59792
223 1.60634
224 1.61301
225 1.62873
226 1.63269
227 1.64349
228 1.64914
229 1.65172
230 1.66232
231 1.6652
232 1.66943
233 1.67404
234 1.69146
235 1.69505
236 1.69631
237 1.70414
238 1.71179
239 1.71481
240 1.73246
241 1.73524
242 1.73793
243 1.75009
244 1.75907
245 1.76938
246 1.77383
247 1.77578
248 1.78648
249 1.79845
250 1.81385
251 1.8217
252 1.82304
253 1.84084
254 1.84834
255 1.85047
256 1.85245
257 1.85843
258 1.87041
259 1.87858
260 1.90078
261 1.91175
262 1.9186
263 1.92192
264 1.92743
265 1.94128
266 1.94806
267 1.95779
268 1.96993
269 1.9745
270 1.97892
271 1.98263
272 1.99413
273 2.00755
274 2.01622
275 2.02263
276 2.02438
277 2.04786
278 2.06396
279 2.06903
280 2.07672
281 2.09052
282 2.09707
283 2.10054
284 2.10296
285 2.10699
286 2.11239
287 2.12169
288 2.15226
289 2.15519
290 2.15736
291 2.16525
292 2.17366
293 2.17609
294 2.18356
295 2.18719
296 2.19662
297 2.20918
298 2.21287
299 2.21581
300 2.22246
301 2.23218
302 2.24334
303 2.25709
304 2.26307
305 2.26899
306 2.27608
307 2.27794
308 2.31413
309 2.31529
310 2.32665
311 2.33515
312 2.3412
313 2.34922
314 2.35699
315 2.35951
316 2.36142
317 2.36696
318 2.38467
319 2.39741
320 2.40968
321 2.41153
322 2.41808
323 2.4413
324 2.44642
325 2.44924
326 2.45053
327 2.45736
328 2.46575
329 2.47208
330 2.48216
331 2.48678
332 2.49186
333 2.51301
334 2.51635
335 2.51884
336 2.53271
337 2.54756
338 2.56541
339 2.57525
340 2.58975
341 2.59204
342 2.59461
343 2.59961
344 2.60291
345 2.61912
346 2.63107
347 2.64839
348 2.66043
349 2.66178
350 2.66691
351 2.66968
352 2.67174
353 2.68469
354 2.69522
355 2.69958
356 2.70251
357 2.71831
358 2.72354
359 2.72884
360 2.73402
361 2.73728
362 2.7392
363 2.75426
364 2.77182
365 2.78463
366 2.79548
367 2.81678
368 2.82382
369 2.82549
370 2.83895
371 2.84523
372 2.8585
373 2.8601
374 2.87636
375 2.89263
376 2.89771
377 2.91322
378 2.91642
379 2.92503
380 2.93886
381 2.9421
382 2.9689
383 2.97673
384 2.98659
385 2.99002
386 2.99438
