1 0.00422
2 0.00741
3 0.00857
4 0.00969
5 0.01274
6 0.01619
7 0.01742
8 0.02087
9 0.02604
10 0.03342
11 0.03657
12 0.0396
13 0.04606
14 0.05695
15 0.06004
16 0.06862
17 0.07193
18 0.08813
19 0.12189
20 0.12438
21 0.12949
22 0.14153
23 0.16578
24 0.18352
25 0.18935
26 0.21239
27 0.21613
28 0.21845
29 0.24643
30 0.24861
31 0.25464
32 0.26887
33 0.27528
34 0.28706
35 0.29522
36 0.29841
37 0.30236
38 0.33583
39 0.3425
40 0.34393
41 0.36392
42 0.37277
43 0.37721
44 0.39408
45 0.41183
46 0.4171
47 0.42532
48 0.42917
49 0.44949
50 0.45305
51 0.46286
52 0.47093
53 0.47441
54 0.47599
55 0.49849
56 0.50794
57 0.52388
58 0.53295
59 0.53914
60 0.55289
61 0.55606
62 0.56213
63 0.57291
64 0.57664
65 0.59393
66 0.6006
67 0.61355
68 0.63021
69 0.63314
70 0.64069
71 0.64782
72 0.66876
73 0.68023
74 0.68483
75 0.71869
76 0.72507
77 0.73626
78 0.74211
79 0.74603
80 0.76259
81 0.76519
82 0.77249
83 0.78793
84 0.78998
85 0.79325
86 0.80434
87 0.83423
88 0.83902
89 0.88051
90 0.89805
91 0.90914
92 0.92283
93 0.93931
94 0.94551
95 0.95145
96 0.95493
97 0.96619
98 0.98135
99 1.00217
100 1.00725
101 1.0201
102 1.02379
103 1.0591
104 1.06224
105 1.07105
106 1.0808
107 1.08798
108 1.10002
109 1.11353
110 1.11897
111 1.13379
112 1.15287
113 1.16276
114 1.16973
115 1.18019
116 1.19818
117 1.20259
118 1.23333
119 1.26545
120 1.26892
121 1.29101
122 1.31903
123 1.32717
124 1.3396
125 1.34398
126 1.35101
127 1.36526
128 1.37661
129 1.40211
130 1.41694
131 1.42198
132 1.43247
133 1.44909
134 1.45856
135 1.46194
136 1.4885
137 1.49243
138 1.50188
139 1.50593
140 1.51821
141 1.51971
142 1.52681
143 1.54453
144 1.55894
145 1.56299
146 1.57598
147 1.58679
148 1.59009
149 1.59283
150 1.59648
151 1.60141
152 1.61893
153 1.63851
154 1.64832
155 1.66255
156 1.66787
157 1.67226
158 1.6773
159 1.69827
160 1.70351
161 1.71617
162 1.71924
163 1.72616
164 1.73158
165 1.74712
166 1.75842
167 1.77232
168 1.77696
169 1.79148
170 1.80246
171 1.81254
172 1.82017
173 1.82528
174 1.83864
175 1.86958
176 1.88616
177 1.89331
178 1.90225
179 1.92674
180 1.92795
181 1.9296
182 1.9461
183 1.95087
184 1.96332
185 1.9679
186 1.97419
187 1.97734
188 1.99047
189 1.99914
190 2.00513
191 2.01117
192 2.0232
193 2.03822
194 2.04231
195 2.05389
196 2.06362
197 2.08005
198 2.08816
199 2.09105
200 2.10316
201 2.10839
202 2.10993
203 2.11576
204 2.1269
205 2.13219
206 2.14783
207 2.1683
208 2.17436
209 2.17571
210 2.18731
211 2.1951
212 2.25712
213 2.26339
214 2.2674
215 2.27508
216 2.29492
217 2.30803
218 2.30966
219 2.31461
220 2.32282
221 2.33834
222 2.33954
223 2.34546
224 2.35529
225 2.36844
226 2.37105
227 2.37689
228 2.39291
229 2.41705
230 2.42463
231 2.43594
232 2.44569
233 2.45275
234 2.46656
235 2.50415
236 2.50625
237 2.50879
238 2.52574
239 2.5363
240 2.54905
241 2.55898
242 2.57481
243 2.59444
244 2.59585
245 2.61465
246 2.62271
247 2.62846
248 2.63149
249 2.63483
250 2.64125
251 2.67185
252 2.67991
253 2.68642
254 2.7033
255 2.72006
256 2.72363
257 2.72973
258 2.74205
259 2.76118
260 2.76687
261 2.77797
262 2.78976
263 2.81492
264 2.81804
265 2.8275
266 2.87544
267 2.88165
268 2.88911
269 2.90149
270 2.90865
271 2.92286
272 2.92743
273 2.94549
274 2.97456
