1 0.00188
2 0.00368
3 0.01556
4 0.01769
5 0.02103
6 0.02942
7 0.0329
8 0.0367
9 0.03756
10 0.04011
11 0.04464
12 0.04806
13 0.05148
14 0.05821
15 0.05976
16 0.06718
17 0.08326
18 0.09268
19 0.09946
20 0.10488
21 0.11332
22 0.13109
23 0.13387
24 0.13927
25 0.1428
26 0.15396
27 0.16052
28 0.1621
29 0.16567
30 0.16793
31 0.17271
32 0.18749
33 0.19063
34 0.19402
35 0.19893
36 0.20336
37 0.22156
38 0.22896
39 0.23516
40 0.2451
41 0.24706
42 0.25505
43 0.26864
44 0.27566
45 0.2852
46 0.28987
47 0.29136
48 0.29591
49 0.30591
50 0.30768
51 0.31439
52 0.33061
53 0.33341
54 0.33519
55 0.33824
56 0.34911
57 0.36805
58 0.37722
59 0.39405
60 0.39863
61 0.4063
62 0.4167
63 0.42142
64 0.42866
65 0.43915
66 0.44439
67 0.46234
68 0.46798
69 0.47591
70 0.4777
71 0.49007
72 0.49394
73 0.50094
74 0.51098
75 0.51317
76 0.51663
77 0.51987
78 0.52957
79 0.53692
80 0.54406
81 0.55723
82 0.55924
83 0.56271
84 0.58114
85 0.58779
86 0.59422
87 0.60176
88 0.6129
89 0.6168
90 0.63389
91 0.65357
92 0.65781
93 0.67336
94 0.6909
95 0.6964
96 0.69873
97 0.70032
98 0.70297
99 0.70907
100 0.71775
101 0.72896
102 0.7484
103 0.75394
104 0.75954
105 0.76516
106 0.7758
107 0.778
108 0.78763
109 0.79002
110 0.79902
111 0.80928
112 0.81726
113 0.82019
114 0.82454
115 0.83969
116 0.84689
117 0.85625
118 0.86394
119 0.87583
120 0.88034
121 0.8823
122 0.88738
123 0.8972
124 0.90851
125 0.92169
126 0.93472
127 0.942
128 0.95023
129 0.9563
130 0.95999
131 0.97096
132 0.98082
133 0.98427
134 0.99204
135 0.99583
136 1.01141
137 1.01356
138 1.01825
139 1.01941
140 1.03498
141 1.03753
142 1.03894
143 1.04571
144 1.0552
145 1.06003
146 1.06151
147 1.08265
148 1.08645
149 1.08949
150 1.09231
151 1.09801
152 1.11433
153 1.11858
154 1.12155
155 1.12492
156 1.13937
157 1.15902
158 1.16205
159 1.1667
160 1.19175
161 1.19638
162 1.20443
163 1.21258
164 1.22593
165 1.22724
166 1.23591
167 1.24005
168 1.24496
169 1.26283
170 1.27418
171 1.283
172 1.28624
173 1.29041
174 1.30537
175 1.31028
176 1.31869
177 1.34582
178 1.35177
179 1.35839
180 1.36941
181 1.37662
182 1.40523
183 1.41167
184 1.41936
185 1.43812
186 1.44185
187 1.45244
188 1.45863
189 1.46275
190 1.48128
191 1.48792
192 1.50016
193 1.5028
194 1.50616
195 1.51263
196 1.52173
197 1.53462
198 1.54045
199 1.54643
200 1.55683
201 1.57174
202 1.58493
203 1.59242
204 1.59723
205 1.60304
206 1.60699
207 1.6121
208 1.62182
209 1.62535
210 1.62976
211 1.6346
212 1.63771
213 1.64217
214 1.66148
215 1.665
216 1.69141
217 1.69522
218 1.70185
219 1.70495
220 1.71293
221 1.72188
222 1.73593
223 1.74511
224 1.75276
225 1.77505
226 1.7768
227 1.788
228 1.79688
229 1.80786
230 1.81194
231 1.83212
232 1.83411
233 1.85595
234 1.85949
235 1.87389
236 1.87579
237 1.88338
238 1.89973
239 1.90657
240 1.91073
241 1.92129
242 1.94583
243 1.95034
244 1.9533
245 1.95633
246 1.96969
247 1.97623
248 1.98521
249 1.98985
250 1.99289
251 2.00475
252 2.00845
253 2.01266
254 2.01472
255 2.03434
256 2.04471
257 2.05867
258 2.06312
259 2.06556
260 2.08013
261 2.08434
262 2.08789
263 2.09163
264 2.09421
265 2.09943
266 2.10552
267 2.11129
268 2.12362
269 2.1286
270 2.13137
271 2.1425
272 2.16622
273 2.16922
274 2.1876
275 2.19358
276 2.19923
277 2.20524
278 2.20648
279 2.21428
280 2.21817
281 2.24342
282 2.2476
283 2.24947
284 2.25759
285 2.26249
286 2.26434
287 2.26938
288 2.27772
289 2.28471
290 2.28734
291 2.29366
292 2.3204
293 2.32151
294 2.33736
295 2.34199
296 2.3613
297 2.36493
298 2.37048
299 2.37436
300 2.37689
301 2.3803
302 2.38429
303 2.39128
304 2.41123
305 2.43577
306 2.4413
307 2.44444
308 2.44624
309 2.45052
310 2.45351
311 2.45518
312 2.4577
313 2.47878
314 2.4904
315 2.4992
316 2.50154
317 2.51928
318 2.52229
319 2.52657
320 2.53009
321 2.53638
322 2.53932
323 2.54036
324 2.55657
325 2.55988
326 2.56449
327 2.58535
328 2.59099
329 2.60644
330 2.62625
331 2.62945
332 2.63423
333 2.66183
334 2.66965
335 2.67531
336 2.69155
337 2.69838
338 2.70304
339 2.70525
340 2.73945
341 2.74375
342 2.74573
343 2.7544
344 2.75688
345 2.7595
346 2.76477
347 2.78009
348 2.79016
349 2.80072
350 2.80763
351 2.8085
352 2.81917
353 2.8341
354 2.83817
355 2.84251
356 2.86144
357 2.87066
358 2.88042
359 2.89999
360 2.9035
361 2.91355
362 2.92677
363 2.93791
364 2.9423
365 2.9446
366 2.9483
367 2.9578
368 2.97782
369 2.98617
370 2.99202
371 2.99641
