1 0.00429
2 0.00662
3 0.01148
4 0.02287
5 0.03031
6 0.03749
7 0.04249
8 0.04665
9 0.055
10 0.0608
11 0.064
12 0.06872
13 0.07344
14 0.07885
15 0.08869
16 0.09085
17 0.1088
18 0.12255
19 0.14129
20 0.14977
21 0.16044
22 0.17286
23 0.1843
24 0.18851
25 0.20282
26 0.2049
27 0.21294
28 0.22308
29 0.22871
30 0.23329
31 0.2474
32 0.25308
33 0.26909
34 0.27336
35 0.2785
36 0.28525
37 0.29166
38 0.30357
39 0.31285
40 0.32304
41 0.33653
42 0.34324
43 0.34537
44 0.36693
45 0.38658
46 0.39814
47 0.42885
48 0.45602
49 0.45806
50 0.47144
51 0.47781
52 0.49264
53 0.50226
54 0.50987
55 0.51675
56 0.52972
57 0.53255
58 0.5393
59 0.54517
60 0.55544
61 0.56426
62 0.5759
63 0.57828
64 0.58997
65 0.59894
66 0.61359
67 0.62355
68 0.64284
69 0.65511
70 0.66327
71 0.67812
72 0.68745
73 0.7035
74 0.7075
75 0.70914
76 0.72067
77 0.72181
78 0.72738
79 0.73252
80 0.73716
81 0.74186
82 0.77184
83 0.77282
84 0.78842
85 0.79633
86 0.80206
87 0.82481
88 0.83907
89 0.84271
90 0.85039
91 0.86042
92 0.86423
93 0.88151
94 0.90261
95 0.91036
96 0.9193
97 0.9203
98 0.9268
99 0.93939
100 0.94906
101 0.95213
102 0.95798
103 0.96477
104 0.9771
105 0.98197
106 0.9883
107 0.99586
108 1.00651
109 1.01045
110 1.03633
111 1.04448
112 1.04776
113 1.05687
114 1.06249
115 1.07173
116 1.07482
117 1.09256
118 1.10365
119 1.1119
120 1.11726
121 1.12078
122 1.12187
123 1.13823
124 1.14111
125 1.16201
126 1.16517
127 1.1821
128 1.18481
129 1.19147
130 1.20051
131 1.20285
132 1.2073
133 1.21516
134 1.21798
135 1.22357
136 1.23066
137 1.23719
138 1.24384
139 1.25332
140 1.27483
141 1.28656
142 1.29715
143 1.30273
144 1.3058
145 1.31081
146 1.31492
147 1.3169
148 1.31836
149 1.32185
150 1.32487
151 1.33154
152 1.3355
153 1.36137
154 1.36419
155 1.37591
156 1.39484
157 1.40944
158 1.41308
159 1.41907
160 1.42113
161 1.42432
162 1.44349
163 1.44995
164 1.46209
165 1.47178
166 1.48486
167 1.49086
168 1.49826
169 1.50192
170 1.53276
171 1.53609
172 1.54381
173 1.55683
174 1.57936
175 1.58209
176 1.595
177 1.60555
178 1.61475
179 1.61941
180 1.63007
181 1.64218
182 1.67091
183 1.67857
184 1.68253
185 1.69027
186 1.69724
187 1.70931
188 1.72211
189 1.7278
190 1.73345
191 1.73669
192 1.74046
193 1.74638
194 1.74733
195 1.75474
196 1.76297
197 1.7817
198 1.78706
199 1.78951
200 1.79505
201 1.79779
202 1.80075
203 1.8075
204 1.81696
205 1.83077
206 1.83693
207 1.84384
208 1.84571
209 1.84856
210 1.85011
211 1.86648
212 1.87928
213 1.88573
214 1.9125
215 1.91946
216 1.92483
217 1.92676
218 1.92872
219 1.93797
220 1.94117
221 1.95602
222 1.96557
223 1.97008
224 1.98073
225 1.98208
226 1.99151
227 1.99499
228 1.99614
229 1.99758
230 2.001
231 2.00633
232 2.02949
233 2.03564
234 2.05288
235 2.05784
236 2.06435
237 2.06953
238 2.07599
239 2.08795
240 2.08987
241 2.09323
242 2.10016
243 2.11121
244 2.1159
245 2.12078
246 2.1301
247 2.14104
248 2.14913
249 2.16227
250 2.17181
251 2.1733
252 2.18866
253 2.19357
254 2.21079
255 2.21677
256 2.22021
257 2.22321
258 2.24063
259 2.26398
260 2.28061
261 2.29322
262 2.29447
263 2.30077
264 2.31184
265 2.32869
266 2.334
267 2.33626
268 2.34231
269 2.34394
270 2.34562
271 2.35146
272 2.35457
273 2.36885
274 2.37032
275 2.401
276 2.4057
277 2.41016
278 2.41882
279 2.42922
280 2.43531
281 2.43726
282 2.45786
283 2.46025
284 2.47321
285 2.48561
286 2.49607
287 2.49817
288 2.50079
289 2.51122
290 2.52172
291 2.5316
292 2.54222
293 2.54961
294 2.55532
295 2.56667
296 2.57032
297 2.58109
298 2.58433
299 2.58607
300 2.59785
301 2.60856
302 2.61469
303 2.61801
304 2.62315
305 2.62838
306 2.63671
307 2.66472
308 2.67063
309 2.68126
310 2.70928
311 2.7177
312 2.72507
313 2.7264
314 2.72806
315 2.73363
316 2.73738
317 2.74099
318 2.74687
319 2.75347
320 2.76342
321 2.78354
322 2.79122
323 2.79598
324 2.81343
325 2.81501
326 2.81915
327 2.82278
328 2.84751
329 2.86922
330 2.88584
331 2.89874
332 2.91159
333 2.92208
334 2.92891
335 2.94128
336 2.95295
337 2.96602
338 2.98287
339 2.99592
340 2.99793
