1 0.00594
2 0.00764
3 0.01007
4 0.01901
5 0.02885
6 0.03451
7 0.0361
8 0.05885
9 0.06481
10 0.08062
11 0.08518
12 0.09473
13 0.09784
14 0.1091
15 0.11137
16 0.12765
17 0.12977
18 0.13364
19 0.13611
20 0.14066
21 0.14657
22 0.15061
23 0.15821
24 0.16394
25 0.17833
26 0.18051
27 0.1842
28 0.18871
29 0.19438
30 0.20141
31 0.22272
32 0.23545
33 0.25213
34 0.25763
35 0.25997
36 0.27704
37 0.28146
38 0.2858
39 0.30145
40 0.30979
41 0.33895
42 0.34231
43 0.34716
44 0.35628
45 0.35969
46 0.36548
47 0.37341
48 0.38772
49 0.39125
50 0.40199
51 0.40508
52 0.409
53 0.41118
54 0.41301
55 0.42306
56 0.45808
57 0.46401
58 0.47282
59 0.48531
60 0.48789
61 0.49714
62 0.506
63 0.51273
64 0.51594
65 0.51845
66 0.52209
67 0.52818
68 0.53587
69 0.54561
70 0.55167
71 0.55475
72 0.57338
73 0.5766
74 0.57896
75 0.58689
76 0.5896
77 0.59803
78 0.60552
79 0.62168
80 0.62406
81 0.62956
82 0.63273
83 0.63827
84 0.65639
85 0.67909
86 0.68032
87 0.68921
88 0.69678
89 0.70283
90 0.72188
91 0.72421
92 0.7282
93 0.73177
94 0.73641
95 0.74062
96 0.74342
97 0.75316
98 0.77627
99 0.77797
100 0.79834
101 0.80059
102 0.81454
103 0.82898
104 0.8399
105 0.84161
106 0.85828
107 0.86124
108 0.86949
109 0.88483
110 0.89007
111 0.89234
112 0.8952
113 0.89753
114 0.90107
115 0.90883
116 0.92652
117 0.93287
118 0.93639
119 0.94337
120 0.94578
121 0.95298
122 0.95911
123 0.96597
124 0.97411
125 0.97976
126 1.00646
127 1.0101
128 1.02618
129 1.03005
130 1.03333
131 1.05488
132 1.06022
133 1.06646
134 1.07644
135 1.09461
136 1.10388
137 1.11609
138 1.12043
139 1.12207
140 1.13094
141 1.14832
142 1.14937
143 1.1634
144 1.17122
145 1.17394
146 1.17804
147 1.18196
148 1.20112
149 1.22218
150 1.23199
151 1.23404
152 1.24999
153 1.26031
154 1.28161
155 1.28983
156 1.29214
157 1.30747
158 1.31199
159 1.31592
160 1.3263
161 1.33438
162 1.34831
163 1.3574
164 1.36144
165 1.36316
166 1.37071
167 1.38427
168 1.38716
169 1.40161
170 1.40866
171 1.41881
172 1.43784
173 1.45645
174 1.46117
175 1.47418
176 1.48009
177 1.50363
178 1.50706
179 1.52508
180 1.53115
181 1.53452
182 1.54207
183 1.55304
184 1.56814
185 1.57666
186 1.58063
187 1.58947
188 1.60198
189 1.60488
190 1.61561
191 1.62863
192 1.63547
193 1.65717
194 1.66283
195 1.67396
196 1.70865
197 1.71468
198 1.72164
199 1.7256
200 1.744
201 1.75834
202 1.76442
203 1.77944
204 1.78315
205 1.79269
206 1.80408
207 1.81857
208 1.82121
209 1.82408
210 1.83029
211 1.84858
212 1.85908
213 1.8682
214 1.87227
215 1.87699
216 1.88149
217 1.88627
218 1.89281
219 1.89845
220 1.91486
221 1.92873
222 1.93685
223 1.94021
224 1.95302
225 1.97513
226 1.98979
227 1.99394
228 2.00599
229 2.00863
230 2.03239
231 2.03618
232 2.04923
233 2.0533
234 2.05669
235 2.07636
236 2.08928
237 2.1022
238 2.111
239 2.12511
240 2.12785
241 2.13258
242 2.14923
243 2.16354
244 2.16612
245 2.18756
246 2.19343
247 2.19901
248 2.20511
249 2.22458
250 2.23149
251 2.23662
252 2.23996
253 2.26028
254 2.27104
255 2.27448
256 2.2824
257 2.29678
258 2.30335
259 2.30988
260 2.31128
261 2.32436
262 2.32994
263 2.35448
264 2.35785
265 2.37268
266 2.38487
267 2.39185
268 2.39594
269 2.43452
270 2.44125
271 2.44414
272 2.44791
273 2.45707
274 2.4689
275 2.47438
276 2.47713
277 2.47922
278 2.48458
279 2.48846
280 2.50304
281 2.50708
282 2.51115
283 2.51663
284 2.52186
285 2.52762
286 2.53154
287 2.53318
288 2.55218
289 2.55536
290 2.57681
291 2.58207
292 2.58508
293 2.60243
294 2.60605
295 2.6123
296 2.61742
297 2.63427
298 2.63548
299 2.64093
300 2.64312
301 2.6442
302 2.65361
303 2.67289
304 2.68024
305 2.6931
306 2.70493
307 2.71665
308 2.72489
309 2.73444
310 2.73672
311 2.76004
312 2.76552
313 2.77997
314 2.78946
315 2.80776
316 2.8126
317 2.82382
318 2.82508
319 2.8283
320 2.83939
321 2.85375
322 2.8555
323 2.86414
324 2.87006
325 2.87237
326 2.88016
327 2.8833
328 2.88922
329 2.89345
330 2.8956
331 2.89935
332 2.90144
333 2.91357
334 2.92681
335 2.93036
336 2.94223
337 2.94751
338 2.95312
339 2.95676
340 2.96926
341 2.97414
342 2.99045
