1 0.00584
2 0.02611
3 0.03774
4 0.04278
5 0.04391
6 0.05335
7 0.06301
8 0.06785
9 0.07326
10 0.09291
11 0.10521
12 0.1087
13 0.1148
14 0.11684
15 0.1291
16 0.13196
17 0.14401
18 0.15302
19 0.16162
20 0.16766
21 0.16928
22 0.17508
23 0.18952
24 0.19491
25 0.20199
26 0.22287
27 0.22631
28 0.24754
29 0.26441
30 0.27643
31 0.28113
32 0.2829
33 0.28598
34 0.29001
35 0.2977
36 0.30575
37 0.30828
38 0.31486
39 0.33779
40 0.34717
41 0.34889
42 0.36913
43 0.37277
44 0.37693
45 0.38431
46 0.39573
47 0.40496
48 0.40979
49 0.41624
50 0.42714
51 0.43326
52 0.4629
53 0.47163
54 0.4863
55 0.48888
56 0.4988
57 0.50343
58 0.5185
59 0.53251
60 0.53998
61 0.54561
62 0.54875
63 0.56479
64 0.57313
65 0.57709
66 0.58584
67 0.58949
68 0.59973
69 0.60661
70 0.63308
71 0.64281
72 0.64599
73 0.65707
74 0.66985
75 0.68131
76 0.69603
77 0.70287
78 0.71385
79 0.72056
80 0.72483
81 0.73082
82 0.7358
83 0.73755
84 0.75905
85 0.77136
86 0.77681
87 0.78795
88 0.78933
89 0.80224
90 0.80646
91 0.81131
92 0.81729
93 0.82076
94 0.84002
95 0.84615
96 0.84936
97 0.85402
98 0.86727
99 0.89431
100 0.90835
101 0.91965
102 0.92453
103 0.92928
104 0.93505
105 0.93809
106 0.95432
107 0.95914
108 0.97037
109 0.97141
110 0.9871
111 0.99055
112 0.99887
113 1.02153
114 1.02561
115 1.04045
116 1.04284
117 1.04521
118 1.05933
119 1.07264
120 1.08806
121 1.09052
122 1.10515
123 1.11322
124 1.11506
125 1.1177
126 1.13771
127 1.14121
128 1.14888
129 1.15563
130 1.15934
131 1.16281
132 1.17138
133 1.1882
134 1.22403
135 1.2389
136 1.24178
137 1.25213
138 1.26261
139 1.27296
140 1.31692
141 1.32604
142 1.33526
143 1.34257
144 1.35447
145 1.36068
146 1.38011
147 1.38415
148 1.38963
149 1.40083
150 1.40714
151 1.41088
152 1.42504
153 1.43838
154 1.45759
155 1.46836
156 1.49378
157 1.51953
158 1.5282
159 1.54273
160 1.55369
161 1.55763
162 1.56359
163 1.60481
164 1.60967
165 1.61689
166 1.62776
167 1.63328
168 1.64065
169 1.64641
170 1.64845
171 1.65092
172 1.6567
173 1.67197
174 1.68755
175 1.69696
176 1.70971
177 1.71386
178 1.72469
179 1.74933
180 1.75841
181 1.76579
182 1.7794
183 1.79089
184 1.80284
185 1.80793
186 1.8195
187 1.83129
188 1.83921
189 1.86282
190 1.88367
191 1.88953
192 1.89484
193 1.89829
194 1.90606
195 1.92806
196 1.94481
197 1.95019
198 1.95792
199 1.9709
200 1.98267
201 1.99507
202 2.00777
203 2.01454
204 2.02358
205 2.03416
206 2.0452
207 2.04699
208 2.05335
209 2.0831
210 2.08568
211 2.0881
212 2.0988
213 2.10778
214 2.1108
215 2.11327
216 2.12861
217 2.15585
218 2.16182
219 2.164
220 2.16747
221 2.17107
222 2.18582
223 2.22061
224 2.22218
225 2.22706
226 2.247
227 2.25381
228 2.25815
229 2.26778
230 2.27437
231 2.27649
232 2.2889
233 2.29445
234 2.29728
235 2.31833
236 2.32424
237 2.35047
238 2.35654
239 2.36398
240 2.37033
241 2.3729
242 2.38188
243 2.38682
244 2.39997
245 2.40415
246 2.41007
247 2.43291
248 2.43957
249 2.44353
250 2.44517
251 2.44873
252 2.46031
253 2.47565
254 2.47899
255 2.48426
256 2.50742
257 2.52811
258 2.536
259 2.5572
260 2.56545
261 2.57225
262 2.57812
263 2.58487
264 2.58948
265 2.59134
266 2.59661
267 2.60054
268 2.61204
269 2.63341
270 2.64656
271 2.65127
272 2.65393
273 2.67295
274 2.67827
275 2.69176
276 2.71873
277 2.72216
278 2.72498
279 2.74128
280 2.75863
281 2.77148
282 2.79195
283 2.80696
284 2.81274
285 2.8171
286 2.82491
287 2.84193
288 2.85792
289 2.86416
290 2.88435
291 2.89176
292 2.89557
293 2.89794
294 2.90302
295 2.90882
296 2.92316
297 2.92791
298 2.92887
299 2.93269
300 2.93473
301 2.93879
302 2.94512
303 2.97219
304 2.97782
305 2.99352
