1 0.00671
2 0.01963
3 0.0244
4 0.03028
5 0.04324
6 0.04637
7 0.07237
8 0.07958
9 0.08717
10 0.09929
11 0.11268
12 0.12594
13 0.12815
14 0.13273
15 0.14404
16 0.15329
17 0.15696
18 0.17025
19 0.17439
20 0.19131
21 0.20303
22 0.21135
23 0.21313
24 0.22756
25 0.23759
26 0.2566
27 0.27475
28 0.29032
29 0.29578
30 0.30414
31 0.30601
32 0.35626
33 0.3752
34 0.38968
35 0.40962
36 0.42064
37 0.42564
38 0.43561
39 0.45287
40 0.46037
41 0.462
42 0.46456
43 0.47338
44 0.47772
45 0.48357
46 0.49399
47 0.49671
48 0.49966
49 0.51011
50 0.5177
51 0.52413
52 0.53312
53 0.54206
54 0.54354
55 0.55827
56 0.55985
57 0.56758
58 0.57607
59 0.57766
60 0.58023
61 0.58613
62 0.59088
63 0.612
64 0.62282
65 0.62913
66 0.6304
67 0.63559
68 0.64179
69 0.6494
70 0.65301
71 0.65446
72 0.66378
73 0.66762
74 0.671
75 0.68238
76 0.69581
77 0.71146
78 0.7225
79 0.73781
80 0.74462
81 0.7498
82 0.79877
83 0.80114
84 0.81235
85 0.81553
86 0.83426
87 0.85787
88 0.86189
89 0.86971
90 0.87594
91 0.88173
92 0.88777
93 0.89656
94 0.9064
95 0.92281
96 0.92914
97 0.94512
98 0.95242
99 0.96296
100 0.97823
101 0.99898
102 1.00638
103 1.00806
104 1.02208
105 1.02606
106 1.04243
107 1.05313
108 1.05958
109 1.0638
110 1.08524
111 1.08996
112 1.09389
113 1.09787
114 1.10777
115 1.11021
116 1.11327
117 1.12424
118 1.12948
119 1.13649
120 1.14339
121 1.15266
122 1.16021
123 1.16977
124 1.19119
125 1.2011
126 1.20833
127 1.22923
128 1.23261
129 1.23414
130 1.23524
131 1.24715
132 1.25278
133 1.28779
134 1.29464
135 1.31798
136 1.31979
137 1.32363
138 1.32589
139 1.32756
140 1.33329
141 1.3418
142 1.35167
143 1.35517
144 1.36626
145 1.37059
146 1.37857
147 1.38129
148 1.3891
149 1.40004
150 1.43711
151 1.44326
152 1.44617
153 1.45703
154 1.46219
155 1.47304
156 1.48833
157 1.50676
158 1.51285
159 1.52041
160 1.53806
161 1.54242
162 1.54765
163 1.57525
164 1.59205
165 1.60342
166 1.61283
167 1.62426
168 1.6357
169 1.64436
170 1.64953
171 1.65355
172 1.66117
173 1.6779
174 1.69051
175 1.69916
176 1.7402
177 1.74547
178 1.75177
179 1.7681
180 1.77399
181 1.80145
182 1.81817
183 1.82547
184 1.83076
185 1.83922
186 1.86199
187 1.86332
188 1.86469
189 1.87348
190 1.88959
191 1.89288
192 1.89465
193 1.90419
194 1.91132
195 1.91478
196 1.93151
197 1.93684
198 1.95822
199 1.96575
200 1.96732
201 1.97797
202 1.98092
203 1.99528
204 2.00324
205 2.02714
206 2.05421
207 2.06152
208 2.08127
209 2.08264
210 2.10523
211 2.10676
212 2.11605
213 2.11748
214 2.13497
215 2.14234
216 2.15029
217 2.15404
218 2.15542
219 2.16593
220 2.17222
221 2.17963
222 2.18521
223 2.20531
224 2.20819
225 2.21269
226 2.21447
227 2.21657
228 2.23776
229 2.25918
230 2.27212
231 2.27558
232 2.29529
233 2.3001
234 2.3072
235 2.31691
236 2.31826
237 2.32594
238 2.33254
239 2.34191
240 2.3532
241 2.36718
242 2.36958
243 2.37216
244 2.37798
245 2.38399
246 2.3913
247 2.39304
248 2.39767
249 2.41326
250 2.42616
251 2.44434
252 2.45875
253 2.46353
254 2.46989
255 2.49167
256 2.49702
257 2.50112
258 2.50635
259 2.50919
260 2.51443
261 2.53279
262 2.53709
263 2.54954
264 2.55945
265 2.56486
266 2.56786
267 2.57512
268 2.57758
269 2.60194
270 2.60729
271 2.6181
272 2.62855
273 2.6347
274 2.6448
275 2.66228
276 2.6709
277 2.67819
278 2.68949
279 2.6936
280 2.6967
281 2.69923
282 2.70487
283 2.7567
284 2.77967
285 2.79076
286 2.79561
287 2.81192
288 2.81323
289 2.84182
290 2.85259
291 2.87017
292 2.87142
293 2.87417
294 2.88044
295 2.89598
296 2.89736
297 2.9368
298 2.93821
299 2.95094
300 2.9629
301 2.96654
302 2.96797
303 2.97079
304 2.99368
