1 0.00198
2 0.00394
3 0.00978
4 0.01325
5 0.01957
6 0.02762
7 0.03779
8 0.04356
9 0.04661
10 0.04883
11 0.05126
12 0.05963
13 0.0691
14 0.07637
15 0.08471
16 0.08663
17 0.09869
18 0.10312
19 0.10966
20 0.1116
21 0.1242
22 0.13547
23 0.14702
24 0.15158
25 0.17106
26 0.17884
27 0.18067
28 0.19764
29 0.21303
30 0.21751
31 0.22534
32 0.23022
33 0.23979
34 0.25151
35 0.2655
36 0.26676
37 0.28249
38 0.29235
39 0.3012
40 0.31256
41 0.32577
42 0.3366
43 0.34765
44 0.35455
45 0.36183
46 0.37553
47 0.37814
48 0.38897
49 0.39414
50 0.4226
51 0.42855
52 0.4333
53 0.43643
54 0.44635
55 0.44769
56 0.46659
57 0.47526
58 0.48154
59 0.49498
60 0.50104
61 0.50467
62 0.53149
63 0.53896
64 0.55553
65 0.55975
66 0.57105
67 0.5803
68 0.58846
69 0.59181
70 0.59649
71 0.60513
72 0.60608
73 0.61271
74 0.62064
75 0.63377
76 0.6449
77 0.65204
78 0.67233
79 0.67424
80 0.68218
81 0.70185
82 0.71819
83 0.7237
84 0.7381
85 0.75008
86 0.75438
87 0.76085
88 0.7666
89 0.77574
90 0.78821
91 0.79395
92 0.81163
93 0.82024
94 0.82866
95 0.83102
96 0.8456
97 0.85078
98 0.85701
99 0.86262
100 0.86386
101 0.87705
102 0.88213
103 0.89542
104 0.89689
105 0.90482
106 0.92535
107 0.9345
108 0.94311
109 0.95842
110 0.96931
111 0.97244
112 0.97477
113 0.99172
114 0.99907
115 1.01559
116 1.02235
117 1.03497
118 1.04383
119 1.05048
120 1.05866
121 1.0687
122 1.07312
123 1.07922
124 1.0868
125 1.09531
126 1.09918
127 1.11211
128 1.1151
129 1.1198
130 1.12673
131 1.13046
132 1.14244
133 1.14813
134 1.151
135 1.16196
136 1.16561
137 1.1791
138 1.18847
139 1.19302
140 1.19789
141 1.20334
142 1.21291
143 1.21476
144 1.21975
145 1.24106
146 1.25353
147 1.27044
148 1.27992
149 1.29553
150 1.29711
151 1.31007
152 1.32545
153 1.34304
154 1.35066
155 1.35384
156 1.35557
157 1.36359
158 1.37318
159 1.39107
160 1.41075
161 1.4146
162 1.43483
163 1.44942
164 1.45943
165 1.47238
166 1.47647
167 1.4858
168 1.49181
169 1.49945
170 1.50415
171 1.50574
172 1.51898
173 1.52416
174 1.5369
175 1.54403
176 1.54785
177 1.56187
178 1.57332
179 1.58428
180 1.59071
181 1.59623
182 1.60748
183 1.60919
184 1.61419
185 1.61602
186 1.62555
187 1.64073
188 1.64794
189 1.65427
190 1.67525
191 1.6805
192 1.68223
193 1.72314
194 1.73202
195 1.74217
196 1.74549
197 1.74852
198 1.75416
199 1.75611
200 1.76212
201 1.79852
202 1.80172
203 1.825
204 1.82909
205 1.84058
206 1.84768
207 1.8541
208 1.85555
209 1.86089
210 1.86356
211 1.8652
212 1.87604
213 1.88588
214 1.90939
215 1.92652
216 1.93731
217 1.96006
218 1.96966
219 1.97216
220 1.98241
221 1.99279
222 1.99479
223 1.99894
224 2.02015
225 2.02597
226 2.03032
227 2.05032
228 2.06201
229 2.08018
230 2.0913
231 2.1009
232 2.11156
233 2.13665
234 2.14718
235 2.165
236 2.17381
237 2.17855
238 2.2106
239 2.21779
240 2.22028
241 2.24608
242 2.25021
243 2.2647
244 2.27351
245 2.27753
246 2.29103
247 2.29997
248 2.30497
249 2.31277
250 2.32364
251 2.3362
252 2.34795
253 2.35192
254 2.35501
255 2.37038
256 2.38
257 2.39001
258 2.40712
259 2.40961
260 2.41975
261 2.43451
262 2.45032
263 2.45773
264 2.45976
265 2.46859
266 2.476
267 2.48401
268 2.48578
269 2.48734
270 2.50101
271 2.50749
272 2.51527
273 2.51736
274 2.52459
275 2.52901
276 2.53444
277 2.54451
278 2.54813
279 2.55559
280 2.56617
281 2.56852
282 2.57101
283 2.58145
284 2.58511
285 2.5939
286 2.60165
287 2.60535
288 2.61097
289 2.61437
290 2.63145
291 2.64056
292 2.67327
293 2.68001
294 2.69202
295 2.69756
296 2.72424
297 2.72871
298 2.73406
299 2.74848
300 2.75251
301 2.76734
302 2.7735
303 2.77986
304 2.79143
305 2.79628
306 2.80677
307 2.8143
308 2.82511
309 2.83042
310 2.83138
311 2.84561
312 2.85235
313 2.85701
314 2.85852
315 2.87061
316 2.89891
317 2.90625
318 2.90945
319 2.92356
320 2.92648
321 2.93523
322 2.95431
323 2.96671
324 2.97149
325 2.97358
326 2.98243
327 2.98439
328 2.99762
