1 0.01271
2 0.01606
3 0.02319
4 0.03153
5 0.03461
6 0.03912
7 0.04727
8 0.051
9 0.06861
10 0.0768
11 0.08303
12 0.11813
13 0.12206
14 0.14562
15 0.1555
16 0.16157
17 0.17148
18 0.17939
19 0.19089
20 0.19368
21 0.19711
22 0.20208
23 0.20859
24 0.21284
25 0.21789
26 0.23034
27 0.23692
28 0.25887
29 0.26963
30 0.27453
31 0.2798
32 0.28611
33 0.3063
34 0.31062
35 0.3132
36 0.31852
37 0.32083
38 0.3254
39 0.32814
40 0.34485
41 0.35328
42 0.37407
43 0.38207
44 0.39168
45 0.40298
46 0.41532
47 0.42034
48 0.42256
49 0.42525
50 0.43015
51 0.43419
52 0.44875
53 0.45081
54 0.46191
55 0.46317
56 0.47182
57 0.49226
58 0.4956
59 0.5162
60 0.52021
61 0.53013
62 0.53582
63 0.55316
64 0.55727
65 0.58341
66 0.58562
67 0.59287
68 0.60089
69 0.61579
70 0.62213
71 0.62645
72 0.63055
73 0.64302
74 0.66138
75 0.66639
76 0.66822
77 0.67419
78 0.68058
79 0.69649
80 0.70001
81 0.71024
82 0.71344
83 0.71499
84 0.725
85 0.72941
86 0.73867
87 0.76001
88 0.76375
89 0.77714
90 0.7801
91 0.78438
92 0.79101
93 0.79846
94 0.8098
95 0.81827
96 0.83316
97 0.84714
98 0.85042
99 0.85663
100 0.86348
101 0.87106
102 0.88044
103 0.89306
104 0.89562
105 0.91488
106 0.92521
107 0.93157
108 0.94134
109 0.9573
110 0.96117
111 0.96419
112 0.96849
113 0.97
114 0.97257
115 0.97602
116 0.9849
117 0.99198
118 0.99458
119 1.01914
120 1.0228
121 1.02728
122 1.03214
123 1.0505
124 1.05146
125 1.05253
126 1.05826
127 1.06018
128 1.07779
129 1.08137
130 1.11001
131 1.11593
132 1.12251
133 1.12961
134 1.14393
135 1.14947
136 1.15699
137 1.16111
138 1.16554
139 1.17514
140 1.1793
141 1.18715
142 1.20348
143 1.21222
144 1.22631
145 1.22916
146 1.23174
147 1.2347
148 1.24638
149 1.2528
150 1.26086
151 1.26909
152 1.27464
153 1.27786
154 1.29043
155 1.29346
156 1.2989
157 1.30157
158 1.3192
159 1.32316
160 1.33389
161 1.33542
162 1.34985
163 1.36156
164 1.36525
165 1.36812
166 1.37461
167 1.38455
168 1.39384
169 1.39763
170 1.40395
171 1.41724
172 1.44239
173 1.44629
174 1.46102
175 1.47176
176 1.48785
177 1.49616
178 1.51052
179 1.51511
180 1.52033
181 1.52817
182 1.54504
183 1.55345
184 1.5688
185 1.57561
186 1.58544
187 1.60082
188 1.60749
189 1.60909
190 1.61661
191 1.62049
192 1.62687
193 1.63706
194 1.64604
195 1.66028
196 1.66611
197 1.67155
198 1.68327
199 1.68448
200 1.68848
201 1.71003
202 1.71748
203 1.72196
204 1.72961
205 1.73856
206 1.74776
207 1.76049
208 1.7633
209 1.77453
210 1.78223
211 1.79477
212 1.8027
213 1.80819
214 1.81267
215 1.82446
216 1.84491
217 1.85693
218 1.86062
219 1.86867
220 1.87278
221 1.89475
222 1.89896
223 1.90444
224 1.91106
225 1.91235
226 1.92392
227 1.92882
228 1.93073
229 1.93749
230 1.96112
231 1.97002
232 1.97319
233 1.97688
234 1.98285
235 1.98523
236 1.98694
237 1.99157
238 1.99405
239 1.99752
240 2.01056
241 2.01578
242 2.03784
243 2.05146
244 2.05566
245 2.05711
246 2.05843
247 2.06001
248 2.07369
249 2.07978
250 2.08336
251 2.10642
252 2.10982
253 2.11387
254 2.11587
255 2.12967
256 2.13948
257 2.14567
258 2.15502
259 2.16333
260 2.16899
261 2.17468
262 2.18288
263 2.1935
264 2.19516
265 2.20079
266 2.21105
267 2.22328
268 2.23008
269 2.26821
270 2.27123
271 2.28091
272 2.28753
273 2.2921
274 2.30016
275 2.31486
276 2.32139
277 2.32333
278 2.32976
279 2.33788
280 2.3561
281 2.36291
282 2.37479
283 2.39789
284 2.40717
285 2.41127
286 2.41692
287 2.43515
288 2.44111
289 2.45365
290 2.45749
291 2.47366
292 2.49013
293 2.49943
294 2.51685
295 2.52109
296 2.53113
297 2.53532
298 2.54609
299 2.55083
300 2.56223
301 2.57633
302 2.5793
303 2.58111
304 2.58333
305 2.58671
306 2.59405
307 2.60275
308 2.60484
309 2.61499
310 2.62683
311 2.63302
312 2.64557
313 2.64846
314 2.65112
315 2.65247
316 2.66328
317 2.66558
318 2.68085
319 2.69023
320 2.69318
321 2.69464
322 2.70114
323 2.7079
324 2.71955
325 2.72269
326 2.72367
327 2.73131
328 2.73371
329 2.7352
330 2.73954
331 2.76287
332 2.76754
333 2.77949
334 2.78063
335 2.79491
336 2.79728
337 2.80055
338 2.80446
339 2.80693
340 2.81017
341 2.82238
342 2.82824
343 2.83298
344 2.85133
345 2.85667
346 2.86745
347 2.87042
348 2.88096
349 2.88481
350 2.8946
351 2.89738
352 2.90861
353 2.9146
354 2.9317
355 2.94695
356 2.95775
357 2.97007
358 2.97768
359 2.98182
360 2.9834
361 2.9859
