1 0.00321
2 0.0052
3 0.01716
4 0.02334
5 0.03141
6 0.04197
7 0.06065
8 0.0663
9 0.07128
10 0.08016
11 0.10148
12 0.10869
13 0.12065
14 0.15405
15 0.16423
16 0.17928
17 0.18554
18 0.19773
19 0.2151
20 0.21773
21 0.23526
22 0.24618
23 0.25426
24 0.2577
25 0.26352
26 0.27774
27 0.28303
28 0.29113
29 0.3006
30 0.30516
31 0.30827
32 0.31747
33 0.33096
34 0.34717
35 0.35018
36 0.35398
37 0.35781
38 0.36288
39 0.36731
40 0.36915
41 0.37088
42 0.38973
43 0.39392
44 0.39867
45 0.40067
46 0.41241
47 0.41777
48 0.42777
49 0.43688
50 0.44179
51 0.45211
52 0.46032
53 0.46917
54 0.49961
55 0.50803
56 0.51067
57 0.51363
58 0.51566
59 0.52912
60 0.55254
61 0.55969
62 0.58383
63 0.59935
64 0.60223
65 0.61996
66 0.62784
67 0.65169
68 0.6617
69 0.66695
70 0.6732
71 0.68362
72 0.68458
73 0.68654
74 0.70245
75 0.71226
76 0.71708
77 0.72312
78 0.73395
79 0.75044
80 0.75954
81 0.77102
82 0.7757
83 0.78738
84 0.79559
85 0.82917
86 0.85575
87 0.87556
88 0.88215
89 0.89523
90 0.90342
91 0.91988
92 0.92223
93 0.92838
94 0.93966
95 0.94366
96 0.947
97 0.95072
98 0.96292
99 0.96878
100 0.97531
101 1.00727
102 1.0134
103 1.02028
104 1.02714
105 1.03047
106 1.05111
107 1.06635
108 1.06986
109 1.07426
110 1.07762
111 1.08466
112 1.0863
113 1.09434
114 1.10393
115 1.10777
116 1.11148
117 1.1275
118 1.13508
119 1.13949
120 1.14655
121 1.15141
122 1.15831
123 1.16562
124 1.17114
125 1.18613
126 1.19591
127 1.20242
128 1.21173
129 1.23145
130 1.26243
131 1.26774
132 1.27556
133 1.27925
134 1.28808
135 1.32095
136 1.32477
137 1.33649
138 1.3443
139 1.37348
140 1.37751
141 1.37915
142 1.38871
143 1.39552
144 1.40128
145 1.40977
146 1.41644
147 1.41973
148 1.42244
149 1.42445
150 1.44184
151 1.45251
152 1.4592
153 1.47492
154 1.47793
155 1.47938
156 1.48954
157 1.49955
158 1.50891
159 1.51089
160 1.5122
161 1.51633
162 1.52565
163 1.52791
164 1.53061
165 1.55149
166 1.57167
167 1.57903
168 1.59062
169 1.6072
170 1.61449
171 1.61561
172 1.61769
173 1.62228
174 1.63503
175 1.64465
176 1.64767
177 1.65872
178 1.66425
179 1.67466
180 1.68599
181 1.70519
182 1.71878
183 1.72272
184 1.73933
185 1.75114
186 1.77398
187 1.77761
188 1.78438
189 1.78738
190 1.79051
191 1.81965
192 1.82469
193 1.82711
194 1.83856
195 1.83971
196 1.84299
197 1.85899
198 1.88812
199 1.89679
200 1.90344
201 1.91066
202 1.91548
203 1.9345
204 1.93829
205 1.9426
206 1.96445
207 2.00498
208 2.00963
209 2.01539
210 2.01955
211 2.02712
212 2.04277
213 2.05082
214 2.05512
215 2.06432
216 2.07817
217 2.0859
218 2.11664
219 2.12177
220 2.13245
221 2.16821
222 2.18029
223 2.19051
224 2.20157
225 2.20475
226 2.21548
227 2.22055
228 2.22699
229 2.24404
230 2.25153
231 2.26236
232 2.26472
233 2.27269
234 2.27724
235 2.28399
236 2.2955
237 2.31476
238 2.31828
239 2.36539
240 2.37017
241 2.3817
242 2.38341
243 2.39476
244 2.4008
245 2.41179
246 2.41526
247 2.41922
248 2.43541
249 2.44012
250 2.46537
251 2.4743
252 2.48477
253 2.48915
254 2.5176
255 2.5285
256 2.53335
257 2.53469
258 2.53848
259 2.53985
260 2.5472
261 2.55637
262 2.56383
263 2.57775
264 2.57873
265 2.60208
266 2.61708
267 2.6421
268 2.64462
269 2.64839
270 2.66461
271 2.66577
272 2.66741
273 2.67746
274 2.68062
275 2.6934
276 2.69751
277 2.70753
278 2.7285
279 2.75377
280 2.76061
281 2.76954
282 2.7715
283 2.77266
284 2.77424
285 2.78824
286 2.81215
287 2.81779
288 2.82228
289 2.85094
290 2.85358
291 2.8589
292 2.86178
293 2.88578
294 2.89341
295 2.9031
296 2.91348
297 2.92153
298 2.94563
299 2.95462
300 2.95738
301 2.96968
302 2.99218
303 2.99969
