1 0.00248
2 0.00544
3 0.00822
4 0.01041
5 0.03385
6 0.03758
7 0.04863
8 0.05041
9 0.05681
10 0.06044
11 0.06237
12 0.067
13 0.07193
14 0.0795
15 0.08729
16 0.09547
17 0.10054
18 0.1041
19 0.10652
20 0.11337
21 0.1251
22 0.13383
23 0.13765
24 0.13913
25 0.14389
26 0.15324
27 0.17698
28 0.18047
29 0.18917
30 0.19518
31 0.20569
32 0.2157
33 0.2232
34 0.22529
35 0.23009
36 0.25637
37 0.2582
38 0.26254
39 0.26666
40 0.27328
41 0.28519
42 0.28987
43 0.29583
44 0.29973
45 0.30473
46 0.30835
47 0.3122
48 0.33033
49 0.3394
50 0.34323
51 0.34691
52 0.3488
53 0.35449
54 0.35608
55 0.35947
56 0.3695
57 0.37311
58 0.37669
59 0.38065
60 0.3819
61 0.38889
62 0.40156
63 0.40763
64 0.42677
65 0.4315
66 0.43503
67 0.44882
68 0.4547
69 0.46481
70 0.46626
71 0.4781
72 0.48248
73 0.48436
74 0.50753
75 0.50901
76 0.51471
77 0.52119
78 0.52292
79 0.54858
80 0.55357
81 0.55827
82 0.57136
83 0.57589
84 0.58032
85 0.59148
86 0.59926
87 0.61026
88 0.62293
89 0.62892
90 0.63111
91 0.63543
92 0.6444
93 0.6462
94 0.64967
95 0.68225
96 0.68641
97 0.70514
98 0.70888
99 0.71833
100 0.73027
101 0.755
102 0.75832
103 0.76079
104 0.76561
105 0.77531
106 0.77686
107 0.78148
108 0.79846
109 0.80183
110 0.80458
111 0.80723
112 0.81032
113 0.81784
114 0.82986
115 0.83674
116 0.84303
117 0.84789
118 0.8502
119 0.85522
120 0.85989
121 0.87326
122 0.88036
123 0.89147
124 0.90516
125 0.92772
126 0.93885
127 0.94212
128 0.95012
129 0.95443
130 0.96199
131 0.96652
132 0.96924
133 0.97111
134 0.97264
135 0.97764
136 1.00014
137 1.00448
138 1.01831
139 1.02041
140 1.02314
141 1.02954
142 1.03103
143 1.04079
144 1.04717
145 1.05242
146 1.0554
147 1.07117
148 1.07947
149 1.08562
150 1.09456
151 1.09681
152 1.09949
153 1.10214
154 1.10593
155 1.11861
156 1.13006
157 1.13535
158 1.14866
159 1.15104
160 1.1582
161 1.17743
162 1.18446
163 1.18878
164 1.19132
165 1.19431
166 1.19808
167 1.21003
168 1.21321
169 1.22016
170 1.22848
171 1.24572
172 1.24879
173 1.25048
174 1.25957
175 1.2646
176 1.26732
177 1.26868
178 1.27641
179 1.28936
180 1.29633
181 1.30325
182 1.30751
183 1.30872
184 1.3126
185 1.3267
186 1.34763
187 1.35886
188 1.36236
189 1.37817
190 1.38204
191 1.38312
192 1.38498
193 1.38918
194 1.39814
195 1.4047
196 1.43658
197 1.43824
198 1.4527
199 1.4542
200 1.45664
201 1.47908
202 1.48099
203 1.48642
204 1.50975
205 1.51754
206 1.52045
207 1.52525
208 1.53004
209 1.53119
210 1.53364
211 1.5355
212 1.54359
213 1.54818
214 1.55141
215 1.56472
216 1.56951
217 1.57131
218 1.58456
219 1.59195
220 1.59513
221 1.60145
222 1.61258
223 1.63931
224 1.6479
225 1.6531
226 1.65791
227 1.67502
228 1.68193
229 1.685
230 1.70312
231 1.71162
232 1.72659
233 1.73134
234 1.73504
235 1.74735
236 1.75607
237 1.76061
238 1.76309
239 1.76493
240 1.76786
241 1.77082
242 1.77187
243 1.77708
244 1.78326
245 1.79667
246 1.79906
247 1.80714
248 1.81574
249 1.81975
250 1.82481
251 1.83413
252 1.83527
253 1.84233
254 1.84367
255 1.85165
256 1.85525
257 1.85789
258 1.87088
259 1.87479
260 1.88171
261 1.897
262 1.90358
263 1.93192
264 1.93818
265 1.94407
266 1.94824
267 1.9578
268 1.95985
269 1.97703
270 1.98067
271 1.98703
272 2.00226
273 2.00433
274 2.00809
275 2.01372
276 2.01775
277 2.0276
278 2.03663
279 2.04325
280 2.04703
281 2.05174
282 2.06057
283 2.07229
284 2.07457
285 2.07771
286 2.08813
287 2.09224
288 2.09783
289 2.09905
290 2.10388
291 2.10589
292 2.11
293 2.13042
294 2.1335
295 2.13516
296 2.14393
297 2.1569
298 2.17519
299 2.18288
300 2.20305
301 2.20661
302 2.21045
303 2.2174
304 2.21852
305 2.22297
306 2.22581
307 2.22866
308 2.25384
309 2.25566
310 2.25669
311 2.25936
312 2.26586
313 2.28481
314 2.2875
315 2.29922
316 2.30488
317 2.32677
318 2.32995
319 2.33287
320 2.34708
321 2.35249
322 2.35774
323 2.36291
324 2.38109
325 2.39264
326 2.39731
327 2.40032
328 2.40403
329 2.42657
330 2.43269
331 2.4429
332 2.45
333 2.45587
334 2.45868
335 2.4744
336 2.49525
337 2.50241
338 2.52047
339 2.53184
340 2.5382
341 2.55753
342 2.56314
343 2.57046
344 2.5814
345 2.58956
346 2.59335
347 2.59572
348 2.59749
349 2.60808
350 2.61646
351 2.62824
352 2.6343
353 2.63801
354 2.64217
355 2.65031
356 2.65522
357 2.67482
358 2.68859
359 2.69919
360 2.71173
361 2.71562
362 2.72546
363 2.75471
364 2.76268
365 2.76421
366 2.77951
367 2.79139
368 2.79794
369 2.80253
370 2.80549
371 2.80877
372 2.81058
373 2.82203
374 2.83136
375 2.83317
376 2.83862
377 2.84067
378 2.85216
379 2.85674
380 2.8827
381 2.88814
382 2.89181
383 2.89657
384 2.89963
385 2.912
386 2.9428
387 2.94541
388 2.95051
389 2.95324
390 2.95452
391 2.96633
392 2.97075
393 2.97731
