1 0.00274
2 0.0062
3 0.01109
4 0.03015
5 0.03878
6 0.0461
7 0.04743
8 0.0526
9 0.05677
10 0.06287
11 0.07311
12 0.07652
13 0.08256
14 0.08547
15 0.0882
16 0.09418
17 0.09681
18 0.10105
19 0.1064
20 0.11196
21 0.11487
22 0.11821
23 0.12025
24 0.13153
25 0.13567
26 0.14044
27 0.14679
28 0.1549
29 0.15995
30 0.16893
31 0.17727
32 0.19289
33 0.19611
34 0.20451
35 0.20667
36 0.21571
37 0.21876
38 0.22797
39 0.23196
40 0.23753
41 0.24673
42 0.25139
43 0.2579
44 0.26294
45 0.28999
46 0.29091
47 0.29403
48 0.31218
49 0.31392
50 0.32314
51 0.32529
52 0.33983
53 0.34304
54 0.3509
55 0.35286
56 0.35718
57 0.35942
58 0.36672
59 0.37319
60 0.37873
61 0.38779
62 0.40074
63 0.40314
64 0.40675
65 0.41281
66 0.41912
67 0.42119
68 0.42678
69 0.43722
70 0.44666
71 0.45283
72 0.45805
73 0.46023
74 0.46472
75 0.47244
76 0.49111
77 0.49383
78 0.51353
79 0.52303
80 0.53868
81 0.54629
82 0.54891
83 0.5576
84 0.56373
85 0.56714
86 0.57957
87 0.58577
88 0.60408
89 0.6093
90 0.63082
91 0.64322
92 0.65686
93 0.65875
94 0.66946
95 0.6837
96 0.68945
97 0.69277
98 0.69678
99 0.70192
100 0.70298
101 0.70959
102 0.72324
103 0.73203
104 0.74938
105 0.75584
106 0.75844
107 0.7668
108 0.76863
109 0.78328
110 0.81075
111 0.81668
112 0.82118
113 0.82917
114 0.83711
115 0.84408
116 0.8629
117 0.86803
118 0.89196
119 0.90382
120 0.90741
121 0.91044
122 0.91236
123 0.91966
124 0.92552
125 0.92741
126 0.93599
127 0.94738
128 0.95002
129 0.96967
130 0.97246
131 0.99543
132 1.00478
133 1.01454
134 1.04066
135 1.04263
136 1.04464
137 1.04767
138 1.05232
139 1.05426
140 1.05896
141 1.06398
142 1.06797
143 1.07093
144 1.07273
145 1.0796
146 1.08539
147 1.09634
148 1.10537
149 1.10906
150 1.11511
151 1.12312
152 1.13217
153 1.13872
154 1.14303
155 1.15284
156 1.15398
157 1.16117
158 1.16699
159 1.18005
160 1.18971
161 1.19334
162 1.1961
163 1.20496
164 1.21539
165 1.23395
166 1.23639
167 1.23957
168 1.24169
169 1.24562
170 1.25908
171 1.26302
172 1.27171
173 1.27502
174 1.28838
175 1.29094
176 1.30086
177 1.30358
178 1.31268
179 1.32346
180 1.32568
181 1.32732
182 1.33406
183 1.34554
184 1.35517
185 1.3592
186 1.36343
187 1.36923
188 1.37811
189 1.39465
190 1.39947
191 1.40162
192 1.40841
193 1.41922
194 1.42274
195 1.42494
196 1.44858
197 1.45613
198 1.46252
199 1.47806
200 1.48954
201 1.4916
202 1.49482
203 1.5064
204 1.52386
205 1.53835
206 1.54393
207 1.55149
208 1.55368
209 1.55585
210 1.55852
211 1.56323
212 1.57084
213 1.57521
214 1.58388
215 1.5952
216 1.59885
217 1.60904
218 1.61313
219 1.62535
220 1.62773
221 1.64108
222 1.65256
223 1.66426
224 1.68505
225 1.69632
226 1.69789
227 1.71526
228 1.7277
229 1.73396
230 1.74163
231 1.74805
232 1.7493
233 1.77071
234 1.78212
235 1.79576
236 1.79964
237 1.81029
238 1.8148
239 1.82636
240 1.82837
241 1.83296
242 1.83584
243 1.85555
244 1.86632
245 1.86973
246 1.89332
247 1.90773
248 1.91322
249 1.91551
250 1.92519
251 1.93037
252 1.93223
253 1.93348
254 1.93934
255 1.95201
256 1.955
257 1.95951
258 1.96438
259 1.9667
260 1.96995
261 1.97189
262 2.00459
263 2.00642
264 2.01354
265 2.01787
266 2.02948
267 2.03345
268 2.04588
269 2.04821
270 2.05577
271 2.05793
272 2.06446
273 2.07278
274 2.0779
275 2.09897
276 2.10067
277 2.10573
278 2.1131
279 2.11633
280 2.1188
281 2.12961
282 2.14328
283 2.14874
284 2.15248
285 2.15664
286 2.16117
287 2.16364
288 2.18277
289 2.18795
290 2.20385
291 2.21998
292 2.22523
293 2.2391
294 2.24637
295 2.25182
296 2.25561
297 2.26751
298 2.27075
299 2.27344
300 2.28615
301 2.29074
302 2.29605
303 2.2993
304 2.30094
305 2.30337
306 2.30904
307 2.31704
308 2.31893
309 2.32737
310 2.34297
311 2.35142
312 2.35575
313 2.35968
314 2.36199
315 2.3662
316 2.37398
317 2.38402
318 2.39272
319 2.39686
320 2.40044
321 2.41368
322 2.41718
323 2.42794
324 2.43291
325 2.44308
326 2.44423
327 2.44984
328 2.45975
329 2.47054
330 2.48318
331 2.48799
332 2.49487
333 2.49855
334 2.50198
335 2.50742
336 2.51321
337 2.51534
338 2.52069
339 2.53801
340 2.53998
341 2.54653
342 2.55921
343 2.56194
344 2.56537
345 2.56987
346 2.57462
347 2.58138
348 2.58644
349 2.59155
350 2.61235
351 2.61597
352 2.62382
353 2.64647
354 2.65506
355 2.66638
356 2.67442
357 2.68188
358 2.68851
359 2.69157
360 2.6974
361 2.71058
362 2.71436
363 2.71856
364 2.72552
365 2.74262
366 2.75065
367 2.75371
368 2.76569
369 2.78793
370 2.78911
371 2.79042
372 2.80675
373 2.81052
374 2.81406
375 2.82256
376 2.82545
377 2.82664
378 2.82972
379 2.83834
380 2.84517
381 2.85636
382 2.86273
383 2.86378
384 2.8719
385 2.90003
386 2.90277
387 2.90434
388 2.91377
389 2.92161
390 2.92431
391 2.93264
392 2.9441
393 2.95158
394 2.95326
395 2.96061
396 2.96444
397 2.97509
398 2.99338
399 2.99769
