1 0.00334
2 0.00525
3 0.01802
4 0.0297
5 0.0454
6 0.04672
7 0.05891
8 0.06187
9 0.0699
10 0.08019
11 0.08872
12 0.11231
13 0.11518
14 0.11628
15 0.12246
16 0.12911
17 0.13179
18 0.13348
19 0.14924
20 0.15154
21 0.15456
22 0.15767
23 0.16224
24 0.16757
25 0.17155
26 0.18248
27 0.19284
28 0.20223
29 0.21111
30 0.21851
31 0.23877
32 0.26286
33 0.26988
34 0.27531
35 0.28784
36 0.29926
37 0.30596
38 0.30851
39 0.31182
40 0.31997
41 0.32224
42 0.33063
43 0.3347
44 0.33993
45 0.35
46 0.3559
47 0.36086
48 0.3721
49 0.37688
50 0.39456
51 0.39679
52 0.41371
53 0.41907
54 0.42207
55 0.43196
56 0.43529
57 0.44701
58 0.45694
59 0.46207
60 0.47112
61 0.48051
62 0.48631
63 0.49425
64 0.50022
65 0.52225
66 0.53772
67 0.5401
68 0.54818
69 0.55546
70 0.56501
71 0.57019
72 0.57642
73 0.5816
74 0.58958
75 0.59404
76 0.60165
77 0.61049
78 0.61659
79 0.62497
80 0.62851
81 0.63611
82 0.64563
83 0.65254
84 0.66244
85 0.67661
86 0.68805
87 0.69264
88 0.69786
89 0.70441
90 0.71173
91 0.71422
92 0.72085
93 0.72333
94 0.73141
95 0.73495
96 0.74633
97 0.75228
98 0.76283
99 0.76659
100 0.78419
101 0.79282
102 0.79716
103 0.82844
104 0.83142
105 0.83808
106 0.8519
107 0.85874
108 0.86231
109 0.86853
110 0.87271
111 0.87654
112 0.88298
113 0.89391
114 0.90203
115 0.91045
116 0.92333
117 0.93716
118 0.94293
119 0.94781
120 0.95716
121 0.96877
122 0.97393
123 0.97895
124 0.99064
125 1.00235
126 1.00836
127 1.02071
128 1.03839
129 1.0537
130 1.06918
131 1.07562
132 1.08711
133 1.09133
134 1.09753
135 1.10119
136 1.10785
137 1.1179
138 1.11911
139 1.12308
140 1.12403
141 1.12712
142 1.13808
143 1.15602
144 1.163
145 1.17373
146 1.19181
147 1.20513
148 1.21154
149 1.21448
150 1.22486
151 1.23973
152 1.24585
153 1.24829
154 1.25292
155 1.25656
156 1.26271
157 1.28123
158 1.28663
159 1.2888
160 1.2931
161 1.31347
162 1.31535
163 1.31964
164 1.33622
165 1.35088
166 1.35942
167 1.37398
168 1.38083
169 1.38987
170 1.40532
171 1.40738
172 1.43081
173 1.43812
174 1.44107
175 1.45639
176 1.45744
177 1.4689
178 1.47236
179 1.48155
180 1.48719
181 1.49368
182 1.51572
183 1.55077
184 1.55606
185 1.55762
186 1.56787
187 1.57202
188 1.57626
189 1.58023
190 1.58449
191 1.59429
192 1.61677
193 1.62098
194 1.63528
195 1.63953
196 1.64467
197 1.654
198 1.65766
199 1.65889
200 1.67526
201 1.69547
202 1.69955
203 1.72469
204 1.72912
205 1.73067
206 1.74634
207 1.74977
208 1.75137
209 1.76023
210 1.77487
211 1.77752
212 1.78689
213 1.79845
214 1.80903
215 1.81581
216 1.82651
217 1.82946
218 1.83652
219 1.84282
220 1.85335
221 1.88035
222 1.88423
223 1.88931
224 1.89208
225 1.89334
226 1.91076
227 1.92112
228 1.93552
229 1.93896
230 1.94773
231 1.95818
232 1.96416
233 1.96824
234 1.97488
235 1.9928
236 1.99819
237 2.00348
238 2.01629
239 2.03013
240 2.03405
241 2.04114
242 2.04854
243 2.04965
244 2.08005
245 2.09114
246 2.11
247 2.11503
248 2.11888
249 2.13172
250 2.14092
251 2.15374
252 2.15727
253 2.16427
254 2.18238
255 2.20609
256 2.2128
257 2.22219
258 2.22384
259 2.24156
260 2.25137
261 2.25509
262 2.25904
263 2.26166
264 2.28135
265 2.28652
266 2.29905
267 2.3168
268 2.31874
269 2.32402
270 2.3449
271 2.34646
272 2.36042
273 2.36968
274 2.38101
275 2.39411
276 2.40174
277 2.40516
278 2.41296
279 2.41631
280 2.42274
281 2.42957
282 2.43306
283 2.44452
284 2.44962
285 2.45104
286 2.46954
287 2.48207
288 2.49608
289 2.50746
290 2.51328
291 2.52791
292 2.53244
293 2.55228
294 2.56761
295 2.57706
296 2.58748
297 2.59176
298 2.59364
299 2.60284
300 2.61678
301 2.62401
302 2.63204
303 2.63989
304 2.6513
305 2.65676
306 2.65992
307 2.68533
308 2.689
309 2.70598
310 2.71266
311 2.71701
312 2.72869
313 2.73305
314 2.74241
315 2.74409
316 2.74895
317 2.75224
318 2.75581
319 2.75728
320 2.76123
321 2.77002
322 2.7984
323 2.81674
324 2.84129
325 2.85032
326 2.86207
327 2.86758
328 2.87893
329 2.89465
330 2.90331
331 2.91153
332 2.95101
333 2.95298
334 2.95447
335 2.95945
336 2.96658
337 2.98016
338 2.98213
339 2.98628
340 2.99746
