1 0.00321
2 0.01002
3 0.01408
4 0.01694
5 0.03642
6 0.03896
7 0.04983
8 0.05941
9 0.06502
10 0.07014
11 0.07388
12 0.08214
13 0.08679
14 0.09011
15 0.10655
16 0.1116
17 0.11384
18 0.11679
19 0.12065
20 0.13248
21 0.13432
22 0.13736
23 0.1429
24 0.15032
25 0.15477
26 0.1727
27 0.18852
28 0.19112
29 0.19507
30 0.19793
31 0.2076
32 0.21575
33 0.23097
34 0.23637
35 0.23851
36 0.2419
37 0.25092
38 0.26706
39 0.26964
40 0.28773
41 0.29894
42 0.31567
43 0.32871
44 0.33347
45 0.33827
46 0.3579
47 0.36388
48 0.37926
49 0.38487
50 0.3922
51 0.39487
52 0.3974
53 0.39928
54 0.40363
55 0.4065
56 0.41607
57 0.4199
58 0.42765
59 0.43525
60 0.43864
61 0.45276
62 0.45792
63 0.46774
64 0.48214
65 0.48545
66 0.49195
67 0.50453
68 0.51092
69 0.52722
70 0.54163
71 0.55549
72 0.56954
73 0.58268
74 0.58685
75 0.60139
76 0.61042
77 0.61285
78 0.62376
79 0.62693
80 0.63373
81 0.63562
82 0.63866
83 0.6399
84 0.64265
85 0.64454
86 0.65159
87 0.65824
88 0.67054
89 0.67498
90 0.67691
91 0.67846
92 0.68899
93 0.69494
94 0.70208
95 0.71699
96 0.72981
97 0.73509
98 0.7387
99 0.74385
100 0.75098
101 0.75196
102 0.75394
103 0.75919
104 0.77341
105 0.797
106 0.80042
107 0.8106
108 0.81218
109 0.81934
110 0.83181
111 0.83344
112 0.84128
113 0.85351
114 0.86008
115 0.87635
116 0.88463
117 0.89123
118 0.89878
119 0.90026
120 0.90533
121 0.91751
122 0.92366
123 0.92676
124 0.93265
125 0.93374
126 0.93781
127 0.94298
128 0.94509
129 0.96918
130 0.98513
131 0.98744
132 0.98862
133 0.99059
134 1.00049
135 1.00878
136 1.01084
137 1.01527
138 1.01858
139 1.02081
140 1.05458
141 1.06878
142 1.07939
143 1.08621
144 1.09399
145 1.1046
146 1.10771
147 1.11803
148 1.12773
149 1.13578
150 1.14518
151 1.14982
152 1.16787
153 1.17364
154 1.18613
155 1.18985
156 1.19253
157 1.20179
158 1.2297
159 1.23267
160 1.23712
161 1.24194
162 1.26601
163 1.26965
164 1.29377
165 1.30113
166 1.33424
167 1.33629
168 1.34474
169 1.35362
170 1.35794
171 1.36427
172 1.36934
173 1.37358
174 1.3753
175 1.3787
176 1.38764
177 1.39095
178 1.39529
179 1.39723
180 1.41715
181 1.4257
182 1.43454
183 1.44047
184 1.4668
185 1.47681
186 1.47854
187 1.48135
188 1.48521
189 1.48901
190 1.49236
191 1.49405
192 1.50485
193 1.51489
194 1.53734
195 1.56151
196 1.5669
197 1.57051
198 1.59478
199 1.60764
200 1.6146
201 1.61802
202 1.62457
203 1.63559
204 1.64601
205 1.65059
206 1.66799
207 1.67475
208 1.68617
209 1.68769
210 1.68902
211 1.69422
212 1.69647
213 1.69878
214 1.70173
215 1.71006
216 1.72711
217 1.73316
218 1.73814
219 1.73968
220 1.75047
221 1.76936
222 1.80863
223 1.81839
224 1.82818
225 1.83513
226 1.85366
227 1.85622
228 1.85994
229 1.86511
230 1.87365
231 1.88761
232 1.89001
233 1.92054
234 1.93761
235 1.94519
236 1.95438
237 1.95692
238 1.96666
239 1.97997
240 1.99013
241 1.99282
242 2.01316
243 2.02204
244 2.03874
245 2.0456
246 2.05567
247 2.08559
248 2.10058
249 2.10674
250 2.10973
251 2.11756
252 2.12292
253 2.12609
254 2.13038
255 2.14774
256 2.15509
257 2.16042
258 2.17174
259 2.18441
260 2.19018
261 2.1947
262 2.23073
263 2.2324
264 2.2339
265 2.24024
266 2.24453
267 2.26087
268 2.26249
269 2.28895
270 2.29616
271 2.31047
272 2.31336
273 2.31924
274 2.35481
275 2.358
276 2.37042
277 2.37276
278 2.37748
279 2.3852
280 2.38737
281 2.39149
282 2.403
283 2.42164
284 2.4366
285 2.44706
286 2.45255
287 2.46766
288 2.47294
289 2.48119
290 2.48883
291 2.49706
292 2.51209
293 2.51968
294 2.5274
295 2.58378
296 2.60365
297 2.6132
298 2.61934
299 2.63449
300 2.6367
301 2.63917
302 2.64242
303 2.64601
304 2.66738
305 2.66921
306 2.67223
307 2.68404
308 2.68969
309 2.69631
310 2.70465
311 2.70772
312 2.72651
313 2.72799
314 2.72929
315 2.73568
316 2.76102
317 2.7666
318 2.76884
319 2.76995
320 2.7872
321 2.83364
322 2.8465
323 2.8587
324 2.86464
325 2.8751
326 2.87774
327 2.88715
328 2.89828
329 2.90747
330 2.90935
331 2.92094
332 2.93705
333 2.94366
334 2.94643
335 2.95132
336 2.9577
337 2.9593
338 2.96264
339 2.97712
340 2.98267
341 2.98545
342 2.9891
343 2.99868
