1 0.00387
2 0.00749
3 0.00994
4 0.0176
5 0.02448
6 0.03521
7 0.04279
8 0.05315
9 0.0547
10 0.06116
11 0.06749
12 0.07176
13 0.09405
14 0.10133
15 0.10878
16 0.11137
17 0.12395
18 0.12786
19 0.13175
20 0.13346
21 0.14691
22 0.15242
23 0.15552
24 0.16292
25 0.16801
26 0.17957
27 0.19435
28 0.19719
29 0.21101
30 0.22213
31 0.23712
32 0.24345
33 0.24662
34 0.25003
35 0.25434
36 0.26287
37 0.26391
38 0.28078
39 0.28985
40 0.29755
41 0.30024
42 0.30477
43 0.30966
44 0.31221
45 0.32155
46 0.33572
47 0.34798
48 0.36192
49 0.3721
50 0.38897
51 0.39452
52 0.41088
53 0.42145
54 0.43281
55 0.43614
56 0.44651
57 0.45147
58 0.45676
59 0.45987
60 0.46297
61 0.47108
62 0.47956
63 0.49904
64 0.50554
65 0.51012
66 0.52094
67 0.52677
68 0.53091
69 0.53532
70 0.55411
71 0.55946
72 0.56703
73 0.56982
74 0.57815
75 0.58331
76 0.58867
77 0.59734
78 0.60163
79 0.61261
80 0.62817
81 0.63351
82 0.64091
83 0.64904
84 0.66184
85 0.66424
86 0.67686
87 0.68401
88 0.68705
89 0.70319
90 0.70634
91 0.71425
92 0.72885
93 0.73306
94 0.73586
95 0.75154
96 0.75669
97 0.76236
98 0.77617
99 0.77742
100 0.78291
101 0.78652
102 0.78906
103 0.79219
104 0.79714
105 0.79947
106 0.80177
107 0.81056
108 0.81348
109 0.82695
110 0.84901
111 0.85859
112 0.86267
113 0.86488
114 0.87687
115 0.88292
116 0.89051
117 0.89193
118 0.90478
119 0.91338
120 0.92269
121 0.93009
122 0.93689
123 0.97059
124 0.97815
125 0.97907
126 0.9929
127 0.99705
128 0.99813
129 1.02376
130 1.04338
131 1.05524
132 1.07105
133 1.08912
134 1.10622
135 1.10969
136 1.12775
137 1.1305
138 1.13487
139 1.14016
140 1.17076
141 1.18805
142 1.19872
143 1.21683
144 1.22297
145 1.2542
146 1.25825
147 1.26081
148 1.27329
149 1.27567
150 1.28053
151 1.28983
152 1.2923
153 1.30723
154 1.31346
155 1.31645
156 1.31896
157 1.32849
158 1.33973
159 1.34417
160 1.34767
161 1.35278
162 1.35861
163 1.37028
164 1.37959
165 1.39012
166 1.40494
167 1.41695
168 1.42717
169 1.43141
170 1.4375
171 1.44244
172 1.45961
173 1.46954
174 1.47077
175 1.47439
176 1.48916
177 1.51057
178 1.52134
179 1.53307
180 1.55769
181 1.5605
182 1.57833
183 1.58335
184 1.58793
185 1.59544
186 1.60991
187 1.61725
188 1.62238
189 1.62759
190 1.63032
191 1.64388
192 1.66566
193 1.66773
194 1.68334
195 1.69328
196 1.69674
197 1.70099
198 1.70811
199 1.71814
200 1.729
201 1.73286
202 1.73861
203 1.74852
204 1.75703
205 1.76722
206 1.77546
207 1.78018
208 1.78789
209 1.81016
210 1.82026
211 1.83723
212 1.84592
213 1.86058
214 1.86566
215 1.87418
216 1.88028
217 1.89252
218 1.90085
219 1.9113
220 1.92132
221 1.93899
222 1.94399
223 1.94693
224 1.95808
225 1.96213
226 1.96784
227 1.97318
228 1.9806
229 1.99211
230 2.00238
231 2.01129
232 2.01247
233 2.02227
234 2.03542
235 2.0463
236 2.04975
237 2.05392
238 2.08998
239 2.10406
240 2.1168
241 2.12913
242 2.1359
243 2.14045
244 2.14448
245 2.14723
246 2.14892
247 2.15809
248 2.16664
249 2.17438
250 2.17924
251 2.19454
252 2.20829
253 2.21764
254 2.24729
255 2.25614
256 2.25862
257 2.26341
258 2.26608
259 2.27167
260 2.27483
261 2.29146
262 2.29594
263 2.3123
264 2.32597
265 2.32895
266 2.33209
267 2.33355
268 2.33693
269 2.34345
270 2.349
271 2.35285
272 2.35507
273 2.367
274 2.36826
275 2.38658
276 2.39688
277 2.40527
278 2.40713
279 2.43906
280 2.44947
281 2.45467
282 2.45788
283 2.46458
284 2.48313
285 2.4914
286 2.49776
287 2.50096
288 2.51662
289 2.51818
290 2.53089
291 2.53503
292 2.54034
293 2.55771
294 2.55915
295 2.58088
296 2.58588
297 2.58899
298 2.59786
299 2.61402
300 2.61758
301 2.62006
302 2.63402
303 2.64884
304 2.65436
305 2.6629
306 2.66706
307 2.67326
308 2.68074
309 2.68538
310 2.68914
311 2.70357
312 2.71219
313 2.71993
314 2.72766
315 2.73313
316 2.73538
317 2.74003
318 2.75444
319 2.75996
320 2.76783
321 2.77813
322 2.78651
323 2.81131
324 2.81399
325 2.81716
326 2.81988
327 2.83109
328 2.84171
329 2.8441
330 2.8462
331 2.84975
332 2.8617
333 2.87821
334 2.88608
335 2.89157
336 2.90338
337 2.92278
338 2.92497
339 2.93273
340 2.9389
341 2.9459
342 2.96388
343 2.97242
344 2.98005
345 2.98495
