1 0.00636
2 0.0105
3 0.02074
4 0.02486
5 0.04002
6 0.04232
7 0.0493
8 0.08033
9 0.08219
10 0.08804
11 0.09817
12 0.10571
13 0.11313
14 0.11775
15 0.12447
16 0.13479
17 0.13631
18 0.15767
19 0.16848
20 0.18704
21 0.19797
22 0.22459
23 0.23415
24 0.24361
25 0.24618
26 0.25674
27 0.26786
28 0.27332
29 0.2752
30 0.28022
31 0.29108
32 0.30242
33 0.30845
34 0.33464
35 0.35262
36 0.36408
37 0.37382
38 0.38566
39 0.3872
40 0.40489
41 0.42215
42 0.42722
43 0.43058
44 0.44017
45 0.45426
46 0.4563
47 0.46097
48 0.46303
49 0.47805
50 0.48325
51 0.49642
52 0.51057
53 0.53106
54 0.53461
55 0.54738
56 0.55288
57 0.56131
58 0.5786
59 0.58822
60 0.61052
61 0.61981
62 0.64002
63 0.64279
64 0.68478
65 0.68837
66 0.6944
67 0.71191
68 0.72388
69 0.72764
70 0.74716
71 0.75573
72 0.76651
73 0.76826
74 0.80326
75 0.81525
76 0.84302
77 0.86447
78 0.86619
79 0.8703
80 0.88217
81 0.9083
82 0.92542
83 0.93181
84 0.95351
85 0.96829
86 0.96944
87 0.97152
88 0.97494
89 0.97884
90 0.99628
91 1.01181
92 1.01335
93 1.01734
94 1.01909
95 1.02843
96 1.04395
97 1.04826
98 1.06996
99 1.07809
100 1.0969
101 1.0997
102 1.11106
103 1.12219
104 1.13314
105 1.13482
106 1.1371
107 1.1449
108 1.15624
109 1.1807
110 1.20036
111 1.2185
112 1.23961
113 1.24871
114 1.27462
115 1.28228
116 1.28948
117 1.293
118 1.30068
119 1.32892
120 1.34477
121 1.35611
122 1.37205
123 1.38882
124 1.40492
125 1.42443
126 1.45242
127 1.45851
128 1.46417
129 1.46852
130 1.47301
131 1.48159
132 1.49608
133 1.49958
134 1.50311
135 1.51704
136 1.52195
137 1.53124
138 1.53635
139 1.5469
140 1.55065
141 1.55471
142 1.56546
143 1.56749
144 1.57464
145 1.59456
146 1.60322
147 1.60946
148 1.61864
149 1.62206
150 1.63227
151 1.64458
152 1.64858
153 1.65186
154 1.67743
155 1.68914
156 1.69252
157 1.70291
158 1.72662
159 1.73703
160 1.74688
161 1.77138
162 1.77654
163 1.80472
164 1.80633
165 1.81044
166 1.83224
167 1.84889
168 1.85937
169 1.8839
170 1.90194
171 1.92439
172 1.93019
173 1.93193
174 1.96903
175 1.97727
176 1.98088
177 2.0008
178 2.00624
179 2.01487
180 2.02068
181 2.02546
182 2.03384
183 2.06052
184 2.0788
185 2.08066
186 2.08609
187 2.10682
188 2.1099
189 2.11781
190 2.12597
191 2.12771
192 2.14245
193 2.1481
194 2.18243
195 2.19998
196 2.20423
197 2.21993
198 2.24778
199 2.2534
200 2.26397
201 2.26726
202 2.26873
203 2.27077
204 2.28503
205 2.29409
206 2.30764
207 2.31897
208 2.33689
209 2.35843
210 2.36265
211 2.38239
212 2.39207
213 2.39591
214 2.41619
215 2.44645
216 2.45424
217 2.48043
218 2.51253
219 2.51585
220 2.52166
221 2.52688
222 2.53589
223 2.55332
224 2.5568
225 2.57609
226 2.58593
227 2.60829
228 2.62998
229 2.67363
230 2.70441
231 2.7123
232 2.7193
233 2.72077
234 2.72473
235 2.73825
236 2.74502
237 2.75218
238 2.75797
239 2.7722
240 2.77523
241 2.78845
242 2.80237
243 2.80818
244 2.81036
245 2.84614
246 2.86365
247 2.8836
248 2.91842
249 2.92761
250 2.93101
251 2.94814
252 2.9498
253 2.95457
254 2.97192
255 2.98847
256 2.9902
257 2.99726
