1 0.00191
2 0.01307
3 0.02149
4 0.02721
5 0.0294
6 0.0319
7 0.03566
8 0.03946
9 0.04847
10 0.07248
11 0.07822
12 0.08669
13 0.09849
14 0.10031
15 0.10336
16 0.10419
17 0.11288
18 0.11498
19 0.11683
20 0.12703
21 0.12828
22 0.13136
23 0.13697
24 0.1394
25 0.1414
26 0.14596
27 0.16657
28 0.17107
29 0.17749
30 0.18485
31 0.19719
32 0.21738
33 0.22454
34 0.23206
35 0.23451
36 0.23922
37 0.24285
38 0.24841
39 0.25925
40 0.26463
41 0.26731
42 0.26845
43 0.27261
44 0.27699
45 0.27985
46 0.32654
47 0.34695
48 0.35114
49 0.35418
50 0.36448
51 0.36827
52 0.37636
53 0.3806
54 0.41969
55 0.42321
56 0.42479
57 0.43056
58 0.43249
59 0.43547
60 0.4423
61 0.44682
62 0.47229
63 0.4768
64 0.4808
65 0.49002
66 0.49992
67 0.50905
68 0.51207
69 0.51387
70 0.52114
71 0.5237
72 0.52943
73 0.5486
74 0.58152
75 0.59624
76 0.60462
77 0.60646
78 0.61302
79 0.61804
80 0.62296
81 0.62494
82 0.63046
83 0.63187
84 0.63817
85 0.64354
86 0.66708
87 0.67524
88 0.68934
89 0.69516
90 0.72218
91 0.72389
92 0.73018
93 0.73493
94 0.73878
95 0.74297
96 0.7514
97 0.76796
98 0.76939
99 0.77162
100 0.77916
101 0.7885
102 0.79124
103 0.79876
104 0.82484
105 0.83541
106 0.84341
107 0.8459
108 0.8475
109 0.85409
110 0.8571
111 0.86055
112 0.86711
113 0.87332
114 0.87688
115 0.87881
116 0.88055
117 0.88942
118 0.91537
119 0.92679
120 0.92882
121 0.9334
122 0.93778
123 0.9425
124 0.94669
125 0.96433
126 0.97547
127 0.97942
128 0.98506
129 0.99022
130 1.00026
131 1.00143
132 1.02038
133 1.02488
134 1.0304
135 1.03427
136 1.03886
137 1.06213
138 1.07859
139 1.08443
140 1.09708
141 1.09876
142 1.10225
143 1.10583
144 1.10823
145 1.11185
146 1.11748
147 1.12081
148 1.12392
149 1.13368
150 1.13925
151 1.14209
152 1.17654
153 1.17876
154 1.18395
155 1.19371
156 1.21502
157 1.21916
158 1.22103
159 1.22849
160 1.23965
161 1.2465
162 1.25134
163 1.2611
164 1.26779
165 1.27376
166 1.2857
167 1.29293
168 1.32407
169 1.33121
170 1.34389
171 1.34735
172 1.35199
173 1.35326
174 1.35924
175 1.36043
176 1.36608
177 1.37003
178 1.37501
179 1.37884
180 1.41639
181 1.42043
182 1.42484
183 1.43315
184 1.43496
185 1.44329
186 1.44783
187 1.47181
188 1.47624
189 1.47988
190 1.48127
191 1.48532
192 1.48983
193 1.49107
194 1.49445
195 1.49893
196 1.50078
197 1.50626
198 1.50935
199 1.51252
200 1.51684
201 1.52076
202 1.52691
203 1.53446
204 1.53876
205 1.54579
206 1.55531
207 1.58259
208 1.59396
209 1.59606
210 1.60083
211 1.61037
212 1.61827
213 1.62185
214 1.62824
215 1.63683
216 1.63846
217 1.6467
218 1.66428
219 1.66795
220 1.67158
221 1.67372
222 1.67624
223 1.71859
224 1.72245
225 1.73232
226 1.73875
227 1.74171
228 1.75616
229 1.7605
230 1.7652
231 1.77338
232 1.77483
233 1.78398
234 1.79124
235 1.79329
236 1.79563
237 1.8017
238 1.80681
239 1.82863
240 1.85588
241 1.86246
242 1.87283
243 1.88033
244 1.88431
245 1.89089
246 1.91575
247 1.92036
248 1.92421
249 1.92831
250 1.93407
251 1.93651
252 1.93928
253 1.94184
254 1.94373
255 1.96395
256 1.97628
257 1.98105
258 1.98576
259 1.99218
260 1.99895
261 2.00187
262 2.00525
263 2.0077
264 2.01403
265 2.01949
266 2.02825
267 2.04689
268 2.08401
269 2.09267
270 2.09638
271 2.10397
272 2.10798
273 2.11123
274 2.12102
275 2.12912
276 2.13027
277 2.13376
278 2.16607
279 2.16864
280 2.17052
281 2.17432
282 2.17853
283 2.18093
284 2.19094
285 2.1941
286 2.2213
287 2.22273
288 2.227
289 2.24321
290 2.24479
291 2.24723
292 2.2498
293 2.26154
294 2.27249
295 2.27666
296 2.27977
297 2.28563
298 2.28734
299 2.296
300 2.30452
301 2.31353
302 2.3464
303 2.35007
304 2.35915
305 2.3629
306 2.367
307 2.36895
308 2.37401
309 2.37657
310 2.39233
311 2.39706
312 2.41456
313 2.42304
314 2.42664
315 2.42979
316 2.43841
317 2.44137
318 2.47336
319 2.47917
320 2.48466
321 2.48816
322 2.49064
323 2.50841
324 2.51729
325 2.52128
326 2.53535
327 2.54485
328 2.57047
329 2.59749
330 2.60015
331 2.60346
332 2.60666
333 2.61338
334 2.62571
335 2.63053
336 2.66525
337 2.67399
338 2.67878
339 2.68152
340 2.68732
341 2.71545
342 2.71946
343 2.7245
344 2.73025
345 2.73355
346 2.7384
347 2.7463
348 2.7657
349 2.77178
350 2.77501
351 2.79355
352 2.80354
353 2.83047
354 2.84641
355 2.86066
356 2.86519
357 2.86709
358 2.86926
359 2.87646
360 2.91847
361 2.92422
362 2.93249
363 2.94154
364 2.94944
365 2.96701
366 2.96849
367 2.97642
368 2.98104
369 2.98462
370 2.98959
371 2.99125
372 2.99848
