1 0.01027
2 0.01961
3 0.02255
4 0.02478
5 0.03215
6 0.03697
7 0.04004
8 0.05211
9 0.08565
10 0.09086
11 0.11025
12 0.11732
13 0.12591
14 0.1281
15 0.14115
16 0.15591
17 0.16069
18 0.17439
19 0.18176
20 0.18788
21 0.19152
22 0.19744
23 0.20988
24 0.21747
25 0.22092
26 0.22773
27 0.23097
28 0.24206
29 0.24701
30 0.25634
31 0.25797
32 0.25947
33 0.26563
34 0.27568
35 0.28416
36 0.28744
37 0.31415
38 0.33185
39 0.34848
40 0.35493
41 0.36134
42 0.36255
43 0.37248
44 0.38178
45 0.40376
46 0.4259
47 0.44243
48 0.44847
49 0.46001
50 0.46982
51 0.48407
52 0.48734
53 0.52275
54 0.53132
55 0.54217
56 0.57087
57 0.58178
58 0.58618
59 0.59996
60 0.60178
61 0.60604
62 0.62642
63 0.63405
64 0.64307
65 0.65115
66 0.65244
67 0.6742
68 0.67698
69 0.68426
70 0.71485
71 0.71924
72 0.72837
73 0.73914
74 0.74205
75 0.7555
76 0.76167
77 0.76778
78 0.77549
79 0.79394
80 0.79536
81 0.80383
82 0.81103
83 0.83622
84 0.84062
85 0.85936
86 0.87614
87 0.87739
88 0.88048
89 0.88492
90 0.8878
91 0.89477
92 0.90313
93 0.92937
94 0.93279
95 0.96292
96 0.96974
97 0.99349
98 1.01004
99 1.02038
100 1.02191
101 1.03596
102 1.04553
103 1.05011
104 1.08245
105 1.08686
106 1.09424
107 1.10184
108 1.12007
109 1.12696
110 1.14831
111 1.18185
112 1.18728
113 1.19005
114 1.19249
115 1.21715
116 1.21858
117 1.22745
118 1.22941
119 1.23415
120 1.25269
121 1.25979
122 1.28397
123 1.28878
124 1.29147
125 1.29616
126 1.30206
127 1.32599
128 1.33509
129 1.33851
130 1.34163
131 1.34559
132 1.34803
133 1.35756
134 1.37041
135 1.37589
136 1.39048
137 1.42773
138 1.44058
139 1.47476
140 1.47878
141 1.49553
142 1.50171
143 1.50362
144 1.51126
145 1.51908
146 1.52309
147 1.52717
148 1.53234
149 1.54506
150 1.54753
151 1.56235
152 1.57183
153 1.59213
154 1.59834
155 1.61765
156 1.62945
157 1.64078
158 1.64206
159 1.64587
160 1.65994
161 1.68112
162 1.68763
163 1.71442
164 1.71986
165 1.72363
166 1.72546
167 1.72936
168 1.73226
169 1.74711
170 1.7662
171 1.77409
172 1.80013
173 1.80439
174 1.82896
175 1.83919
176 1.84485
177 1.84769
178 1.85231
179 1.85358
180 1.85643
181 1.8634
182 1.86488
183 1.88528
184 1.88846
185 1.90547
186 1.93146
187 1.93314
188 1.93459
189 1.93564
190 1.94481
191 1.96237
192 1.96545
193 1.9728
194 1.97943
195 1.99383
196 1.99901
197 2.02731
198 2.03549
199 2.03893
200 2.04851
201 2.07943
202 2.08894
203 2.09396
204 2.10782
205 2.11026
206 2.12268
207 2.12546
208 2.1267
209 2.13474
210 2.1467
211 2.15033
212 2.19135
213 2.21642
214 2.21998
215 2.22304
216 2.22459
217 2.24769
218 2.24962
219 2.25496
220 2.25639
221 2.27096
222 2.27754
223 2.27908
224 2.29535
225 2.31097
226 2.32399
227 2.33737
228 2.34198
229 2.34409
230 2.35575
231 2.36973
232 2.38574
233 2.39124
234 2.43364
235 2.43958
236 2.46192
237 2.46868
238 2.47878
239 2.48478
240 2.49688
241 2.51294
242 2.51633
243 2.52929
244 2.53544
245 2.54076
246 2.5494
247 2.58959
248 2.59107
249 2.59768
250 2.59928
251 2.60229
252 2.61574
253 2.62575
254 2.63325
255 2.63484
256 2.63596
257 2.64361
258 2.67233
259 2.68245
260 2.68942
261 2.70811
262 2.7191
263 2.72271
264 2.72665
265 2.75813
266 2.76735
267 2.78573
268 2.79397
269 2.82424
270 2.83186
271 2.83685
272 2.84531
273 2.85601
274 2.8615
275 2.86882
276 2.87539
277 2.88164
278 2.8959
279 2.89766
280 2.92332
281 2.929
282 2.9599
283 2.96449
284 2.96787
285 2.97627
286 2.98039
287 2.98245
