1 0.00224
2 0.00473
3 0.01286
4 0.01978
5 0.02375
6 0.0299
7 0.03449
8 0.0421
9 0.05119
10 0.05299
11 0.06067
12 0.07054
13 0.08168
14 0.10669
15 0.11192
16 0.11658
17 0.12514
18 0.12898
19 0.13056
20 0.13423
21 0.13563
22 0.1444
23 0.14824
24 0.15186
25 0.16947
26 0.17277
27 0.17505
28 0.17771
29 0.1818
30 0.1969
31 0.20038
32 0.20818
33 0.21833
34 0.22284
35 0.23665
36 0.24321
37 0.24588
38 0.25392
39 0.2635
40 0.27111
41 0.2822
42 0.28976
43 0.29322
44 0.2963
45 0.30157
46 0.30301
47 0.3112
48 0.31591
49 0.32874
50 0.35711
51 0.3733
52 0.38149
53 0.39335
54 0.39903
55 0.41967
56 0.42241
57 0.43226
58 0.45806
59 0.46881
60 0.4706
61 0.47385
62 0.47775
63 0.48919
64 0.49615
65 0.50392
66 0.5079
67 0.51308
68 0.51441
69 0.52504
70 0.53222
71 0.53531
72 0.54101
73 0.54424
74 0.54548
75 0.55091
76 0.56274
77 0.57234
78 0.57816
79 0.60616
80 0.6182
81 0.62858
82 0.63013
83 0.6318
84 0.63585
85 0.63926
86 0.65396
87 0.67402
88 0.68352
89 0.68627
90 0.70227
91 0.70953
92 0.71894
93 0.72412
94 0.73358
95 0.73753
96 0.74702
97 0.75239
98 0.76079
99 0.77109
100 0.77523
101 0.78014
102 0.78684
103 0.79366
104 0.79667
105 0.8003
106 0.81611
107 0.82925
108 0.83196
109 0.83739
110 0.85287
111 0.8577
112 0.86244
113 0.8725
114 0.87565
115 0.88597
116 0.89024
117 0.90156
118 0.92024
119 0.9251
120 0.93115
121 0.9481
122 0.95275
123 0.95451
124 0.96653
125 0.9699
126 0.97265
127 0.9937
128 1.00331
129 1.01018
130 1.02513
131 1.03128
132 1.03608
133 1.04563
134 1.05233
135 1.05866
136 1.0713
137 1.0804
138 1.107
139 1.1136
140 1.11454
141 1.11761
142 1.12266
143 1.12679
144 1.12869
145 1.13488
146 1.1429
147 1.17343
148 1.17705
149 1.1799
150 1.18279
151 1.18467
152 1.1987
153 1.20174
154 1.20494
155 1.21901
156 1.22323
157 1.22497
158 1.24169
159 1.25884
160 1.26582
161 1.27276
162 1.27781
163 1.28156
164 1.28333
165 1.29129
166 1.29672
167 1.30776
168 1.32369
169 1.32614
170 1.36054
171 1.36738
172 1.37256
173 1.37985
174 1.39164
175 1.39899
176 1.40118
177 1.4187
178 1.42801
179 1.42902
180 1.43793
181 1.44699
182 1.45465
183 1.45562
184 1.46592
185 1.47213
186 1.47534
187 1.48382
188 1.49318
189 1.50042
190 1.50793
191 1.51218
192 1.51552
193 1.52778
194 1.53884
195 1.54973
196 1.55268
197 1.56646
198 1.57242
199 1.58047
200 1.58497
201 1.59249
202 1.60427
203 1.61236
204 1.6191
205 1.62148
206 1.63
207 1.63581
208 1.6447
209 1.65189
210 1.6573
211 1.67254
212 1.69751
213 1.70211
214 1.70626
215 1.71369
216 1.72054
217 1.72295
218 1.73709
219 1.74131
220 1.74457
221 1.75319
222 1.76263
223 1.76744
224 1.7723
225 1.77368
226 1.78145
227 1.78869
228 1.79169
229 1.79448
230 1.80099
231 1.81065
232 1.82577
233 1.83892
234 1.85981
235 1.86236
236 1.86569
237 1.86884
238 1.87558
239 1.88139
240 1.88411
241 1.88707
242 1.89142
243 1.92009
244 1.92603
245 1.95906
246 1.97028
247 1.97895
248 1.98178
249 1.98914
250 1.99409
251 1.99793
252 2.00039
253 2.00456
254 2.017
255 2.02426
256 2.02634
257 2.03108
258 2.04644
259 2.04961
260 2.05657
261 2.06371
262 2.0724
263 2.0762
264 2.08034
265 2.0818
266 2.10746
267 2.11017
268 2.11675
269 2.12257
270 2.12409
271 2.12781
272 2.132
273 2.15741
274 2.16985
275 2.18037
276 2.20135
277 2.20688
278 2.22001
279 2.22345
280 2.2279
281 2.23231
282 2.24264
283 2.24818
284 2.2521
285 2.25346
286 2.27556
287 2.28511
288 2.29364
289 2.29672
290 2.30039
291 2.30703
292 2.30935
293 2.31133
294 2.32186
295 2.33007
296 2.33394
297 2.34399
298 2.35293
299 2.35883
300 2.36083
301 2.36774
302 2.37638
303 2.38135
304 2.38871
305 2.3976
306 2.42254
307 2.43078
308 2.435
309 2.44837
310 2.45256
311 2.45814
312 2.46334
313 2.46659
314 2.47271
315 2.4746
316 2.4948
317 2.49869
318 2.52049
319 2.52301
320 2.53133
321 2.54079
322 2.54503
323 2.5556
324 2.57304
325 2.57769
326 2.59306
327 2.60947
328 2.61742
329 2.61933
330 2.62949
331 2.63846
332 2.64258
333 2.64815
334 2.67461
335 2.68562
336 2.70026
337 2.70313
338 2.71653
339 2.72044
340 2.72498
341 2.7403
342 2.74281
343 2.74421
344 2.74832
345 2.75293
346 2.75925
347 2.77743
348 2.78519
349 2.78728
350 2.78895
351 2.79451
352 2.80429
353 2.82005
354 2.824
355 2.82962
356 2.83294
357 2.84466
358 2.85907
359 2.86792
360 2.87941
361 2.88159
362 2.88572
363 2.88778
364 2.9044
365 2.92349
366 2.94643
367 2.95176
368 2.95537
369 2.96819
370 2.96998
371 2.99434
372 2.99587
373 2.99751
