1 0.00644
2 0.01607
3 0.02284
4 0.02548
5 0.02985
6 0.03727
7 0.04169
8 0.04541
9 0.05488
10 0.05611
11 0.07395
12 0.081
13 0.09366
14 0.09844
15 0.09989
16 0.11451
17 0.11921
18 0.12213
19 0.12395
20 0.12539
21 0.14291
22 0.1466
23 0.15305
24 0.15851
25 0.16545
26 0.17429
27 0.19391
28 0.20622
29 0.22371
30 0.23225
31 0.25225
32 0.25969
33 0.27144
34 0.27327
35 0.27662
36 0.28112
37 0.28797
38 0.294
39 0.30479
40 0.31536
41 0.31778
42 0.33791
43 0.36829
44 0.37376
45 0.3822
46 0.39285
47 0.39545
48 0.39685
49 0.40155
50 0.41002
51 0.41912
52 0.42895
53 0.43009
54 0.44276
55 0.44979
56 0.46044
57 0.46182
58 0.4747
59 0.47799
60 0.47969
61 0.4951
62 0.50497
63 0.50795
64 0.54216
65 0.55069
66 0.55178
67 0.56072
68 0.57207
69 0.58109
70 0.58879
71 0.59351
72 0.59589
73 0.60138
74 0.61755
75 0.61904
76 0.64649
77 0.65364
78 0.66075
79 0.66271
80 0.67037
81 0.68086
82 0.70178
83 0.70851
84 0.71531
85 0.73866
86 0.74349
87 0.74946
88 0.75204
89 0.77296
90 0.77622
91 0.77997
92 0.79208
93 0.79861
94 0.81731
95 0.82536
96 0.83228
97 0.84111
98 0.84525
99 0.85702
100 0.86067
101 0.8662
102 0.87382
103 0.88964
104 0.90052
105 0.92365
106 0.93656
107 0.94249
108 0.95695
109 0.97562
110 0.98324
111 0.9898
112 0.99468
113 1.00297
114 1.00567
115 1.00742
116 1.0131
117 1.01883
118 1.02404
119 1.03433
120 1.04426
121 1.05789
122 1.07527
123 1.07964
124 1.0908
125 1.09249
126 1.09727
127 1.11569
128 1.12522
129 1.13866
130 1.14769
131 1.15796
132 1.17052
133 1.17945
134 1.19344
135 1.19696
136 1.20547
137 1.21081
138 1.23319
139 1.23727
140 1.24969
141 1.25253
142 1.25614
143 1.27102
144 1.28294
145 1.28907
146 1.29547
147 1.32339
148 1.32889
149 1.3482
150 1.35239
151 1.35714
152 1.36933
153 1.3754
154 1.37704
155 1.39687
156 1.39967
157 1.40375
158 1.40715
159 1.41579
160 1.41689
161 1.42798
162 1.43374
163 1.44644
164 1.45125
165 1.45561
166 1.4603
167 1.46418
168 1.48425
169 1.49125
170 1.49936
171 1.51473
172 1.52302
173 1.52558
174 1.53603
175 1.54723
176 1.55594
177 1.56238
178 1.57617
179 1.58297
180 1.58544
181 1.59851
182 1.60046
183 1.60808
184 1.61624
185 1.62112
186 1.64793
187 1.65365
188 1.65694
189 1.66766
190 1.69263
191 1.71048
192 1.71588
193 1.7272
194 1.73626
195 1.74454
196 1.7588
197 1.76121
198 1.76706
199 1.77238
200 1.79117
201 1.79661
202 1.80854
203 1.8109
204 1.83056
205 1.84137
206 1.85769
207 1.8668
208 1.87557
209 1.88741
210 1.89585
211 1.90164
212 1.92413
213 1.9263
214 1.92876
215 1.94334
216 1.95313
217 1.96672
218 1.97988
219 1.98315
220 1.98512
221 1.99197
222 2.00232
223 2.01447
224 2.02113
225 2.04364
226 2.04807
227 2.06871
228 2.08046
229 2.08968
230 2.09918
231 2.10808
232 2.13038
233 2.14692
234 2.14905
235 2.15336
236 2.15724
237 2.16962
238 2.17317
239 2.17958
240 2.19479
241 2.20156
242 2.20507
243 2.20936
244 2.2119
245 2.22629
246 2.22998
247 2.2336
248 2.24938
249 2.26291
250 2.2871
251 2.30202
252 2.30598
253 2.31079
254 2.31748
255 2.31875
256 2.32505
257 2.32922
258 2.33102
259 2.34434
260 2.34857
261 2.35106
262 2.35263
263 2.36408
264 2.36621
265 2.37541
266 2.37991
267 2.38598
268 2.3929
269 2.40171
270 2.41295
271 2.42622
272 2.44296
273 2.45037
274 2.45445
275 2.47887
276 2.48569
277 2.48807
278 2.49291
279 2.49415
280 2.51383
281 2.52379
282 2.53416
283 2.55005
284 2.55708
285 2.57594
286 2.57786
287 2.57913
288 2.58274
289 2.59283
290 2.59488
291 2.60124
292 2.61491
293 2.62811
294 2.63916
295 2.64095
296 2.65046
297 2.66234
298 2.6675
299 2.68642
300 2.70055
301 2.72025
302 2.72487
303 2.73775
304 2.74452
305 2.74839
306 2.77004
307 2.77135
308 2.77772
309 2.7841
310 2.8103
311 2.81764
312 2.82214
313 2.83523
314 2.83876
315 2.84099
316 2.89511
317 2.91276
318 2.91401
319 2.92183
320 2.92511
321 2.94594
322 2.94847
323 2.95176
324 2.96043
325 2.9625
326 2.9764
327 2.98223
328 2.99317
