1 0.00502
2 0.00813
3 0.0177
4 0.02855
5 0.03774
6 0.0434
7 0.05484
8 0.05741
9 0.061
10 0.06648
11 0.08168
12 0.09172
13 0.09464
14 0.11129
15 0.12658
16 0.12817
17 0.1367
18 0.14112
19 0.14453
20 0.15297
21 0.15865
22 0.15995
23 0.16324
24 0.16806
25 0.17433
26 0.17667
27 0.1792
28 0.18792
29 0.21509
30 0.22541
31 0.22843
32 0.2392
33 0.24207
34 0.24747
35 0.25107
36 0.26466
37 0.2797
38 0.28465
39 0.29107
40 0.29515
41 0.31174
42 0.31766
43 0.32656
44 0.3345
45 0.34029
46 0.34321
47 0.34923
48 0.36337
49 0.37333
50 0.37699
51 0.37937
52 0.38931
53 0.39897
54 0.42643
55 0.43118
56 0.4388
57 0.45223
58 0.46132
59 0.46796
60 0.47667
61 0.49236
62 0.50776
63 0.50988
64 0.51284
65 0.51734
66 0.51907
67 0.52995
68 0.53959
69 0.54691
70 0.55499
71 0.55928
72 0.56217
73 0.56765
74 0.57747
75 0.57995
76 0.5872
77 0.59743
78 0.60415
79 0.61251
80 0.62988
81 0.63408
82 0.6394
83 0.64486
84 0.65515
85 0.65829
86 0.66554
87 0.67829
88 0.68571
89 0.68926
90 0.69439
91 0.70428
92 0.7119
93 0.71741
94 0.72766
95 0.73455
96 0.73715
97 0.74876
98 0.75544
99 0.76139
100 0.76452
101 0.77206
102 0.78793
103 0.79465
104 0.79844
105 0.8171
106 0.81887
107 0.8322
108 0.83725
109 0.84366
110 0.84648
111 0.8475
112 0.8545
113 0.85588
114 0.876
115 0.87894
116 0.89262
117 0.89652
118 0.91319
119 0.92522
120 0.9333
121 0.93953
122 0.96837
123 0.97836
124 0.98767
125 1.00614
126 1.01998
127 1.03182
128 1.04172
129 1.05511
130 1.0568
131 1.05929
132 1.08992
133 1.10079
134 1.10373
135 1.10615
136 1.10869
137 1.11388
138 1.12092
139 1.12915
140 1.13118
141 1.14412
142 1.15999
143 1.16626
144 1.1801
145 1.18314
146 1.19005
147 1.19374
148 1.20047
149 1.20563
150 1.2088
151 1.21761
152 1.22398
153 1.23924
154 1.2532
155 1.2702
156 1.29152
157 1.29346
158 1.29688
159 1.30232
160 1.30557
161 1.30649
162 1.33068
163 1.33399
164 1.33788
165 1.35786
166 1.37897
167 1.3935
168 1.40544
169 1.41074
170 1.41465
171 1.42031
172 1.42635
173 1.44892
174 1.45163
175 1.46283
176 1.46381
177 1.47447
178 1.48619
179 1.48903
180 1.50886
181 1.52142
182 1.52503
183 1.53779
184 1.54716
185 1.55435
186 1.55859
187 1.56148
188 1.5851
189 1.59728
190 1.60108
191 1.61339
192 1.61874
193 1.62299
194 1.63174
195 1.65563
196 1.66198
197 1.69921
198 1.70185
199 1.7064
200 1.71032
201 1.71584
202 1.72758
203 1.73718
204 1.73993
205 1.74107
206 1.74398
207 1.74847
208 1.76296
209 1.77163
210 1.7853
211 1.79791
212 1.80334
213 1.80572
214 1.83497
215 1.83973
216 1.84235
217 1.84661
218 1.85156
219 1.86551
220 1.87126
221 1.89567
222 1.90637
223 1.91246
224 1.9208
225 1.92803
226 1.93118
227 1.93323
228 1.94242
229 1.94893
230 1.95176
231 1.95708
232 1.96107
233 1.98128
234 1.99518
235 1.99746
236 2.00086
237 2.00878
238 2.01434
239 2.01828
240 2.02757
241 2.03504
242 2.04045
243 2.04863
244 2.06509
245 2.07487
246 2.09002
247 2.09517
248 2.10099
249 2.10347
250 2.11271
251 2.11862
252 2.15233
253 2.15922
254 2.16227
255 2.16704
256 2.17389
257 2.19015
258 2.19477
259 2.20132
260 2.20289
261 2.2112
262 2.21818
263 2.2201
264 2.24025
265 2.26152
266 2.26944
267 2.27121
268 2.28387
269 2.29409
270 2.30593
271 2.31653
272 2.33642
273 2.3467
274 2.35489
275 2.35666
276 2.36146
277 2.39703
278 2.39897
279 2.40553
280 2.41801
281 2.42391
282 2.43094
283 2.44094
284 2.45085
285 2.47087
286 2.47626
287 2.48821
288 2.49308
289 2.51287
290 2.5164
291 2.52128
292 2.5335
293 2.54431
294 2.54954
295 2.55586
296 2.55962
297 2.56309
298 2.56747
299 2.57066
300 2.58041
301 2.5902
302 2.6004
303 2.61182
304 2.61695
305 2.61941
306 2.62203
307 2.62784
308 2.63044
309 2.6327
310 2.6438
311 2.64927
312 2.66181
313 2.68168
314 2.68532
315 2.68695
316 2.69332
317 2.71101
318 2.71459
319 2.71929
320 2.7341
321 2.74032
322 2.75837
323 2.76178
324 2.77597
325 2.78455
326 2.79685
327 2.80276
328 2.80535
329 2.80735
330 2.81275
331 2.82355
332 2.8259
333 2.839
334 2.84017
335 2.84534
336 2.85058
337 2.86209
338 2.86436
339 2.87508
340 2.87622
341 2.8794
342 2.883
343 2.88846
344 2.89394
345 2.91519
346 2.92222
347 2.92859
348 2.95159
349 2.95398
350 2.95604
351 2.95764
352 2.97293
353 2.97707
354 2.99276
355 2.99549
356 2.99952
