1 0.01723
2 0.02487
3 0.03003
4 0.04861
5 0.05612
6 0.0591
7 0.07734
8 0.10317
9 0.11128
10 0.11336
11 0.11781
12 0.12196
13 0.12895
14 0.14495
15 0.15072
16 0.16844
17 0.1739
18 0.17965
19 0.18971
20 0.19945
21 0.21017
22 0.22213
23 0.22696
24 0.23704
25 0.26017
26 0.26315
27 0.26476
28 0.28533
29 0.30093
30 0.30821
31 0.31147
32 0.32272
33 0.33442
34 0.34444
35 0.35155
36 0.35321
37 0.35826
38 0.38152
39 0.38651
40 0.41328
41 0.42047
42 0.42602
43 0.43045
44 0.43678
45 0.44635
46 0.45393
47 0.46378
48 0.48295
49 0.49541
50 0.51525
51 0.52043
52 0.54106
53 0.55463
54 0.56027
55 0.56563
56 0.58787
57 0.60158
58 0.60412
59 0.60845
60 0.61816
61 0.62549
62 0.63413
63 0.65727
64 0.66587
65 0.67203
66 0.6893
67 0.69285
68 0.70961
69 0.72317
70 0.75139
71 0.7626
72 0.77754
73 0.77886
74 0.78648
75 0.80791
76 0.8106
77 0.81234
78 0.81802
79 0.8309
80 0.83722
81 0.84889
82 0.86015
83 0.86529
84 0.87165
85 0.88087
86 0.88983
87 0.89262
88 0.89636
89 0.9112
90 0.91438
91 0.93667
92 0.9445
93 0.94715
94 0.94867
95 0.95356
96 0.95521
97 0.97394
98 0.98336
99 1.00317
100 1.01414
101 1.02544
102 1.02743
103 1.04137
104 1.04253
105 1.05021
106 1.06021
107 1.07049
108 1.0786
109 1.09317
110 1.10376
111 1.11189
112 1.11795
113 1.12247
114 1.12994
115 1.14195
116 1.14476
117 1.15119
118 1.16242
119 1.16578
120 1.17571
121 1.18186
122 1.18402
123 1.1874
124 1.19384
125 1.222
126 1.22861
127 1.23667
128 1.23793
129 1.24357
130 1.24934
131 1.25917
132 1.26216
133 1.27374
134 1.29004
135 1.30076
136 1.31102
137 1.31407
138 1.32138
139 1.33622
140 1.34193
141 1.3527
142 1.363
143 1.3838
144 1.38827
145 1.39585
146 1.39953
147 1.41294
148 1.42127
149 1.42561
150 1.44302
151 1.47043
152 1.48026
153 1.4945
154 1.50873
155 1.51301
156 1.5179
157 1.52651
158 1.54135
159 1.54915
160 1.55144
161 1.55482
162 1.55881
163 1.56338
164 1.57686
165 1.59447
166 1.6084
167 1.6139
168 1.62188
169 1.63959
170 1.64364
171 1.64949
172 1.65785
173 1.66468
174 1.68483
175 1.68974
176 1.7147
177 1.71604
178 1.72539
179 1.72981
180 1.73137
181 1.73917
182 1.74872
183 1.75014
184 1.78009
185 1.79161
186 1.79694
187 1.81217
188 1.81906
189 1.82932
190 1.83465
191 1.83995
192 1.85444
193 1.85614
194 1.86487
195 1.87861
196 1.88851
197 1.90875
198 1.91542
199 1.92787
200 1.93325
201 1.94055
202 1.95106
203 1.96328
204 1.96645
205 1.97187
206 1.98624
207 1.99495
208 1.9963
209 2.00439
210 2.01404
211 2.02469
212 2.02572
213 2.04618
214 2.04952
215 2.05766
216 2.06136
217 2.07249
218 2.08388
219 2.09581
220 2.1099
221 2.11517
222 2.1231
223 2.1368
224 2.15754
225 2.16122
226 2.1675
227 2.16902
228 2.17729
229 2.19255
230 2.19562
231 2.20017
232 2.21084
233 2.21311
234 2.21766
235 2.23612
236 2.24271
237 2.24777
238 2.24956
239 2.26349
240 2.26834
241 2.28165
242 2.29334
243 2.31833
244 2.32374
245 2.33969
246 2.34333
247 2.3453
248 2.36113
249 2.36425
250 2.37537
251 2.38151
252 2.39042
253 2.39521
254 2.41387
255 2.41815
256 2.42282
257 2.44727
258 2.45428
259 2.45979
260 2.47978
261 2.4841
262 2.49821
263 2.50412
264 2.50734
265 2.5153
266 2.53175
267 2.53826
268 2.55229
269 2.55729
270 2.5731
271 2.57659
272 2.58041
273 2.59979
274 2.60248
275 2.60585
276 2.61165
277 2.61825
278 2.63953
279 2.64513
280 2.65002
281 2.65354
282 2.67166
283 2.68191
284 2.69642
285 2.70133
286 2.70488
287 2.71569
288 2.72896
289 2.73797
290 2.74236
291 2.7466
292 2.75418
293 2.76737
294 2.78581
295 2.80646
296 2.81643
297 2.81784
298 2.82067
299 2.82698
300 2.83116
301 2.84994
302 2.85875
303 2.86246
304 2.88164
305 2.88575
306 2.89244
307 2.90548
308 2.92517
309 2.93183
310 2.95594
311 2.97168
312 2.97474
313 2.99178
314 2.99472
