1 0.00885
2 0.01148
3 0.01771
4 0.03668
5 0.04361
6 0.04771
7 0.0535
8 0.06688
9 0.07795
10 0.08367
11 0.10616
12 0.12537
13 0.13204
14 0.14618
15 0.15631
16 0.15749
17 0.16335
18 0.16571
19 0.17435
20 0.17628
21 0.18285
22 0.18421
23 0.19951
24 0.21183
25 0.218
26 0.23204
27 0.23512
28 0.24161
29 0.25304
30 0.25706
31 0.25952
32 0.26839
33 0.28042
34 0.29632
35 0.31443
36 0.32708
37 0.32988
38 0.34862
39 0.35566
40 0.36103
41 0.37676
42 0.38325
43 0.3845
44 0.39603
45 0.41656
46 0.42744
47 0.44548
48 0.44685
49 0.45755
50 0.46075
51 0.47958
52 0.48918
53 0.50661
54 0.5081
55 0.53308
56 0.53779
57 0.54194
58 0.54296
59 0.54697
60 0.57069
61 0.57441
62 0.58779
63 0.59432
64 0.60103
65 0.61359
66 0.61745
67 0.62151
68 0.64375
69 0.65087
70 0.65336
71 0.65792
72 0.66391
73 0.66882
74 0.68065
75 0.68299
76 0.68662
77 0.69958
78 0.71696
79 0.73692
80 0.7404
81 0.74169
82 0.75291
83 0.77692
84 0.7792
85 0.78542
86 0.7905
87 0.80753
88 0.81223
89 0.82549
90 0.82688
91 0.86009
92 0.86353
93 0.87204
94 0.89253
95 0.90961
96 0.91413
97 0.92638
98 0.94274
99 0.96022
100 0.98192
101 0.99212
102 0.99715
103 1.00551
104 1.00919
105 1.01683
106 1.04557
107 1.04751
108 1.05233
109 1.05428
110 1.07742
111 1.09183
112 1.09608
113 1.10731
114 1.11078
115 1.11591
116 1.12478
117 1.13862
118 1.15907
119 1.16432
120 1.17203
121 1.17871
122 1.21082
123 1.21503
124 1.22078
125 1.2325
126 1.23783
127 1.24091
128 1.25713
129 1.28548
130 1.29383
131 1.30676
132 1.30963
133 1.34137
134 1.34667
135 1.35405
136 1.35603
137 1.38366
138 1.38942
139 1.40201
140 1.40894
141 1.41355
142 1.42815
143 1.43797
144 1.44157
145 1.44973
146 1.46592
147 1.48725
148 1.49319
149 1.50028
150 1.50777
151 1.52505
152 1.52872
153 1.539
154 1.56273
155 1.56642
156 1.5813
157 1.5832
158 1.58684
159 1.59011
160 1.60896
161 1.61543
162 1.62225
163 1.633
164 1.64609
165 1.65446
166 1.6578
167 1.66251
168 1.68467
169 1.68917
170 1.69451
171 1.70553
172 1.72922
173 1.73992
174 1.74973
175 1.7549
176 1.7585
177 1.76136
178 1.7752
179 1.7826
180 1.79672
181 1.82045
182 1.83502
183 1.84347
184 1.85512
185 1.85942
186 1.86639
187 1.86972
188 1.87168
189 1.87552
190 1.88801
191 1.9076
192 1.91379
193 1.91748
194 1.9204
195 1.92199
196 1.92899
197 1.94387
198 1.9493
199 1.97921
200 1.98221
201 1.98435
202 1.98731
203 1.99762
204 2.00578
205 2.0326
206 2.03466
207 2.03732
208 2.03977
209 2.05797
210 2.06125
211 2.07725
212 2.0803
213 2.08676
214 2.08771
215 2.10037
216 2.10961
217 2.11206
218 2.11671
219 2.11805
220 2.14224
221 2.14531
222 2.14663
223 2.15053
224 2.16049
225 2.16581
226 2.17578
227 2.18427
228 2.19959
229 2.2062
230 2.22335
231 2.23906
232 2.24643
233 2.25464
234 2.26244
235 2.26568
236 2.3018
237 2.30624
238 2.32892
239 2.36249
240 2.3678
241 2.36898
242 2.3742
243 2.37737
244 2.38795
245 2.39085
246 2.40156
247 2.40715
248 2.4131
249 2.41737
250 2.42225
251 2.4617
252 2.46271
253 2.47848
254 2.4842
255 2.48812
256 2.493
257 2.50001
258 2.5075
259 2.50876
260 2.51371
261 2.51734
262 2.53382
263 2.54417
264 2.55181
265 2.584
266 2.5997
267 2.60945
268 2.61779
269 2.63288
270 2.64509
271 2.65573
272 2.68072
273 2.71026
274 2.72853
275 2.74758
276 2.75071
277 2.75502
278 2.75956
279 2.77122
280 2.78308
281 2.79951
282 2.80555
283 2.81033
284 2.82233
285 2.83066
286 2.83998
287 2.86126
288 2.8631
289 2.86782
290 2.88317
291 2.88742
292 2.89358
293 2.90452
294 2.90894
295 2.91367
296 2.92485
297 2.92969
298 2.93277
299 2.94157
300 2.98348
301 2.99807
