1 0.01075
2 0.01722
3 0.02114
4 0.02314
5 0.02767
6 0.03119
7 0.03597
8 0.03748
9 0.04523
10 0.0559
11 0.06782
12 0.07274
13 0.07635
14 0.09472
15 0.10014
16 0.1034
17 0.11432
18 0.11981
19 0.12864
20 0.15792
21 0.17082
22 0.17252
23 0.17448
24 0.1865
25 0.19586
26 0.20821
27 0.23812
28 0.27252
29 0.28799
30 0.28975
31 0.30848
32 0.31701
33 0.31853
34 0.32812
35 0.35652
36 0.36
37 0.36888
38 0.3824
39 0.3883
40 0.39293
41 0.40988
42 0.4246
43 0.43203
44 0.44285
45 0.45066
46 0.45676
47 0.47977
48 0.48333
49 0.48786
50 0.50006
51 0.52368
52 0.52773
53 0.54742
54 0.54911
55 0.55543
56 0.56248
57 0.57576
58 0.57751
59 0.585
60 0.60486
61 0.61385
62 0.61731
63 0.62286
64 0.64702
65 0.6497
66 0.65496
67 0.67012
68 0.672
69 0.68112
70 0.693
71 0.70041
72 0.70621
73 0.72577
74 0.7286
75 0.74385
76 0.75256
77 0.75633
78 0.76634
79 0.78266
80 0.78716
81 0.7947
82 0.80437
83 0.8093
84 0.81296
85 0.81684
86 0.83314
87 0.83875
88 0.84632
89 0.8628
90 0.86969
91 0.87348
92 0.87686
93 0.92371
94 0.9421
95 0.94454
96 0.96178
97 0.9855
98 0.99625
99 0.99952
100 1.00313
101 1.01081
102 1.02087
103 1.02351
104 1.02637
105 1.03515
106 1.04755
107 1.06168
108 1.0652
109 1.07395
110 1.10022
111 1.1038
112 1.11003
113 1.11133
114 1.11841
115 1.15282
116 1.15872
117 1.16885
118 1.19807
119 1.20718
120 1.20907
121 1.21666
122 1.23421
123 1.23577
124 1.24151
125 1.24923
126 1.2567
127 1.26481
128 1.27422
129 1.2828
130 1.29781
131 1.30229
132 1.30879
133 1.31605
134 1.32257
135 1.33032
136 1.34602
137 1.35026
138 1.35205
139 1.36324
140 1.37116
141 1.37453
142 1.39912
143 1.41094
144 1.41219
145 1.42956
146 1.46257
147 1.47652
148 1.50409
149 1.52064
150 1.54296
151 1.55996
152 1.56632
153 1.58079
154 1.59268
155 1.59704
156 1.61016
157 1.61337
158 1.61851
159 1.63994
160 1.64756
161 1.65971
162 1.66517
163 1.67488
164 1.67693
165 1.6885
166 1.69578
167 1.70112
168 1.70534
169 1.70804
170 1.74456
171 1.75117
172 1.79714
173 1.80161
174 1.80386
175 1.81487
176 1.83124
177 1.84707
178 1.86208
179 1.87088
180 1.87637
181 1.90895
182 1.91213
183 1.91387
184 1.91563
185 1.91876
186 1.9345
187 1.96301
188 1.96869
189 1.98477
190 2.01824
191 2.04725
192 2.05671
193 2.07798
194 2.0803
195 2.0872
196 2.09954
197 2.11763
198 2.15118
199 2.15793
200 2.16899
201 2.17252
202 2.18029
203 2.18798
204 2.21975
205 2.23971
206 2.24664
207 2.25024
208 2.28098
209 2.28813
210 2.29542
211 2.31039
212 2.31563
213 2.31751
214 2.3461
215 2.3503
216 2.35217
217 2.35959
218 2.36331
219 2.39052
220 2.40652
221 2.41361
222 2.41891
223 2.4305
224 2.45505
225 2.45854
226 2.4792
227 2.49368
228 2.50984
229 2.53618
230 2.54807
231 2.55103
232 2.56509
233 2.57692
234 2.60101
235 2.60416
236 2.61019
237 2.61337
238 2.6226
239 2.64537
240 2.65893
241 2.6639
242 2.66764
243 2.67677
244 2.68114
245 2.69704
246 2.70311
247 2.72569
248 2.73771
249 2.73933
250 2.74262
251 2.75867
252 2.76027
253 2.77219
254 2.78159
255 2.79736
256 2.82562
257 2.83044
258 2.86033
259 2.86774
260 2.89504
261 2.90448
262 2.90803
263 2.91811
264 2.92186
265 2.93612
266 2.94995
267 2.97697
268 2.98134
269 2.98628
270 2.98957
271 2.99743
272 2.99926
