1 0.00352
2 0.01146
3 0.0146
4 0.01619
5 0.02918
6 0.04097
7 0.04193
8 0.04487
9 0.04653
10 0.04875
11 0.06201
12 0.07055
13 0.07387
14 0.08471
15 0.08878
16 0.09645
17 0.10132
18 0.10786
19 0.11156
20 0.11578
21 0.11833
22 0.1266
23 0.14772
24 0.15131
25 0.16941
26 0.18227
27 0.19398
28 0.2012
29 0.2106
30 0.21981
31 0.22334
32 0.22639
33 0.2289
34 0.23454
35 0.25167
36 0.25434
37 0.2614
38 0.26726
39 0.27186
40 0.27903
41 0.28136
42 0.29529
43 0.29642
44 0.30772
45 0.32549
46 0.33912
47 0.34926
48 0.35267
49 0.35919
50 0.36888
51 0.37386
52 0.38428
53 0.38704
54 0.40206
55 0.40869
56 0.41415
57 0.42948
58 0.44032
59 0.44338
60 0.44821
61 0.45675
62 0.46292
63 0.47716
64 0.4853
65 0.49357
66 0.50702
67 0.50825
68 0.51989
69 0.52411
70 0.53234
71 0.55137
72 0.55301
73 0.56136
74 0.57402
75 0.58349
76 0.58591
77 0.60736
78 0.60827
79 0.61377
80 0.61604
81 0.63463
82 0.64638
83 0.66431
84 0.66739
85 0.67116
86 0.68707
87 0.6954
88 0.71734
89 0.72461
90 0.73876
91 0.74319
92 0.74932
93 0.7548
94 0.76045
95 0.76935
96 0.77344
97 0.7812
98 0.79001
99 0.79923
100 0.80972
101 0.83016
102 0.83749
103 0.84083
104 0.85629
105 0.8681
106 0.8812
107 0.89684
108 0.90139
109 0.90756
110 0.91264
111 0.91623
112 0.92195
113 0.92343
114 0.93155
115 0.9382
116 0.94012
117 0.94491
118 0.96677
119 0.98032
120 0.98318
121 0.98736
122 0.99718
123 1.00026
124 1.00591
125 1.01301
126 1.01862
127 1.02237
128 1.03046
129 1.03933
130 1.04522
131 1.0592
132 1.06551
133 1.06813
134 1.08155
135 1.08697
136 1.08902
137 1.09623
138 1.10211
139 1.11387
140 1.12407
141 1.12973
142 1.14304
143 1.14465
144 1.14736
145 1.16097
146 1.16852
147 1.17759
148 1.21828
149 1.23699
150 1.23932
151 1.24548
152 1.26467
153 1.26805
154 1.28232
155 1.28585
156 1.29043
157 1.31124
158 1.32085
159 1.32775
160 1.33667
161 1.34719
162 1.35012
163 1.36237
164 1.37638
165 1.3812
166 1.38569
167 1.3933
168 1.39963
169 1.41824
170 1.42316
171 1.42864
172 1.4384
173 1.45775
174 1.46596
175 1.46722
176 1.48018
177 1.50375
178 1.50788
179 1.51756
180 1.5203
181 1.5274
182 1.53456
183 1.53968
184 1.54776
185 1.54986
186 1.55962
187 1.56862
188 1.5832
189 1.58867
190 1.59298
191 1.59581
192 1.60432
193 1.61488
194 1.61788
195 1.63151
196 1.63437
197 1.64257
198 1.64687
199 1.65707
200 1.66102
201 1.66532
202 1.6894
203 1.69431
204 1.71183
205 1.73384
206 1.73773
207 1.74356
208 1.74716
209 1.75676
210 1.75888
211 1.7612
212 1.76435
213 1.76611
214 1.77529
215 1.7845
216 1.79338
217 1.80091
218 1.81106
219 1.81792
220 1.82132
221 1.83316
222 1.87
223 1.87617
224 1.88362
225 1.89499
226 1.90585
227 1.90673
228 1.92127
229 1.92922
230 1.93773
231 1.94295
232 1.96205
233 1.97021
234 1.97699
235 1.97831
236 1.98044
237 1.98753
238 1.98897
239 2.00479
240 2.02026
241 2.02509
242 2.03583
243 2.03752
244 2.04812
245 2.06966
246 2.07243
247 2.07518
248 2.07851
249 2.09415
250 2.11049
251 2.12215
252 2.12485
253 2.13185
254 2.14152
255 2.15274
256 2.16142
257 2.16491
258 2.17433
259 2.18034
260 2.18743
261 2.20083
262 2.20729
263 2.22163
264 2.2327
265 2.24265
266 2.25076
267 2.26467
268 2.26858
269 2.27179
270 2.27391
271 2.2765
272 2.28834
273 2.30651
274 2.32269
275 2.32703
276 2.33974
277 2.34161
278 2.35094
279 2.36732
280 2.37357
281 2.3913
282 2.39668
283 2.40078
284 2.4098
285 2.41626
286 2.42209
287 2.4311
288 2.43452
289 2.43879
290 2.4447
291 2.45
292 2.45334
293 2.46727
294 2.47048
295 2.47546
296 2.49464
297 2.50232
298 2.50968
299 2.52518
300 2.54367
301 2.54775
302 2.56068
303 2.57172
304 2.57802
305 2.58612
306 2.59087
307 2.60661
308 2.61483
309 2.6287
310 2.63546
311 2.64369
312 2.64728
313 2.66511
314 2.67191
315 2.67814
316 2.68213
317 2.68853
318 2.7029
319 2.70783
320 2.71348
321 2.72145
322 2.72679
323 2.7341
324 2.75493
325 2.76272
326 2.76645
327 2.78705
328 2.79152
329 2.79471
330 2.80893
331 2.81093
332 2.81464
333 2.81927
334 2.82275
335 2.83294
336 2.84079
337 2.84946
338 2.86376
339 2.86995
340 2.87222
341 2.88038
342 2.88631
343 2.9161
344 2.9177
345 2.93832
346 2.96404
347 2.97562
348 2.98356
349 2.9957
