1 0.00458
2 0.01452
3 0.0216
4 0.03439
5 0.0376
6 0.04423
7 0.06628
8 0.07186
9 0.07922
10 0.09379
11 0.09564
12 0.09739
13 0.10221
14 0.10638
15 0.11409
16 0.12141
17 0.12901
18 0.15264
19 0.16809
20 0.19229
21 0.20475
22 0.21798
23 0.23047
24 0.2389
25 0.25704
26 0.26303
27 0.26907
28 0.28617
29 0.28883
30 0.29543
31 0.30585
32 0.30698
33 0.32837
34 0.35091
35 0.36584
36 0.38254
37 0.39148
38 0.3931
39 0.40251
40 0.40675
41 0.41385
42 0.42791
43 0.43535
44 0.4419
45 0.44572
46 0.45158
47 0.45325
48 0.46217
49 0.49342
50 0.50164
51 0.51008
52 0.51446
53 0.53078
54 0.53575
55 0.53934
56 0.56359
57 0.5685
58 0.5782
59 0.5866
60 0.59634
61 0.62145
62 0.63063
63 0.63416
64 0.65529
65 0.65902
66 0.68963
67 0.6944
68 0.70437
69 0.71931
70 0.73495
71 0.75066
72 0.75951
73 0.76228
74 0.76677
75 0.77708
76 0.78323
77 0.79676
78 0.80846
79 0.81885
80 0.84099
81 0.84257
82 0.84718
83 0.86861
84 0.88307
85 0.89574
86 0.89842
87 0.91401
88 0.91845
89 0.93874
90 0.95158
91 0.96938
92 0.98255
93 0.99581
94 1.00217
95 1.0057
96 1.00774
97 1.02354
98 1.02721
99 1.0384
100 1.0452
101 1.05897
102 1.06746
103 1.07658
104 1.0951
105 1.0981
106 1.10623
107 1.11206
108 1.11649
109 1.12108
110 1.13011
111 1.13803
112 1.14354
113 1.15654
114 1.1609
115 1.17095
116 1.17298
117 1.1767
118 1.18264
119 1.18521
120 1.19109
121 1.20399
122 1.20524
123 1.21434
124 1.24144
125 1.25649
126 1.26335
127 1.27223
128 1.279
129 1.28289
130 1.29259
131 1.31231
132 1.32123
133 1.33254
134 1.33479
135 1.33956
136 1.34607
137 1.36692
138 1.37601
139 1.38045
140 1.38298
141 1.40127
142 1.4165
143 1.42312
144 1.4415
145 1.45525
146 1.47499
147 1.48341
148 1.49196
149 1.49445
150 1.51261
151 1.51568
152 1.51738
153 1.52674
154 1.53117
155 1.5341
156 1.53999
157 1.54766
158 1.54895
159 1.553
160 1.55491
161 1.56543
162 1.56642
163 1.57211
164 1.58304
165 1.59385
166 1.61455
167 1.61919
168 1.64086
169 1.64864
170 1.65578
171 1.67102
172 1.67589
173 1.68113
174 1.73087
175 1.7377
176 1.74393
177 1.75865
178 1.76098
179 1.78517
180 1.78948
181 1.80044
182 1.8033
183 1.80979
184 1.81379
185 1.81769
186 1.8294
187 1.83323
188 1.84149
189 1.84591
190 1.85769
191 1.87141
192 1.89685
193 1.90329
194 1.90811
195 1.91139
196 1.91939
197 1.93674
198 1.95252
199 1.96119
200 1.9637
201 1.99653
202 1.99953
203 2.01626
204 2.0189
205 2.02773
206 2.03257
207 2.04122
208 2.04518
209 2.04912
210 2.05815
211 2.06105
212 2.07283
213 2.08445
214 2.10195
215 2.11113
216 2.11499
217 2.13174
218 2.14373
219 2.14833
220 2.15709
221 2.16544
222 2.17093
223 2.19431
224 2.20094
225 2.20682
226 2.21636
227 2.24547
228 2.26723
229 2.27428
230 2.27858
231 2.28117
232 2.2932
233 2.29479
234 2.30192
235 2.31921
236 2.34099
237 2.35702
238 2.36288
239 2.36719
240 2.37352
241 2.3765
242 2.38103
243 2.39271
244 2.39563
245 2.4058
246 2.4122
247 2.41561
248 2.42726
249 2.42879
250 2.43396
251 2.45114
252 2.45696
253 2.47569
254 2.48331
255 2.48997
256 2.50083
257 2.51194
258 2.52096
259 2.52361
260 2.52631
261 2.53897
262 2.54076
263 2.5426
264 2.54595
265 2.5521
266 2.55762
267 2.5664
268 2.57126
269 2.5728
270 2.57953
271 2.58163
272 2.58562
273 2.597
274 2.60292
275 2.60909
276 2.61435
277 2.63686
278 2.64833
279 2.65623
280 2.65796
281 2.66095
282 2.68615
283 2.68997
284 2.69329
285 2.69658
286 2.72126
287 2.72784
288 2.73675
289 2.7524
290 2.76665
291 2.77091
292 2.77425
293 2.78187
294 2.78699
295 2.79345
296 2.80097
297 2.80228
298 2.80667
299 2.81611
300 2.81856
301 2.83197
302 2.83402
303 2.84309
304 2.84856
305 2.85667
306 2.87658
307 2.88653
308 2.88933
309 2.89483
310 2.89863
311 2.90074
312 2.90548
313 2.91715
314 2.93948
315 2.94545
316 2.94751
317 2.95438
318 2.95669
319 2.96043
320 2.97559
321 2.97814
322 2.98099
323 2.9924
