1 0.00214
2 0.00908
3 0.01435
4 0.01659
5 0.02189
6 0.02413
7 0.03653
8 0.03749
9 0.04066
10 0.04506
11 0.05973
12 0.07185
13 0.07332
14 0.07476
15 0.0791
16 0.09374
17 0.09747
18 0.10039
19 0.12123
20 0.13122
21 0.13342
22 0.14419
23 0.16686
24 0.17073
25 0.17798
26 0.18166
27 0.1842
28 0.18573
29 0.19058
30 0.19456
31 0.1974
32 0.19918
33 0.2021
34 0.22768
35 0.22964
36 0.23866
37 0.23963
38 0.24667
39 0.2478
40 0.25462
41 0.26706
42 0.26883
43 0.27683
44 0.281
45 0.28508
46 0.28931
47 0.2968
48 0.31212
49 0.32442
50 0.3279
51 0.33083
52 0.34787
53 0.35167
54 0.3579
55 0.37011
56 0.38301
57 0.38573
58 0.39342
59 0.39597
60 0.41705
61 0.42702
62 0.43155
63 0.43337
64 0.43502
65 0.44716
66 0.45203
67 0.46073
68 0.47687
69 0.48248
70 0.49208
71 0.50094
72 0.5155
73 0.5179
74 0.52013
75 0.52728
76 0.5459
77 0.55939
78 0.57341
79 0.58121
80 0.58404
81 0.59677
82 0.60604
83 0.60806
84 0.62205
85 0.62722
86 0.63648
87 0.63832
88 0.64257
89 0.64856
90 0.65064
91 0.65963
92 0.67166
93 0.67594
94 0.67793
95 0.68434
96 0.68748
97 0.68935
98 0.70262
99 0.70688
100 0.71498
101 0.7279
102 0.73605
103 0.75397
104 0.75572
105 0.76048
106 0.76523
107 0.7728
108 0.7777
109 0.77956
110 0.78634
111 0.79316
112 0.80743
113 0.81541
114 0.82261
115 0.82726
116 0.84784
117 0.85275
118 0.8727
119 0.88705
120 0.91707
121 0.91949
122 0.93388
123 0.93771
124 0.94564
125 0.9477
126 0.95113
127 0.96087
128 0.96597
129 0.97681
130 0.98583
131 0.99645
132 1.00068
133 1.01439
134 1.01674
135 1.02736
136 1.03531
137 1.04207
138 1.06081
139 1.06302
140 1.06466
141 1.06595
142 1.07353
143 1.0772
144 1.09522
145 1.09662
146 1.09931
147 1.10297
148 1.11159
149 1.12067
150 1.12889
151 1.13082
152 1.13416
153 1.14368
154 1.16505
155 1.16736
156 1.17111
157 1.17499
158 1.17699
159 1.18555
160 1.18986
161 1.19398
162 1.20014
163 1.20303
164 1.21368
165 1.21688
166 1.22423
167 1.22515
168 1.23093
169 1.24194
170 1.26821
171 1.27105
172 1.27493
173 1.2948
174 1.29799
175 1.30719
176 1.31352
177 1.31932
178 1.32424
179 1.32927
180 1.34835
181 1.35892
182 1.36112
183 1.376
184 1.37825
185 1.38208
186 1.38473
187 1.39153
188 1.39531
189 1.4194
190 1.42361
191 1.43552
192 1.44376
193 1.46914
194 1.47184
195 1.47956
196 1.48209
197 1.50596
198 1.51309
199 1.51555
200 1.51984
201 1.52196
202 1.52376
203 1.52722
204 1.53
205 1.53817
206 1.54168
207 1.54643
208 1.56665
209 1.56819
210 1.57347
211 1.57753
212 1.60073
213 1.6073
214 1.6107
215 1.61307
216 1.62972
217 1.632
218 1.64187
219 1.64658
220 1.64841
221 1.65472
222 1.66864
223 1.67734
224 1.68477
225 1.69085
226 1.69295
227 1.69519
228 1.69706
229 1.70733
230 1.71169
231 1.72147
232 1.72973
233 1.74732
234 1.75129
235 1.76496
236 1.77427
237 1.77746
238 1.78201
239 1.78378
240 1.78759
241 1.80944
242 1.81559
243 1.83451
244 1.83828
245 1.84919
246 1.85438
247 1.8587
248 1.87041
249 1.8721
250 1.87533
251 1.88807
252 1.89494
253 1.89849
254 1.90263
255 1.92027
256 1.92166
257 1.92328
258 1.93628
259 1.94236
260 1.94371
261 1.94619
262 1.94723
263 1.95787
264 1.97546
265 1.98223
266 1.98651
267 1.99163
268 1.99709
269 2.01362
270 2.01993
271 2.02602
272 2.03131
273 2.03752
274 2.05541
275 2.06007
276 2.06932
277 2.07963
278 2.0986
279 2.1066
280 2.1229
281 2.1278
282 2.14703
283 2.17243
284 2.18458
285 2.18819
286 2.19436
287 2.21112
288 2.22802
289 2.22937
290 2.23242
291 2.23458
292 2.25499
293 2.26683
294 2.27522
295 2.27863
296 2.28443
297 2.29979
298 2.31444
299 2.3185
300 2.33353
301 2.34664
302 2.35034
303 2.35683
304 2.37118
305 2.37523
306 2.39112
307 2.39759
308 2.39992
309 2.41603
310 2.43248
311 2.43468
312 2.44537
313 2.44783
314 2.4586
315 2.46601
316 2.47118
317 2.47682
318 2.49493
319 2.51679
320 2.52203
321 2.54132
322 2.54475
323 2.54624
324 2.55494
325 2.56026
326 2.56408
327 2.58112
328 2.6003
329 2.60602
330 2.62021
331 2.62501
332 2.62765
333 2.63092
334 2.64412
335 2.66933
336 2.68566
337 2.68859
338 2.69127
339 2.69365
340 2.70432
341 2.71508
342 2.72215
343 2.72512
344 2.73248
345 2.74011
346 2.75184
347 2.76909
348 2.77271
349 2.79665
350 2.80085
351 2.81227
352 2.81682
353 2.82399
354 2.85065
355 2.85581
356 2.87477
357 2.89002
358 2.89687
359 2.90339
360 2.92526
361 2.92787
362 2.93553
363 2.93724
364 2.94884
365 2.95546
366 2.96686
367 2.97751
368 2.98053
369 2.99131
370 2.99589
