1 0.00119
2 0.00822
3 0.00997
4 0.01939
5 0.0265
6 0.04566
7 0.047
8 0.05134
9 0.05736
10 0.05943
11 0.06254
12 0.06516
13 0.06833
14 0.06944
15 0.08272
16 0.10292
17 0.10382
18 0.10973
19 0.11514
20 0.11971
21 0.12619
22 0.13157
23 0.13573
24 0.1391
25 0.1486
26 0.1521
27 0.15645
28 0.16301
29 0.16616
30 0.17398
31 0.18609
32 0.19422
33 0.19792
34 0.20011
35 0.20918
36 0.21484
37 0.2204
38 0.22964
39 0.23799
40 0.24232
41 0.25682
42 0.26392
43 0.26831
44 0.27248
45 0.2796
46 0.2897
47 0.29276
48 0.29926
49 0.30161
50 0.30867
51 0.31392
52 0.32293
53 0.32946
54 0.33585
55 0.33898
56 0.34279
57 0.35333
58 0.35978
59 0.37192
60 0.37898
61 0.38646
62 0.39056
63 0.3986
64 0.40386
65 0.4083
66 0.4172
67 0.42157
68 0.42651
69 0.43478
70 0.43827
71 0.43986
72 0.44253
73 0.45071
74 0.45862
75 0.4669
76 0.47324
77 0.48233
78 0.48535
79 0.49108
80 0.51136
81 0.51454
82 0.52282
83 0.52776
84 0.5493
85 0.56059
86 0.5658
87 0.57123
88 0.57426
89 0.58277
90 0.58823
91 0.60262
92 0.60682
93 0.61069
94 0.61371
95 0.62895
96 0.62977
97 0.63186
98 0.63389
99 0.63706
100 0.64119
101 0.64661
102 0.65844
103 0.661
104 0.66416
105 0.66963
106 0.67358
107 0.67779
108 0.68162
109 0.6947
110 0.69856
111 0.70127
112 0.71062
113 0.71275
114 0.71565
115 0.72079
116 0.73266
117 0.74205
118 0.74359
119 0.76133
120 0.76693
121 0.76999
122 0.79219
123 0.7948
124 0.79811
125 0.80972
126 0.81213
127 0.81386
128 0.82333
129 0.82965
130 0.83143
131 0.8384
132 0.85418
133 0.85949
134 0.87859
135 0.88747
136 0.89041
137 0.89273
138 0.89618
139 0.90704
140 0.90945
141 0.91349
142 0.91994
143 0.92525
144 0.92749
145 0.93056
146 0.93805
147 0.94208
148 0.94354
149 0.94685
150 0.9549
151 0.96074
152 0.96888
153 0.98115
154 0.99031
155 0.99583
156 1.01222
157 1.01679
158 1.02861
159 1.0507
160 1.05285
161 1.06073
162 1.07551
163 1.08325
164 1.08953
165 1.09202
166 1.09646
167 1.1039
168 1.11181
169 1.11371
170 1.12568
171 1.12781
172 1.13153
173 1.13606
174 1.14578
175 1.15137
176 1.15516
177 1.16325
178 1.16797
179 1.16913
180 1.17563
181 1.18465
182 1.1872
183 1.19248
184 1.1942
185 1.20067
186 1.20835
187 1.2144
188 1.22496
189 1.23214
190 1.23677
191 1.25793
192 1.26043
193 1.26344
194 1.26535
195 1.27336
196 1.27543
197 1.29569
198 1.31295
199 1.31559
200 1.32883
201 1.33112
202 1.3407
203 1.35576
204 1.36023
205 1.3688
206 1.37684
207 1.38016
208 1.38212
209 1.38564
210 1.39752
211 1.40188
212 1.40662
213 1.41721
214 1.42149
215 1.436
216 1.44101
217 1.44393
218 1.44508
219 1.45
220 1.45856
221 1.48327
222 1.48641
223 1.49106
224 1.51331
225 1.51927
226 1.52379
227 1.52636
228 1.53791
229 1.54168
230 1.54313
231 1.5482
232 1.55583
233 1.56102
234 1.56604
235 1.57661
236 1.60069
237 1.602
238 1.6089
239 1.61746
240 1.62097
241 1.62595
242 1.63239
243 1.64021
244 1.64228
245 1.64922
246 1.65688
247 1.66065
248 1.66725
249 1.67472
250 1.69471
251 1.70902
252 1.72138
253 1.73203
254 1.73465
255 1.73845
256 1.74057
257 1.74863
258 1.75903
259 1.77066
260 1.77696
261 1.78198
262 1.79709
263 1.79856
264 1.80156
265 1.80348
266 1.81466
267 1.8197
268 1.83311
269 1.84738
270 1.8507
271 1.85318
272 1.8617
273 1.87341
274 1.88098
275 1.88946
276 1.89656
277 1.89954
278 1.90908
279 1.92136
280 1.92507
281 1.93072
282 1.93724
283 1.9477
284 1.96207
285 1.96754
286 1.97011
287 1.99024
288 2.00525
289 2.00853
290 2.01693
291 2.02077
292 2.03906
293 2.04449
294 2.05093
295 2.06357
296 2.06615
297 2.07352
298 2.07918
299 2.08456
300 2.09078
301 2.10544
302 2.11077
303 2.12293
304 2.12531
305 2.12847
306 2.13379
307 2.13888
308 2.14765
309 2.15496
310 2.15874
311 2.16277
312 2.17779
313 2.18755
314 2.19398
315 2.20125
316 2.20914
317 2.21453
318 2.23162
319 2.23703
320 2.25684
321 2.26318
322 2.2663
323 2.2714
324 2.2854
325 2.28958
326 2.29231
327 2.30058
328 2.30758
329 2.31249
330 2.31606
331 2.31926
332 2.32779
333 2.34362
334 2.35157
335 2.35563
336 2.35702
337 2.36485
338 2.37545
339 2.37947
340 2.38116
341 2.38473
342 2.39328
343 2.40014
344 2.40488
345 2.41476
346 2.41818
347 2.42461
348 2.43699
349 2.43921
350 2.44031
351 2.44712
352 2.4635
353 2.48352
354 2.49
355 2.49297
356 2.49623
357 2.50794
358 2.51191
359 2.51885
360 2.55466
361 2.55971
362 2.56457
363 2.57609
364 2.60196
365 2.60944
366 2.61297
367 2.62005
368 2.62773
369 2.63663
370 2.64884
371 2.65754
372 2.65954
373 2.67293
374 2.67994
375 2.69149
376 2.6955
377 2.6981
378 2.71826
379 2.72093
380 2.73209
381 2.74123
382 2.75917
383 2.76613
384 2.77202
385 2.77487
386 2.77812
387 2.78581
388 2.79094
389 2.79269
390 2.80147
391 2.81007
392 2.81727
393 2.82123
394 2.82388
395 2.83245
396 2.83635
397 2.84818
398 2.85665
399 2.86022
400 2.86485
401 2.86878
402 2.87694
403 2.88
404 2.88569
405 2.88735
406 2.90145
407 2.90426
408 2.90965
409 2.93655
410 2.9406
411 2.95339
412 2.97239
413 2.98128
414 2.98442
415 2.988
416 2.99614
417 2.99762
