1 0.00437
2 0.00751
3 0.0159
4 0.01757
5 0.03046
6 0.03485
7 0.04699
8 0.05317
9 0.05469
10 0.05713
11 0.06863
12 0.07822
13 0.09863
14 0.10364
15 0.1113
16 0.11826
17 0.12376
18 0.13064
19 0.14261
20 0.14533
21 0.159
22 0.16122
23 0.17016
24 0.17209
25 0.17724
26 0.18461
27 0.19261
28 0.20089
29 0.2018
30 0.20591
31 0.22126
32 0.22647
33 0.23893
34 0.26009
35 0.27113
36 0.27904
37 0.28474
38 0.28625
39 0.29738
40 0.30341
41 0.30711
42 0.31328
43 0.31626
44 0.3222
45 0.32328
46 0.3273
47 0.33807
48 0.34232
49 0.35265
50 0.36479
51 0.3685
52 0.37564
53 0.37721
54 0.3814
55 0.39364
56 0.39545
57 0.40096
58 0.40883
59 0.41466
60 0.42314
61 0.43969
62 0.4456
63 0.45219
64 0.46004
65 0.46592
66 0.46724
67 0.4739
68 0.48713
69 0.49044
70 0.49278
71 0.49573
72 0.5019
73 0.51205
74 0.52361
75 0.52526
76 0.52994
77 0.53189
78 0.53425
79 0.53932
80 0.55174
81 0.5594
82 0.56456
83 0.57613
84 0.59663
85 0.61558
86 0.61949
87 0.63481
88 0.6446
89 0.64865
90 0.65624
91 0.66233
92 0.66435
93 0.67153
94 0.67353
95 0.69356
96 0.70136
97 0.71158
98 0.715
99 0.71831
100 0.72092
101 0.73084
102 0.74356
103 0.75327
104 0.76168
105 0.77
106 0.78479
107 0.7914
108 0.79454
109 0.79568
110 0.82428
111 0.82708
112 0.83522
113 0.84373
114 0.8535
115 0.86078
116 0.8735
117 0.87618
118 0.8906
119 0.90105
120 0.90318
121 0.90617
122 0.92316
123 0.94831
124 0.95626
125 0.96639
126 0.97682
127 0.98427
128 0.98833
129 0.99358
130 1.01111
131 1.01489
132 1.0211
133 1.03464
134 1.04705
135 1.05741
136 1.07374
137 1.07797
138 1.08528
139 1.09473
140 1.09624
141 1.09866
142 1.10263
143 1.10878
144 1.11017
145 1.13149
146 1.15249
147 1.15784
148 1.17029
149 1.18521
150 1.18989
151 1.19108
152 1.19802
153 1.20506
154 1.21343
155 1.23851
156 1.24858
157 1.26235
158 1.27937
159 1.28472
160 1.30049
161 1.30541
162 1.30898
163 1.31165
164 1.32219
165 1.32835
166 1.34685
167 1.35224
168 1.36051
169 1.36558
170 1.37221
171 1.38415
172 1.38639
173 1.38787
174 1.40146
175 1.4068
176 1.4086
177 1.41204
178 1.41446
179 1.41584
180 1.42473
181 1.4285
182 1.43624
183 1.4413
184 1.45161
185 1.45966
186 1.47078
187 1.48115
188 1.48492
189 1.49972
190 1.50627
191 1.50909
192 1.52037
193 1.53454
194 1.53912
195 1.55042
196 1.55524
197 1.55697
198 1.56407
199 1.57353
200 1.57507
201 1.58238
202 1.5867
203 1.60116
204 1.61523
205 1.62482
206 1.62919
207 1.65987
208 1.67804
209 1.68244
210 1.6845
211 1.69892
212 1.70109
213 1.70305
214 1.70699
215 1.71076
216 1.71971
217 1.7348
218 1.75874
219 1.76105
220 1.77638
221 1.78199
222 1.7906
223 1.79661
224 1.8094
225 1.82424
226 1.84151
227 1.85293
228 1.85799
229 1.8795
230 1.88246
231 1.88864
232 1.90514
233 1.9102
234 1.91644
235 1.92241
236 1.93045
237 1.93423
238 1.93854
239 1.94743
240 1.95091
241 1.95443
242 1.95621
243 1.97928
244 1.9822
245 1.99322
246 1.99583
247 2.00683
248 2.01118
249 2.01569
250 2.02223
251 2.03532
252 2.05921
253 2.06546
254 2.06715
255 2.07763
256 2.08325
257 2.09435
258 2.0969
259 2.10346
260 2.11518
261 2.13286
262 2.15228
263 2.16588
264 2.18009
265 2.199
266 2.20608
267 2.20896
268 2.21525
269 2.21752
270 2.23009
271 2.25064
272 2.25686
273 2.26831
274 2.28469
275 2.29635
276 2.29916
277 2.31264
278 2.34286
279 2.35571
280 2.36269
281 2.36597
282 2.37622
283 2.38939
284 2.40332
285 2.41374
286 2.42605
287 2.43025
288 2.44658
289 2.46115
290 2.46937
291 2.50146
292 2.50986
293 2.52209
294 2.53319
295 2.54549
296 2.55049
297 2.55741
298 2.56658
299 2.57025
300 2.58108
301 2.58809
302 2.58942
303 2.59721
304 2.62818
305 2.6304
306 2.63288
307 2.6494
308 2.66566
309 2.67238
310 2.68975
311 2.69562
312 2.70255
313 2.70916
314 2.71177
315 2.71896
316 2.72356
317 2.74663
318 2.754
319 2.75716
320 2.76906
321 2.77606
322 2.78262
323 2.78536
324 2.78952
325 2.79323
326 2.80939
327 2.81452
328 2.83181
329 2.83331
330 2.83958
331 2.84432
332 2.85749
333 2.86462
334 2.86616
335 2.86916
336 2.87817
337 2.89866
338 2.9051
339 2.91617
340 2.92143
341 2.93153
342 2.9417
343 2.94593
344 2.95133
345 2.97387
346 2.9775
347 2.98135
348 2.98862
349 2.99257
