1 0.00379
2 0.0071
3 0.01067
4 0.03125
5 0.03451
6 0.04064
7 0.04762
8 0.05475
9 0.07208
10 0.08007
11 0.08324
12 0.08548
13 0.08814
14 0.09829
15 0.10065
16 0.10653
17 0.11065
18 0.11769
19 0.12542
20 0.13374
21 0.1355
22 0.13889
23 0.14017
24 0.15181
25 0.16128
26 0.1686
27 0.17535
28 0.17849
29 0.18314
30 0.19018
31 0.19869
32 0.21766
33 0.23081
34 0.23477
35 0.24004
36 0.25244
37 0.25454
38 0.25697
39 0.26298
40 0.2758
41 0.27852
42 0.28076
43 0.28412
44 0.28572
45 0.28911
46 0.29287
47 0.29688
48 0.30617
49 0.32766
50 0.33173
51 0.33738
52 0.3418
53 0.34643
54 0.34756
55 0.35725
56 0.36109
57 0.36793
58 0.38464
59 0.38802
60 0.39157
61 0.39391
62 0.39879
63 0.41386
64 0.41991
65 0.42242
66 0.42423
67 0.44891
68 0.45931
69 0.4764
70 0.48058
71 0.48543
72 0.50282
73 0.50578
74 0.50826
75 0.51278
76 0.53167
77 0.54413
78 0.55069
79 0.56122
80 0.57622
81 0.58286
82 0.5837
83 0.58512
84 0.59753
85 0.60754
86 0.61262
87 0.61621
88 0.62188
89 0.62428
90 0.63824
91 0.64199
92 0.64917
93 0.65167
94 0.65396
95 0.65831
96 0.66712
97 0.66901
98 0.67025
99 0.67458
100 0.68064
101 0.68657
102 0.68998
103 0.70414
104 0.71075
105 0.72975
106 0.73365
107 0.74304
108 0.75778
109 0.78239
110 0.79227
111 0.79836
112 0.80243
113 0.80866
114 0.81901
115 0.82637
116 0.83004
117 0.8362
118 0.84627
119 0.8491
120 0.85666
121 0.85891
122 0.86642
123 0.88601
124 0.88853
125 0.90291
126 0.90572
127 0.91012
128 0.91479
129 0.92221
130 0.92651
131 0.93426
132 0.93933
133 0.95536
134 0.96296
135 0.96949
136 0.98828
137 0.99281
138 1.00314
139 1.00789
140 1.01003
141 1.01113
142 1.01789
143 1.01949
144 1.04034
145 1.04408
146 1.04795
147 1.05019
148 1.05619
149 1.05891
150 1.07881
151 1.08983
152 1.0956
153 1.09866
154 1.11725
155 1.13609
156 1.14013
157 1.14405
158 1.14602
159 1.14882
160 1.151
161 1.15738
162 1.16129
163 1.16675
164 1.1739
165 1.19503
166 1.20096
167 1.20809
168 1.22796
169 1.24333
170 1.25584
171 1.25998
172 1.26142
173 1.28156
174 1.28445
175 1.2892
176 1.29457
177 1.29731
178 1.29984
179 1.30641
180 1.30836
181 1.33133
182 1.33758
183 1.34215
184 1.35587
185 1.36115
186 1.36444
187 1.38811
188 1.38952
189 1.39521
190 1.40602
191 1.41385
192 1.41569
193 1.42063
194 1.4269
195 1.42943
196 1.43617
197 1.44188
198 1.46044
199 1.47123
200 1.48113
201 1.48343
202 1.48598
203 1.48872
204 1.50639
205 1.50877
206 1.51438
207 1.53043
208 1.53307
209 1.53846
210 1.54068
211 1.548
212 1.55407
213 1.57589
214 1.58041
215 1.59121
216 1.59306
217 1.59703
218 1.59909
219 1.60849
220 1.61796
221 1.62316
222 1.62835
223 1.63744
224 1.65129
225 1.65855
226 1.66044
227 1.66475
228 1.67068
229 1.68868
230 1.69285
231 1.69955
232 1.71096
233 1.74594
234 1.75041
235 1.75577
236 1.77007
237 1.77715
238 1.78064
239 1.7847
240 1.78688
241 1.79127
242 1.79925
243 1.80524
244 1.80646
245 1.82248
246 1.82752
247 1.8371
248 1.84222
249 1.84659
250 1.84869
251 1.85581
252 1.86065
253 1.86421
254 1.86646
255 1.87248
256 1.88865
257 1.89783
258 1.90016
259 1.9067
260 1.92034
261 1.92547
262 1.93334
263 1.93558
264 1.94823
265 1.97668
266 1.98068
267 1.98748
268 2.00218
269 2.00536
270 2.01132
271 2.01409
272 2.0266
273 2.03059
274 2.03294
275 2.03533
276 2.04055
277 2.04312
278 2.04812
279 2.06039
280 2.07177
281 2.07535
282 2.07954
283 2.08624
284 2.0924
285 2.09455
286 2.09788
287 2.10185
288 2.10481
289 2.11346
290 2.11769
291 2.14131
292 2.15103
293 2.15347
294 2.15652
295 2.16275
296 2.17236
297 2.17652
298 2.18246
299 2.18815
300 2.19431
301 2.19883
302 2.21139
303 2.21326
304 2.233
305 2.25189
306 2.25829
307 2.26249
308 2.26451
309 2.28465
310 2.2887
311 2.293
312 2.30092
313 2.30385
314 2.30555
315 2.30943
316 2.32643
317 2.33091
318 2.36519
319 2.36788
320 2.36953
321 2.37445
322 2.3865
323 2.38968
324 2.39199
325 2.39734
326 2.40444
327 2.4061
328 2.4148
329 2.42481
330 2.42599
331 2.42804
332 2.43901
333 2.4423
334 2.46003
335 2.46675
336 2.49037
337 2.50339
338 2.50981
339 2.53486
340 2.5387
341 2.54195
342 2.54494
343 2.55137
344 2.55402
345 2.55986
346 2.56689
347 2.57571
348 2.58418
349 2.59027
350 2.59537
351 2.60224
352 2.6074
353 2.61352
354 2.61876
355 2.62401
356 2.63462
357 2.63887
358 2.6448
359 2.65191
360 2.66569
361 2.67597
362 2.67766
363 2.68096
364 2.68416
365 2.68916
366 2.70115
367 2.70433
368 2.70787
369 2.71661
370 2.72943
371 2.73269
372 2.73577
373 2.7391
374 2.75245
375 2.75662
376 2.75754
377 2.76058
378 2.76315
379 2.7651
380 2.7767
381 2.79357
382 2.7957
383 2.79804
384 2.80153
385 2.80734
386 2.83295
387 2.84022
388 2.84357
389 2.84848
390 2.85623
391 2.85979
392 2.86735
393 2.88608
394 2.88865
395 2.89123
396 2.90177
397 2.91428
398 2.91755
399 2.92316
400 2.93279
401 2.93418
402 2.95205
403 2.95447
404 2.96442
405 2.97973
406 2.98486
