1 0.00435
2 0.00947
3 0.01431
4 0.01694
5 0.04037
6 0.05435
7 0.0726
8 0.09297
9 0.1051
10 0.10961
11 0.11436
12 0.12513
13 0.1273
14 0.13291
15 0.13699
16 0.14288
17 0.16532
18 0.16726
19 0.18103
20 0.19036
21 0.21572
22 0.22325
23 0.22969
24 0.24415
25 0.25861
26 0.26065
27 0.27015
28 0.28132
29 0.28496
30 0.2871
31 0.29253
32 0.30533
33 0.33101
34 0.3447
35 0.35264
36 0.35822
37 0.37069
38 0.38057
39 0.39
40 0.39725
41 0.39935
42 0.40693
43 0.41422
44 0.41635
45 0.42273
46 0.42858
47 0.44121
48 0.45655
49 0.46055
50 0.46421
51 0.46848
52 0.47842
53 0.4847
54 0.48792
55 0.49405
56 0.51833
57 0.52145
58 0.53189
59 0.53894
60 0.54417
61 0.55523
62 0.56429
63 0.59913
64 0.60637
65 0.6122
66 0.61918
67 0.62269
68 0.64667
69 0.65353
70 0.65651
71 0.65894
72 0.66421
73 0.6866
74 0.69463
75 0.69647
76 0.70635
77 0.71396
78 0.71982
79 0.74031
80 0.74641
81 0.75132
82 0.76089
83 0.76712
84 0.76894
85 0.77957
86 0.78566
87 0.80954
88 0.81433
89 0.82445
90 0.82993
91 0.83328
92 0.83577
93 0.86319
94 0.86611
95 0.87334
96 0.88078
97 0.8825
98 0.89388
99 0.90035
100 0.90193
101 0.90857
102 0.91453
103 0.9183
104 0.9221
105 0.92546
106 0.93483
107 0.94434
108 0.94603
109 0.96338
110 0.96523
111 0.96885
112 0.97307
113 1.007
114 1.01492
115 1.01909
116 1.0249
117 1.02796
118 1.03685
119 1.04237
120 1.05365
121 1.06849
122 1.0738
123 1.07592
124 1.08002
125 1.08443
126 1.10209
127 1.11662
128 1.11817
129 1.12049
130 1.12871
131 1.15281
132 1.15734
133 1.18243
134 1.19762
135 1.20684
136 1.21051
137 1.21239
138 1.22029
139 1.2222
140 1.22427
141 1.2263
142 1.26828
143 1.27031
144 1.27693
145 1.27874
146 1.28907
147 1.30236
148 1.31614
149 1.32115
150 1.3264
151 1.33605
152 1.35355
153 1.37463
154 1.37792
155 1.38835
156 1.39258
157 1.39608
158 1.40276
159 1.41235
160 1.41605
161 1.4345
162 1.43618
163 1.44521
164 1.45251
165 1.45898
166 1.46256
167 1.47182
168 1.48872
169 1.50059
170 1.5235
171 1.53865
172 1.55719
173 1.56016
174 1.56296
175 1.57497
176 1.57906
177 1.58743
178 1.59839
179 1.61835
180 1.6246
181 1.63165
182 1.64291
183 1.64835
184 1.66134
185 1.66681
186 1.6722
187 1.6921
188 1.70328
189 1.72434
190 1.72965
191 1.75636
192 1.75913
193 1.77491
194 1.77658
195 1.78773
196 1.81336
197 1.82786
198 1.8412
199 1.85853
200 1.86206
201 1.86404
202 1.87632
203 1.87876
204 1.89208
205 1.89509
206 1.9006
207 1.91583
208 1.93604
209 1.94329
210 1.95446
211 1.96788
212 1.9746
213 1.98005
214 2.02587
215 2.04894
216 2.0642
217 2.07009
218 2.07834
219 2.08742
220 2.09939
221 2.10375
222 2.10564
223 2.1071
224 2.11626
225 2.1196
226 2.12852
227 2.13541
228 2.14921
229 2.15455
230 2.15607
231 2.16064
232 2.16292
233 2.17125
234 2.17258
235 2.17469
236 2.18039
237 2.20295
238 2.20806
239 2.21536
240 2.2184
241 2.25561
242 2.25799
243 2.27153
244 2.27794
245 2.28165
246 2.31185
247 2.31734
248 2.34626
249 2.35376
250 2.35795
251 2.36503
252 2.37704
253 2.38629
254 2.39964
255 2.41012
256 2.41387
257 2.44316
258 2.45458
259 2.45871
260 2.46225
261 2.47454
262 2.4847
263 2.49754
264 2.51518
265 2.52033
266 2.52644
267 2.53172
268 2.578
269 2.59827
270 2.60295
271 2.60547
272 2.61011
273 2.61512
274 2.62429
275 2.62644
276 2.62814
277 2.64193
278 2.65402
279 2.65914
280 2.66742
281 2.67137
282 2.67722
283 2.68852
284 2.70118
285 2.71277
286 2.72701
287 2.73063
288 2.74901
289 2.75225
290 2.75749
291 2.76356
292 2.77481
293 2.78019
294 2.78773
295 2.79688
296 2.81906
297 2.83001
298 2.83441
299 2.84554
300 2.84918
301 2.86039
302 2.86189
303 2.86438
304 2.87361
305 2.8789
306 2.88563
307 2.88963
308 2.89616
309 2.90302
310 2.90652
311 2.91204
312 2.91399
313 2.93233
314 2.95326
315 2.97268
316 2.99583
