1 0.00253
2 0.00439
3 0.00898
4 0.01273
5 0.01577
6 0.02382
7 0.0278
8 0.03633
9 0.03833
10 0.04583
11 0.05179
12 0.06103
13 0.07069
14 0.08188
15 0.08389
16 0.08614
17 0.08888
18 0.09265
19 0.09827
20 0.10036
21 0.1052
22 0.10935
23 0.11465
24 0.12038
25 0.12423
26 0.12636
27 0.14006
28 0.14682
29 0.14802
30 0.1507
31 0.15223
32 0.16109
33 0.17327
34 0.18004
35 0.1899
36 0.19867
37 0.2003
38 0.20307
39 0.20685
40 0.20949
41 0.21509
42 0.22921
43 0.23102
44 0.23633
45 0.24162
46 0.24478
47 0.2531
48 0.25512
49 0.25843
50 0.29923
51 0.30609
52 0.30917
53 0.32295
54 0.32585
55 0.3363
56 0.34121
57 0.34782
58 0.35349
59 0.36054
60 0.38265
61 0.39704
62 0.40765
63 0.41137
64 0.41608
65 0.42945
66 0.44812
67 0.45433
68 0.45754
69 0.46089
70 0.46323
71 0.46416
72 0.46987
73 0.48438
74 0.49903
75 0.50073
76 0.50628
77 0.51173
78 0.5326
79 0.535
80 0.5478
81 0.5607
82 0.56311
83 0.58493
84 0.58644
85 0.58969
86 0.59805
87 0.60016
88 0.61027
89 0.62655
90 0.63219
91 0.63531
92 0.63758
93 0.64239
94 0.65852
95 0.68874
96 0.69649
97 0.70233
98 0.71101
99 0.71713
100 0.72135
101 0.72302
102 0.72624
103 0.75311
104 0.76119
105 0.77545
106 0.80003
107 0.81226
108 0.82139
109 0.82335
110 0.82886
111 0.84514
112 0.85041
113 0.85304
114 0.8608
115 0.86334
116 0.87302
117 0.87466
118 0.87998
119 0.88596
120 0.89371
121 0.89541
122 0.91504
123 0.91771
124 0.93988
125 0.94848
126 0.95512
127 0.95938
128 0.96417
129 0.96765
130 0.9724
131 0.99348
132 1.00619
133 1.0165
134 1.02657
135 1.04915
136 1.05107
137 1.08126
138 1.08514
139 1.08807
140 1.10308
141 1.11488
142 1.11763
143 1.14057
144 1.1448
145 1.15807
146 1.16727
147 1.16849
148 1.17754
149 1.1792
150 1.18158
151 1.19323
152 1.1967
153 1.20472
154 1.20757
155 1.21963
156 1.24052
157 1.24221
158 1.24873
159 1.2521
160 1.27649
161 1.3012
162 1.30593
163 1.31244
164 1.3185
165 1.32901
166 1.33543
167 1.3456
168 1.34828
169 1.35252
170 1.36236
171 1.36566
172 1.3791
173 1.38599
174 1.3882
175 1.39219
176 1.39523
177 1.42002
178 1.43205
179 1.43487
180 1.4402
181 1.45394
182 1.45959
183 1.46193
184 1.4753
185 1.47611
186 1.49643
187 1.50774
188 1.51452
189 1.53169
190 1.57121
191 1.57756
192 1.58331
193 1.59082
194 1.59257
195 1.59711
196 1.60099
197 1.60866
198 1.61366
199 1.61531
200 1.6174
201 1.6266
202 1.62867
203 1.63922
204 1.64622
205 1.64835
206 1.65183
207 1.67919
208 1.69038
209 1.70514
210 1.71521
211 1.71886
212 1.72661
213 1.73916
214 1.74295
215 1.75198
216 1.75419
217 1.7629
218 1.77941
219 1.79558
220 1.79688
221 1.80294
222 1.80704
223 1.81542
224 1.83174
225 1.83296
226 1.83823
227 1.84624
228 1.84756
229 1.85899
230 1.87164
231 1.87621
232 1.88393
233 1.8879
234 1.89168
235 1.90063
236 1.90692
237 1.92333
238 1.92849
239 1.93775
240 1.93977
241 1.94474
242 1.94788
243 1.95661
244 1.96665
245 1.96895
246 1.97261
247 1.9776
248 1.99112
249 2.00101
250 2.03046
251 2.04322
252 2.04854
253 2.0516
254 2.0553
255 2.07422
256 2.0836
257 2.09041
258 2.09366
259 2.09753
260 2.10361
261 2.10705
262 2.11977
263 2.13209
264 2.15851
265 2.17237
266 2.18232
267 2.18599
268 2.18917
269 2.19341
270 2.20473
271 2.20748
272 2.21347
273 2.21899
274 2.23938
275 2.24945
276 2.25222
277 2.26446
278 2.28171
279 2.29144
280 2.29694
281 2.32276
282 2.34273
283 2.35209
284 2.36115
285 2.36539
286 2.37362
287 2.38009
288 2.38605
289 2.38979
290 2.39133
291 2.40962
292 2.41329
293 2.42589
294 2.42695
295 2.44536
296 2.45447
297 2.45819
298 2.46505
299 2.4707
300 2.47971
301 2.48416
302 2.48947
303 2.49783
304 2.50729
305 2.51392
306 2.51592
307 2.53143
308 2.53353
309 2.55971
310 2.57767
311 2.58953
312 2.59415
313 2.60664
314 2.61842
315 2.62587
316 2.63644
317 2.65786
318 2.67153
319 2.67433
320 2.68024
321 2.68502
322 2.68907
323 2.702
324 2.71387
325 2.71944
326 2.72972
327 2.73959
328 2.7444
329 2.75871
330 2.76977
331 2.79831
332 2.83117
333 2.83814
334 2.84417
335 2.85012
336 2.85247
337 2.85727
338 2.85908
339 2.86019
340 2.86287
341 2.88467
342 2.90418
343 2.92047
344 2.93844
345 2.94405
346 2.95561
347 2.96943
348 2.97359
349 2.98172
350 2.99405
