1 0.01463
2 0.0234
3 0.02905
4 0.03326
5 0.04849
6 0.05298
7 0.08655
8 0.0887
9 0.09584
10 0.10354
11 0.118
12 0.12621
13 0.14276
14 0.15093
15 0.16083
16 0.16415
17 0.16696
18 0.17144
19 0.18763
20 0.19084
21 0.20193
22 0.21251
23 0.24279
24 0.2541
25 0.28159
26 0.28285
27 0.2972
28 0.29954
29 0.30949
30 0.31402
31 0.31861
32 0.32988
33 0.36047
34 0.37658
35 0.40367
36 0.40766
37 0.41608
38 0.43258
39 0.43787
40 0.4445
41 0.45696
42 0.46201
43 0.46338
44 0.47065
45 0.47298
46 0.47836
47 0.47951
48 0.50591
49 0.51277
50 0.51994
51 0.52649
52 0.53536
53 0.53831
54 0.54599
55 0.55005
56 0.56323
57 0.56969
58 0.58745
59 0.5887
60 0.59495
61 0.59876
62 0.60814
63 0.61962
64 0.62655
65 0.62895
66 0.63296
67 0.63577
68 0.64591
69 0.65288
70 0.65418
71 0.66028
72 0.66272
73 0.68381
74 0.68724
75 0.6907
76 0.6998
77 0.70539
78 0.70969
79 0.71093
80 0.72286
81 0.73095
82 0.74312
83 0.75483
84 0.76346
85 0.77347
86 0.79188
87 0.80016
88 0.8146
89 0.81566
90 0.82878
91 0.84522
92 0.84781
93 0.85608
94 0.86353
95 0.87142
96 0.89406
97 0.89833
98 0.8996
99 0.90892
100 0.93204
101 0.9585
102 0.96571
103 0.97008
104 0.98295
105 0.9884
106 1.003
107 1.04448
108 1.05595
109 1.05795
110 1.06032
111 1.06125
112 1.0768
113 1.08102
114 1.08438
115 1.08808
116 1.09485
117 1.1015
118 1.12427
119 1.13961
120 1.14458
121 1.15358
122 1.1556
123 1.16184
124 1.16317
125 1.17299
126 1.18448
127 1.19235
128 1.19894
129 1.20334
130 1.22421
131 1.23016
132 1.24624
133 1.25976
134 1.26523
135 1.28285
136 1.29815
137 1.32138
138 1.32806
139 1.33439
140 1.34401
141 1.36971
142 1.37577
143 1.37686
144 1.39688
145 1.41318
146 1.42325
147 1.4387
148 1.44685
149 1.45863
150 1.47371
151 1.4855
152 1.49088
153 1.49688
154 1.5129
155 1.52093
156 1.52415
157 1.5352
158 1.54269
159 1.55159
160 1.55809
161 1.56677
162 1.5874
163 1.59672
164 1.60065
165 1.61192
166 1.65385
167 1.66697
168 1.68731
169 1.69598
170 1.71598
171 1.71932
172 1.72911
173 1.73778
174 1.74264
175 1.75888
176 1.77881
177 1.78609
178 1.7972
179 1.81276
180 1.82838
181 1.83267
182 1.83703
183 1.84375
184 1.84686
185 1.87866
186 1.8861
187 1.90218
188 1.90465
189 1.91745
190 1.92728
191 1.93573
192 1.9379
193 1.94297
194 1.96313
195 1.96654
196 1.99654
197 2.0034
198 2.01462
199 2.01798
200 2.05039
201 2.05404
202 2.06105
203 2.07799
204 2.07966
205 2.0836
206 2.09457
207 2.11293
208 2.11733
209 2.12028
210 2.12267
211 2.13979
212 2.14355
213 2.15431
214 2.15985
215 2.18553
216 2.18801
217 2.19024
218 2.20848
219 2.21729
220 2.22144
221 2.2426
222 2.26635
223 2.26953
224 2.27689
225 2.28191
226 2.28892
227 2.30623
228 2.31496
229 2.32296
230 2.33156
231 2.34217
232 2.3478
233 2.35588
234 2.3759
235 2.3836
236 2.38508
237 2.39961
238 2.40201
239 2.40966
240 2.43539
241 2.43666
242 2.454
243 2.47403
244 2.50774
245 2.51305
246 2.51573
247 2.55525
248 2.56039
249 2.57065
250 2.5812
251 2.58963
252 2.59641
253 2.60462
254 2.62607
255 2.64006
256 2.64573
257 2.64776
258 2.65487
259 2.65947
260 2.66459
261 2.66808
262 2.67273
263 2.69021
264 2.71634
265 2.73705
266 2.75586
267 2.76908
268 2.77307
269 2.78206
270 2.79057
271 2.80098
272 2.8147
273 2.82688
274 2.84544
275 2.85825
276 2.867
277 2.87608
278 2.88992
279 2.89681
280 2.89953
281 2.90291
282 2.90587
283 2.90917
284 2.91093
285 2.91984
286 2.92708
287 2.94394
288 2.95785
289 2.96539
290 2.96947
291 2.98718
