1 0.00178
2 0.0042
3 0.00974
4 0.01484
5 0.01716
6 0.02112
7 0.02295
8 0.02413
9 0.0261
10 0.03135
11 0.03557
12 0.04802
13 0.05431
14 0.0578
15 0.06252
16 0.06975
17 0.07722
18 0.08041
19 0.08404
20 0.09006
21 0.10548
22 0.12241
23 0.12616
24 0.13942
25 0.15026
26 0.15701
27 0.16099
28 0.1661
29 0.17013
30 0.18134
31 0.1833
32 0.1857
33 0.18958
34 0.19613
35 0.19981
36 0.20483
37 0.20641
38 0.20825
39 0.22733
40 0.23588
41 0.24705
42 0.26443
43 0.26731
44 0.27717
45 0.2885
46 0.2957
47 0.29992
48 0.30386
49 0.31224
50 0.31488
51 0.32697
52 0.3503
53 0.36997
54 0.37962
55 0.38352
56 0.38582
57 0.39472
58 0.40649
59 0.40894
60 0.4103
61 0.41745
62 0.41838
63 0.43288
64 0.45042
65 0.45394
66 0.45538
67 0.45745
68 0.4608
69 0.4655
70 0.47498
71 0.48289
72 0.48749
73 0.49272
74 0.49825
75 0.50009
76 0.51353
77 0.51964
78 0.52363
79 0.53317
80 0.53869
81 0.55395
82 0.55835
83 0.56013
84 0.56272
85 0.56423
86 0.58253
87 0.58808
88 0.59329
89 0.6023
90 0.60735
91 0.61249
92 0.62083
93 0.62563
94 0.63396
95 0.63767
96 0.64996
97 0.65857
98 0.66495
99 0.66941
100 0.67876
101 0.68584
102 0.69747
103 0.70125
104 0.70517
105 0.71682
106 0.72422
107 0.73932
108 0.74247
109 0.74856
110 0.75434
111 0.75885
112 0.76075
113 0.76415
114 0.77196
115 0.77919
116 0.78276
117 0.78637
118 0.79133
119 0.80518
120 0.80994
121 0.83175
122 0.83736
123 0.84029
124 0.84437
125 0.84911
126 0.85383
127 0.85601
128 0.85954
129 0.87829
130 0.88282
131 0.8901
132 0.90411
133 0.90519
134 0.91145
135 0.91512
136 0.91637
137 0.92357
138 0.92582
139 0.92864
140 0.93351
141 0.95079
142 0.95565
143 0.9607
144 0.98414
145 0.98557
146 0.99281
147 0.99487
148 1.00111
149 1.01298
150 1.01936
151 1.02242
152 1.02696
153 1.03623
154 1.03782
155 1.05835
156 1.06643
157 1.07363
158 1.08117
159 1.08497
160 1.08875
161 1.0948
162 1.10425
163 1.10862
164 1.11697
165 1.11882
166 1.14282
167 1.14582
168 1.14865
169 1.15459
170 1.16124
171 1.16368
172 1.16848
173 1.1777
174 1.18605
175 1.20484
176 1.20642
177 1.21226
178 1.23271
179 1.23522
180 1.23772
181 1.24364
182 1.26329
183 1.26906
184 1.2721
185 1.27547
186 1.2827
187 1.28951
188 1.29144
189 1.30229
190 1.31811
191 1.33079
192 1.34389
193 1.34799
194 1.35087
195 1.36248
196 1.37029
197 1.37356
198 1.39144
199 1.40326
200 1.40841
201 1.41009
202 1.41216
203 1.42263
204 1.42424
205 1.43359
206 1.44502
207 1.44684
208 1.45325
209 1.48117
210 1.48322
211 1.49
212 1.49553
213 1.50565
214 1.51029
215 1.51635
216 1.52074
217 1.5227
218 1.53894
219 1.54721
220 1.55429
221 1.56477
222 1.5794
223 1.58358
224 1.58773
225 1.60884
226 1.61635
227 1.6206
228 1.62367
229 1.62634
230 1.63059
231 1.63397
232 1.63816
233 1.64356
234 1.64746
235 1.6637
236 1.66721
237 1.66941
238 1.67858
239 1.68173
240 1.69685
241 1.70179
242 1.70828
243 1.72422
244 1.73404
245 1.74202
246 1.74919
247 1.76114
248 1.76747
249 1.77228
250 1.77678
251 1.7824
252 1.79376
253 1.80495
254 1.80912
255 1.81526
256 1.8283
257 1.83405
258 1.84617
259 1.85179
260 1.85526
261 1.87056
262 1.87964
263 1.88784
264 1.89176
265 1.90417
266 1.91015
267 1.93351
268 1.94373
269 1.95634
270 1.96186
271 1.96333
272 1.96665
273 1.97928
274 1.98679
275 1.99426
276 1.99565
277 2.0005
278 2.01505
279 2.02403
280 2.02858
281 2.03592
282 2.03846
283 2.0447
284 2.05939
285 2.08241
286 2.08565
287 2.11887
288 2.12298
289 2.13251
290 2.14536
291 2.1514
292 2.1622
293 2.16789
294 2.17055
295 2.18829
296 2.20105
297 2.21161
298 2.21264
299 2.22592
300 2.23201
301 2.23582
302 2.24181
303 2.24966
304 2.25254
305 2.2556
306 2.26223
307 2.26759
308 2.27505
309 2.28826
310 2.2953
311 2.30181
312 2.30363
313 2.33319
314 2.33627
315 2.33797
316 2.35233
317 2.3693
318 2.38428
319 2.39529
320 2.39931
321 2.4085
322 2.41545
323 2.4259
324 2.43072
325 2.43387
326 2.45027
327 2.45206
328 2.45635
329 2.45886
330 2.47481
331 2.48228
332 2.48896
333 2.49047
334 2.49197
335 2.49911
336 2.50273
337 2.51552
338 2.52754
339 2.53474
340 2.54229
341 2.54685
342 2.5575
343 2.56565
344 2.57886
345 2.58454
346 2.58784
347 2.59425
348 2.60101
349 2.61882
350 2.62292
351 2.62736
352 2.64239
353 2.6516
354 2.65719
355 2.66082
356 2.66449
357 2.66747
358 2.67168
359 2.69254
360 2.70628
361 2.71112
362 2.72679
363 2.73181
364 2.73747
365 2.74193
366 2.74873
367 2.75368
368 2.75604
369 2.76525
370 2.76828
371 2.77237
372 2.77757
373 2.78256
374 2.78898
375 2.7979
376 2.80099
377 2.80754
378 2.81164
379 2.8197
380 2.82125
381 2.82964
382 2.83616
383 2.84261
384 2.84613
385 2.85414
386 2.86204
387 2.86315
388 2.87662
389 2.88762
390 2.89099
391 2.89259
392 2.90869
393 2.91376
394 2.91542
395 2.91961
396 2.92472
397 2.9334
398 2.95904
399 2.96245
400 2.98585
401 2.98748
402 2.98875
403 2.99478
