1 0.00144
2 0.006
3 0.0243
4 0.02876
5 0.03317
6 0.04374
7 0.05151
8 0.06865
9 0.0795
10 0.08376
11 0.0927
12 0.09527
13 0.09821
14 0.10475
15 0.10764
16 0.11339
17 0.1182
18 0.12595
19 0.1364
20 0.13865
21 0.1406
22 0.14463
23 0.14801
24 0.15303
25 0.17201
26 0.18378
27 0.18852
28 0.19075
29 0.20888
30 0.22032
31 0.22271
32 0.22466
33 0.23004
34 0.23656
35 0.24147
36 0.24598
37 0.25125
38 0.25307
39 0.25463
40 0.2661
41 0.27491
42 0.27666
43 0.27961
44 0.29537
45 0.29933
46 0.30657
47 0.31916
48 0.32257
49 0.32531
50 0.32955
51 0.35392
52 0.35868
53 0.36554
54 0.36781
55 0.3869
56 0.39237
57 0.39998
58 0.40249
59 0.40478
60 0.40968
61 0.41224
62 0.41864
63 0.42168
64 0.4358
65 0.44563
66 0.45966
67 0.47055
68 0.48026
69 0.48935
70 0.50809
71 0.51678
72 0.52139
73 0.5353
74 0.54373
75 0.54528
76 0.5469
77 0.55177
78 0.55472
79 0.57042
80 0.57207
81 0.59794
82 0.61059
83 0.61753
84 0.61981
85 0.62126
86 0.62808
87 0.63701
88 0.64609
89 0.64945
90 0.65504
91 0.66786
92 0.6731
93 0.68462
94 0.70947
95 0.71583
96 0.71953
97 0.72532
98 0.72844
99 0.73355
100 0.73789
101 0.77099
102 0.77388
103 0.77553
104 0.7784
105 0.78059
106 0.79249
107 0.80052
108 0.80963
109 0.81842
110 0.82032
111 0.82257
112 0.82831
113 0.83064
114 0.83868
115 0.85219
116 0.858
117 0.86545
118 0.8669
119 0.87602
120 0.88126
121 0.88358
122 0.88628
123 0.89084
124 0.89312
125 0.89727
126 0.89991
127 0.90822
128 0.90953
129 0.916
130 0.91958
131 0.93001
132 0.93843
133 0.93942
134 0.96063
135 0.96351
136 0.96578
137 0.96922
138 0.97298
139 0.97869
140 0.98219
141 0.99203
142 0.99358
143 1.00742
144 1.01833
145 1.02153
146 1.03041
147 1.03492
148 1.04476
149 1.04818
150 1.05055
151 1.071
152 1.07715
153 1.07841
154 1.10159
155 1.10557
156 1.11129
157 1.11439
158 1.12281
159 1.14305
160 1.14697
161 1.15259
162 1.15763
163 1.1637
164 1.17064
165 1.17808
166 1.17964
167 1.18289
168 1.19385
169 1.19871
170 1.20764
171 1.21497
172 1.21782
173 1.22165
174 1.23352
175 1.23631
176 1.23863
177 1.24245
178 1.24516
179 1.24988
180 1.26866
181 1.27142
182 1.2769
183 1.28404
184 1.29642
185 1.29936
186 1.30399
187 1.30888
188 1.3181
189 1.32935
190 1.33128
191 1.34008
192 1.35626
193 1.36004
194 1.36303
195 1.36441
196 1.37274
197 1.38209
198 1.39167
199 1.39422
200 1.40105
201 1.41326
202 1.41919
203 1.4258
204 1.42909
205 1.4355
206 1.46005
207 1.46849
208 1.49287
209 1.52033
210 1.5252
211 1.53057
212 1.53254
213 1.54596
214 1.55131
215 1.56739
216 1.57894
217 1.58332
218 1.59378
219 1.59778
220 1.6075
221 1.6154
222 1.61698
223 1.62032
224 1.62628
225 1.63363
226 1.63859
227 1.64207
228 1.64781
229 1.65592
230 1.66757
231 1.67963
232 1.68149
233 1.68557
234 1.6943
235 1.71099
236 1.71186
237 1.7216
238 1.72474
239 1.72697
240 1.73032
241 1.73549
242 1.74089
243 1.74497
244 1.75091
245 1.75879
246 1.77229
247 1.77875
248 1.78385
249 1.78542
250 1.79347
251 1.79817
252 1.80155
253 1.80454
254 1.81868
255 1.82039
256 1.82274
257 1.82681
258 1.82808
259 1.86261
260 1.8664
261 1.87532
262 1.88457
263 1.89352
264 1.90226
265 1.92054
266 1.93285
267 1.96104
268 1.96407
269 1.96731
270 1.97064
271 1.98569
272 2.02344
273 2.02699
274 2.0313
275 2.03287
276 2.04427
277 2.05147
278 2.05469
279 2.06771
280 2.07047
281 2.0737
282 2.07771
283 2.08293
284 2.10189
285 2.10574
286 2.11068
287 2.11473
288 2.13875
289 2.14185
290 2.15664
291 2.16096
292 2.1673
293 2.17534
294 2.18242
295 2.1848
296 2.18685
297 2.19617
298 2.21166
299 2.22102
300 2.22319
301 2.23041
302 2.2383
303 2.24236
304 2.26907
305 2.27007
306 2.27781
307 2.30167
308 2.30696
309 2.31876
310 2.32187
311 2.32913
312 2.33324
313 2.34722
314 2.35176
315 2.35322
316 2.36523
317 2.36872
318 2.37078
319 2.38338
320 2.38933
321 2.39432
322 2.41214
323 2.42763
324 2.4508
325 2.46314
326 2.46588
327 2.47124
328 2.47664
329 2.48178
330 2.50847
331 2.52662
332 2.53432
333 2.53586
334 2.54524
335 2.54763
336 2.55037
337 2.56651
338 2.57088
339 2.57345
340 2.57876
341 2.58016
342 2.58257
343 2.59248
344 2.60185
345 2.61135
346 2.61344
347 2.61736
348 2.64116
349 2.65491
350 2.65816
351 2.66376
352 2.67039
353 2.67265
354 2.67577
355 2.68434
356 2.68861
357 2.69698
358 2.7072
359 2.71564
360 2.71834
361 2.72205
362 2.72596
363 2.74023
364 2.74167
365 2.76967
366 2.77185
367 2.77739
368 2.80117
369 2.80318
370 2.82669
371 2.85899
372 2.86787
373 2.87323
374 2.88678
375 2.89166
376 2.89491
377 2.8977
378 2.90494
379 2.91631
380 2.92337
381 2.92558
382 2.93652
383 2.94561
384 2.96017
385 2.96876
386 2.97329
