1 0.00257
2 0.0041
3 0.00908
4 0.01239
5 0.01473
6 0.01983
7 0.02391
8 0.02925
9 0.03044
10 0.03581
11 0.04179
12 0.05248
13 0.05722
14 0.0635
15 0.06604
16 0.06804
17 0.07188
18 0.07638
19 0.08111
20 0.08493
21 0.08925
22 0.0963
23 0.10082
24 0.10543
25 0.1113
26 0.11711
27 0.13042
28 0.1364
29 0.1375
30 0.13948
31 0.1406
32 0.14547
33 0.1541
34 0.16481
35 0.17774
36 0.18812
37 0.19067
38 0.1938
39 0.2018
40 0.20514
41 0.21066
42 0.2187
43 0.22009
44 0.22406
45 0.22835
46 0.2317
47 0.24036
48 0.24216
49 0.24516
50 0.27466
51 0.28062
52 0.28248
53 0.29019
54 0.29276
55 0.30481
56 0.31212
57 0.31776
58 0.32514
59 0.33183
60 0.35599
61 0.374
62 0.3786
63 0.3833
64 0.38663
65 0.39858
66 0.42866
67 0.43401
68 0.43741
69 0.44039
70 0.44591
71 0.44768
72 0.45543
73 0.46665
74 0.47981
75 0.48136
76 0.48636
77 0.49112
78 0.50354
79 0.50597
80 0.51887
81 0.53028
82 0.53258
83 0.54658
84 0.54891
85 0.55171
86 0.55987
87 0.56166
88 0.57164
89 0.59417
90 0.59872
91 0.60278
92 0.60524
93 0.61367
94 0.62548
95 0.65301
96 0.66901
97 0.67618
98 0.68556
99 0.69709
100 0.70262
101 0.70554
102 0.70835
103 0.73118
104 0.73936
105 0.74591
106 0.76482
107 0.7785
108 0.78169
109 0.78304
110 0.78612
111 0.80461
112 0.81017
113 0.81253
114 0.81706
115 0.8203
116 0.83199
117 0.835
118 0.84486
119 0.84977
120 0.85726
121 0.85949
122 0.87332
123 0.87627
124 0.89681
125 0.90789
126 0.92357
127 0.92805
128 0.9329
129 0.93548
130 0.9407
131 0.96384
132 0.97548
133 0.98268
134 0.98746
135 1.00527
136 1.0073
137 1.02933
138 1.03367
139 1.03605
140 1.05527
141 1.0638
142 1.06662
143 1.09724
144 1.10033
145 1.11046
146 1.12034
147 1.12139
148 1.12692
149 1.12853
150 1.13182
151 1.14648
152 1.14993
153 1.16276
154 1.16625
155 1.17989
156 1.20191
157 1.20364
158 1.20881
159 1.21356
160 1.22832
161 1.24901
162 1.25361
163 1.25851
164 1.26081
165 1.26588
166 1.27534
167 1.28405
168 1.28655
169 1.29295
170 1.30093
171 1.30508
172 1.31859
173 1.32556
174 1.328
175 1.33253
176 1.33532
177 1.35161
178 1.3679
179 1.37038
180 1.37502
181 1.38877
182 1.39479
183 1.39835
184 1.41343
185 1.41477
186 1.43339
187 1.44249
188 1.45524
189 1.46818
190 1.49366
191 1.49721
192 1.5045
193 1.51013
194 1.51239
195 1.51741
196 1.52538
197 1.53223
198 1.53649
199 1.53844
200 1.54087
201 1.55311
202 1.55532
203 1.56505
204 1.57411
205 1.57585
206 1.579
207 1.60271
208 1.61966
209 1.63188
210 1.64167
211 1.64594
212 1.65292
213 1.67124
214 1.67401
215 1.68294
216 1.68528
217 1.70029
218 1.71146
219 1.72479
220 1.72589
221 1.73145
222 1.73481
223 1.7395
224 1.74965
225 1.75069
226 1.75389
227 1.76323
228 1.76492
229 1.77942
230 1.79024
231 1.79446
232 1.8053
233 1.80932
234 1.81277
235 1.81947
236 1.82262
237 1.83268
238 1.84474
239 1.85305
240 1.85546
241 1.86303
242 1.8684
243 1.8764
244 1.88568
245 1.88845
246 1.89063
247 1.89529
248 1.90541
249 1.92358
250 1.94219
251 1.95625
252 1.96185
253 1.96617
254 1.96887
255 1.97665
256 1.98525
257 1.99131
258 1.99407
259 1.99875
260 2.0045
261 2.0087
262 2.01828
263 2.03548
264 2.05592
265 2.06362
266 2.07338
267 2.07559
268 2.07908
269 2.08631
270 2.09968
271 2.10259
272 2.10945
273 2.12034
274 2.1332
275 2.14215
276 2.14461
277 2.15774
278 2.17611
279 2.18139
280 2.18552
281 2.20705
282 2.2259
283 2.23474
284 2.24151
285 2.24686
286 2.25578
287 2.26269
288 2.26923
289 2.2788
290 2.28007
291 2.29191
292 2.29498
293 2.30354
294 2.30477
295 2.32476
296 2.34078
297 2.34356
298 2.34942
299 2.35378
300 2.36802
301 2.37112
302 2.37486
303 2.38026
304 2.3926
305 2.39799
306 2.40004
307 2.41228
308 2.41428
309 2.43869
310 2.45363
311 2.46529
312 2.47022
313 2.48224
314 2.48935
315 2.49707
316 2.50899
317 2.52916
318 2.53513
319 2.53757
320 2.54265
321 2.55064
322 2.55556
323 2.56753
324 2.58052
325 2.58912
326 2.59769
327 2.6034
328 2.60742
329 2.62776
330 2.63387
331 2.65739
332 2.6808
333 2.68944
334 2.70276
335 2.7097
336 2.71142
337 2.7171
338 2.71861
339 2.71996
340 2.72204
341 2.74521
342 2.75942
343 2.76937
344 2.78915
345 2.79784
346 2.8093
347 2.82329
348 2.82753
349 2.83457
350 2.84869
351 2.85509
352 2.85879
353 2.87953
354 2.89367
355 2.90146
356 2.90718
357 2.9089
358 2.92745
359 2.929
360 2.94118
361 2.94848
362 2.96515
363 2.97228
364 2.97855
365 2.98189
