1 0.00242
2 0.00401
3 0.00863
4 0.01225
5 0.01436
6 0.02589
7 0.03052
8 0.03153
9 0.04046
10 0.05004
11 0.05158
12 0.05519
13 0.05948
14 0.06636
15 0.07366
16 0.07844
17 0.08091
18 0.0899
19 0.09833
20 0.1028
21 0.10766
22 0.11037
23 0.11547
24 0.11826
25 0.12225
26 0.12436
27 0.13435
28 0.13899
29 0.14025
30 0.14888
31 0.15057
32 0.15289
33 0.16422
34 0.17008
35 0.17722
36 0.18665
37 0.19896
38 0.21314
39 0.21677
40 0.22014
41 0.22275
42 0.24506
43 0.24669
44 0.24941
45 0.25544
46 0.27541
47 0.2783
48 0.28087
49 0.28542
50 0.30721
51 0.3094
52 0.31967
53 0.32693
54 0.33072
55 0.33464
56 0.34048
57 0.34597
58 0.34916
59 0.35652
60 0.35877
61 0.37263
62 0.37471
63 0.37798
64 0.38376
65 0.39571
66 0.39818
67 0.42819
68 0.43606
69 0.44205
70 0.44816
71 0.46494
72 0.46717
73 0.47529
74 0.47721
75 0.48115
76 0.4875
77 0.49824
78 0.50514
79 0.51641
80 0.51748
81 0.52495
82 0.52742
83 0.53625
84 0.54945
85 0.55532
86 0.58149
87 0.58504
88 0.59076
89 0.5963
90 0.60265
91 0.6095
92 0.61232
93 0.61904
94 0.62664
95 0.62857
96 0.6318
97 0.64507
98 0.66778
99 0.67441
100 0.67582
101 0.68112
102 0.68522
103 0.68876
104 0.692
105 0.69543
106 0.71727
107 0.75154
108 0.75679
109 0.76238
110 0.7671
111 0.78285
112 0.79679
113 0.7976
114 0.79907
115 0.80648
116 0.81447
117 0.82062
118 0.82239
119 0.8272
120 0.84402
121 0.84701
122 0.85226
123 0.85445
124 0.85999
125 0.86242
126 0.86552
127 0.87393
128 0.88639
129 0.91447
130 0.92222
131 0.92587
132 0.93578
133 0.94013
134 0.94595
135 0.94864
136 0.95131
137 0.96317
138 0.96446
139 0.96541
140 0.96969
141 0.97748
142 0.98489
143 0.99925
144 1.00675
145 1.01661
146 1.02614
147 1.03289
148 1.04608
149 1.05528
150 1.06132
151 1.06749
152 1.07356
153 1.07703
154 1.08108
155 1.08631
156 1.0935
157 1.09589
158 1.09799
159 1.10649
160 1.11063
161 1.11148
162 1.11915
163 1.12419
164 1.13253
165 1.13742
166 1.14526
167 1.15268
168 1.16497
169 1.16758
170 1.16851
171 1.17526
172 1.19379
173 1.19631
174 1.19908
175 1.21791
176 1.22198
177 1.22318
178 1.22671
179 1.2326
180 1.23606
181 1.25245
182 1.25701
183 1.26051
184 1.27277
185 1.27763
186 1.2787
187 1.28673
188 1.30557
189 1.31605
190 1.31821
191 1.32202
192 1.34377
193 1.35447
194 1.35736
195 1.35967
196 1.36175
197 1.36388
198 1.36722
199 1.3686
200 1.37253
201 1.37624
202 1.38407
203 1.3896
204 1.39949
205 1.42263
206 1.42493
207 1.42757
208 1.4308
209 1.43635
210 1.44121
211 1.44468
212 1.44816
213 1.4648
214 1.48202
215 1.48857
216 1.50092
217 1.50383
218 1.50768
219 1.5153
220 1.52925
221 1.53243
222 1.54673
223 1.56778
224 1.56989
225 1.57227
226 1.57746
227 1.59106
228 1.59748
229 1.60127
230 1.60822
231 1.61137
232 1.61292
233 1.6192
234 1.62591
235 1.64441
236 1.66492
237 1.67036
238 1.68065
239 1.68925
240 1.69172
241 1.6955
242 1.71262
243 1.71876
244 1.72385
245 1.73006
246 1.7386
247 1.75287
248 1.75935
249 1.76451
250 1.77427
251 1.77597
252 1.77999
253 1.79455
254 1.80071
255 1.80186
256 1.80859
257 1.81344
258 1.8234
259 1.8298
260 1.83499
261 1.84221
262 1.84781
263 1.8521
264 1.85961
265 1.86182
266 1.86457
267 1.86801
268 1.87964
269 1.88401
270 1.88622
271 1.88967
272 1.8917
273 1.89577
274 1.90126
275 1.91289
276 1.91788
277 1.92326
278 1.9275
279 1.93386
280 1.94141
281 1.94773
282 1.95921
283 1.96205
284 1.9674
285 1.96913
286 1.97413
287 1.97623
288 1.98041
289 1.99143
290 2.00834
291 2.01039
292 2.01193
293 2.02349
294 2.02653
295 2.03225
296 2.04968
297 2.05273
298 2.06167
299 2.06572
300 2.07256
301 2.07903
302 2.10081
303 2.10635
304 2.10845
305 2.11548
306 2.12051
307 2.12786
308 2.13226
309 2.13369
310 2.1372
311 2.14442
312 2.14807
313 2.16708
314 2.17223
315 2.17744
316 2.1867
317 2.19318
318 2.1959
319 2.20013
320 2.21263
321 2.21473
322 2.21655
323 2.2204
324 2.22854
325 2.23894
326 2.25919
327 2.27786
328 2.27888
329 2.28365
330 2.29404
331 2.29933
332 2.31447
333 2.31825
334 2.32622
335 2.33289
336 2.34893
337 2.35443
338 2.36124
339 2.36776
340 2.37306
341 2.37637
342 2.37996
343 2.38668
344 2.38909
345 2.39172
346 2.41718
347 2.42654
348 2.43394
349 2.449
350 2.46618
351 2.47242
352 2.47618
353 2.47736
354 2.4797
355 2.48307
356 2.4848
357 2.49004
358 2.50005
359 2.50321
360 2.51209
361 2.52818
362 2.54648
363 2.55238
364 2.55389
365 2.56113
366 2.56288
367 2.56833
368 2.56935
369 2.57379
370 2.58026
371 2.59133
372 2.60353
373 2.6134
374 2.62267
375 2.62639
376 2.63305
377 2.64547
378 2.64641
379 2.67189
380 2.68078
381 2.68495
382 2.69006
383 2.71207
384 2.71578
385 2.7186
386 2.72394
387 2.72629
388 2.73833
389 2.75085
390 2.75249
391 2.75856
392 2.77644
393 2.77976
394 2.80055
395 2.81644
396 2.82089
397 2.83128
398 2.83813
399 2.85572
400 2.86655
401 2.869
402 2.88018
403 2.88627
404 2.88843
405 2.89574
406 2.89766
407 2.90313
408 2.91747
409 2.92111
410 2.93888
411 2.95134
412 2.96182
413 2.96511
414 2.96796
415 2.98511
416 2.98719
417 2.99166
