1 0.00503
2 0.01038
3 0.01523
4 0.01976
5 0.03249
6 0.03771
7 0.04609
8 0.05286
9 0.05484
10 0.06059
11 0.06628
12 0.06915
13 0.07311
14 0.08136
15 0.09917
16 0.10832
17 0.11277
18 0.12253
19 0.12523
20 0.13062
21 0.13807
22 0.14349
23 0.14961
24 0.15114
25 0.16005
26 0.1636
27 0.17213
28 0.17887
29 0.18901
30 0.19295
31 0.20198
32 0.22055
33 0.2283
34 0.2339
35 0.24238
36 0.25902
37 0.26404
38 0.26587
39 0.27236
40 0.28069
41 0.28443
42 0.28738
43 0.28844
44 0.29154
45 0.29878
46 0.30543
47 0.30761
48 0.31257
49 0.31472
50 0.31954
51 0.32162
52 0.3259
53 0.32895
54 0.33634
55 0.35124
56 0.37522
57 0.37828
58 0.37923
59 0.38187
60 0.3861
61 0.39299
62 0.39619
63 0.40022
64 0.40987
65 0.41179
66 0.4138
67 0.42586
68 0.43816
69 0.44579
70 0.4487
71 0.45575
72 0.46515
73 0.47649
74 0.47779
75 0.48173
76 0.49243
77 0.506
78 0.53101
79 0.54164
80 0.54639
81 0.55753
82 0.56161
83 0.5692
84 0.57928
85 0.58753
86 0.59288
87 0.60668
88 0.62828
89 0.63159
90 0.64594
91 0.65446
92 0.65575
93 0.66363
94 0.66908
95 0.67911
96 0.69409
97 0.70653
98 0.71267
99 0.71548
100 0.72194
101 0.72297
102 0.72936
103 0.7424
104 0.7565
105 0.77666
106 0.79642
107 0.79963
108 0.80433
109 0.81123
110 0.81699
111 0.82569
112 0.82849
113 0.83171
114 0.84243
115 0.84512
116 0.85123
117 0.86488
118 0.87279
119 0.87616
120 0.8827
121 0.88716
122 0.89295
123 0.89465
124 0.89614
125 0.90214
126 0.90873
127 0.91701
128 0.92301
129 0.92615
130 0.93236
131 0.94108
132 0.94485
133 0.95153
134 0.95448
135 0.96815
136 0.97227
137 0.97592
138 0.98519
139 1.00381
140 1.01549
141 1.01693
142 1.02313
143 1.02536
144 1.02859
145 1.03167
146 1.03994
147 1.04554
148 1.05602
149 1.06127
150 1.07174
151 1.07294
152 1.08004
153 1.08197
154 1.08886
155 1.09753
156 1.10183
157 1.10469
158 1.11078
159 1.11864
160 1.12877
161 1.12984
162 1.13523
163 1.14365
164 1.14765
165 1.15931
166 1.16736
167 1.18662
168 1.18801
169 1.20071
170 1.21643
171 1.22381
172 1.23528
173 1.26527
174 1.2702
175 1.2735
176 1.27567
177 1.28979
178 1.29398
179 1.29746
180 1.30636
181 1.31418
182 1.31714
183 1.32221
184 1.33409
185 1.33601
186 1.3448
187 1.34718
188 1.35555
189 1.36897
190 1.37425
191 1.37714
192 1.38584
193 1.39753
194 1.39946
195 1.40647
196 1.43754
197 1.4417
198 1.44952
199 1.46179
200 1.47862
201 1.48209
202 1.48345
203 1.50996
204 1.51423
205 1.52054
206 1.52756
207 1.52989
208 1.54241
209 1.5517
210 1.55865
211 1.56409
212 1.56971
213 1.58197
214 1.59007
215 1.5939
216 1.6282
217 1.62944
218 1.64757
219 1.6594
220 1.66899
221 1.67662
222 1.70046
223 1.71071
224 1.71649
225 1.72925
226 1.76012
227 1.76292
228 1.76563
229 1.77552
230 1.79252
231 1.79735
232 1.81473
233 1.82164
234 1.82797
235 1.83554
236 1.83889
237 1.84165
238 1.84702
239 1.85506
240 1.86585
241 1.87168
242 1.87953
243 1.88832
244 1.90464
245 1.91074
246 1.9159
247 1.92425
248 1.93669
249 1.94457
250 1.95023
251 1.97309
252 1.9811
253 1.98302
254 1.98715
255 2.00059
256 2.0078
257 2.01666
258 2.01819
259 2.02612
260 2.02965
261 2.03806
262 2.05329
263 2.06238
264 2.06457
265 2.06645
266 2.07059
267 2.07211
268 2.09391
269 2.09998
270 2.10981
271 2.12728
272 2.13657
273 2.14682
274 2.15025
275 2.17055
276 2.1722
277 2.19501
278 2.19965
279 2.20468
280 2.21834
281 2.22312
282 2.23101
283 2.2484
284 2.25257
285 2.2551
286 2.26109
287 2.2695
288 2.27258
289 2.27725
290 2.27959
291 2.29191
292 2.29501
293 2.29793
294 2.30085
295 2.3063
296 2.31906
297 2.32856
298 2.33523
299 2.34449
300 2.37725
301 2.38424
302 2.38643
303 2.39126
304 2.41312
305 2.42278
306 2.42559
307 2.43828
308 2.45346
309 2.45668
310 2.46916
311 2.4792
312 2.48294
313 2.48504
314 2.4867
315 2.48947
316 2.49251
317 2.51261
318 2.51987
319 2.5274
320 2.53755
321 2.55532
322 2.5565
323 2.55901
324 2.56517
325 2.58854
326 2.58986
327 2.5922
328 2.59501
329 2.61869
330 2.6285
331 2.63911
332 2.64582
333 2.652
334 2.65567
335 2.65705
336 2.66295
337 2.6734
338 2.67755
339 2.69131
340 2.70025
341 2.71074
342 2.71692
343 2.7182
344 2.72173
345 2.73568
346 2.74273
347 2.74713
348 2.75171
349 2.75413
350 2.76701
351 2.77172
352 2.78095
353 2.79264
354 2.798
355 2.81329
356 2.82019
357 2.82309
358 2.83711
359 2.84194
360 2.85034
361 2.85937
362 2.8719
363 2.8829
364 2.88714
365 2.89544
366 2.90269
367 2.90643
368 2.91328
369 2.93646
370 2.93826
371 2.96752
372 2.97954
373 2.99819
