1 0.00316
2 0.00502
3 0.00961
4 0.01311
5 0.03199
6 0.03793
7 0.03975
8 0.04485
9 0.04612
10 0.049
11 0.05611
12 0.06934
13 0.07253
14 0.07613
15 0.08197
16 0.08782
17 0.09112
18 0.09996
19 0.11345
20 0.12871
21 0.13752
22 0.14579
23 0.14998
24 0.15543
25 0.16808
26 0.1848
27 0.19398
28 0.20354
29 0.21198
30 0.23104
31 0.24193
32 0.24837
33 0.25097
34 0.25203
35 0.25801
36 0.2832
37 0.28753
38 0.28949
39 0.2943
40 0.2963
41 0.30148
42 0.30456
43 0.30814
44 0.31353
45 0.32557
46 0.33685
47 0.34066
48 0.34383
49 0.35571
50 0.36305
51 0.36546
52 0.36825
53 0.37176
54 0.38038
55 0.38296
56 0.3899
57 0.39238
58 0.40049
59 0.40184
60 0.40451
61 0.40689
62 0.40827
63 0.4125
64 0.42017
65 0.44499
66 0.44851
67 0.45193
68 0.45568
69 0.46201
70 0.46617
71 0.49471
72 0.49779
73 0.49981
74 0.50471
75 0.5122
76 0.54048
77 0.54395
78 0.54731
79 0.55315
80 0.5614
81 0.56663
82 0.57008
83 0.5741
84 0.57562
85 0.58775
86 0.59213
87 0.61861
88 0.62457
89 0.63244
90 0.63455
91 0.64266
92 0.64793
93 0.64961
94 0.65262
95 0.65745
96 0.66848
97 0.69717
98 0.70854
99 0.71467
100 0.7166
101 0.74188
102 0.74868
103 0.75152
104 0.75245
105 0.76017
106 0.7884
107 0.79024
108 0.7977
109 0.79976
110 0.80476
111 0.80661
112 0.80888
113 0.81429
114 0.82394
115 0.83329
116 0.8383
117 0.84215
118 0.84436
119 0.84771
120 0.85234
121 0.86058
122 0.87679
123 0.88174
124 0.88477
125 0.89015
126 0.892
127 0.90433
128 0.92011
129 0.94517
130 0.95113
131 0.96114
132 0.97871
133 0.98213
134 0.99565
135 0.99792
136 1.00702
137 1.04051
138 1.04466
139 1.06625
140 1.07137
141 1.07324
142 1.07481
143 1.08376
144 1.08686
145 1.09829
146 1.12036
147 1.1349
148 1.13931
149 1.1432
150 1.14639
151 1.15431
152 1.15973
153 1.16657
154 1.19632
155 1.20126
156 1.22109
157 1.25107
158 1.26157
159 1.28782
160 1.30962
161 1.31284
162 1.31617
163 1.31967
164 1.32079
165 1.32206
166 1.32998
167 1.33154
168 1.34343
169 1.3481
170 1.35697
171 1.36118
172 1.37427
173 1.37647
174 1.38001
175 1.38434
176 1.38653
177 1.38899
178 1.39325
179 1.40173
180 1.40675
181 1.41144
182 1.41433
183 1.44764
184 1.44861
185 1.45255
186 1.4569
187 1.46475
188 1.46797
189 1.49161
190 1.4944
191 1.50218
192 1.5094
193 1.53509
194 1.53675
195 1.5461
196 1.55243
197 1.55812
198 1.5693
199 1.57082
200 1.57345
201 1.57539
202 1.58311
203 1.5859
204 1.5913
205 1.59382
206 1.60026
207 1.60419
208 1.62541
209 1.62914
210 1.63526
211 1.64335
212 1.64703
213 1.65628
214 1.66427
215 1.66556
216 1.66715
217 1.67317
218 1.68375
219 1.69295
220 1.70002
221 1.70243
222 1.70474
223 1.70837
224 1.71035
225 1.72926
226 1.74691
227 1.75748
228 1.7837
229 1.78599
230 1.79203
231 1.79324
232 1.79521
233 1.79745
234 1.80154
235 1.80557
236 1.81224
237 1.81989
238 1.82557
239 1.8362
240 1.83803
241 1.84306
242 1.85729
243 1.86504
244 1.87969
245 1.89197
246 1.89625
247 1.90057
248 1.90757
249 1.90913
250 1.91129
251 1.91482
252 1.91701
253 1.93426
254 1.94447
255 1.94841
256 1.95338
257 1.95513
258 1.96401
259 1.96726
260 1.98216
261 1.99344
262 1.99757
263 2.00099
264 2.03294
265 2.04139
266 2.04437
267 2.05244
268 2.06184
269 2.06526
270 2.07467
271 2.07789
272 2.08415
273 2.0898
274 2.09855
275 2.10962
276 2.11172
277 2.12648
278 2.12819
279 2.13222
280 2.14795
281 2.15398
282 2.15577
283 2.15779
284 2.18186
285 2.19744
286 2.20194
287 2.20332
288 2.20713
289 2.22014
290 2.24848
291 2.25989
292 2.29044
293 2.2991
294 2.30053
295 2.30453
296 2.30607
297 2.30946
298 2.314
299 2.31753
300 2.32176
301 2.33107
302 2.34029
303 2.34413
304 2.35531
305 2.35929
306 2.36836
307 2.37205
308 2.37632
309 2.38767
310 2.39499
311 2.40074
312 2.40461
313 2.40833
314 2.41242
315 2.41494
316 2.41989
317 2.44337
318 2.45358
319 2.45925
320 2.46547
321 2.49425
322 2.49726
323 2.49992
324 2.50391
325 2.53561
326 2.53993
327 2.54681
328 2.5519
329 2.5545
330 2.55655
331 2.55881
332 2.5704
333 2.57734
334 2.58621
335 2.58857
336 2.60532
337 2.61502
338 2.62522
339 2.63233
340 2.64902
341 2.65099
342 2.65817
343 2.66138
344 2.69528
345 2.69689
346 2.70463
347 2.71447
348 2.71933
349 2.74615
350 2.75624
351 2.78416
352 2.79971
353 2.81146
354 2.82297
355 2.83179
356 2.83793
357 2.84124
358 2.84618
359 2.84795
360 2.86691
361 2.8696
362 2.87491
363 2.88801
364 2.89668
365 2.90318
366 2.90578
367 2.91001
368 2.91159
369 2.91585
370 2.92141
371 2.94609
372 2.9478
373 2.94904
374 2.96058
375 2.96856
376 2.97761
