1 0.0014
2 0.00836
3 0.0125
4 0.01694
5 0.02325
6 0.03595
7 0.03939
8 0.05242
9 0.05743
10 0.07972
11 0.0821
12 0.09135
13 0.09428
14 0.10027
15 0.10195
16 0.11009
17 0.11283
18 0.11741
19 0.13518
20 0.13844
21 0.14128
22 0.1468
23 0.15042
24 0.15207
25 0.17731
26 0.19069
27 0.19655
28 0.21786
29 0.22758
30 0.23719
31 0.24686
32 0.24816
33 0.27351
34 0.29087
35 0.29431
36 0.3139
37 0.31825
38 0.33298
39 0.33621
40 0.34399
41 0.35803
42 0.36387
43 0.36541
44 0.36745
45 0.37314
46 0.37911
47 0.38343
48 0.39296
49 0.39505
50 0.41609
51 0.43433
52 0.44221
53 0.44655
54 0.45069
55 0.45473
56 0.46653
57 0.4786
58 0.48666
59 0.49445
60 0.49851
61 0.51023
62 0.51859
63 0.52205
64 0.52516
65 0.54221
66 0.54548
67 0.56025
68 0.56532
69 0.56836
70 0.58441
71 0.58755
72 0.591
73 0.59198
74 0.60167
75 0.60279
76 0.60487
77 0.60945
78 0.61161
79 0.61728
80 0.63782
81 0.64523
82 0.64781
83 0.6594
84 0.67137
85 0.68667
86 0.69327
87 0.6971
88 0.72128
89 0.73317
90 0.7425
91 0.7445
92 0.75272
93 0.76844
94 0.77543
95 0.77749
96 0.80455
97 0.81233
98 0.82167
99 0.83384
100 0.83822
101 0.85623
102 0.8736
103 0.87507
104 0.88473
105 0.88826
106 0.89791
107 0.90649
108 0.90793
109 0.92122
110 0.93484
111 0.94011
112 0.94415
113 0.95531
114 0.97833
115 0.98824
116 0.99145
117 0.99422
118 1.00117
119 1.01047
120 1.01267
121 1.02479
122 1.02618
123 1.04493
124 1.06385
125 1.08229
126 1.0888
127 1.10921
128 1.11208
129 1.11807
130 1.12735
131 1.13152
132 1.15198
133 1.1684
134 1.17549
135 1.18675
136 1.19309
137 1.19903
138 1.20234
139 1.22211
140 1.23526
141 1.23833
142 1.24156
143 1.2448
144 1.24597
145 1.25258
146 1.33734
147 1.34369
148 1.35537
149 1.36066
150 1.36932
151 1.38021
152 1.39042
153 1.39233
154 1.39465
155 1.39846
156 1.41487
157 1.42104
158 1.43676
159 1.4437
160 1.4664
161 1.48081
162 1.48337
163 1.48605
164 1.48872
165 1.48975
166 1.49263
167 1.49732
168 1.50187
169 1.51289
170 1.51557
171 1.55627
172 1.58507
173 1.58958
174 1.5933
175 1.60117
176 1.60533
177 1.61696
178 1.62372
179 1.62667
180 1.62785
181 1.63603
182 1.64047
183 1.64855
184 1.64945
185 1.65795
186 1.66676
187 1.67215
188 1.695
189 1.69777
190 1.70021
191 1.71796
192 1.73042
193 1.73329
194 1.74052
195 1.74269
196 1.76003
197 1.7618
198 1.76405
199 1.7872
200 1.78976
201 1.83594
202 1.8397
203 1.85231
204 1.85408
205 1.86259
206 1.87388
207 1.88087
208 1.88817
209 1.89444
210 1.8983
211 1.90801
212 1.91582
213 1.92252
214 1.93381
215 1.93827
216 1.94047
217 1.94251
218 1.94419
219 1.94939
220 1.96676
221 1.98325
222 1.99701
223 1.99907
224 2.01323
225 2.01497
226 2.02715
227 2.05545
228 2.08304
229 2.08925
230 2.10371
231 2.11419
232 2.11732
233 2.12117
234 2.12751
235 2.13891
236 2.14323
237 2.16736
238 2.16966
239 2.17807
240 2.17947
241 2.18783
242 2.19347
243 2.19529
244 2.1993
245 2.20245
246 2.20617
247 2.22903
248 2.23163
249 2.23547
250 2.24054
251 2.24205
252 2.26106
253 2.28615
254 2.2982
255 2.30809
256 2.31428
257 2.33845
258 2.35541
259 2.35894
260 2.36441
261 2.3707
262 2.37694
263 2.38525
264 2.39458
265 2.39883
266 2.4045
267 2.41498
268 2.41896
269 2.42756
270 2.44322
271 2.45619
272 2.49023
273 2.49224
274 2.49909
275 2.5013
276 2.51106
277 2.51869
278 2.52535
279 2.56493
280 2.58286
281 2.58875
282 2.60223
283 2.60652
284 2.61418
285 2.61639
286 2.62926
287 2.63886
288 2.64498
289 2.64825
290 2.65168
291 2.66035
292 2.67179
293 2.67481
294 2.68579
295 2.69311
296 2.69805
297 2.73314
298 2.74347
299 2.7471
300 2.76116
301 2.77743
302 2.81022
303 2.81408
304 2.8327
305 2.83393
306 2.85093
307 2.85518
308 2.86169
309 2.87043
310 2.87287
311 2.87706
312 2.9016
313 2.90559
314 2.91696
315 2.91945
316 2.92236
317 2.93835
318 2.94105
319 2.95459
320 2.97888
321 2.9879
