1 0.00233
2 0.01839
3 0.02289
4 0.02762
5 0.038
6 0.05404
7 0.0674
8 0.06961
9 0.07148
10 0.075
11 0.08207
12 0.09926
13 0.11312
14 0.12024
15 0.12622
16 0.1305
17 0.14524
18 0.14801
19 0.15211
20 0.15796
21 0.17051
22 0.18097
23 0.18457
24 0.19278
25 0.19826
26 0.20727
27 0.23022
28 0.23503
29 0.24111
30 0.24677
31 0.25
32 0.25629
33 0.25913
34 0.26301
35 0.26751
36 0.28339
37 0.28758
38 0.29148
39 0.30773
40 0.31603
41 0.32464
42 0.3261
43 0.33099
44 0.3404
45 0.36502
46 0.37649
47 0.37741
48 0.3975
49 0.4014
50 0.40565
51 0.41534
52 0.4183
53 0.42118
54 0.42816
55 0.43572
56 0.43744
57 0.43955
58 0.4465
59 0.45078
60 0.46555
61 0.47716
62 0.48046
63 0.49615
64 0.5021
65 0.50417
66 0.51088
67 0.5225
68 0.53876
69 0.54472
70 0.54902
71 0.55442
72 0.57442
73 0.58018
74 0.58258
75 0.59218
76 0.61278
77 0.61611
78 0.62052
79 0.63003
80 0.64048
81 0.64825
82 0.65344
83 0.66477
84 0.66835
85 0.67611
86 0.68703
87 0.70426
88 0.71128
89 0.71675
90 0.7222
91 0.7282
92 0.74873
93 0.75269
94 0.75503
95 0.76512
96 0.76723
97 0.77354
98 0.77682
99 0.77929
100 0.78068
101 0.79843
102 0.80038
103 0.81372
104 0.84198
105 0.84598
106 0.85271
107 0.85769
108 0.86328
109 0.86725
110 0.87451
111 0.88083
112 0.90027
113 0.90546
114 0.9199
115 0.92728
116 0.93352
117 0.93437
118 0.94739
119 0.94941
120 0.96514
121 0.99062
122 0.99871
123 1.00111
124 1.01161
125 1.01316
126 1.03428
127 1.03863
128 1.04276
129 1.05491
130 1.07877
131 1.08266
132 1.08552
133 1.09614
134 1.11788
135 1.1314
136 1.14095
137 1.15491
138 1.16414
139 1.17127
140 1.17631
141 1.18817
142 1.226
143 1.23868
144 1.25124
145 1.25276
146 1.25539
147 1.25989
148 1.26742
149 1.27629
150 1.28597
151 1.28919
152 1.29944
153 1.30525
154 1.30739
155 1.32291
156 1.3274
157 1.33199
158 1.33524
159 1.34042
160 1.3441
161 1.34831
162 1.35347
163 1.36875
164 1.37559
165 1.38178
166 1.38334
167 1.38687
168 1.40115
169 1.40287
170 1.40899
171 1.41895
172 1.42525
173 1.42857
174 1.43124
175 1.44436
176 1.44682
177 1.45196
178 1.45595
179 1.47211
180 1.48179
181 1.485
182 1.50371
183 1.50816
184 1.52214
185 1.53072
186 1.54146
187 1.54732
188 1.55133
189 1.55875
190 1.56138
191 1.56742
192 1.5699
193 1.57693
194 1.58128
195 1.58454
196 1.58833
197 1.59655
198 1.60007
199 1.61004
200 1.61335
201 1.61915
202 1.62513
203 1.62866
204 1.63363
205 1.63903
206 1.64477
207 1.65724
208 1.66416
209 1.66744
210 1.66988
211 1.67168
212 1.68202
213 1.69005
214 1.69717
215 1.70846
216 1.73396
217 1.74302
218 1.75664
219 1.76721
220 1.77139
221 1.77657
222 1.79017
223 1.79659
224 1.80217
225 1.82165
226 1.82787
227 1.83641
228 1.84834
229 1.86965
230 1.87387
231 1.88956
232 1.89193
233 1.89317
234 1.90593
235 1.91072
236 1.91379
237 1.92643
238 1.9529
239 1.95719
240 1.97189
241 1.98264
242 1.99188
243 1.99985
244 2.00445
245 2.01206
246 2.01432
247 2.03288
248 2.03502
249 2.03877
250 2.05698
251 2.07162
252 2.07737
253 2.09701
254 2.11903
255 2.12301
256 2.133
257 2.13694
258 2.14173
259 2.16205
260 2.16548
261 2.18014
262 2.18272
263 2.19175
264 2.20004
265 2.20236
266 2.20628
267 2.22989
268 2.2316
269 2.23375
270 2.23753
271 2.24467
272 2.2472
273 2.25206
274 2.26625
275 2.27091
276 2.27435
277 2.27897
278 2.28738
279 2.29205
280 2.29333
281 2.29897
282 2.3216
283 2.33514
284 2.33982
285 2.35942
286 2.36993
287 2.37248
288 2.3787
289 2.38737
290 2.39397
291 2.40579
292 2.41748
293 2.4213
294 2.43019
295 2.43415
296 2.4372
297 2.44419
298 2.44742
299 2.4504
300 2.46156
301 2.47941
302 2.48716
303 2.48907
304 2.50549
305 2.50788
306 2.51316
307 2.51721
308 2.52506
309 2.52929
310 2.53517
311 2.53937
312 2.55178
313 2.55392
314 2.57639
315 2.57844
316 2.59612
317 2.60467
318 2.61381
319 2.62025
320 2.62802
321 2.63661
322 2.64879
323 2.66846
324 2.67832
325 2.69046
326 2.69798
327 2.71297
328 2.72441
329 2.73442
330 2.73626
331 2.73952
332 2.75148
333 2.77938
334 2.78833
335 2.7897
336 2.79833
337 2.82678
338 2.83049
339 2.83623
340 2.85148
341 2.86054
342 2.86243
343 2.87271
344 2.8785
345 2.88019
346 2.88697
347 2.89415
348 2.90959
349 2.91497
350 2.92264
351 2.92844
352 2.93086
353 2.93898
354 2.95011
355 2.97306
356 2.98966
357 2.99352
358 2.99935
