1 0.00349
2 0.0051
3 0.0176
4 0.02484
5 0.03279
6 0.06399
7 0.07366
8 0.08556
9 0.12097
10 0.12677
11 0.1285
12 0.13009
13 0.13195
14 0.13943
15 0.14847
16 0.16223
17 0.16671
18 0.1725
19 0.1745
20 0.19439
21 0.21928
22 0.22518
23 0.22682
24 0.23857
25 0.25732
26 0.29454
27 0.29767
28 0.31309
29 0.3348
30 0.36651
31 0.38007
32 0.39484
33 0.39693
34 0.4147
35 0.41859
36 0.43293
37 0.44492
38 0.44854
39 0.4662
40 0.47254
41 0.47749
42 0.48569
43 0.48798
44 0.48963
45 0.50737
46 0.53434
47 0.54133
48 0.55172
49 0.57173
50 0.58313
51 0.60245
52 0.62211
53 0.64137
54 0.65837
55 0.66767
56 0.66887
57 0.67818
58 0.68491
59 0.69241
60 0.69391
61 0.71878
62 0.72454
63 0.7362
64 0.74782
65 0.75585
66 0.75777
67 0.77772
68 0.78221
69 0.78703
70 0.80593
71 0.81591
72 0.83769
73 0.84162
74 0.84487
75 0.84959
76 0.86403
77 0.87046
78 0.88128
79 0.88889
80 0.89462
81 0.89851
82 0.90031
83 0.90397
84 0.9126
85 0.921
86 0.92531
87 0.93032
88 0.93421
89 0.94323
90 0.95118
91 0.96327
92 0.96478
93 0.97651
94 0.98245
95 1.00275
96 1.0185
97 1.02091
98 1.02247
99 1.02617
100 1.03003
101 1.03952
102 1.04239
103 1.04645
104 1.05771
105 1.0851
106 1.0882
107 1.09968
108 1.12727
109 1.14476
110 1.16316
111 1.16875
112 1.18954
113 1.19515
114 1.20281
115 1.21223
116 1.21741
117 1.22551
118 1.23112
119 1.24708
120 1.26585
121 1.27545
122 1.28227
123 1.28828
124 1.29463
125 1.29995
126 1.3204
127 1.32638
128 1.33398
129 1.3361
130 1.3444
131 1.34994
132 1.36109
133 1.39056
134 1.40392
135 1.41535
136 1.42956
137 1.43305
138 1.45071
139 1.46564
140 1.48212
141 1.49203
142 1.4991
143 1.50943
144 1.51098
145 1.52118
146 1.53063
147 1.54049
148 1.54174
149 1.54884
150 1.55464
151 1.56327
152 1.57307
153 1.57876
154 1.59511
155 1.61179
156 1.61341
157 1.61609
158 1.62061
159 1.63388
160 1.64585
161 1.66519
162 1.66871
163 1.67847
164 1.68981
165 1.69865
166 1.70886
167 1.7176
168 1.73061
169 1.73423
170 1.73775
171 1.73974
172 1.74797
173 1.7625
174 1.77233
175 1.78365
176 1.78491
177 1.78777
178 1.79929
179 1.84513
180 1.87328
181 1.9022
182 1.91551
183 1.93344
184 1.96971
185 1.98997
186 1.99331
187 2.00636
188 2.01434
189 2.01837
190 2.02161
191 2.05385
192 2.05591
193 2.0646
194 2.06626
195 2.06779
196 2.06941
197 2.08102
198 2.08483
199 2.10307
200 2.10616
201 2.11252
202 2.1261
203 2.13298
204 2.14926
205 2.15444
206 2.16437
207 2.16884
208 2.19315
209 2.19629
210 2.21689
211 2.22021
212 2.22733
213 2.23372
214 2.23855
215 2.25852
216 2.27377
217 2.28293
218 2.2902
219 2.29523
220 2.30201
221 2.3113
222 2.31838
223 2.32049
224 2.32404
225 2.33384
226 2.33641
227 2.34018
228 2.35583
229 2.35725
230 2.36813
231 2.37662
232 2.38793
233 2.39453
234 2.39811
235 2.41544
236 2.41742
237 2.44356
238 2.45927
239 2.47108
240 2.47832
241 2.48136
242 2.48615
243 2.49579
244 2.50387
245 2.51059
246 2.52896
247 2.5383
248 2.54191
249 2.55153
250 2.56892
251 2.57064
252 2.59268
253 2.5999
254 2.61336
255 2.62539
256 2.62776
257 2.63366
258 2.63964
259 2.64356
260 2.64892
261 2.65935
262 2.6836
263 2.69155
264 2.69922
265 2.71968
266 2.72657
267 2.74634
268 2.75616
269 2.75987
270 2.76686
271 2.79621
272 2.7994
273 2.81113
274 2.81812
275 2.82369
276 2.83503
277 2.84656
278 2.85232
279 2.8558
280 2.86119
281 2.87408
282 2.88667
283 2.89632
284 2.90174
285 2.90993
286 2.91335
287 2.96009
288 2.97937
289 2.98498
290 2.98977
291 2.99532
292 2.99709
