1 0.00505
2 0.00745
3 0.00974
4 0.01761
5 0.03526
6 0.04259
7 0.04605
8 0.05031
9 0.05315
10 0.05842
11 0.08682
12 0.09039
13 0.09981
14 0.10782
15 0.11252
16 0.11794
17 0.1305
18 0.13594
19 0.13744
20 0.14378
21 0.14826
22 0.15675
23 0.16292
24 0.1647
25 0.17382
26 0.17963
27 0.18372
28 0.18472
29 0.18842
30 0.19262
31 0.209
32 0.21344
33 0.22092
34 0.22715
35 0.26166
36 0.26411
37 0.27177
38 0.27538
39 0.28335
40 0.28722
41 0.29404
42 0.30222
43 0.31368
44 0.32943
45 0.33925
46 0.34372
47 0.34603
48 0.35219
49 0.36196
50 0.36778
51 0.38617
52 0.39302
53 0.40208
54 0.45796
55 0.46174
56 0.46518
57 0.47218
58 0.47622
59 0.48667
60 0.50087
61 0.50646
62 0.50891
63 0.51688
64 0.52102
65 0.53081
66 0.53537
67 0.54159
68 0.56334
69 0.57427
70 0.58132
71 0.58466
72 0.59716
73 0.60145
74 0.60501
75 0.61398
76 0.63249
77 0.63896
78 0.65408
79 0.663
80 0.67534
81 0.69852
82 0.70637
83 0.71522
84 0.72151
85 0.73421
86 0.75169
87 0.75786
88 0.77266
89 0.77513
90 0.78477
91 0.78661
92 0.78817
93 0.79353
94 0.79837
95 0.80185
96 0.80331
97 0.81308
98 0.81887
99 0.82488
100 0.83214
101 0.83505
102 0.83819
103 0.84145
104 0.86108
105 0.88143
106 0.89048
107 0.89194
108 0.903
109 0.92778
110 0.92898
111 0.93815
112 0.94606
113 0.95316
114 0.96113
115 0.96487
116 0.96934
117 0.97688
118 0.98584
119 0.99144
120 0.99497
121 1.00867
122 1.02391
123 1.04221
124 1.05077
125 1.071
126 1.07878
127 1.08918
128 1.09744
129 1.10976
130 1.11261
131 1.12248
132 1.12785
133 1.1332
134 1.14283
135 1.14624
136 1.15116
137 1.15208
138 1.15959
139 1.16776
140 1.1801
141 1.18782
142 1.20061
143 1.22199
144 1.23076
145 1.2348
146 1.24237
147 1.26542
148 1.2733
149 1.31054
150 1.3148
151 1.31769
152 1.33771
153 1.3394
154 1.34891
155 1.3509
156 1.35856
157 1.36237
158 1.39154
159 1.39853
160 1.41471
161 1.41821
162 1.42599
163 1.46076
164 1.4707
165 1.47636
166 1.48189
167 1.48556
168 1.49975
169 1.50113
170 1.50479
171 1.51149
172 1.51837
173 1.5268
174 1.52819
175 1.53463
176 1.53927
177 1.54445
178 1.55758
179 1.56562
180 1.56826
181 1.57206
182 1.58335
183 1.58499
184 1.59946
185 1.60682
186 1.61483
187 1.62366
188 1.63783
189 1.65909
190 1.66368
191 1.67225
192 1.69004
193 1.70107
194 1.71278
195 1.72891
196 1.73398
197 1.75276
198 1.77513
199 1.78352
200 1.79253
201 1.79708
202 1.80077
203 1.80766
204 1.81129
205 1.81615
206 1.82156
207 1.83322
208 1.83741
209 1.84833
210 1.87014
211 1.89854
212 1.89968
213 1.90167
214 1.9124
215 1.91465
216 1.92128
217 1.9363
218 1.94531
219 1.94674
220 1.94904
221 1.96687
222 1.96907
223 1.97768
224 1.99866
225 2.00863
226 2.01006
227 2.01829
228 2.07108
229 2.08194
230 2.08512
231 2.09304
232 2.11966
233 2.12615
234 2.14039
235 2.15017
236 2.15307
237 2.15795
238 2.16359
239 2.1684
240 2.17047
241 2.17591
242 2.19547
243 2.20172
244 2.21407
245 2.23008
246 2.24171
247 2.24753
248 2.26203
249 2.26571
250 2.27177
251 2.27425
252 2.28616
253 2.29482
254 2.3011
255 2.31215
256 2.32139
257 2.32275
258 2.33008
259 2.35154
260 2.35919
261 2.36568
262 2.37298
263 2.3763
264 2.39418
265 2.39905
266 2.40902
267 2.41098
268 2.42576
269 2.44073
270 2.45889
271 2.47546
272 2.48959
273 2.4979
274 2.51038
275 2.51304
276 2.51559
277 2.51799
278 2.53917
279 2.54882
280 2.56055
281 2.56181
282 2.5676
283 2.57061
284 2.57697
285 2.58103
286 2.59579
287 2.60776
288 2.61398
289 2.63213
290 2.63399
291 2.65432
292 2.6647
293 2.67098
294 2.67873
295 2.68543
296 2.69805
297 2.70357
298 2.71032
299 2.71635
300 2.71872
301 2.72236
302 2.73998
303 2.74566
304 2.75788
305 2.76329
306 2.78386
307 2.7888
308 2.79639
309 2.81996
310 2.83331
311 2.83837
312 2.83972
313 2.85788
314 2.86303
315 2.86635
316 2.8712
317 2.8811
318 2.89253
319 2.9241
320 2.93117
321 2.93405
322 2.93783
323 2.94602
324 2.96106
325 2.96721
326 2.97462
327 2.97897
328 2.98507
329 2.99169
