1 0.00039
2 0.00278
3 0.01112
4 0.02377
5 0.02686
6 0.03218
7 0.0371
8 0.05269
9 0.06006
10 0.06914
11 0.07012
12 0.08154
13 0.08787
14 0.09471
15 0.09841
16 0.10788
17 0.11119
18 0.11385
19 0.11645
20 0.12723
21 0.13253
22 0.14064
23 0.1489
24 0.15192
25 0.16017
26 0.1654
27 0.17072
28 0.17536
29 0.18816
30 0.19211
31 0.20029
32 0.20303
33 0.21039
34 0.21935
35 0.22507
36 0.22794
37 0.2323
38 0.23557
39 0.2512
40 0.25384
41 0.25923
42 0.26511
43 0.26909
44 0.27899
45 0.28576
46 0.29277
47 0.3182
48 0.32422
49 0.33393
50 0.34121
51 0.35162
52 0.36377
53 0.36792
54 0.37312
55 0.37518
56 0.37619
57 0.38031
58 0.38174
59 0.39136
60 0.39281
61 0.41524
62 0.42014
63 0.43407
64 0.44267
65 0.45088
66 0.45999
67 0.46758
68 0.47572
69 0.47881
70 0.48927
71 0.49191
72 0.49402
73 0.49839
74 0.50035
75 0.5081
76 0.51654
77 0.52141
78 0.52364
79 0.54454
80 0.56115
81 0.56525
82 0.58179
83 0.58622
84 0.59158
85 0.59562
86 0.60603
87 0.6116
88 0.62051
89 0.63067
90 0.63654
91 0.64278
92 0.64797
93 0.66162
94 0.66703
95 0.6751
96 0.68379
97 0.69414
98 0.70609
99 0.72191
100 0.72283
101 0.72544
102 0.73352
103 0.74448
104 0.746
105 0.74783
106 0.7554
107 0.7618
108 0.7667
109 0.77737
110 0.79051
111 0.79289
112 0.80566
113 0.81399
114 0.81736
115 0.8199
116 0.82762
117 0.83689
118 0.85084
119 0.85465
120 0.86044
121 0.86331
122 0.86733
123 0.86898
124 0.87204
125 0.87622
126 0.87941
127 0.89075
128 0.89602
129 0.91438
130 0.92528
131 0.93004
132 0.93889
133 0.94139
134 0.95379
135 0.95999
136 0.96473
137 0.9676
138 0.98922
139 1.00043
140 1.00212
141 1.00854
142 1.02216
143 1.0293
144 1.03514
145 1.04912
146 1.05658
147 1.06557
148 1.08364
149 1.0866
150 1.09425
151 1.10269
152 1.11067
153 1.11814
154 1.12766
155 1.13416
156 1.14599
157 1.15317
158 1.15828
159 1.16759
160 1.18495
161 1.18816
162 1.20609
163 1.2106
164 1.22402
165 1.22988
166 1.232
167 1.23666
168 1.24817
169 1.25808
170 1.26145
171 1.27073
172 1.27164
173 1.27714
174 1.28472
175 1.30454
176 1.31983
177 1.33526
178 1.34195
179 1.35173
180 1.35292
181 1.35569
182 1.36522
183 1.37567
184 1.39915
185 1.41195
186 1.42323
187 1.42575
188 1.43473
189 1.43675
190 1.44232
191 1.45531
192 1.46921
193 1.47518
194 1.48497
195 1.49405
196 1.51704
197 1.52592
198 1.53921
199 1.54769
200 1.54898
201 1.56507
202 1.56673
203 1.57165
204 1.57731
205 1.5921
206 1.59402
207 1.60096
208 1.60304
209 1.60545
210 1.61014
211 1.61526
212 1.61975
213 1.62121
214 1.63224
215 1.63611
216 1.64217
217 1.64762
218 1.65372
219 1.65727
220 1.66709
221 1.68472
222 1.69035
223 1.70376
224 1.71842
225 1.72506
226 1.72839
227 1.74168
228 1.7458
229 1.7501
230 1.75411
231 1.76134
232 1.76365
233 1.77124
234 1.77875
235 1.7903
236 1.80096
237 1.81553
238 1.8173
239 1.82702
240 1.82924
241 1.84377
242 1.85888
243 1.86182
244 1.86962
245 1.8901
246 1.91379
247 1.9197
248 1.928
249 1.93061
250 1.9337
251 1.93978
252 1.94339
253 1.95231
254 1.958
255 1.96804
256 1.97171
257 1.97932
258 1.9962
259 2.00085
260 2.00641
261 2.01337
262 2.0236
263 2.02847
264 2.03142
265 2.03601
266 2.05699
267 2.06057
268 2.09126
269 2.10237
270 2.11164
271 2.11629
272 2.13052
273 2.13356
274 2.13507
275 2.16567
276 2.20575
277 2.21612
278 2.22349
279 2.22709
280 2.22849
281 2.23572
282 2.24171
283 2.24508
284 2.25842
285 2.27913
286 2.29165
287 2.30463
288 2.31564
289 2.31876
290 2.33052
291 2.35166
292 2.35745
293 2.36017
294 2.37086
295 2.37738
296 2.38596
297 2.39128
298 2.3998
299 2.40185
300 2.41267
301 2.43417
302 2.44326
303 2.45235
304 2.46873
305 2.47301
306 2.49656
307 2.50587
308 2.5195
309 2.52574
310 2.52855
311 2.53764
312 2.54775
313 2.5531
314 2.55879
315 2.56563
316 2.5853
317 2.58931
318 2.59975
319 2.60637
320 2.61352
321 2.61622
322 2.62423
323 2.63269
324 2.64061
325 2.65113
326 2.65537
327 2.65964
328 2.6681
329 2.67396
330 2.68071
331 2.68966
332 2.70587
333 2.71099
334 2.71363
335 2.71578
336 2.71718
337 2.72706
338 2.73342
339 2.73673
340 2.73981
341 2.74982
342 2.75438
343 2.76201
344 2.7639
345 2.77115
346 2.77711
347 2.78239
348 2.79437
349 2.79711
350 2.81343
351 2.82025
352 2.83941
353 2.84548
354 2.85834
355 2.86019
356 2.86576
357 2.86673
358 2.87233
359 2.87356
360 2.88457
361 2.89375
362 2.89624
363 2.90675
364 2.91492
365 2.93195
366 2.93922
367 2.9609
368 2.97298
369 2.97983
370 2.99255
