1 0.0014
2 0.0047
3 0.01461
4 0.02793
5 0.0335
6 0.04094
7 0.05086
8 0.06628
9 0.07326
10 0.07737
11 0.07932
12 0.08215
13 0.09841
14 0.10194
15 0.10975
16 0.11426
17 0.11587
18 0.12563
19 0.12816
20 0.13255
21 0.14319
22 0.16542
23 0.1762
24 0.1792
25 0.18379
26 0.1953
27 0.19785
28 0.21159
29 0.21468
30 0.2174
31 0.2244
32 0.23571
33 0.24022
34 0.24287
35 0.24685
36 0.24967
37 0.25621
38 0.2584
39 0.27151
40 0.27705
41 0.28341
42 0.28551
43 0.28789
44 0.29476
45 0.29666
46 0.30263
47 0.3074
48 0.32518
49 0.32865
50 0.33111
51 0.34745
52 0.35049
53 0.35931
54 0.36652
55 0.37156
56 0.38034
57 0.39448
58 0.41159
59 0.41594
60 0.41745
61 0.42368
62 0.42538
63 0.43052
64 0.44343
65 0.44529
66 0.44863
67 0.4575
68 0.46471
69 0.46904
70 0.48088
71 0.48627
72 0.49167
73 0.50805
74 0.51418
75 0.5269
76 0.52838
77 0.53173
78 0.53487
79 0.53736
80 0.54382
81 0.54508
82 0.55097
83 0.55442
84 0.57242
85 0.59714
86 0.60632
87 0.60863
88 0.61166
89 0.61361
90 0.61635
91 0.61741
92 0.62748
93 0.63831
94 0.64055
95 0.65055
96 0.66078
97 0.66652
98 0.67504
99 0.67763
100 0.68133
101 0.69241
102 0.70193
103 0.70786
104 0.71296
105 0.72034
106 0.72418
107 0.72855
108 0.73569
109 0.74005
110 0.74637
111 0.75284
112 0.75912
113 0.76171
114 0.76277
115 0.76453
116 0.77522
117 0.77853
118 0.78173
119 0.78536
120 0.7893
121 0.79213
122 0.80048
123 0.81807
124 0.8255
125 0.82872
126 0.83445
127 0.84283
128 0.84909
129 0.8558
130 0.86391
131 0.87879
132 0.88947
133 0.91155
134 0.91791
135 0.92278
136 0.92914
137 0.93227
138 0.9523
139 0.9535
140 0.96299
141 0.97224
142 0.97615
143 0.98733
144 0.9904
145 0.99387
146 0.998
147 1.00934
148 1.01487
149 1.01746
150 1.02175
151 1.02984
152 1.03652
153 1.04118
154 1.04582
155 1.05921
156 1.06805
157 1.0747
158 1.09458
159 1.0972
160 1.10268
161 1.10665
162 1.11221
163 1.12613
164 1.13381
165 1.13564
166 1.14171
167 1.1674
168 1.17069
169 1.19277
170 1.20177
171 1.20447
172 1.21484
173 1.21773
174 1.2287
175 1.23876
176 1.24386
177 1.24791
178 1.25028
179 1.25646
180 1.27953
181 1.28223
182 1.28331
183 1.29445
184 1.29729
185 1.30239
186 1.30618
187 1.30757
188 1.31896
189 1.32426
190 1.35092
191 1.35443
192 1.35839
193 1.35948
194 1.36349
195 1.37013
196 1.37592
197 1.38486
198 1.39047
199 1.40194
200 1.41933
201 1.42616
202 1.43067
203 1.44959
204 1.45078
205 1.46697
206 1.47028
207 1.48181
208 1.489
209 1.49352
210 1.49715
211 1.49794
212 1.50489
213 1.51158
214 1.51671
215 1.52238
216 1.5377
217 1.54127
218 1.54961
219 1.5517
220 1.55886
221 1.56955
222 1.57245
223 1.57493
224 1.57891
225 1.59842
226 1.60116
227 1.60685
228 1.61307
229 1.62123
230 1.63263
231 1.63851
232 1.66217
233 1.66781
234 1.6711
235 1.67527
236 1.69134
237 1.70242
238 1.70981
239 1.71249
240 1.72141
241 1.73578
242 1.7448
243 1.74675
244 1.75824
245 1.76148
246 1.76986
247 1.77326
248 1.78636
249 1.79169
250 1.79839
251 1.82064
252 1.82563
253 1.85512
254 1.85911
255 1.86089
256 1.86244
257 1.86812
258 1.87208
259 1.87573
260 1.8833
261 1.886
262 1.90708
263 1.91064
264 1.91501
265 1.92185
266 1.94382
267 1.94812
268 1.95626
269 1.95973
270 1.96795
271 1.97478
272 1.98583
273 1.99272
274 1.99842
275 2.00954
276 2.02055
277 2.02408
278 2.02943
279 2.03456
280 2.04167
281 2.05234
282 2.05657
283 2.06451
284 2.07259
285 2.07879
286 2.09633
287 2.10388
288 2.1055
289 2.11002
290 2.11673
291 2.12
292 2.12424
293 2.12992
294 2.1363
295 2.1408
296 2.1522
297 2.16608
298 2.17475
299 2.17724
300 2.19401
301 2.20042
302 2.21141
303 2.21376
304 2.21917
305 2.22533
306 2.23391
307 2.24779
308 2.25067
309 2.25356
310 2.27307
311 2.28283
312 2.2849
313 2.28701
314 2.28849
315 2.29185
316 2.29588
317 2.29923
318 2.30295
319 2.31658
320 2.34397
321 2.34947
322 2.35224
323 2.35401
324 2.36216
325 2.37975
326 2.40547
327 2.41874
328 2.42117
329 2.42408
330 2.42908
331 2.43074
332 2.45012
333 2.46288
334 2.46404
335 2.47674
336 2.48541
337 2.49554
338 2.51043
339 2.51245
340 2.5179
341 2.54037
342 2.54706
343 2.55313
344 2.55537
345 2.5573
346 2.5713
347 2.57432
348 2.59822
349 2.60753
350 2.61016
351 2.61745
352 2.62139
353 2.62345
354 2.66406
355 2.67006
356 2.67734
357 2.6806
358 2.6894
359 2.69883
360 2.70476
361 2.71304
362 2.72073
363 2.7268
364 2.72986
365 2.7423
366 2.75122
367 2.75842
368 2.76376
369 2.76647
370 2.77468
371 2.78439
372 2.79284
373 2.79608
374 2.80236
375 2.82115
376 2.82346
377 2.83317
378 2.84546
379 2.85037
380 2.85134
381 2.85672
382 2.86132
383 2.86872
384 2.87592
385 2.87975
386 2.88182
387 2.88986
388 2.89179
389 2.90304
390 2.91524
391 2.92554
392 2.9478
393 2.96511
394 2.97824
395 2.99462
396 2.99862
