1 0.00783
2 0.02495
3 0.03151
4 0.03399
5 0.04359
6 0.05471
7 0.06587
8 0.06876
9 0.07636
10 0.08036
11 0.09593
12 0.09783
13 0.10893
14 0.11799
15 0.12514
16 0.13338
17 0.14525
18 0.15141
19 0.15236
20 0.16204
21 0.1784
22 0.19118
23 0.19701
24 0.20114
25 0.23258
26 0.23586
27 0.24469
28 0.25455
29 0.26613
30 0.26798
31 0.27006
32 0.27565
33 0.27797
34 0.2872
35 0.28979
36 0.29274
37 0.29858
38 0.30213
39 0.3097
40 0.33157
41 0.3561
42 0.35998
43 0.36677
44 0.37209
45 0.38575
46 0.41624
47 0.43154
48 0.43415
49 0.43841
50 0.44626
51 0.4597
52 0.46164
53 0.46934
54 0.47612
55 0.49908
56 0.50941
57 0.51692
58 0.52965
59 0.53644
60 0.53809
61 0.54015
62 0.54897
63 0.55112
64 0.57835
65 0.60176
66 0.62009
67 0.62257
68 0.62943
69 0.63624
70 0.64487
71 0.64713
72 0.65302
73 0.6619
74 0.69683
75 0.70024
76 0.70683
77 0.70979
78 0.72153
79 0.72511
80 0.73565
81 0.74396
82 0.75173
83 0.75526
84 0.77519
85 0.77737
86 0.7993
87 0.81211
88 0.81726
89 0.81951
90 0.82717
91 0.83193
92 0.83393
93 0.8451
94 0.8602
95 0.87684
96 0.89942
97 0.90815
98 0.91535
99 0.91913
100 0.923
101 0.92771
102 0.93258
103 0.94975
104 0.95571
105 0.96219
106 0.96454
107 0.96746
108 0.98138
109 0.99302
110 0.99665
111 1.00573
112 1.02125
113 1.02905
114 1.05367
115 1.05888
116 1.08082
117 1.08457
118 1.10713
119 1.11294
120 1.12211
121 1.13478
122 1.14113
123 1.15977
124 1.17086
125 1.1787
126 1.2008
127 1.21519
128 1.21967
129 1.22408
130 1.24208
131 1.25391
132 1.2794
133 1.28585
134 1.29332
135 1.31798
136 1.32973
137 1.34125
138 1.34391
139 1.35299
140 1.35832
141 1.36227
142 1.36487
143 1.37834
144 1.3884
145 1.3976
146 1.39969
147 1.41827
148 1.42705
149 1.43664
150 1.45055
151 1.45849
152 1.46571
153 1.48928
154 1.49616
155 1.51677
156 1.53333
157 1.53748
158 1.54042
159 1.55096
160 1.55739
161 1.56522
162 1.57967
163 1.58999
164 1.59769
165 1.6292
166 1.63667
167 1.64038
168 1.64904
169 1.66019
170 1.6711
171 1.67437
172 1.68235
173 1.69001
174 1.69458
175 1.70828
176 1.71936
177 1.72869
178 1.73014
179 1.73994
180 1.74369
181 1.77898
182 1.78137
183 1.7929
184 1.79596
185 1.81247
186 1.8356
187 1.8374
188 1.84781
189 1.86814
190 1.8878
191 1.89758
192 1.91018
193 1.91479
194 1.91766
195 1.92117
196 1.93754
197 1.94413
198 1.9476
199 1.95113
200 1.96365
201 1.96806
202 1.9852
203 1.99356
204 1.99856
205 2.00727
206 2.01214
207 2.01466
208 2.0237
209 2.03509
210 2.04225
211 2.07094
212 2.10017
213 2.10293
214 2.11104
215 2.11893
216 2.12231
217 2.13177
218 2.16096
219 2.16679
220 2.17465
221 2.18941
222 2.19229
223 2.20194
224 2.21057
225 2.22258
226 2.23996
227 2.27033
228 2.28208
229 2.28728
230 2.29155
231 2.29271
232 2.30931
233 2.32421
234 2.337
235 2.33981
236 2.34905
237 2.35412
238 2.36258
239 2.3693
240 2.37802
241 2.41706
242 2.42325
243 2.43075
244 2.43685
245 2.44196
246 2.45469
247 2.4766
248 2.5023
249 2.51808
250 2.51997
251 2.52206
252 2.53358
253 2.54391
254 2.55142
255 2.56766
256 2.57194
257 2.57716
258 2.57997
259 2.59105
260 2.60266
261 2.60935
262 2.61035
263 2.61968
264 2.62194
265 2.63648
266 2.65307
267 2.66092
268 2.66612
269 2.67222
270 2.68186
271 2.69752
272 2.70706
273 2.71243
274 2.71746
275 2.72387
276 2.74138
277 2.75795
278 2.77687
279 2.78188
280 2.78748
281 2.79208
282 2.79802
283 2.81271
284 2.81529
285 2.82027
286 2.83622
287 2.83973
288 2.84864
289 2.85512
290 2.86666
291 2.8797
292 2.89548
293 2.93155
294 2.93293
295 2.93636
296 2.94388
297 2.95054
298 2.95622
299 2.95894
300 2.96908
301 2.97042
302 2.98032
303 2.98368
