1 0.00349
2 0.00817
3 0.01765
4 0.02098
5 0.03303
6 0.03586
7 0.03689
8 0.03963
9 0.0455
10 0.06205
11 0.06646
12 0.06894
13 0.07442
14 0.09154
15 0.09769
16 0.10372
17 0.11734
18 0.14087
19 0.16228
20 0.16668
21 0.16919
22 0.17414
23 0.18209
24 0.18877
25 0.19117
26 0.20812
27 0.2127
28 0.22167
29 0.22569
30 0.23237
31 0.23995
32 0.25134
33 0.26425
34 0.27102
35 0.28481
36 0.28738
37 0.29757
38 0.30462
39 0.31203
40 0.31366
41 0.3185
42 0.32692
43 0.33574
44 0.34856
45 0.35852
46 0.36229
47 0.36388
48 0.38865
49 0.39942
50 0.40458
51 0.41482
52 0.41749
53 0.42024
54 0.43322
55 0.4432
56 0.44698
57 0.45115
58 0.45728
59 0.4591
60 0.46276
61 0.46779
62 0.47274
63 0.49445
64 0.4993
65 0.51659
66 0.51987
67 0.53543
68 0.54133
69 0.54524
70 0.55829
71 0.56737
72 0.57396
73 0.57598
74 0.57906
75 0.58417
76 0.59012
77 0.59156
78 0.5969
79 0.60153
80 0.61193
81 0.61921
82 0.62887
83 0.63644
84 0.63852
85 0.64669
86 0.65109
87 0.65608
88 0.65859
89 0.66219
90 0.66826
91 0.67361
92 0.70851
93 0.71439
94 0.71738
95 0.73542
96 0.74486
97 0.75925
98 0.76737
99 0.77055
100 0.77602
101 0.77992
102 0.79285
103 0.79478
104 0.80342
105 0.81026
106 0.81533
107 0.82042
108 0.83763
109 0.8395
110 0.84239
111 0.85171
112 0.87245
113 0.8937
114 0.92005
115 0.92991
116 0.93943
117 0.94568
118 0.95269
119 0.9558
120 0.96843
121 0.97528
122 0.99637
123 1.00531
124 1.00869
125 1.01781
126 1.02154
127 1.03039
128 1.04192
129 1.05262
130 1.05742
131 1.06684
132 1.09014
133 1.09183
134 1.10188
135 1.11324
136 1.13552
137 1.14788
138 1.15728
139 1.15992
140 1.19383
141 1.20045
142 1.20822
143 1.21931
144 1.24211
145 1.24819
146 1.25481
147 1.25829
148 1.26979
149 1.27468
150 1.28773
151 1.29368
152 1.29722
153 1.30596
154 1.32273
155 1.33824
156 1.34271
157 1.3458
158 1.35199
159 1.35445
160 1.36677
161 1.37512
162 1.38129
163 1.39819
164 1.40629
165 1.41082
166 1.42444
167 1.43182
168 1.43757
169 1.45963
170 1.46223
171 1.46779
172 1.47506
173 1.48744
174 1.4895
175 1.49301
176 1.51975
177 1.52988
178 1.53401
179 1.5375
180 1.5394
181 1.54311
182 1.55666
183 1.55953
184 1.56401
185 1.58875
186 1.59369
187 1.60259
188 1.605
189 1.6064
190 1.62086
191 1.62433
192 1.63139
193 1.63546
194 1.64765
195 1.64873
196 1.6507
197 1.65787
198 1.67143
199 1.67921
200 1.68456
201 1.69989
202 1.70693
203 1.71533
204 1.73137
205 1.74048
206 1.75114
207 1.76752
208 1.78735
209 1.80231
210 1.81406
211 1.8197
212 1.82667
213 1.84138
214 1.8504
215 1.86867
216 1.87199
217 1.9021
218 1.90876
219 1.91223
220 1.91786
221 1.91986
222 1.92434
223 1.9277
224 1.93958
225 1.9422
226 1.95351
227 1.96959
228 1.97677
229 1.98223
230 1.9862
231 1.98865
232 1.99721
233 2.00959
234 2.01771
235 2.02081
236 2.0254
237 2.02879
238 2.04111
239 2.04771
240 2.06319
241 2.06727
242 2.0712
243 2.07873
244 2.08267
245 2.09104
246 2.10905
247 2.12087
248 2.12327
249 2.13981
250 2.15505
251 2.16079
252 2.16242
253 2.16427
254 2.17688
255 2.19106
256 2.2001
257 2.20359
258 2.21167
259 2.22017
260 2.22403
261 2.22978
262 2.24499
263 2.25452
264 2.26869
265 2.28285
266 2.2874
267 2.29468
268 2.3148
269 2.32592
270 2.35625
271 2.35921
272 2.3755
273 2.3848
274 2.3919
275 2.40146
276 2.41398
277 2.41949
278 2.42483
279 2.42824
280 2.43178
281 2.43976
282 2.45701
283 2.46854
284 2.47497
285 2.48147
286 2.48478
287 2.48698
288 2.49371
289 2.49733
290 2.50169
291 2.50882
292 2.51913
293 2.53729
294 2.54152
295 2.55073
296 2.5544
297 2.5563
298 2.56975
299 2.58157
300 2.59489
301 2.59934
302 2.60626
303 2.63354
304 2.64094
305 2.65817
306 2.66869
307 2.68694
308 2.69158
309 2.70856
310 2.71323
311 2.73912
312 2.74675
313 2.75394
314 2.76305
315 2.77323
316 2.79142
317 2.8072
318 2.80938
319 2.82227
320 2.84114
321 2.86826
322 2.87932
323 2.89904
324 2.90154
325 2.90895
326 2.92091
327 2.9368
328 2.93942
329 2.94378
330 2.95179
331 2.95455
332 2.9588
333 2.98346
334 2.985
335 2.99333
