1 0.0014
2 0.00732
3 0.00885
4 0.0129
5 0.01679
6 0.02286
7 0.02736
8 0.03089
9 0.03519
10 0.0397
11 0.04506
12 0.04705
13 0.04873
14 0.0548
15 0.07654
16 0.08189
17 0.08742
18 0.09128
19 0.10017
20 0.11211
21 0.12319
22 0.12613
23 0.14065
24 0.14806
25 0.1494
26 0.15595
27 0.16391
28 0.17179
29 0.17807
30 0.18641
31 0.18959
32 0.19162
33 0.2009
34 0.20233
35 0.20575
36 0.21008
37 0.2143
38 0.2186
39 0.21983
40 0.22776
41 0.23123
42 0.23829
43 0.24003
44 0.24505
45 0.25238
46 0.25598
47 0.26341
48 0.26726
49 0.27083
50 0.27288
51 0.27924
52 0.28575
53 0.28941
54 0.29642
55 0.31106
56 0.32282
57 0.32599
58 0.33743
59 0.35326
60 0.35909
61 0.36324
62 0.36927
63 0.38059
64 0.38711
65 0.39539
66 0.39672
67 0.40409
68 0.40629
69 0.41243
70 0.42341
71 0.42965
72 0.43191
73 0.44226
74 0.44393
75 0.44744
76 0.44903
77 0.45314
78 0.46236
79 0.46602
80 0.47292
81 0.47934
82 0.4894
83 0.49334
84 0.50103
85 0.51192
86 0.52078
87 0.52566
88 0.5299
89 0.55273
90 0.55561
91 0.58079
92 0.58795
93 0.59993
94 0.62527
95 0.64601
96 0.66167
97 0.66816
98 0.67186
99 0.6753
100 0.67677
101 0.68571
102 0.68931
103 0.69841
104 0.708
105 0.70991
106 0.71364
107 0.71719
108 0.7209
109 0.72574
110 0.73295
111 0.74208
112 0.74853
113 0.75782
114 0.76324
115 0.77258
116 0.77719
117 0.77883
118 0.78066
119 0.78861
120 0.80653
121 0.82667
122 0.82921
123 0.84475
124 0.8507
125 0.89238
126 0.90127
127 0.90412
128 0.90864
129 0.91901
130 0.93308
131 0.93789
132 0.9453
133 0.94732
134 0.95157
135 0.95451
136 0.9568
137 0.96112
138 0.96597
139 0.99056
140 0.99391
141 1.00321
142 1.00516
143 1.00657
144 1.01541
145 1.01821
146 1.0229
147 1.02794
148 1.03044
149 1.03287
150 1.03567
151 1.0448
152 1.05231
153 1.05989
154 1.08034
155 1.08503
156 1.09633
157 1.10614
158 1.14472
159 1.14857
160 1.15353
161 1.16141
162 1.16648
163 1.17219
164 1.17521
165 1.1862
166 1.20226
167 1.21229
168 1.22104
169 1.22474
170 1.2391
171 1.25225
172 1.25661
173 1.26024
174 1.27072
175 1.27948
176 1.28562
177 1.2927
178 1.29491
179 1.30161
180 1.32423
181 1.33275
182 1.34015
183 1.3485
184 1.35362
185 1.37875
186 1.38378
187 1.3912
188 1.39573
189 1.40032
190 1.40625
191 1.40985
192 1.42118
193 1.42833
194 1.43029
195 1.43961
196 1.44797
197 1.46254
198 1.4705
199 1.49218
200 1.50114
201 1.50563
202 1.50871
203 1.51557
204 1.52991
205 1.53268
206 1.53672
207 1.5449
208 1.54975
209 1.5551
210 1.58902
211 1.60073
212 1.60987
213 1.62871
214 1.63836
215 1.64169
216 1.64948
217 1.65283
218 1.65499
219 1.65824
220 1.66412
221 1.67055
222 1.67647
223 1.68298
224 1.69171
225 1.69512
226 1.69718
227 1.7011
228 1.70729
229 1.71399
230 1.71685
231 1.72294
232 1.72793
233 1.73775
234 1.74533
235 1.74674
236 1.74867
237 1.75943
238 1.76537
239 1.77297
240 1.7916
241 1.79728
242 1.79953
243 1.80076
244 1.8051
245 1.83003
246 1.83254
247 1.83498
248 1.84102
249 1.85197
250 1.85443
251 1.86541
252 1.8841
253 1.89425
254 1.89817
255 1.90054
256 1.90779
257 1.91236
258 1.91947
259 1.93
260 1.93287
261 1.94844
262 1.95286
263 1.95604
264 1.95871
265 1.96775
266 1.97382
267 1.99569
268 1.99874
269 2.00497
270 2.00968
271 2.01485
272 2.02074
273 2.02624
274 2.03257
275 2.03822
276 2.04156
277 2.04488
278 2.05425
279 2.07427
280 2.0794
281 2.08335
282 2.09294
283 2.10261
284 2.12921
285 2.14394
286 2.14951
287 2.15772
288 2.15906
289 2.16497
290 2.1727
291 2.17594
292 2.18157
293 2.18821
294 2.19467
295 2.20198
296 2.21052
297 2.21348
298 2.21739
299 2.24208
300 2.25194
301 2.25932
302 2.27091
303 2.29144
304 2.33084
305 2.3406
306 2.34973
307 2.35105
308 2.35898
309 2.38697
310 2.39059
311 2.40146
312 2.41085
313 2.41371
314 2.41816
315 2.42016
316 2.42726
317 2.44075
318 2.44713
319 2.45768
320 2.46725
321 2.49602
322 2.50528
323 2.52386
324 2.532
325 2.53657
326 2.54229
327 2.54979
328 2.58474
329 2.59419
330 2.59684
331 2.59856
332 2.63583
333 2.63679
334 2.64501
335 2.65262
336 2.66027
337 2.66334
338 2.67841
339 2.69098
340 2.69682
341 2.69939
342 2.70317
343 2.7095
344 2.71821
345 2.72008
346 2.74528
347 2.74828
348 2.75474
349 2.75951
350 2.76149
351 2.76423
352 2.77217
353 2.78277
354 2.7844
355 2.78761
356 2.79225
357 2.80236
358 2.82117
359 2.83575
360 2.83698
361 2.84876
362 2.85156
363 2.87636
364 2.89773
365 2.90385
366 2.90768
367 2.91039
368 2.91616
369 2.93015
370 2.94086
371 2.9489
372 2.95215
373 2.95379
374 2.95948
375 2.96432
376 2.97615
377 2.9774
378 2.99511
379 2.99875
