1 0.00572
2 0.01141
3 0.01344
4 0.01733
5 0.02672
6 0.03214
7 0.03484
8 0.03901
9 0.04665
10 0.05275
11 0.06232
12 0.07569
13 0.07689
14 0.08176
15 0.08532
16 0.09739
17 0.1159
18 0.12445
19 0.13199
20 0.1417
21 0.14644
22 0.14952
23 0.16519
24 0.17237
25 0.1736
26 0.1821
27 0.18701
28 0.19866
29 0.20731
30 0.21422
31 0.22191
32 0.22966
33 0.23586
34 0.24284
35 0.24646
36 0.25571
37 0.26247
38 0.29256
39 0.29704
40 0.30091
41 0.31271
42 0.32557
43 0.33228
44 0.33857
45 0.34638
46 0.35143
47 0.37266
48 0.37732
49 0.39052
50 0.39589
51 0.42463
52 0.4351
53 0.44967
54 0.45552
55 0.45943
56 0.46122
57 0.47531
58 0.48557
59 0.48759
60 0.49274
61 0.5107
62 0.51255
63 0.52732
64 0.53616
65 0.54279
66 0.54734
67 0.55742
68 0.59037
69 0.59924
70 0.60322
71 0.62333
72 0.63415
73 0.63942
74 0.67064
75 0.67322
76 0.6846
77 0.69639
78 0.70272
79 0.70485
80 0.71811
81 0.73723
82 0.74032
83 0.7471
84 0.75416
85 0.77092
86 0.78168
87 0.79776
88 0.80272
89 0.81459
90 0.83144
91 0.84488
92 0.84869
93 0.85162
94 0.86841
95 0.87394
96 0.88514
97 0.89308
98 0.90176
99 0.91286
100 0.91714
101 0.92943
102 0.93236
103 0.93865
104 0.9455
105 0.95403
106 0.96425
107 0.96538
108 0.98545
109 0.99247
110 0.99336
111 0.99535
112 0.99992
113 1.0079
114 1.01085
115 1.01199
116 1.03612
117 1.03908
118 1.05366
119 1.05834
120 1.062
121 1.06913
122 1.0804
123 1.08144
124 1.08561
125 1.09181
126 1.10073
127 1.10971
128 1.12632
129 1.12877
130 1.15845
131 1.16762
132 1.16957
133 1.18928
134 1.1904
135 1.19702
136 1.20226
137 1.20773
138 1.21443
139 1.23855
140 1.244
141 1.25492
142 1.2615
143 1.27238
144 1.28276
145 1.29162
146 1.31328
147 1.32836
148 1.34242
149 1.35649
150 1.36855
151 1.37759
152 1.38159
153 1.38781
154 1.39366
155 1.40117
156 1.41439
157 1.42043
158 1.42799
159 1.43068
160 1.43978
161 1.45909
162 1.47033
163 1.49737
164 1.50696
165 1.51321
166 1.51934
167 1.52784
168 1.53182
169 1.5476
170 1.55234
171 1.55451
172 1.55972
173 1.56346
174 1.57654
175 1.58104
176 1.59048
177 1.59581
178 1.61936
179 1.63013
180 1.63737
181 1.6435
182 1.64977
183 1.65359
184 1.67365
185 1.6895
186 1.692
187 1.69868
188 1.7239
189 1.72925
190 1.74608
191 1.76041
192 1.77743
193 1.79295
194 1.79559
195 1.82473
196 1.82991
197 1.83937
198 1.85373
199 1.86239
200 1.8761
201 1.87965
202 1.90875
203 1.93474
204 1.93926
205 1.94152
206 1.94741
207 1.94972
208 1.95424
209 1.96289
210 1.97177
211 1.99239
212 1.99557
213 2.00495
214 2.00782
215 2.01466
216 2.03002
217 2.05166
218 2.06811
219 2.0707
220 2.09349
221 2.0948
222 2.10439
223 2.11158
224 2.12075
225 2.13635
226 2.14009
227 2.14848
228 2.15257
229 2.17638
230 2.18144
231 2.18678
232 2.20134
233 2.21218
234 2.22934
235 2.24605
236 2.2555
237 2.25662
238 2.26152
239 2.27351
240 2.27931
241 2.29329
242 2.29786
243 2.29967
244 2.31869
245 2.32645
246 2.32943
247 2.33373
248 2.3365
249 2.3378
250 2.34071
251 2.34629
252 2.35661
253 2.36295
254 2.37508
255 2.38332
256 2.39548
257 2.39786
258 2.41097
259 2.41373
260 2.42016
261 2.42514
262 2.43762
263 2.44465
264 2.46902
265 2.48147
266 2.49377
267 2.51752
268 2.5277
269 2.53865
270 2.56997
271 2.57697
272 2.58245
273 2.59061
274 2.59965
275 2.61712
276 2.62235
277 2.64546
278 2.64841
279 2.65486
280 2.67085
281 2.68496
282 2.6908
283 2.69969
284 2.7052
285 2.70756
286 2.73967
287 2.74347
288 2.75043
289 2.76268
290 2.78359
291 2.7918
292 2.81221
293 2.85172
294 2.87115
295 2.87393
296 2.88921
297 2.89623
298 2.89801
299 2.90618
300 2.90714
301 2.92639
302 2.94768
303 2.95187
304 2.98418
305 2.98909
306 2.99483
