1 0.00846
2 0.00999
3 0.01565
4 0.02189
5 0.02585
6 0.03502
7 0.03653
8 0.04127
9 0.04721
10 0.05456
11 0.05616
12 0.068
13 0.07339
14 0.08033
15 0.08869
16 0.09729
17 0.10414
18 0.10989
19 0.12618
20 0.12983
21 0.13878
22 0.14712
23 0.15277
24 0.15553
25 0.16036
26 0.18476
27 0.1999
28 0.20632
29 0.21257
30 0.2284
31 0.24827
32 0.26071
33 0.2664
34 0.29512
35 0.29965
36 0.30988
37 0.31085
38 0.32344
39 0.33144
40 0.33449
41 0.34085
42 0.34808
43 0.37462
44 0.37882
45 0.39708
46 0.41314
47 0.43172
48 0.43445
49 0.43638
50 0.45255
51 0.45477
52 0.46405
53 0.47927
54 0.48693
55 0.48973
56 0.49757
57 0.53065
58 0.53234
59 0.53893
60 0.55164
61 0.56188
62 0.57804
63 0.58527
64 0.59965
65 0.60854
66 0.62359
67 0.63623
68 0.64018
69 0.64497
70 0.65538
71 0.66185
72 0.66429
73 0.66614
74 0.67521
75 0.67894
76 0.68592
77 0.70149
78 0.70799
79 0.71418
80 0.71896
81 0.72012
82 0.725
83 0.74653
84 0.74823
85 0.75566
86 0.76427
87 0.76785
88 0.77252
89 0.7895
90 0.79336
91 0.79607
92 0.8017
93 0.80543
94 0.8108
95 0.8138
96 0.81736
97 0.81969
98 0.83212
99 0.85869
100 0.87582
101 0.88251
102 0.8974
103 0.89946
104 0.91015
105 0.9203
106 0.9242
107 0.93004
108 0.93595
109 0.96487
110 0.96721
111 0.97605
112 0.99302
113 1.00859
114 1.01387
115 1.03856
116 1.04221
117 1.05365
118 1.05766
119 1.0655
120 1.08097
121 1.08825
122 1.10863
123 1.1184
124 1.12644
125 1.13041
126 1.13344
127 1.14461
128 1.15117
129 1.16302
130 1.17504
131 1.17734
132 1.18458
133 1.19196
134 1.19739
135 1.21185
136 1.21755
137 1.22098
138 1.22536
139 1.22906
140 1.24949
141 1.25429
142 1.25848
143 1.26564
144 1.27271
145 1.27424
146 1.29132
147 1.29423
148 1.29853
149 1.30978
150 1.31208
151 1.32038
152 1.32363
153 1.32727
154 1.33312
155 1.34402
156 1.34774
157 1.38079
158 1.38323
159 1.38626
160 1.39976
161 1.4115
162 1.41297
163 1.41939
164 1.42176
165 1.4355
166 1.44108
167 1.44609
168 1.45163
169 1.45663
170 1.46055
171 1.47058
172 1.47277
173 1.47974
174 1.4965
175 1.50496
176 1.50738
177 1.52095
178 1.5402
179 1.54448
180 1.56283
181 1.57849
182 1.58208
183 1.59762
184 1.61609
185 1.63283
186 1.6478
187 1.65022
188 1.65316
189 1.65671
190 1.66646
191 1.66901
192 1.68538
193 1.69143
194 1.70323
195 1.71482
196 1.7182
197 1.72013
198 1.72705
199 1.72908
200 1.74823
201 1.75431
202 1.76742
203 1.77007
204 1.77924
205 1.78634
206 1.79961
207 1.81512
208 1.82422
209 1.85571
210 1.87311
211 1.88137
212 1.88361
213 1.88899
214 1.90508
215 1.90641
216 1.91139
217 1.92696
218 1.93872
219 1.94676
220 1.94902
221 1.9533
222 1.961
223 1.98418
224 2.01241
225 2.01393
226 2.02662
227 2.03331
228 2.03641
229 2.04517
230 2.05928
231 2.06264
232 2.07665
233 2.08439
234 2.09138
235 2.10027
236 2.1153
237 2.1262
238 2.13278
239 2.13435
240 2.14063
241 2.14584
242 2.15129
243 2.1659
244 2.17319
245 2.18469
246 2.20515
247 2.22974
248 2.23535
249 2.23815
250 2.24756
251 2.25855
252 2.26454
253 2.27506
254 2.27868
255 2.27997
256 2.28173
257 2.28882
258 2.29832
259 2.30206
260 2.30689
261 2.3167
262 2.32172
263 2.33945
264 2.34656
265 2.37195
266 2.37786
267 2.39117
268 2.39416
269 2.41109
270 2.41395
271 2.42459
272 2.43188
273 2.44475
274 2.45208
275 2.46851
276 2.47218
277 2.48333
278 2.49297
279 2.49932
280 2.50364
281 2.50853
282 2.51557
283 2.51985
284 2.52394
285 2.53218
286 2.5391
287 2.54303
288 2.57797
289 2.5875
290 2.59614
291 2.60285
292 2.61506
293 2.62113
294 2.62528
295 2.62781
296 2.63328
297 2.63737
298 2.64681
299 2.65515
300 2.66174
301 2.67023
302 2.67444
303 2.68207
304 2.68806
305 2.69392
306 2.69773
307 2.70019
308 2.71214
309 2.72269
310 2.73301
311 2.73482
312 2.74981
313 2.76561
314 2.78213
315 2.79184
316 2.80266
317 2.81158
318 2.81586
319 2.82335
320 2.8321
321 2.85383
322 2.86396
323 2.86554
324 2.86859
325 2.87132
326 2.87844
327 2.88086
328 2.89359
329 2.90479
330 2.92186
331 2.92845
332 2.94012
333 2.94474
334 2.9491
335 2.95767
336 2.97127
337 2.97494
