1 0.00945
2 0.02517
3 0.03259
4 0.041
5 0.05189
6 0.05319
7 0.05867
8 0.06375
9 0.07067
10 0.07395
11 0.07521
12 0.07808
13 0.08362
14 0.09414
15 0.10424
16 0.11939
17 0.12203
18 0.12345
19 0.12821
20 0.1382
21 0.14053
22 0.15502
23 0.16145
24 0.17453
25 0.18148
26 0.18699
27 0.21509
28 0.22291
29 0.24646
30 0.25138
31 0.26359
32 0.26967
33 0.27583
34 0.28625
35 0.28822
36 0.29921
37 0.31024
38 0.31719
39 0.31903
40 0.32657
41 0.32858
42 0.33221
43 0.34007
44 0.34639
45 0.37407
46 0.38368
47 0.38913
48 0.39173
49 0.3997
50 0.40712
51 0.409
52 0.41909
53 0.42046
54 0.43007
55 0.43539
56 0.45525
57 0.45867
58 0.46912
59 0.47618
60 0.49249
61 0.4963
62 0.50977
63 0.52909
64 0.54668
65 0.54757
66 0.56406
67 0.57344
68 0.58645
69 0.58988
70 0.59512
71 0.604
72 0.6122
73 0.61683
74 0.62383
75 0.63183
76 0.63801
77 0.64674
78 0.66099
79 0.66481
80 0.66718
81 0.68113
82 0.69436
83 0.71197
84 0.71313
85 0.72203
86 0.72348
87 0.7273
88 0.73544
89 0.74372
90 0.77331
91 0.77443
92 0.7786
93 0.7869
94 0.79844
95 0.80898
96 0.81901
97 0.8314
98 0.84972
99 0.85079
100 0.85737
101 0.86024
102 0.86548
103 0.88301
104 0.90181
105 0.90585
106 0.92239
107 0.9278
108 0.92976
109 0.9408
110 0.94913
111 0.95622
112 0.9639
113 0.97495
114 0.98962
115 0.99571
116 1.00591
117 1.00925
118 1.01216
119 1.01405
120 1.02406
121 1.02711
122 1.02947
123 1.04379
124 1.05034
125 1.06054
126 1.07065
127 1.07553
128 1.09416
129 1.0968
130 1.10367
131 1.10512
132 1.11901
133 1.12159
134 1.13174
135 1.13758
136 1.1575
137 1.16787
138 1.17219
139 1.19416
140 1.20823
141 1.23169
142 1.23395
143 1.24779
144 1.25127
145 1.25629
146 1.26533
147 1.27399
148 1.27752
149 1.28788
150 1.29219
151 1.29498
152 1.29912
153 1.30109
154 1.31841
155 1.3399
156 1.34554
157 1.34809
158 1.36146
159 1.37208
160 1.38253
161 1.38646
162 1.38974
163 1.39113
164 1.39709
165 1.40741
166 1.41063
167 1.41545
168 1.42246
169 1.43137
170 1.44219
171 1.4514
172 1.47395
173 1.47877
174 1.48623
175 1.49124
176 1.49664
177 1.50196
178 1.52131
179 1.52744
180 1.54601
181 1.54911
182 1.55352
183 1.56503
184 1.58886
185 1.59722
186 1.60943
187 1.62348
188 1.63487
189 1.64458
190 1.65133
191 1.66047
192 1.66311
193 1.66842
194 1.67633
195 1.7014
196 1.73344
197 1.73821
198 1.74201
199 1.74521
200 1.76892
201 1.77574
202 1.77817
203 1.78075
204 1.7819
205 1.79255
206 1.79686
207 1.80938
208 1.82039
209 1.83651
210 1.8396
211 1.85022
212 1.86114
213 1.86264
214 1.88509
215 1.89437
216 1.89876
217 1.9238
218 1.93936
219 1.9738
220 1.9803
221 1.99446
222 2.02106
223 2.03017
224 2.03472
225 2.04559
226 2.07057
227 2.0779
228 2.09149
229 2.0931
230 2.09694
231 2.10107
232 2.12927
233 2.13078
234 2.15344
235 2.15989
236 2.17287
237 2.18642
238 2.1968
239 2.21678
240 2.22043
241 2.22627
242 2.23577
243 2.23961
244 2.25794
245 2.265
246 2.27524
247 2.28239
248 2.30744
249 2.30886
250 2.31964
251 2.32943
252 2.35371
253 2.35737
254 2.36534
255 2.37486
256 2.38228
257 2.38946
258 2.40271
259 2.40936
260 2.42425
261 2.42844
262 2.43756
263 2.45712
264 2.47179
265 2.47626
266 2.49308
267 2.5095
268 2.5115
269 2.52197
270 2.52945
271 2.53094
272 2.53579
273 2.53972
274 2.55118
275 2.56848
276 2.5727
277 2.58255
278 2.58899
279 2.5914
280 2.60421
281 2.61113
282 2.61584
283 2.62729
284 2.63026
285 2.64113
286 2.65288
287 2.65634
288 2.67464
289 2.69123
290 2.6975
291 2.71384
292 2.72556
293 2.72919
294 2.74769
295 2.77168
296 2.77593
297 2.77874
298 2.79464
299 2.79708
300 2.80094
301 2.80441
302 2.81223
303 2.81486
304 2.82159
305 2.82451
306 2.84923
307 2.86519
308 2.8697
309 2.87517
310 2.88041
311 2.89571
312 2.90167
313 2.90425
314 2.91888
315 2.94088
316 2.95541
317 2.96003
318 2.96304
319 2.97262
320 2.97799
321 2.98175
322 2.98797
323 2.99613
324 2.99836
