1 0.00942
2 0.04152
3 0.04922
4 0.06112
5 0.08141
6 0.08632
7 0.10239
8 0.11046
9 0.1183
10 0.12465
11 0.12606
12 0.14859
13 0.15008
14 0.15976
15 0.16598
16 0.16715
17 0.17674
18 0.18544
19 0.19141
20 0.19637
21 0.21236
22 0.21803
23 0.24918
24 0.25302
25 0.26892
26 0.28374
27 0.29261
28 0.31339
29 0.32512
30 0.33104
31 0.33524
32 0.34059
33 0.36527
34 0.37806
35 0.39098
36 0.39891
37 0.40809
38 0.41701
39 0.42624
40 0.44121
41 0.45829
42 0.51064
43 0.51592
44 0.51771
45 0.52253
46 0.53694
47 0.54118
48 0.55249
49 0.57184
50 0.57794
51 0.58175
52 0.59243
53 0.60325
54 0.60909
55 0.62047
56 0.63126
57 0.65747
58 0.68201
59 0.69075
60 0.70298
61 0.70864
62 0.72287
63 0.7375
64 0.74008
65 0.7615
66 0.76443
67 0.79271
68 0.80961
69 0.83001
70 0.8399
71 0.85061
72 0.85379
73 0.85985
74 0.8854
75 0.89135
76 0.93053
77 0.93943
78 0.94507
79 0.95669
80 0.96788
81 0.98022
82 0.99325
83 1.00674
84 1.00836
85 1.015
86 1.02051
87 1.03278
88 1.04665
89 1.06901
90 1.07053
91 1.08216
92 1.08545
93 1.0991
94 1.10979
95 1.1169
96 1.13274
97 1.15209
98 1.15532
99 1.17918
100 1.18129
101 1.19393
102 1.20627
103 1.21754
104 1.23245
105 1.23479
106 1.26038
107 1.27196
108 1.28703
109 1.28885
110 1.29043
111 1.30227
112 1.30921
113 1.3125
114 1.3196
115 1.32484
116 1.33631
117 1.34153
118 1.34653
119 1.35681
120 1.39083
121 1.41152
122 1.42235
123 1.42423
124 1.43001
125 1.43955
126 1.44717
127 1.457
128 1.46114
129 1.4645
130 1.46641
131 1.50082
132 1.50692
133 1.51628
134 1.5254
135 1.56139
136 1.5646
137 1.56688
138 1.60282
139 1.60897
140 1.65189
141 1.66115
142 1.68231
143 1.69677
144 1.70233
145 1.71158
146 1.72333
147 1.72829
148 1.75506
149 1.76289
150 1.76486
151 1.77651
152 1.78982
153 1.79657
154 1.81238
155 1.82082
156 1.83308
157 1.83897
158 1.85655
159 1.86235
160 1.87439
161 1.87894
162 1.90283
163 1.91503
164 1.92719
165 1.94874
166 1.96371
167 1.99181
168 2.00383
169 2.02055
170 2.0347
171 2.04271
172 2.0494
173 2.05706
174 2.05863
175 2.06282
176 2.06453
177 2.06839
178 2.0846
179 2.08827
180 2.10402
181 2.10765
182 2.11926
183 2.12672
184 2.14047
185 2.15341
186 2.15844
187 2.18262
188 2.18483
189 2.19243
190 2.19755
191 2.21227
192 2.23418
193 2.247
194 2.2546
195 2.25682
196 2.25889
197 2.26417
198 2.28798
199 2.29881
200 2.30363
201 2.31112
202 2.32054
203 2.33105
204 2.33276
205 2.3409
206 2.34596
207 2.34984
208 2.36505
209 2.37064
210 2.40329
211 2.42848
212 2.44186
213 2.46081
214 2.48324
215 2.49671
216 2.50675
217 2.51401
218 2.51981
219 2.52331
220 2.54053
221 2.56185
222 2.56573
223 2.57946
224 2.5834
225 2.58685
226 2.60007
227 2.60366
228 2.62072
229 2.67543
230 2.6828
231 2.69386
232 2.70031
233 2.70268
234 2.73544
235 2.75725
236 2.7607
237 2.76923
238 2.79241
239 2.79578
240 2.80649
241 2.81252
242 2.81423
243 2.82703
244 2.85402
245 2.85802
246 2.86332
247 2.86513
248 2.87645
249 2.88117
250 2.89433
251 2.91101
252 2.92106
253 2.92652
254 2.93904
255 2.9552
256 2.95908
257 2.96399
258 2.9704
259 2.98654
260 2.99808
