1 0.003
2 0.00627
3 0.01159
4 0.01693
5 0.01865
6 0.02149
7 0.02419
8 0.02652
9 0.0296
10 0.03102
11 0.03558
12 0.04321
13 0.04692
14 0.04895
15 0.07042
16 0.07335
17 0.07517
18 0.07828
19 0.08134
20 0.08573
21 0.08954
22 0.09827
23 0.10331
24 0.11189
25 0.11372
26 0.1203
27 0.1349
28 0.13776
29 0.14977
30 0.1554
31 0.15812
32 0.16011
33 0.1663
34 0.1684
35 0.17207
36 0.17685
37 0.17944
38 0.18619
39 0.1934
40 0.19755
41 0.20473
42 0.21123
43 0.22395
44 0.22874
45 0.23016
46 0.2376
47 0.24196
48 0.24763
49 0.26683
50 0.27315
51 0.27413
52 0.28262
53 0.28566
54 0.29276
55 0.29816
56 0.31206
57 0.32367
58 0.33405
59 0.33648
60 0.35426
61 0.35914
62 0.36192
63 0.36905
64 0.37353
65 0.37706
66 0.38149
67 0.38893
68 0.40746
69 0.41268
70 0.4154
71 0.4172
72 0.41904
73 0.42158
74 0.42648
75 0.43661
76 0.43912
77 0.44594
78 0.4618
79 0.47266
80 0.47789
81 0.47879
82 0.48441
83 0.49142
84 0.49964
85 0.5186
86 0.52301
87 0.5309
88 0.53398
89 0.53544
90 0.53694
91 0.55119
92 0.55606
93 0.56484
94 0.57354
95 0.57596
96 0.58337
97 0.59197
98 0.60581
99 0.608
100 0.61393
101 0.61701
102 0.61878
103 0.62062
104 0.62483
105 0.62908
106 0.63645
107 0.66316
108 0.66511
109 0.67799
110 0.68096
111 0.68422
112 0.68658
113 0.68924
114 0.69706
115 0.70607
116 0.71156
117 0.71908
118 0.72117
119 0.72397
120 0.72875
121 0.73179
122 0.73612
123 0.74295
124 0.74848
125 0.75588
126 0.7655
127 0.76849
128 0.77556
129 0.78708
130 0.79063
131 0.79492
132 0.80952
133 0.81984
134 0.82732
135 0.83269
136 0.83991
137 0.86504
138 0.8721
139 0.87816
140 0.90219
141 0.91047
142 0.91413
143 0.91663
144 0.91972
145 0.92114
146 0.92303
147 0.92505
148 0.92875
149 0.93529
150 0.94669
151 0.95201
152 0.96927
153 0.97199
154 0.98147
155 0.98382
156 0.9915
157 1.00205
158 1.02169
159 1.02903
160 1.0313
161 1.03781
162 1.04285
163 1.05451
164 1.06338
165 1.06999
166 1.0796
167 1.08328
168 1.09078
169 1.09719
170 1.1104
171 1.1172
172 1.1625
173 1.16925
174 1.17902
175 1.18657
176 1.19471
177 1.20098
178 1.20476
179 1.2079
180 1.21808
181 1.21928
182 1.22236
183 1.22405
184 1.22735
185 1.23253
186 1.23961
187 1.24604
188 1.26105
189 1.27116
190 1.28349
191 1.28731
192 1.32624
193 1.32994
194 1.33727
195 1.34224
196 1.35838
197 1.36228
198 1.36384
199 1.36913
200 1.38024
201 1.40877
202 1.41263
203 1.41543
204 1.4226
205 1.42474
206 1.43527
207 1.43838
208 1.44073
209 1.44597
210 1.45633
211 1.46006
212 1.482
213 1.48973
214 1.5093
215 1.51543
216 1.52308
217 1.5286
218 1.53125
219 1.54241
220 1.546
221 1.54792
222 1.55308
223 1.55624
224 1.56795
225 1.57041
226 1.58681
227 1.59087
228 1.61812
229 1.6332
230 1.65104
231 1.65792
232 1.66081
233 1.66559
234 1.67128
235 1.67253
236 1.68069
237 1.6872
238 1.69385
239 1.69805
240 1.70488
241 1.70713
242 1.71562
243 1.72182
244 1.72775
245 1.73524
246 1.73851
247 1.76553
248 1.7779
249 1.78021
250 1.78681
251 1.79805
252 1.80701
253 1.81306
254 1.82167
255 1.82771
256 1.85225
257 1.86477
258 1.87451
259 1.88628
260 1.88841
261 1.89297
262 1.91054
263 1.91322
264 1.92832
265 1.93403
266 1.94162
267 1.94593
268 1.95018
269 1.95184
270 1.95335
271 1.97013
272 1.9815
273 1.98941
274 1.99393
275 1.99848
276 2.02165
277 2.02557
278 2.03074
279 2.03546
280 2.03835
281 2.04392
282 2.04526
283 2.05212
284 2.07264
285 2.07723
286 2.08047
287 2.08423
288 2.09197
289 2.11694
290 2.12837
291 2.13284
292 2.15156
293 2.15917
294 2.16306
295 2.16751
296 2.17137
297 2.17669
298 2.17836
299 2.18698
300 2.19008
301 2.19606
302 2.20242
303 2.21125
304 2.21878
305 2.22562
306 2.23021
307 2.23373
308 2.24269
309 2.26956
310 2.27556
311 2.28054
312 2.28499
313 2.29023
314 2.29249
315 2.30568
316 2.30911
317 2.312
318 2.32036
319 2.3268
320 2.33082
321 2.36137
322 2.36746
323 2.37414
324 2.38695
325 2.39316
326 2.39596
327 2.39818
328 2.40068
329 2.41998
330 2.42367
331 2.42493
332 2.43306
333 2.44357
334 2.44509
335 2.46279
336 2.47002
337 2.48748
338 2.51808
339 2.52076
340 2.52339
341 2.52702
342 2.52826
343 2.54456
344 2.54898
345 2.55339
346 2.55663
347 2.56137
348 2.56514
349 2.56861
350 2.57419
351 2.57717
352 2.58544
353 2.61225
354 2.61866
355 2.62504
356 2.63019
357 2.65063
358 2.65274
359 2.65535
360 2.65629
361 2.65828
362 2.6603
363 2.66174
364 2.67153
365 2.67818
366 2.69216
367 2.70144
368 2.73128
369 2.73302
370 2.73542
371 2.74492
372 2.74995
373 2.7691
374 2.78012
375 2.78262
376 2.78604
377 2.79214
378 2.79646
379 2.80399
380 2.80968
381 2.8249
382 2.85715
383 2.86861
384 2.87928
385 2.88397
386 2.88832
387 2.89432
388 2.90028
389 2.9103
390 2.9249
391 2.92857
392 2.94447
393 2.94705
394 2.95101
395 2.96044
396 2.96386
397 2.96609
398 2.97412
399 2.9759
400 2.98256
401 2.98738
402 2.99213
403 2.99544
