1 0.00246
2 0.00602
3 0.01177
4 0.01967
5 0.02271
6 0.02477
7 0.02848
8 0.03036
9 0.03219
10 0.03517
11 0.03798
12 0.04817
13 0.05969
14 0.07062
15 0.07582
16 0.08614
17 0.09155
18 0.09282
19 0.0977
20 0.10663
21 0.11397
22 0.11667
23 0.13148
24 0.14972
25 0.1783
26 0.18691
27 0.19325
28 0.20461
29 0.21086
30 0.21556
31 0.22967
32 0.24598
33 0.24926
34 0.27611
35 0.28488
36 0.2876
37 0.30244
38 0.32534
39 0.32899
40 0.33321
41 0.3394
42 0.34139
43 0.34296
44 0.34483
45 0.34969
46 0.35398
47 0.35935
48 0.3703
49 0.37862
50 0.37976
51 0.38957
52 0.39537
53 0.41287
54 0.41916
55 0.42921
56 0.43233
57 0.43647
58 0.43976
59 0.45112
60 0.45503
61 0.4579
62 0.46321
63 0.47513
64 0.49011
65 0.49678
66 0.50664
67 0.5107
68 0.51298
69 0.51945
70 0.5225
71 0.52869
72 0.53149
73 0.54603
74 0.55349
75 0.55762
76 0.56833
77 0.57857
78 0.57973
79 0.58664
80 0.59702
81 0.59911
82 0.61464
83 0.62098
84 0.62763
85 0.64288
86 0.64516
87 0.65871
88 0.67568
89 0.67807
90 0.68237
91 0.69823
92 0.70443
93 0.70601
94 0.71888
95 0.72304
96 0.72822
97 0.74195
98 0.7468
99 0.75273
100 0.77659
101 0.77788
102 0.785
103 0.79016
104 0.79593
105 0.79764
106 0.80315
107 0.80842
108 0.8151
109 0.82081
110 0.82838
111 0.83117
112 0.83437
113 0.83567
114 0.84288
115 0.84911
116 0.85802
117 0.86067
118 0.86562
119 0.86882
120 0.87494
121 0.87704
122 0.88315
123 0.8886
124 0.89136
125 0.92181
126 0.93539
127 0.94839
128 0.95377
129 0.95705
130 0.9597
131 0.96949
132 0.97636
133 0.98235
134 0.98403
135 0.99656
136 1.00254
137 1.00596
138 1.01962
139 1.02358
140 1.02722
141 1.02913
142 1.04374
143 1.06295
144 1.08085
145 1.08338
146 1.09304
147 1.11426
148 1.11609
149 1.12586
150 1.12975
151 1.138
152 1.14202
153 1.14345
154 1.16818
155 1.17655
156 1.17992
157 1.18652
158 1.2014
159 1.20823
160 1.21
161 1.21536
162 1.21818
163 1.22426
164 1.23127
165 1.2376
166 1.2468
167 1.24869
168 1.25706
169 1.259
170 1.27474
171 1.27704
172 1.28747
173 1.2987
174 1.30261
175 1.31967
176 1.32371
177 1.32897
178 1.33489
179 1.34026
180 1.34862
181 1.35504
182 1.3852
183 1.39002
184 1.39681
185 1.40149
186 1.41999
187 1.42492
188 1.43007
189 1.43387
190 1.4421
191 1.44805
192 1.45897
193 1.46238
194 1.47205
195 1.47749
196 1.48661
197 1.49238
198 1.49644
199 1.51595
200 1.52925
201 1.53097
202 1.53435
203 1.54618
204 1.54836
205 1.55804
206 1.56899
207 1.57096
208 1.57199
209 1.57739
210 1.57933
211 1.58561
212 1.5902
213 1.59362
214 1.59605
215 1.60382
216 1.61565
217 1.61843
218 1.62518
219 1.62748
220 1.65061
221 1.67607
222 1.68777
223 1.6983
224 1.70249
225 1.70343
226 1.70603
227 1.70716
228 1.70986
229 1.71548
230 1.72186
231 1.72729
232 1.73149
233 1.74167
234 1.74536
235 1.75439
236 1.76892
237 1.77639
238 1.77994
239 1.80126
240 1.82138
241 1.82256
242 1.82693
243 1.83276
244 1.83446
245 1.8415
246 1.84491
247 1.8514
248 1.85295
249 1.86928
250 1.87233
251 1.8846
252 1.89305
253 1.89719
254 1.91557
255 1.92167
256 1.92722
257 1.92931
258 1.9316
259 1.95267
260 1.9562
261 1.96072
262 1.96268
263 1.96562
264 1.97115
265 1.97613
266 1.99375
267 1.99996
268 2.00828
269 2.03215
270 2.03976
271 2.04523
272 2.05672
273 2.06347
274 2.06788
275 2.07546
276 2.08159
277 2.08546
278 2.09139
279 2.09612
280 2.10417
281 2.11726
282 2.11985
283 2.12196
284 2.12384
285 2.12655
286 2.13136
287 2.14218
288 2.14895
289 2.16084
290 2.16662
291 2.17822
292 2.19899
293 2.20167
294 2.21109
295 2.21784
296 2.22289
297 2.22919
298 2.23366
299 2.24549
300 2.25209
301 2.25416
302 2.25699
303 2.26598
304 2.27554
305 2.2799
306 2.28588
307 2.30233
308 2.31129
309 2.32099
310 2.32542
311 2.32864
312 2.33335
313 2.33663
314 2.34196
315 2.34904
316 2.35341
317 2.36663
318 2.38365
319 2.3892
320 2.39548
321 2.40451
322 2.42208
323 2.42998
324 2.43448
325 2.44172
326 2.45018
327 2.45227
328 2.45735
329 2.467
330 2.46977
331 2.47215
332 2.4766
333 2.49281
334 2.4968
335 2.50037
336 2.51527
337 2.52011
338 2.53848
339 2.56826
340 2.58229
341 2.5888
342 2.59142
343 2.59341
344 2.59585
345 2.59748
346 2.60625
347 2.61665
348 2.61983
349 2.62488
350 2.6276
351 2.64039
352 2.65918
353 2.67872
354 2.68303
355 2.69764
356 2.70108
357 2.70462
358 2.70711
359 2.71075
360 2.71845
361 2.72946
362 2.75834
363 2.76845
364 2.77361
365 2.77717
366 2.77992
367 2.78786
368 2.79046
369 2.79972
370 2.80168
371 2.80646
372 2.8109
373 2.81451
374 2.82022
375 2.82256
376 2.82704
377 2.8293
378 2.83537
379 2.86189
380 2.87323
381 2.87489
382 2.88052
383 2.89182
384 2.9077
385 2.92418
386 2.9294
387 2.95084
388 2.95405
389 2.9578
390 2.96386
391 2.96863
392 2.97404
393 2.97698
394 2.97835
395 2.9806
396 2.99233
