1 0.00569
2 0.00835
3 0.01652
4 0.01973
5 0.03212
6 0.03517
7 0.03841
8 0.04451
9 0.04749
10 0.06555
11 0.06951
12 0.07323
13 0.07757
14 0.08091
15 0.08338
16 0.09068
17 0.09691
18 0.10834
19 0.11354
20 0.13758
21 0.14961
22 0.1529
23 0.15877
24 0.16212
25 0.16934
26 0.18372
27 0.1903
28 0.20503
29 0.21868
30 0.24136
31 0.24691
32 0.26698
33 0.27613
34 0.282
35 0.29297
36 0.29943
37 0.31214
38 0.31365
39 0.31972
40 0.32789
41 0.33212
42 0.33561
43 0.35335
44 0.35682
45 0.35985
46 0.36345
47 0.3758
48 0.37954
49 0.38677
50 0.39535
51 0.41145
52 0.41744
53 0.42011
54 0.42603
55 0.4276
56 0.43243
57 0.44245
58 0.45023
59 0.47751
60 0.48336
61 0.48656
62 0.49258
63 0.50544
64 0.50781
65 0.51875
66 0.53157
67 0.54102
68 0.54402
69 0.54937
70 0.5615
71 0.56363
72 0.56842
73 0.57445
74 0.58606
75 0.59736
76 0.60893
77 0.61395
78 0.62238
79 0.6375
80 0.6631
81 0.67244
82 0.68454
83 0.69678
84 0.70234
85 0.70856
86 0.71302
87 0.71571
88 0.71799
89 0.72564
90 0.73674
91 0.74709
92 0.76001
93 0.7679
94 0.77318
95 0.7757
96 0.79785
97 0.80441
98 0.80693
99 0.81515
100 0.82793
101 0.83325
102 0.85038
103 0.85443
104 0.869
105 0.87408
106 0.89058
107 0.89278
108 0.89509
109 0.90156
110 0.90529
111 0.90791
112 0.91021
113 0.92118
114 0.93375
115 0.93738
116 0.94202
117 0.945
118 0.9529
119 0.97934
120 0.99237
121 1.01936
122 1.02183
123 1.04015
124 1.05064
125 1.05601
126 1.068
127 1.06993
128 1.07519
129 1.07789
130 1.08115
131 1.08693
132 1.09344
133 1.10581
134 1.10829
135 1.11457
136 1.11642
137 1.1436
138 1.1609
139 1.16525
140 1.16647
141 1.18627
142 1.20014
143 1.22603
144 1.2283
145 1.25214
146 1.25653
147 1.25879
148 1.26612
149 1.27157
150 1.28205
151 1.28792
152 1.29118
153 1.29702
154 1.3115
155 1.31957
156 1.32886
157 1.33432
158 1.35946
159 1.3645
160 1.37067
161 1.39412
162 1.402
163 1.40777
164 1.41463
165 1.42907
166 1.44571
167 1.45421
168 1.4574
169 1.47638
170 1.48801
171 1.48961
172 1.49073
173 1.50308
174 1.5085
175 1.5142
176 1.53037
177 1.53251
178 1.54091
179 1.5447
180 1.55273
181 1.56584
182 1.56845
183 1.58114
184 1.58455
185 1.59187
186 1.59442
187 1.60464
188 1.61191
189 1.62713
190 1.63407
191 1.64181
192 1.66104
193 1.66667
194 1.6775
195 1.68008
196 1.68723
197 1.69572
198 1.69718
199 1.70367
200 1.71385
201 1.72354
202 1.73507
203 1.74081
204 1.7437
205 1.74863
206 1.75652
207 1.76808
208 1.77649
209 1.79202
210 1.79894
211 1.80752
212 1.81175
213 1.83297
214 1.84466
215 1.84832
216 1.85602
217 1.86145
218 1.86406
219 1.87274
220 1.88629
221 1.89635
222 1.90549
223 1.90721
224 1.91997
225 1.93098
226 1.94003
227 1.9436
228 1.94752
229 1.94954
230 1.9596
231 1.98492
232 2.0016
233 2.01127
234 2.0332
235 2.03941
236 2.04046
237 2.04289
238 2.04534
239 2.05305
240 2.0561
241 2.06653
242 2.07396
243 2.07718
244 2.08513
245 2.09023
246 2.1097
247 2.11438
248 2.12006
249 2.13393
250 2.13806
251 2.14301
252 2.14896
253 2.15431
254 2.16058
255 2.16346
256 2.16837
257 2.17315
258 2.18686
259 2.19519
260 2.19673
261 2.21103
262 2.21304
263 2.21794
264 2.2287
265 2.23638
266 2.24709
267 2.26768
268 2.27257
269 2.27904
270 2.29435
271 2.29567
272 2.29944
273 2.31068
274 2.32008
275 2.32305
276 2.3277
277 2.33766
278 2.34247
279 2.34586
280 2.35707
281 2.3643
282 2.36587
283 2.37741
284 2.40015
285 2.40571
286 2.40765
287 2.41161
288 2.413
289 2.41414
290 2.41921
291 2.42047
292 2.42655
293 2.4324
294 2.44152
295 2.44402
296 2.44724
297 2.45397
298 2.45602
299 2.46324
300 2.47098
301 2.47584
302 2.48446
303 2.50227
304 2.50893
305 2.52019
306 2.52881
307 2.56155
308 2.57118
309 2.57526
310 2.57694
311 2.58458
312 2.611
313 2.61732
314 2.62362
315 2.63255
316 2.63514
317 2.64931
318 2.6569
319 2.66119
320 2.66973
321 2.67075
322 2.67598
323 2.68545
324 2.69026
325 2.69519
326 2.69959
327 2.70241
328 2.70457
329 2.71166
330 2.71881
331 2.7298
332 2.73207
333 2.74193
334 2.76046
335 2.76766
336 2.78842
337 2.80144
338 2.81709
339 2.82096
340 2.83924
341 2.84238
342 2.85508
343 2.8575
344 2.86559
345 2.87128
346 2.904
347 2.9085
348 2.92552
349 2.92881
350 2.93402
351 2.93796
352 2.94311
353 2.94653
354 2.99376
355 2.99506
356 2.99732
