1 0.00411
2 0.00849
3 0.01525
4 0.02317
5 0.02551
6 0.03651
7 0.04611
8 0.0535
9 0.05815
10 0.06734
11 0.07004
12 0.07173
13 0.07457
14 0.07832
15 0.09407
16 0.1112
17 0.11371
18 0.12387
19 0.1254
20 0.13039
21 0.15129
22 0.16307
23 0.17626
24 0.18356
25 0.18707
26 0.20777
27 0.20983
28 0.21122
29 0.22237
30 0.2481
31 0.25588
32 0.26152
33 0.26517
34 0.27306
35 0.29002
36 0.2928
37 0.29646
38 0.30585
39 0.31065
40 0.31873
41 0.326
42 0.33145
43 0.34245
44 0.35698
45 0.362
46 0.36795
47 0.38472
48 0.38747
49 0.40318
50 0.40598
51 0.41412
52 0.42813
53 0.43293
54 0.44523
55 0.4535
56 0.46396
57 0.48511
58 0.48792
59 0.50313
60 0.50804
61 0.51849
62 0.56984
63 0.58139
64 0.61251
65 0.61671
66 0.62202
67 0.63267
68 0.63887
69 0.65752
70 0.66175
71 0.6687
72 0.68835
73 0.70499
74 0.72043
75 0.72494
76 0.73973
77 0.74818
78 0.7515
79 0.76238
80 0.77602
81 0.77895
82 0.79233
83 0.79704
84 0.80294
85 0.81051
86 0.82043
87 0.83626
88 0.85764
89 0.85994
90 0.86805
91 0.8815
92 0.88469
93 0.89064
94 0.90597
95 0.92405
96 0.9289
97 0.93251
98 0.93807
99 0.95436
100 0.95768
101 0.96264
102 0.96469
103 0.96835
104 0.97926
105 1.00418
106 1.02655
107 1.03167
108 1.04746
109 1.06328
110 1.08915
111 1.09315
112 1.09562
113 1.10487
114 1.10845
115 1.1209
116 1.13016
117 1.14176
118 1.16293
119 1.18655
120 1.19483
121 1.20306
122 1.21039
123 1.2176
124 1.22303
125 1.23096
126 1.24246
127 1.24778
128 1.25191
129 1.25926
130 1.26176
131 1.26325
132 1.26549
133 1.27584
134 1.28213
135 1.28456
136 1.28987
137 1.29087
138 1.29978
139 1.31356
140 1.31778
141 1.31894
142 1.33126
143 1.34155
144 1.35608
145 1.36619
146 1.37792
147 1.38831
148 1.39023
149 1.39976
150 1.40808
151 1.41514
152 1.41825
153 1.42205
154 1.44031
155 1.44601
156 1.44986
157 1.45975
158 1.47096
159 1.47991
160 1.48916
161 1.49882
162 1.50601
163 1.51853
164 1.53226
165 1.54576
166 1.55638
167 1.56804
168 1.59521
169 1.60302
170 1.60541
171 1.61021
172 1.62514
173 1.63781
174 1.6421
175 1.64809
176 1.652
177 1.65486
178 1.66708
179 1.67246
180 1.68437
181 1.69789
182 1.71389
183 1.72304
184 1.74009
185 1.7791
186 1.78921
187 1.80099
188 1.81765
189 1.82415
190 1.83012
191 1.83527
192 1.84465
193 1.8542
194 1.86415
195 1.87755
196 1.88364
197 1.88526
198 1.89549
199 1.90614
200 1.91478
201 1.92795
202 1.9365
203 1.93999
204 1.94198
205 1.9775
206 1.98515
207 1.98851
208 1.99389
209 2.01131
210 2.01498
211 2.03785
212 2.04555
213 2.04941
214 2.0684
215 2.08386
216 2.10622
217 2.10864
218 2.12912
219 2.13915
220 2.15311
221 2.16189
222 2.16833
223 2.17163
224 2.17601
225 2.19439
226 2.19731
227 2.20187
228 2.2084
229 2.21249
230 2.22982
231 2.23509
232 2.24286
233 2.26447
234 2.27298
235 2.28428
236 2.29138
237 2.29298
238 2.3013
239 2.3243
240 2.32867
241 2.3384
242 2.34438
243 2.35141
244 2.35492
245 2.35919
246 2.36789
247 2.37788
248 2.38363
249 2.39216
250 2.39698
251 2.40209
252 2.4195
253 2.42774
254 2.43702
255 2.45451
256 2.45777
257 2.47202
258 2.48305
259 2.49864
260 2.50318
261 2.51421
262 2.52746
263 2.53374
264 2.55164
265 2.56047
266 2.56428
267 2.56752
268 2.57716
269 2.58187
270 2.58563
271 2.59258
272 2.59475
273 2.60135
274 2.60367
275 2.61045
276 2.62933
277 2.64694
278 2.65342
279 2.66178
280 2.66694
281 2.68085
282 2.68225
283 2.68828
284 2.69479
285 2.70335
286 2.71039
287 2.71878
288 2.71999
289 2.73853
290 2.74697
291 2.75423
292 2.75646
293 2.76213
294 2.76972
295 2.77653
296 2.79613
297 2.81249
298 2.81975
299 2.83307
300 2.83964
301 2.84312
302 2.84997
303 2.87512
304 2.8897
305 2.89828
306 2.90065
307 2.90883
308 2.9241
309 2.93418
310 2.94675
311 2.95421
312 2.95759
313 2.96384
314 2.97461
315 2.98029
316 2.99033
