1 0.00264
2 0.00683
3 0.012
4 0.02047
5 0.02278
6 0.02628
7 0.02854
8 0.03811
9 0.06825
10 0.06983
11 0.07442
12 0.08128
13 0.09081
14 0.0987
15 0.10253
16 0.11342
17 0.11775
18 0.12344
19 0.1491
20 0.15812
21 0.16555
22 0.18489
23 0.18838
24 0.19107
25 0.19216
26 0.19576
27 0.20428
28 0.21286
29 0.21552
30 0.21962
31 0.25324
32 0.25818
33 0.26519
34 0.27346
35 0.2893
36 0.29921
37 0.3019
38 0.31286
39 0.31595
40 0.32065
41 0.32714
42 0.33593
43 0.34511
44 0.34695
45 0.35237
46 0.36507
47 0.37083
48 0.37487
49 0.37723
50 0.3897
51 0.40542
52 0.40957
53 0.41438
54 0.41648
55 0.42084
56 0.42255
57 0.4302
58 0.43415
59 0.45019
60 0.45477
61 0.46476
62 0.47919
63 0.49511
64 0.50553
65 0.51057
66 0.51755
67 0.51891
68 0.52472
69 0.53002
70 0.53321
71 0.54686
72 0.55527
73 0.56514
74 0.56798
75 0.57185
76 0.58
77 0.58211
78 0.60515
79 0.61751
80 0.62046
81 0.62379
82 0.62533
83 0.62874
84 0.63238
85 0.65263
86 0.65652
87 0.65915
88 0.66421
89 0.66698
90 0.68389
91 0.69128
92 0.69373
93 0.70039
94 0.72892
95 0.74093
96 0.74434
97 0.75128
98 0.75602
99 0.76108
100 0.76266
101 0.76473
102 0.76764
103 0.77747
104 0.78599
105 0.80023
106 0.80228
107 0.80396
108 0.80751
109 0.81141
110 0.8146
111 0.82433
112 0.84767
113 0.85357
114 0.86329
115 0.86663
116 0.86766
117 0.8768
118 0.87932
119 0.9084
120 0.91299
121 0.91873
122 0.93266
123 0.93666
124 0.93895
125 0.95499
126 0.98798
127 0.99146
128 0.99274
129 0.99977
130 1.00991
131 1.01526
132 1.0184
133 1.02531
134 1.05175
135 1.05607
136 1.06439
137 1.07128
138 1.07552
139 1.08174
140 1.08562
141 1.08885
142 1.09534
143 1.10553
144 1.11554
145 1.1179
146 1.11992
147 1.12882
148 1.14532
149 1.15211
150 1.15607
151 1.15702
152 1.16271
153 1.16934
154 1.18125
155 1.18466
156 1.19319
157 1.2052
158 1.20912
159 1.21169
160 1.2161
161 1.22172
162 1.23873
163 1.25187
164 1.25516
165 1.26093
166 1.26297
167 1.26919
168 1.27681
169 1.28052
170 1.28736
171 1.30185
172 1.3112
173 1.31375
174 1.3194
175 1.32601
176 1.33204
177 1.3353
178 1.35488
179 1.37179
180 1.37402
181 1.39032
182 1.40548
183 1.41585
184 1.41958
185 1.42333
186 1.43043
187 1.43437
188 1.44215
189 1.44618
190 1.45758
191 1.46862
192 1.49358
193 1.50189
194 1.51094
195 1.51304
196 1.51963
197 1.52384
198 1.52503
199 1.52793
200 1.53209
201 1.55268
202 1.5685
203 1.57113
204 1.58357
205 1.59906
206 1.60146
207 1.61193
208 1.61712
209 1.61878
210 1.62446
211 1.62582
212 1.65452
213 1.65936
214 1.66353
215 1.66916
216 1.67807
217 1.67987
218 1.68501
219 1.68692
220 1.68837
221 1.6903
222 1.7002
223 1.70235
224 1.70653
225 1.72587
226 1.74051
227 1.75161
228 1.7545
229 1.76795
230 1.77742
231 1.79979
232 1.81642
233 1.81739
234 1.82383
235 1.82835
236 1.83537
237 1.83972
238 1.85519
239 1.86339
240 1.86574
241 1.87751
242 1.89007
243 1.89341
244 1.91038
245 1.91218
246 1.92211
247 1.92719
248 1.93803
249 1.94587
250 1.94929
251 1.95149
252 1.96323
253 1.9797
254 1.98727
255 1.99384
256 1.99594
257 2.01331
258 2.01509
259 2.01984
260 2.02286
261 2.02624
262 2.02888
263 2.03161
264 2.05079
265 2.05486
266 2.08033
267 2.08272
268 2.08545
269 2.09728
270 2.10578
271 2.116
272 2.1216
273 2.15045
274 2.15502
275 2.16639
276 2.17028
277 2.18071
278 2.18187
279 2.18644
280 2.18799
281 2.21117
282 2.25182
283 2.26035
284 2.27864
285 2.28476
286 2.2971
287 2.30008
288 2.30488
289 2.31402
290 2.31718
291 2.32089
292 2.32656
293 2.33272
294 2.33801
295 2.35265
296 2.35602
297 2.36339
298 2.3706
299 2.37708
300 2.3912
301 2.39688
302 2.40352
303 2.40771
304 2.4102
305 2.41158
306 2.41524
307 2.41901
308 2.42398
309 2.42725
310 2.43343
311 2.44425
312 2.44604
313 2.45899
314 2.46747
315 2.50135
316 2.50448
317 2.51336
318 2.51866
319 2.5216
320 2.52503
321 2.53931
322 2.54917
323 2.55671
324 2.56526
325 2.56854
326 2.57146
327 2.58029
328 2.5839
329 2.60434
330 2.61592
331 2.62369
332 2.62632
333 2.63993
334 2.65538
335 2.65906
336 2.66481
337 2.67123
338 2.68313
339 2.69484
340 2.69632
341 2.69723
342 2.70116
343 2.70396
344 2.70794
345 2.71964
346 2.74302
347 2.74809
348 2.75425
349 2.75525
350 2.75631
351 2.76812
352 2.77735
353 2.78274
354 2.78678
355 2.80195
356 2.81752
357 2.82542
358 2.82906
359 2.84817
360 2.85085
361 2.8619
362 2.89376
363 2.90577
364 2.91097
365 2.91375
366 2.9182
367 2.92268
368 2.92915
369 2.93573
370 2.94116
371 2.94826
372 2.95034
373 2.98365
