1 0.00599
2 0.01272
3 0.01663
4 0.02892
5 0.03399
6 0.04246
7 0.04954
8 0.05573
9 0.08751
10 0.09976
11 0.10743
12 0.12254
13 0.12549
14 0.13109
15 0.13732
16 0.14267
17 0.14935
18 0.15332
19 0.15502
20 0.17573
21 0.18604
22 0.216
23 0.23159
24 0.24524
25 0.24984
26 0.26165
27 0.26376
28 0.28281
29 0.28536
30 0.31359
31 0.31574
32 0.33192
33 0.34993
34 0.3523
35 0.35795
36 0.35911
37 0.38216
38 0.38663
39 0.39648
40 0.40543
41 0.41132
42 0.41531
43 0.41715
44 0.42771
45 0.43391
46 0.43592
47 0.43981
48 0.44246
49 0.44585
50 0.47957
51 0.49369
52 0.49498
53 0.50269
54 0.50835
55 0.51455
56 0.51662
57 0.52625
58 0.53268
59 0.53545
60 0.54458
61 0.5537
62 0.5586
63 0.56378
64 0.5676
65 0.5691
66 0.5713
67 0.59414
68 0.59817
69 0.60142
70 0.62457
71 0.63206
72 0.63802
73 0.65691
74 0.66103
75 0.67703
76 0.683
77 0.68808
78 0.7118
79 0.72132
80 0.73059
81 0.74617
82 0.74905
83 0.7537
84 0.75883
85 0.76314
86 0.7644
87 0.77354
88 0.78353
89 0.79132
90 0.80382
91 0.83228
92 0.83662
93 0.84964
94 0.85598
95 0.86342
96 0.87671
97 0.88063
98 0.88878
99 0.90045
100 0.90229
101 0.90831
102 0.91224
103 0.91671
104 0.93121
105 0.95718
106 0.96865
107 0.98034
108 0.98166
109 0.98694
110 1.00424
111 1.01558
112 1.03028
113 1.03627
114 1.03873
115 1.04736
116 1.05556
117 1.06693
118 1.07322
119 1.08756
120 1.09501
121 1.11216
122 1.13412
123 1.13746
124 1.13923
125 1.14777
126 1.15887
127 1.16198
128 1.17954
129 1.18288
130 1.19085
131 1.24271
132 1.25757
133 1.25923
134 1.26105
135 1.26527
136 1.26753
137 1.27993
138 1.28269
139 1.28757
140 1.29174
141 1.29272
142 1.30884
143 1.32299
144 1.32548
145 1.33366
146 1.33535
147 1.34283
148 1.346
149 1.35149
150 1.35556
151 1.35851
152 1.37166
153 1.3736
154 1.37943
155 1.38929
156 1.39428
157 1.39916
158 1.40438
159 1.42689
160 1.42957
161 1.43209
162 1.43627
163 1.44275
164 1.4482
165 1.45098
166 1.45565
167 1.45848
168 1.47249
169 1.48711
170 1.49648
171 1.50045
172 1.51224
173 1.52449
174 1.53201
175 1.53551
176 1.54072
177 1.54454
178 1.55509
179 1.55715
180 1.56015
181 1.56208
182 1.56848
183 1.5817
184 1.59761
185 1.6065
186 1.61361
187 1.62277
188 1.62677
189 1.63219
190 1.63743
191 1.64671
192 1.65756
193 1.6631
194 1.67553
195 1.68783
196 1.69439
197 1.69988
198 1.73315
199 1.74191
200 1.75421
201 1.76422
202 1.78309
203 1.78892
204 1.81153
205 1.81358
206 1.81953
207 1.82322
208 1.83121
209 1.84019
210 1.84784
211 1.86001
212 1.87028
213 1.87169
214 1.87672
215 1.87843
216 1.89212
217 1.89411
218 1.90059
219 1.9064
220 1.9163
221 1.92522
222 1.92755
223 1.93833
224 1.95665
225 1.98083
226 1.99102
227 2.00976
228 2.01946
229 2.02164
230 2.02992
231 2.0352
232 2.04147
233 2.04235
234 2.05628
235 2.06059
236 2.06282
237 2.06831
238 2.07053
239 2.07528
240 2.08205
241 2.09594
242 2.10704
243 2.11081
244 2.12358
245 2.12554
246 2.12764
247 2.13016
248 2.134
249 2.14443
250 2.157
251 2.17649
252 2.18693
253 2.20428
254 2.2138
255 2.21677
256 2.22361
257 2.23607
258 2.24351
259 2.25038
260 2.25849
261 2.26235
262 2.28093
263 2.28501
264 2.2903
265 2.29158
266 2.29309
267 2.29659
268 2.30194
269 2.31112
270 2.3136
271 2.32341
272 2.33632
273 2.34444
274 2.36116
275 2.37699
276 2.38403
277 2.38904
278 2.3921
279 2.39986
280 2.40153
281 2.40274
282 2.41184
283 2.42446
284 2.42959
285 2.44431
286 2.45671
287 2.47758
288 2.48199
289 2.49082
290 2.51122
291 2.53371
292 2.53545
293 2.54539
294 2.56072
295 2.57373
296 2.57695
297 2.58128
298 2.5868
299 2.59549
300 2.60131
301 2.60576
302 2.61878
303 2.63022
304 2.63258
305 2.64181
306 2.66614
307 2.67699
308 2.6883
309 2.71387
310 2.73853
311 2.74694
312 2.75059
313 2.75963
314 2.76498
315 2.76864
316 2.76971
317 2.78271
318 2.79171
319 2.79996
320 2.81067
321 2.81672
322 2.84513
323 2.8508
324 2.87084
325 2.87562
326 2.8829
327 2.8867
328 2.89705
329 2.90192
330 2.9318
331 2.93451
332 2.94213
333 2.95203
334 2.95639
335 2.96365
336 2.97539
337 2.99248
338 2.9967
