1 0.00382
2 0.00679
3 0.01079
4 0.01275
5 0.01576
6 0.01981
7 0.02488
8 0.03039
9 0.03285
10 0.03949
11 0.04407
12 0.04887
13 0.06107
14 0.06338
15 0.06789
16 0.07099
17 0.08981
18 0.09689
19 0.10271
20 0.10702
21 0.11433
22 0.11648
23 0.11982
24 0.13285
25 0.14782
26 0.15908
27 0.16113
28 0.16581
29 0.17413
30 0.18392
31 0.19493
32 0.20331
33 0.21375
34 0.21717
35 0.22119
36 0.22369
37 0.22531
38 0.23543
39 0.23956
40 0.24969
41 0.25589
42 0.25928
43 0.26335
44 0.28095
45 0.29164
46 0.29637
47 0.30644
48 0.31612
49 0.31968
50 0.33174
51 0.34641
52 0.35607
53 0.36242
54 0.36925
55 0.3738
56 0.3757
57 0.37757
58 0.39483
59 0.41318
60 0.41702
61 0.41881
62 0.42688
63 0.43209
64 0.43761
65 0.44041
66 0.44619
67 0.46179
68 0.47526
69 0.48777
70 0.49245
71 0.51121
72 0.52057
73 0.52789
74 0.5299
75 0.53886
76 0.54083
77 0.54877
78 0.55088
79 0.56213
80 0.5648
81 0.56814
82 0.57349
83 0.58349
84 0.58685
85 0.58861
86 0.59643
87 0.59873
88 0.6028
89 0.607
90 0.61028
91 0.61404
92 0.62663
93 0.62948
94 0.64832
95 0.6504
96 0.6548
97 0.65672
98 0.67157
99 0.68192
100 0.69616
101 0.70129
102 0.73253
103 0.74092
104 0.75738
105 0.76403
106 0.77398
107 0.77758
108 0.78271
109 0.79628
110 0.79952
111 0.80963
112 0.83084
113 0.83997
114 0.84763
115 0.85048
116 0.85574
117 0.86207
118 0.86917
119 0.88473
120 0.89968
121 0.90264
122 0.90463
123 0.9095
124 0.91994
125 0.93055
126 0.93867
127 0.94619
128 0.94883
129 0.96224
130 0.96592
131 0.97545
132 1.00395
133 1.01159
134 1.01615
135 1.02318
136 1.03374
137 1.03859
138 1.03997
139 1.04729
140 1.05074
141 1.05711
142 1.06632
143 1.06942
144 1.07637
145 1.0912
146 1.10049
147 1.10328
148 1.1057
149 1.10928
150 1.11286
151 1.12552
152 1.13292
153 1.15199
154 1.15601
155 1.15938
156 1.16197
157 1.16729
158 1.18601
159 1.18836
160 1.19138
161 1.20543
162 1.2099
163 1.21708
164 1.22479
165 1.2401
166 1.24243
167 1.2558
168 1.26414
169 1.27882
170 1.28935
171 1.29153
172 1.30151
173 1.30385
174 1.3085
175 1.31921
176 1.32382
177 1.33798
178 1.34076
179 1.35768
180 1.36685
181 1.36873
182 1.37446
183 1.37689
184 1.38045
185 1.39735
186 1.3999
187 1.4042
188 1.41506
189 1.42604
190 1.43045
191 1.43976
192 1.44113
193 1.45787
194 1.47224
195 1.48115
196 1.48647
197 1.49989
198 1.51276
199 1.53284
200 1.53795
201 1.55314
202 1.56265
203 1.57246
204 1.5807
205 1.59028
206 1.59181
207 1.60476
208 1.62258
209 1.62405
210 1.63424
211 1.64399
212 1.6529
213 1.66462
214 1.6798
215 1.68862
216 1.70033
217 1.7072
218 1.71637
219 1.71997
220 1.74129
221 1.74815
222 1.76084
223 1.77027
224 1.78256
225 1.80366
226 1.81106
227 1.81698
228 1.82775
229 1.83622
230 1.84766
231 1.8611
232 1.87101
233 1.87369
234 1.87824
235 1.87986
236 1.89362
237 1.90244
238 1.90809
239 1.91857
240 1.92311
241 1.92658
242 1.94714
243 1.95312
244 1.95796
245 1.96887
246 1.97579
247 1.97843
248 1.98353
249 1.98537
250 1.9868
251 1.98936
252 2.00586
253 2.01855
254 2.02422
255 2.02918
256 2.04129
257 2.04632
258 2.068
259 2.08095
260 2.09605
261 2.0993
262 2.11851
263 2.12713
264 2.13367
265 2.14061
266 2.15191
267 2.15409
268 2.16226
269 2.16963
270 2.17374
271 2.18717
272 2.19149
273 2.20015
274 2.22729
275 2.23104
276 2.23793
277 2.24664
278 2.26068
279 2.26501
280 2.27024
281 2.27335
282 2.27595
283 2.28173
284 2.29184
285 2.29468
286 2.31335
287 2.32248
288 2.32607
289 2.32781
290 2.33388
291 2.35503
292 2.35817
293 2.3618
294 2.37332
295 2.38694
296 2.397
297 2.40314
298 2.42693
299 2.43342
300 2.45382
301 2.46572
302 2.47543
303 2.47773
304 2.49078
305 2.49638
306 2.50547
307 2.51377
308 2.52356
309 2.52744
310 2.53401
311 2.54485
312 2.56136
313 2.56267
314 2.57566
315 2.57687
316 2.57792
317 2.59566
318 2.59791
319 2.61265
320 2.62692
321 2.63088
322 2.64967
323 2.6596
324 2.67598
325 2.68985
326 2.69208
327 2.71336
328 2.73658
329 2.74113
330 2.75318
331 2.75669
332 2.76718
333 2.77106
334 2.78341
335 2.79224
336 2.80437
337 2.8065
338 2.81761
339 2.82022
340 2.82911
341 2.84451
342 2.85154
343 2.86174
344 2.86335
345 2.86774
346 2.88067
347 2.88588
348 2.90948
349 2.91563
350 2.92524
351 2.94056
352 2.94277
353 2.94881
354 2.95668
355 2.96282
356 2.96968
357 2.98228
358 2.98662
