1 0.00185
2 0.00534
3 0.00724
4 0.01211
5 0.01376
6 0.01815
7 0.02242
8 0.02555
9 0.03067
10 0.03805
11 0.04704
12 0.05031
13 0.05522
14 0.05957
15 0.06491
16 0.06922
17 0.081
18 0.09258
19 0.10008
20 0.11278
21 0.12995
22 0.13514
23 0.13698
24 0.15033
25 0.1586
26 0.16821
27 0.18116
28 0.19132
29 0.19672
30 0.20415
31 0.21072
32 0.23254
33 0.24147
34 0.24933
35 0.26968
36 0.27193
37 0.28259
38 0.28612
39 0.29447
40 0.29692
41 0.29885
42 0.30144
43 0.3038
44 0.30796
45 0.31018
46 0.31263
47 0.31931
48 0.32747
49 0.33662
50 0.33976
51 0.34447
52 0.34878
53 0.35435
54 0.35672
55 0.36472
56 0.36867
57 0.39271
58 0.40343
59 0.41084
60 0.42246
61 0.42846
62 0.43197
63 0.43325
64 0.44039
65 0.44648
66 0.44887
67 0.46137
68 0.4676
69 0.47089
70 0.48283
71 0.49533
72 0.50286
73 0.50834
74 0.51423
75 0.51809
76 0.52763
77 0.53136
78 0.53501
79 0.53813
80 0.54173
81 0.54484
82 0.54673
83 0.54992
84 0.55741
85 0.56108
86 0.56991
87 0.57444
88 0.57794
89 0.58124
90 0.58333
91 0.59083
92 0.59865
93 0.61186
94 0.61389
95 0.6263
96 0.63991
97 0.64194
98 0.64491
99 0.67418
100 0.68179
101 0.69134
102 0.69816
103 0.70452
104 0.70763
105 0.71485
106 0.72226
107 0.73332
108 0.74187
109 0.74798
110 0.75781
111 0.76272
112 0.76758
113 0.78329
114 0.80703
115 0.81306
116 0.82452
117 0.8283
118 0.85315
119 0.8658
120 0.87597
121 0.88096
122 0.88524
123 0.89866
124 0.90084
125 0.90672
126 0.9091
127 0.91526
128 0.91708
129 0.92231
130 0.93068
131 0.93739
132 0.94115
133 0.94463
134 0.96036
135 0.97245
136 0.98096
137 0.99077
138 0.99345
139 1.00067
140 1.00441
141 1.01582
142 1.01916
143 1.02093
144 1.02735
145 1.02945
146 1.03091
147 1.03697
148 1.0448
149 1.04962
150 1.05687
151 1.0594
152 1.06708
153 1.06873
154 1.07618
155 1.07975
156 1.08322
157 1.09271
158 1.10198
159 1.11101
160 1.11593
161 1.12143
162 1.14199
163 1.15302
164 1.17671
165 1.19241
166 1.205
167 1.20954
168 1.21541
169 1.2368
170 1.24779
171 1.26365
172 1.27364
173 1.27515
174 1.28391
175 1.2903
176 1.29122
177 1.29973
178 1.30695
179 1.3145
180 1.31614
181 1.32054
182 1.32988
183 1.33301
184 1.33627
185 1.35266
186 1.36062
187 1.36593
188 1.36952
189 1.37926
190 1.39216
191 1.39447
192 1.40175
193 1.40843
194 1.41761
195 1.42865
196 1.43543
197 1.43819
198 1.44202
199 1.44298
200 1.45841
201 1.46255
202 1.47348
203 1.48771
204 1.50064
205 1.50382
206 1.50679
207 1.50879
208 1.52173
209 1.52356
210 1.53636
211 1.554
212 1.56316
213 1.56737
214 1.58563
215 1.58949
216 1.59454
217 1.59756
218 1.60989
219 1.62072
220 1.64925
221 1.66617
222 1.67457
223 1.68336
224 1.68812
225 1.68989
226 1.69191
227 1.69971
228 1.70527
229 1.72268
230 1.72814
231 1.74736
232 1.75539
233 1.76628
234 1.77768
235 1.79553
236 1.80297
237 1.80458
238 1.80796
239 1.81272
240 1.82725
241 1.85215
242 1.85718
243 1.86986
244 1.87176
245 1.89112
246 1.8981
247 1.91008
248 1.91911
249 1.92644
250 1.92883
251 1.93346
252 1.93954
253 1.94295
254 1.96096
255 1.97318
256 1.98048
257 1.98839
258 1.99154
259 2.00043
260 2.01597
261 2.02272
262 2.03089
263 2.04868
264 2.05215
265 2.065
266 2.06606
267 2.06811
268 2.08493
269 2.08733
270 2.09267
271 2.09636
272 2.10915
273 2.12542
274 2.1284
275 2.14366
276 2.15575
277 2.16303
278 2.16869
279 2.1862
280 2.19498
281 2.20123
282 2.20494
283 2.20733
284 2.22959
285 2.23375
286 2.23537
287 2.23801
288 2.24106
289 2.24782
290 2.25914
291 2.26501
292 2.29278
293 2.30091
294 2.30667
295 2.30948
296 2.31632
297 2.31964
298 2.32389
299 2.33695
300 2.33932
301 2.34441
302 2.35033
303 2.36159
304 2.39196
305 2.40099
306 2.40733
307 2.42327
308 2.44451
309 2.44853
310 2.45208
311 2.46028
312 2.46834
313 2.4798
314 2.49032
315 2.49243
316 2.49865
317 2.51407
318 2.5207
319 2.52528
320 2.52954
321 2.54684
322 2.55572
323 2.56763
324 2.57318
325 2.57982
326 2.58655
327 2.60514
328 2.60985
329 2.62491
330 2.63737
331 2.64545
332 2.65254
333 2.66361
334 2.66699
335 2.67709
336 2.68006
337 2.68147
338 2.68658
339 2.69087
340 2.69978
341 2.70814
342 2.71044
343 2.72605
344 2.73373
345 2.75106
346 2.76012
347 2.78058
348 2.79046
349 2.79968
350 2.80191
351 2.81005
352 2.8202
353 2.82518
354 2.83576
355 2.83942
356 2.84062
357 2.8513
358 2.85343
359 2.85829
360 2.8626
361 2.88565
362 2.89146
363 2.89339
364 2.89748
365 2.90814
366 2.91247
367 2.91511
368 2.93307
369 2.93654
370 2.94261
371 2.95116
372 2.95886
373 2.965
374 2.96981
375 2.97826
376 2.98708
