1 0.00707
2 0.00888
3 0.0137
4 0.017
5 0.02224
6 0.02613
7 0.03738
8 0.04727
9 0.05078
10 0.05453
11 0.06428
12 0.07483
13 0.08463
14 0.09367
15 0.09508
16 0.09674
17 0.1008
18 0.10543
19 0.12279
20 0.12657
21 0.13822
22 0.1478
23 0.16038
24 0.16494
25 0.1682
26 0.1827
27 0.2035
28 0.20715
29 0.21321
30 0.23302
31 0.23898
32 0.25209
33 0.25917
34 0.26607
35 0.26832
36 0.29893
37 0.31028
38 0.3378
39 0.35604
40 0.37096
41 0.38265
42 0.38923
43 0.40418
44 0.44242
45 0.44669
46 0.45007
47 0.45841
48 0.46222
49 0.46428
50 0.46995
51 0.47635
52 0.4822
53 0.48914
54 0.49383
55 0.4981
56 0.5014
57 0.51216
58 0.51721
59 0.51998
60 0.52958
61 0.53761
62 0.54456
63 0.57168
64 0.5765
65 0.57912
66 0.58281
67 0.58857
68 0.62088
69 0.64451
70 0.65056
71 0.66192
72 0.69097
73 0.70426
74 0.7115
75 0.74345
76 0.74732
77 0.75379
78 0.75861
79 0.7621
80 0.76543
81 0.77045
82 0.77695
83 0.78155
84 0.79973
85 0.80325
86 0.82533
87 0.83333
88 0.84839
89 0.85845
90 0.86042
91 0.87242
92 0.89889
93 0.90379
94 0.91496
95 0.9247
96 0.95388
97 0.97949
98 0.98693
99 1.0022
100 1.00717
101 1.0216
102 1.02701
103 1.0353
104 1.04054
105 1.04361
106 1.04636
107 1.05318
108 1.05435
109 1.06662
110 1.07223
111 1.07929
112 1.08223
113 1.08761
114 1.10105
115 1.13367
116 1.13613
117 1.13739
118 1.14947
119 1.16061
120 1.19342
121 1.19605
122 1.21055
123 1.22142
124 1.23112
125 1.23757
126 1.26161
127 1.27307
128 1.2757
129 1.27748
130 1.283
131 1.28781
132 1.29534
133 1.30298
134 1.31065
135 1.32611
136 1.33535
137 1.34837
138 1.36824
139 1.3711
140 1.39487
141 1.40854
142 1.44323
143 1.45422
144 1.46508
145 1.46789
146 1.48347
147 1.48922
148 1.49539
149 1.49849
150 1.50796
151 1.50943
152 1.51743
153 1.52556
154 1.53888
155 1.5425
156 1.55371
157 1.55797
158 1.57367
159 1.59822
160 1.60049
161 1.60411
162 1.60833
163 1.6182
164 1.62003
165 1.62786
166 1.635
167 1.64012
168 1.65078
169 1.65587
170 1.66663
171 1.67139
172 1.67877
173 1.6955
174 1.71226
175 1.73364
176 1.73518
177 1.73838
178 1.74033
179 1.74668
180 1.75351
181 1.76351
182 1.77027
183 1.77448
184 1.7778
185 1.81139
186 1.83276
187 1.83841
188 1.84595
189 1.85491
190 1.86782
191 1.87223
192 1.88556
193 1.89607
194 1.90512
195 1.91213
196 1.9225
197 1.94279
198 1.96544
199 1.98697
200 1.99595
201 2.0182
202 2.03546
203 2.05536
204 2.05673
205 2.06412
206 2.06542
207 2.08184
208 2.08859
209 2.09558
210 2.12011
211 2.14255
212 2.16847
213 2.18996
214 2.19919
215 2.20437
216 2.2093
217 2.22567
218 2.23743
219 2.24369
220 2.24952
221 2.25628
222 2.27157
223 2.27335
224 2.287
225 2.29086
226 2.30217
227 2.30506
228 2.32055
229 2.33106
230 2.34157
231 2.34552
232 2.34912
233 2.35025
234 2.36694
235 2.37163
236 2.37883
237 2.39264
238 2.40255
239 2.40574
240 2.41859
241 2.42399
242 2.42531
243 2.44501
244 2.44736
245 2.45561
246 2.47553
247 2.47939
248 2.48744
249 2.49819
250 2.51056
251 2.51188
252 2.51752
253 2.51965
254 2.53155
255 2.54587
256 2.55037
257 2.56107
258 2.57915
259 2.59417
260 2.62089
261 2.62833
262 2.64436
263 2.64941
264 2.65471
265 2.66778
266 2.67453
267 2.68647
268 2.70368
269 2.70567
270 2.73218
271 2.74694
272 2.75234
273 2.75836
274 2.75992
275 2.7826
276 2.78828
277 2.79333
278 2.79828
279 2.80151
280 2.80983
281 2.83141
282 2.85253
283 2.85784
284 2.86707
285 2.87953
286 2.88298
287 2.89719
288 2.90334
289 2.91298
290 2.91765
291 2.91935
292 2.92346
293 2.94439
294 2.9575
295 2.96181
296 2.98725
297 2.99411
