1 0.00249
2 0.01336
3 0.01583
4 0.0213
5 0.03014
6 0.05474
7 0.06028
8 0.06274
9 0.07297
10 0.07744
11 0.08566
12 0.08806
13 0.09513
14 0.09748
15 0.11029
16 0.12269
17 0.13732
18 0.15847
19 0.16237
20 0.16366
21 0.18266
22 0.18768
23 0.19129
24 0.22021
25 0.22312
26 0.22781
27 0.23318
28 0.23659
29 0.23823
30 0.26075
31 0.27299
32 0.28068
33 0.30094
34 0.3149
35 0.31874
36 0.32546
37 0.34447
38 0.34686
39 0.35468
40 0.35635
41 0.36604
42 0.37256
43 0.37449
44 0.38088
45 0.40767
46 0.41427
47 0.41976
48 0.46082
49 0.4744
50 0.48386
51 0.4959
52 0.51157
53 0.51609
54 0.51765
55 0.52475
56 0.54141
57 0.54482
58 0.55414
59 0.56291
60 0.56757
61 0.57123
62 0.58688
63 0.5954
64 0.59747
65 0.60167
66 0.62164
67 0.62486
68 0.63442
69 0.64111
70 0.6516
71 0.65643
72 0.67181
73 0.70119
74 0.70632
75 0.72162
76 0.72644
77 0.73936
78 0.74086
79 0.74661
80 0.75649
81 0.75922
82 0.76564
83 0.76939
84 0.77547
85 0.78896
86 0.79233
87 0.79638
88 0.81752
89 0.81989
90 0.82907
91 0.84224
92 0.84418
93 0.85034
94 0.86681
95 0.88292
96 0.88742
97 0.89543
98 0.89835
99 0.90439
100 0.91322
101 0.92033
102 0.92497
103 0.93365
104 0.94659
105 0.95013
106 0.9641
107 0.98132
108 0.99321
109 0.99852
110 1.0064
111 1.01647
112 1.02491
113 1.04413
114 1.04566
115 1.06351
116 1.06662
117 1.07033
118 1.08018
119 1.08335
120 1.09466
121 1.10643
122 1.11583
123 1.12255
124 1.12485
125 1.13103
126 1.15262
127 1.16114
128 1.17567
129 1.18306
130 1.19872
131 1.21154
132 1.21626
133 1.21871
134 1.2524
135 1.25565
136 1.26113
137 1.28138
138 1.28322
139 1.28735
140 1.32486
141 1.32737
142 1.32953
143 1.3333
144 1.34414
145 1.35272
146 1.36004
147 1.36682
148 1.37174
149 1.37795
150 1.38726
151 1.39421
152 1.39532
153 1.40568
154 1.42923
155 1.45182
156 1.46754
157 1.47065
158 1.47778
159 1.4808
160 1.49017
161 1.49342
162 1.50361
163 1.50464
164 1.50994
165 1.51294
166 1.53687
167 1.54108
168 1.55037
169 1.56009
170 1.57132
171 1.5907
172 1.59859
173 1.60883
174 1.61995
175 1.62604
176 1.63331
177 1.64148
178 1.64656
179 1.65129
180 1.66196
181 1.67552
182 1.679
183 1.68117
184 1.68786
185 1.7165
186 1.73419
187 1.73912
188 1.74204
189 1.75413
190 1.77062
191 1.77329
192 1.77564
193 1.78394
194 1.78685
195 1.78945
196 1.7953
197 1.80311
198 1.82502
199 1.83878
200 1.8484
201 1.85145
202 1.86121
203 1.86617
204 1.87937
205 1.88261
206 1.88684
207 1.90031
208 1.90949
209 1.92216
210 1.92563
211 1.9394
212 1.9483
213 1.97028
214 1.97733
215 1.98113
216 2.00035
217 2.00706
218 2.01508
219 2.0285
220 2.05859
221 2.06026
222 2.06292
223 2.06561
224 2.09333
225 2.10235
226 2.1064
227 2.11267
228 2.12854
229 2.13273
230 2.14204
231 2.14388
232 2.15788
233 2.16291
234 2.16875
235 2.17565
236 2.17959
237 2.18268
238 2.19691
239 2.20283
240 2.21989
241 2.22861
242 2.23063
243 2.23449
244 2.23928
245 2.26348
246 2.27428
247 2.28243
248 2.28606
249 2.29026
250 2.29177
251 2.29412
252 2.29586
253 2.29736
254 2.30628
255 2.32702
256 2.33633
257 2.34198
258 2.35728
259 2.35899
260 2.3637
261 2.37325
262 2.38069
263 2.38512
264 2.3973
265 2.40049
266 2.41463
267 2.42922
268 2.4322
269 2.43487
270 2.45461
271 2.46946
272 2.4749
273 2.47589
274 2.47787
275 2.49469
276 2.49678
277 2.511
278 2.52039
279 2.52233
280 2.53246
281 2.53555
282 2.54253
283 2.55999
284 2.57591
285 2.58217
286 2.60645
287 2.62422
288 2.62609
289 2.63683
290 2.6544
291 2.67328
292 2.68098
293 2.68943
294 2.69157
295 2.71285
296 2.72181
297 2.72952
298 2.73941
299 2.74637
300 2.7885
301 2.80473
302 2.81252
303 2.81548
304 2.82254
305 2.831
306 2.83958
307 2.84574
308 2.85505
309 2.87127
310 2.87996
311 2.88165
312 2.88592
313 2.88808
314 2.90076
315 2.90627
316 2.91366
317 2.92039
318 2.92554
319 2.93685
320 2.94137
321 2.94567
322 2.95057
323 2.95484
324 2.96874
325 2.97122
326 2.97362
327 2.99674
