1 0.00671
2 0.01189
3 0.01489
4 0.01775
5 0.02082
6 0.07294
7 0.09051
8 0.10977
9 0.12753
10 0.14265
11 0.16005
12 0.16581
13 0.17005
14 0.17493
15 0.18906
16 0.19213
17 0.19965
18 0.21728
19 0.22222
20 0.2421
21 0.26218
22 0.26647
23 0.27532
24 0.29881
25 0.32403
26 0.34252
27 0.35291
28 0.36903
29 0.37197
30 0.37953
31 0.38889
32 0.39061
33 0.40065
34 0.42244
35 0.42815
36 0.4436
37 0.4779
38 0.48552
39 0.48735
40 0.49612
41 0.49885
42 0.50079
43 0.51558
44 0.52684
45 0.54371
46 0.55865
47 0.58646
48 0.60306
49 0.61259
50 0.62184
51 0.63034
52 0.63416
53 0.65368
54 0.65627
55 0.68856
56 0.69363
57 0.70266
58 0.7058
59 0.72866
60 0.74035
61 0.74702
62 0.77257
63 0.78107
64 0.80495
65 0.81904
66 0.84997
67 0.85181
68 0.85848
69 0.8619
70 0.86784
71 0.88622
72 0.90276
73 0.91369
74 0.93356
75 0.94271
76 0.95796
77 0.97765
78 0.98465
79 0.9889
80 1.01754
81 1.0381
82 1.03992
83 1.04926
84 1.06828
85 1.07839
86 1.09117
87 1.10691
88 1.11117
89 1.11359
90 1.11591
91 1.14153
92 1.14878
93 1.15167
94 1.16484
95 1.16802
96 1.17636
97 1.18027
98 1.18593
99 1.20574
100 1.23557
101 1.23694
102 1.23854
103 1.25669
104 1.26659
105 1.27121
106 1.27612
107 1.30949
108 1.31702
109 1.32126
110 1.33754
111 1.34622
112 1.36098
113 1.37525
114 1.38372
115 1.41832
116 1.43634
117 1.44162
118 1.48516
119 1.49372
120 1.51585
121 1.5168
122 1.5232
123 1.54678
124 1.56052
125 1.59371
126 1.60044
127 1.61868
128 1.62867
129 1.63107
130 1.63747
131 1.64228
132 1.66807
133 1.69181
134 1.71516
135 1.72438
136 1.73242
137 1.73436
138 1.75122
139 1.77526
140 1.78869
141 1.79222
142 1.80136
143 1.82374
144 1.83533
145 1.83919
146 1.84358
147 1.85613
148 1.86151
149 1.87822
150 1.88844
151 1.89373
152 1.90238
153 1.93831
154 1.94058
155 1.94617
156 1.95664
157 1.97041
158 1.9858
159 1.99345
160 1.99551
161 2.00301
162 2.00949
163 2.0314
164 2.06417
165 2.08708
166 2.09202
167 2.09313
168 2.10698
169 2.11083
170 2.11564
171 2.12324
172 2.13134
173 2.14139
174 2.1567
175 2.15938
176 2.19429
177 2.19775
178 2.21788
179 2.23559
180 2.23967
181 2.24465
182 2.26188
183 2.27327
184 2.29249
185 2.3016
186 2.31727
187 2.33245
188 2.33959
189 2.34758
190 2.35998
191 2.3675
192 2.37254
193 2.38244
194 2.38694
195 2.41272
196 2.42479
197 2.43657
198 2.45063
199 2.48387
200 2.48815
201 2.49288
202 2.50468
203 2.51586
204 2.52102
205 2.54867
206 2.5831
207 2.59126
208 2.60766
209 2.60991
210 2.62395
211 2.64437
212 2.64834
213 2.65135
214 2.65492
215 2.66411
216 2.66605
217 2.67876
218 2.70203
219 2.70658
220 2.71194
221 2.72093
222 2.72953
223 2.73178
224 2.75385
225 2.76428
226 2.77304
227 2.7749
228 2.77801
229 2.80443
230 2.83316
231 2.84794
232 2.85173
233 2.86328
234 2.86961
235 2.87743
236 2.88049
237 2.88253
238 2.89415
239 2.90792
240 2.91578
241 2.92297
242 2.92592
243 2.94751
244 2.95848
245 2.9634
246 2.97806
247 2.99306
