1 0.00212
2 0.00533
3 0.00866
4 0.01442
5 0.02111
6 0.02714
7 0.03115
8 0.03359
9 0.03602
10 0.03737
11 0.05103
12 0.05623
13 0.06475
14 0.07031
15 0.08344
16 0.09665
17 0.10128
18 0.12131
19 0.12897
20 0.13509
21 0.15183
22 0.1629
23 0.16883
24 0.17582
25 0.1776
26 0.18056
27 0.18543
28 0.18976
29 0.19211
30 0.19419
31 0.19872
32 0.21366
33 0.2159
34 0.21825
35 0.22103
36 0.22728
37 0.23829
38 0.24628
39 0.24834
40 0.27352
41 0.28105
42 0.28468
43 0.28634
44 0.29605
45 0.30127
46 0.31282
47 0.31652
48 0.3323
49 0.33659
50 0.34009
51 0.34215
52 0.36189
53 0.36722
54 0.37397
55 0.38243
56 0.40371
57 0.41973
58 0.43048
59 0.43961
60 0.44557
61 0.44919
62 0.45811
63 0.46078
64 0.47174
65 0.47496
66 0.48896
67 0.493
68 0.51436
69 0.52328
70 0.52782
71 0.53003
72 0.53176
73 0.53769
74 0.54054
75 0.54436
76 0.54596
77 0.55012
78 0.57365
79 0.5879
80 0.59119
81 0.6074
82 0.62105
83 0.62584
84 0.62933
85 0.64664
86 0.64861
87 0.653
88 0.65889
89 0.66623
90 0.67439
91 0.68367
92 0.68572
93 0.70044
94 0.70554
95 0.71526
96 0.7201
97 0.72591
98 0.73213
99 0.74272
100 0.74674
101 0.75096
102 0.76276
103 0.77679
104 0.78444
105 0.79271
106 0.80262
107 0.80811
108 0.82798
109 0.83041
110 0.83713
111 0.83904
112 0.84539
113 0.86852
114 0.87715
115 0.87967
116 0.88337
117 0.88699
118 0.89877
119 0.90591
120 0.91922
121 0.93124
122 0.93964
123 0.9427
124 0.94628
125 0.94825
126 0.95299
127 0.96562
128 0.97125
129 0.97491
130 0.98736
131 0.99427
132 1.00394
133 1.0125
134 1.01674
135 1.0215
136 1.04004
137 1.04291
138 1.0469
139 1.06141
140 1.07526
141 1.08326
142 1.088
143 1.09368
144 1.12104
145 1.12886
146 1.13542
147 1.14693
148 1.15732
149 1.16259
150 1.16369
151 1.17878
152 1.18337
153 1.20195
154 1.20903
155 1.21498
156 1.22472
157 1.24105
158 1.24836
159 1.25025
160 1.25315
161 1.25546
162 1.26201
163 1.27355
164 1.29029
165 1.29454
166 1.29933
167 1.31182
168 1.31956
169 1.3445
170 1.37933
171 1.38153
172 1.38808
173 1.40683
174 1.42551
175 1.42827
176 1.4309
177 1.43788
178 1.44814
179 1.45694
180 1.45831
181 1.46236
182 1.4794
183 1.48198
184 1.4867
185 1.49277
186 1.49883
187 1.51028
188 1.52033
189 1.52259
190 1.52382
191 1.52529
192 1.54132
193 1.57055
194 1.57547
195 1.5838
196 1.58861
197 1.60069
198 1.6142
199 1.61999
200 1.62683
201 1.62814
202 1.63313
203 1.64911
204 1.65734
205 1.65894
206 1.66028
207 1.67345
208 1.67637
209 1.6805
210 1.68319
211 1.68632
212 1.69008
213 1.69424
214 1.69826
215 1.70389
216 1.71239
217 1.71783
218 1.74481
219 1.75075
220 1.75532
221 1.76353
222 1.77274
223 1.81504
224 1.82919
225 1.83288
226 1.83691
227 1.87125
228 1.88952
229 1.89917
230 1.90126
231 1.90962
232 1.92296
233 1.93179
234 1.94475
235 1.94885
236 1.95208
237 1.95663
238 1.96261
239 1.96952
240 1.97863
241 1.99173
242 2.00071
243 2.01612
244 2.01875
245 2.03082
246 2.03316
247 2.0457
248 2.06674
249 2.07263
250 2.07869
251 2.08295
252 2.08668
253 2.09606
254 2.09783
255 2.15297
256 2.17049
257 2.17376
258 2.18119
259 2.18756
260 2.19013
261 2.19208
262 2.19808
263 2.19977
264 2.2059
265 2.21038
266 2.21141
267 2.21276
268 2.22083
269 2.22387
270 2.22855
271 2.23553
272 2.25343
273 2.2621
274 2.26403
275 2.26774
276 2.27031
277 2.27814
278 2.28619
279 2.29393
280 2.32118
281 2.32335
282 2.32708
283 2.33099
284 2.36969
285 2.38026
286 2.38148
287 2.38502
288 2.40266
289 2.41478
290 2.43161
291 2.43506
292 2.43916
293 2.4413
294 2.44368
295 2.44781
296 2.45106
297 2.45563
298 2.4693
299 2.48957
300 2.50126
301 2.51393
302 2.5158
303 2.52053
304 2.52226
305 2.52774
306 2.53203
307 2.54598
308 2.54908
309 2.56316
310 2.57606
311 2.57959
312 2.5813
313 2.59192
314 2.5974
315 2.60816
316 2.62514
317 2.63643
318 2.65227
319 2.66385
320 2.67249
321 2.68382
322 2.69004
323 2.69743
324 2.70136
325 2.70598
326 2.71053
327 2.71593
328 2.72025
329 2.72208
330 2.7251
331 2.73126
332 2.75366
333 2.76285
334 2.77121
335 2.77978
336 2.78286
337 2.78799
338 2.79685
339 2.81068
340 2.8232
341 2.82827
342 2.83348
343 2.85261
344 2.88032
345 2.90385
346 2.91403
347 2.92269
348 2.93928
349 2.94717
350 2.95733
351 2.96435
352 2.97222
353 2.97373
354 2.97569
355 2.97754
356 2.98326
357 2.98966
