1 0.00155
2 0.00365
3 0.01214
4 0.01507
5 0.01811
6 0.02402
7 0.02816
8 0.03032
9 0.04672
10 0.0579
11 0.06729
12 0.07099
13 0.07366
14 0.07689
15 0.07837
16 0.08716
17 0.09819
18 0.1139
19 0.12439
20 0.12917
21 0.13832
22 0.14748
23 0.1519
24 0.15901
25 0.16289
26 0.16784
27 0.17697
28 0.18517
29 0.20138
30 0.20356
31 0.21322
32 0.2171
33 0.22705
34 0.22969
35 0.23163
36 0.23898
37 0.24043
38 0.24836
39 0.2589
40 0.27046
41 0.27308
42 0.29217
43 0.29794
44 0.30761
45 0.31749
46 0.32338
47 0.32763
48 0.33268
49 0.3347
50 0.3461
51 0.34758
52 0.34867
53 0.37354
54 0.37645
55 0.37966
56 0.38355
57 0.38912
58 0.39222
59 0.40572
60 0.41373
61 0.4208
62 0.42315
63 0.4287
64 0.43236
65 0.44049
66 0.44436
67 0.44772
68 0.45172
69 0.45501
70 0.46294
71 0.46448
72 0.47008
73 0.47902
74 0.49034
75 0.50361
76 0.52828
77 0.53375
78 0.5504
79 0.55564
80 0.56143
81 0.56763
82 0.5805
83 0.5837
84 0.58691
85 0.59167
86 0.61536
87 0.62862
88 0.6406
89 0.64301
90 0.65027
91 0.654
92 0.65882
93 0.66755
94 0.6764
95 0.68254
96 0.68354
97 0.68601
98 0.6889
99 0.69523
100 0.70428
101 0.70742
102 0.70925
103 0.71523
104 0.71785
105 0.73459
106 0.74158
107 0.74431
108 0.74616
109 0.75424
110 0.76907
111 0.77447
112 0.78779
113 0.79919
114 0.80727
115 0.81045
116 0.81314
117 0.81654
118 0.82155
119 0.82234
120 0.82692
121 0.83673
122 0.84129
123 0.85724
124 0.86616
125 0.87098
126 0.8791
127 0.88473
128 0.89663
129 0.90959
130 0.91703
131 0.93188
132 0.93323
133 0.94386
134 0.94701
135 0.95355
136 0.96315
137 0.97046
138 0.97293
139 0.97615
140 0.98479
141 0.99145
142 0.99869
143 1.0046
144 1.01104
145 1.02155
146 1.0332
147 1.05575
148 1.06035
149 1.06372
150 1.06736
151 1.07639
152 1.08511
153 1.08839
154 1.0961
155 1.11605
156 1.1211
157 1.12498
158 1.13191
159 1.13678
160 1.14367
161 1.14977
162 1.16281
163 1.17188
164 1.17298
165 1.17627
166 1.17754
167 1.18601
168 1.1889
169 1.19481
170 1.19709
171 1.21256
172 1.21452
173 1.21644
174 1.21919
175 1.22132
176 1.22388
177 1.22977
178 1.23402
179 1.23866
180 1.24809
181 1.25061
182 1.25423
183 1.2632
184 1.26608
185 1.26798
186 1.27079
187 1.27767
188 1.29423
189 1.30295
190 1.30586
191 1.30764
192 1.312
193 1.31423
194 1.31764
195 1.32785
196 1.33294
197 1.33656
198 1.34152
199 1.36371
200 1.38263
201 1.38414
202 1.39049
203 1.39656
204 1.40489
205 1.41536
206 1.41867
207 1.42184
208 1.42754
209 1.43178
210 1.44318
211 1.45816
212 1.46606
213 1.47675
214 1.47989
215 1.48255
216 1.49171
217 1.495
218 1.51041
219 1.51552
220 1.51858
221 1.5347
222 1.55631
223 1.55882
224 1.56279
225 1.56555
226 1.58007
227 1.58466
228 1.59173
229 1.59852
230 1.62874
231 1.63743
232 1.63932
233 1.65035
234 1.66251
235 1.67528
236 1.67912
237 1.69537
238 1.70074
239 1.70885
240 1.71107
241 1.72367
242 1.72721
243 1.73639
244 1.75031
245 1.76402
246 1.77217
247 1.77906
248 1.80326
249 1.8054
250 1.80932
251 1.81442
252 1.83397
253 1.83542
254 1.84559
255 1.84756
256 1.84978
257 1.85261
258 1.86371
259 1.87491
260 1.88013
261 1.88672
262 1.89218
263 1.89645
264 1.90554
265 1.90803
266 1.9148
267 1.92148
268 1.92483
269 1.92851
270 1.93276
271 1.93847
272 1.94475
273 1.94818
274 1.95383
275 1.96334
276 1.97647
277 1.98752
278 1.99079
279 2.01175
280 2.01472
281 2.05075
282 2.0606
283 2.06285
284 2.0674
285 2.0745
286 2.07788
287 2.08365
288 2.0902
289 2.11601
290 2.1243
291 2.1284
292 2.14069
293 2.14264
294 2.14931
295 2.15185
296 2.15468
297 2.1607
298 2.16846
299 2.17103
300 2.17959
301 2.18553
302 2.18738
303 2.19597
304 2.2132
305 2.22251
306 2.22601
307 2.23481
308 2.23623
309 2.24095
310 2.25849
311 2.26043
312 2.27061
313 2.27534
314 2.28072
315 2.28805
316 2.28891
317 2.29592
318 2.29747
319 2.308
320 2.31683
321 2.32039
322 2.34194
323 2.35657
324 2.36294
325 2.37264
326 2.38912
327 2.39137
328 2.39562
329 2.40239
330 2.40768
331 2.41525
332 2.41786
333 2.42332
334 2.42727
335 2.44042
336 2.45442
337 2.45671
338 2.47914
339 2.4874
340 2.49452
341 2.4997
342 2.50482
343 2.51372
344 2.51906
345 2.52523
346 2.54898
347 2.55351
348 2.55807
349 2.55981
350 2.56654
351 2.57285
352 2.57429
353 2.58037
354 2.58308
355 2.58809
356 2.62211
357 2.62891
358 2.6334
359 2.63933
360 2.64376
361 2.64631
362 2.66341
363 2.67145
364 2.67763
365 2.6863
366 2.69535
367 2.70312
368 2.71076
369 2.71999
370 2.72573
371 2.73865
372 2.74494
373 2.76456
374 2.77011
375 2.78831
376 2.79905
377 2.80431
378 2.81012
379 2.81205
380 2.81909
381 2.82237
382 2.83929
383 2.84698
384 2.84807
385 2.86836
386 2.87184
387 2.8785
388 2.88178
389 2.89126
390 2.89442
391 2.90209
392 2.91677
393 2.91893
394 2.92466
395 2.92726
396 2.94106
397 2.95261
398 2.95881
399 2.96236
400 2.9737
401 2.98343
402 2.98809
403 2.99037
404 2.99127
405 2.99645
