1 0.00431
2 0.01159
3 0.01581
4 0.02013
5 0.02437
6 0.03303
7 0.03453
8 0.0387
9 0.05428
10 0.06416
11 0.06696
12 0.07293
13 0.09128
14 0.09494
15 0.10062
16 0.1037
17 0.10765
18 0.12823
19 0.1326
20 0.14805
21 0.15431
22 0.1855
23 0.1921
24 0.21398
25 0.21677
26 0.22483
27 0.23592
28 0.24308
29 0.25128
30 0.26319
31 0.27359
32 0.27764
33 0.27918
34 0.29233
35 0.29432
36 0.30004
37 0.30225
38 0.31241
39 0.31616
40 0.33996
41 0.35716
42 0.36925
43 0.37517
44 0.38412
45 0.39137
46 0.40141
47 0.40546
48 0.41345
49 0.41756
50 0.41885
51 0.43447
52 0.44432
53 0.45855
54 0.48959
55 0.4921
56 0.50493
57 0.50765
58 0.51494
59 0.52008
60 0.5249
61 0.52944
62 0.54114
63 0.54667
64 0.55004
65 0.56526
66 0.57173
67 0.59174
68 0.59597
69 0.60745
70 0.62225
71 0.63517
72 0.63704
73 0.65148
74 0.66402
75 0.67449
76 0.70567
77 0.71282
78 0.7184
79 0.73066
80 0.74036
81 0.74394
82 0.75077
83 0.77364
84 0.7975
85 0.83444
86 0.84235
87 0.85128
88 0.85518
89 0.86322
90 0.87149
91 0.89253
92 0.89832
93 0.90022
94 0.90564
95 0.91825
96 0.92485
97 0.94106
98 0.95282
99 0.95481
100 0.95927
101 0.97192
102 0.9797
103 0.98547
104 0.99142
105 1.00101
106 1.00908
107 1.02011
108 1.02712
109 1.03274
110 1.03724
111 1.04192
112 1.05144
113 1.06005
114 1.06663
115 1.07095
116 1.07239
117 1.09181
118 1.09662
119 1.11102
120 1.11833
121 1.12782
122 1.13149
123 1.14857
124 1.15334
125 1.16189
126 1.16732
127 1.16945
128 1.18678
129 1.20714
130 1.21092
131 1.21229
132 1.2166
133 1.21961
134 1.22649
135 1.23848
136 1.24356
137 1.24731
138 1.27754
139 1.2844
140 1.29865
141 1.30383
142 1.30971
143 1.31865
144 1.3209
145 1.32343
146 1.33537
147 1.34332
148 1.34635
149 1.3478
150 1.35533
151 1.36257
152 1.37205
153 1.39292
154 1.39819
155 1.41131
156 1.41954
157 1.43001
158 1.43852
159 1.45621
160 1.46307
161 1.4727
162 1.48491
163 1.49091
164 1.49588
165 1.50727
166 1.5149
167 1.52289
168 1.53146
169 1.54922
170 1.55722
171 1.5646
172 1.56651
173 1.57466
174 1.58692
175 1.5933
176 1.59741
177 1.60852
178 1.61279
179 1.6141
180 1.63544
181 1.63727
182 1.65513
183 1.65855
184 1.66564
185 1.67301
186 1.68579
187 1.69288
188 1.69835
189 1.71354
190 1.74337
191 1.74662
192 1.75334
193 1.76406
194 1.76793
195 1.77146
196 1.77387
197 1.7874
198 1.79014
199 1.8009
200 1.80427
201 1.80962
202 1.82056
203 1.82935
204 1.83473
205 1.85645
206 1.88946
207 1.90393
208 1.90999
209 1.91878
210 1.932
211 1.94023
212 1.94498
213 1.9575
214 1.96514
215 1.97196
216 1.99032
217 1.99645
218 2.0035
219 2.02865
220 2.03728
221 2.04414
222 2.04537
223 2.05392
224 2.06511
225 2.07534
226 2.08553
227 2.08788
228 2.09132
229 2.09684
230 2.10174
231 2.10307
232 2.10764
233 2.11436
234 2.12747
235 2.13272
236 2.15042
237 2.15495
238 2.16175
239 2.16748
240 2.17526
241 2.18938
242 2.19897
243 2.21105
244 2.21356
245 2.21856
246 2.24731
247 2.2527
248 2.26809
249 2.27175
250 2.27769
251 2.28735
252 2.29474
253 2.30273
254 2.31215
255 2.31453
256 2.32034
257 2.34003
258 2.34609
259 2.36365
260 2.37089
261 2.38171
262 2.38576
263 2.39191
264 2.40521
265 2.414
266 2.41603
267 2.41866
268 2.41962
269 2.42615
270 2.46581
271 2.47109
272 2.49795
273 2.52128
274 2.52854
275 2.5312
276 2.54986
277 2.55087
278 2.5596
279 2.57441
280 2.5772
281 2.5883
282 2.5987
283 2.61996
284 2.63012
285 2.64113
286 2.65675
287 2.6615
288 2.66543
289 2.67036
290 2.67737
291 2.68933
292 2.69947
293 2.72048
294 2.72226
295 2.7417
296 2.74471
297 2.75719
298 2.75854
299 2.76799
300 2.77178
301 2.7753
302 2.78697
303 2.81315
304 2.82335
305 2.82652
306 2.8317
307 2.84235
308 2.84768
309 2.85818
310 2.87057
311 2.88424
312 2.8922
313 2.89585
314 2.90224
315 2.92076
316 2.9403
317 2.94156
318 2.95102
319 2.96397
320 2.96929
321 2.97471
322 2.98945
323 2.99308
