1 0.00628
2 0.03802
3 0.04266
4 0.04714
5 0.05165
6 0.05993
7 0.07428
8 0.08181
9 0.08952
10 0.09323
11 0.10463
12 0.1067
13 0.10915
14 0.11502
15 0.12133
16 0.13119
17 0.15675
18 0.16477
19 0.17391
20 0.19905
21 0.2066
22 0.21108
23 0.22092
24 0.23244
25 0.23895
26 0.24825
27 0.26889
28 0.28842
29 0.29686
30 0.29943
31 0.30223
32 0.3334
33 0.34273
34 0.35341
35 0.35898
36 0.36094
37 0.36328
38 0.37047
39 0.37193
40 0.39483
41 0.40868
42 0.42783
43 0.44195
44 0.45131
45 0.46036
46 0.46929
47 0.49169
48 0.50882
49 0.52271
50 0.53107
51 0.54422
52 0.54602
53 0.57806
54 0.5877
55 0.59003
56 0.59273
57 0.60562
58 0.62382
59 0.65413
60 0.6652
61 0.67259
62 0.68694
63 0.68819
64 0.69982
65 0.7062
66 0.72046
67 0.72641
68 0.73173
69 0.74296
70 0.75366
71 0.75782
72 0.76236
73 0.77255
74 0.79229
75 0.79508
76 0.80023
77 0.80872
78 0.81309
79 0.82716
80 0.8318
81 0.83628
82 0.84032
83 0.84551
84 0.86366
85 0.87926
86 0.88755
87 0.90101
88 0.90478
89 0.90584
90 0.90916
91 0.92892
92 0.93813
93 0.94433
94 0.94857
95 0.9543
96 0.96927
97 0.973
98 0.9792
99 0.99106
100 0.99699
101 1.01847
102 1.02528
103 1.02848
104 1.03152
105 1.0355
106 1.06107
107 1.08193
108 1.09998
109 1.10534
110 1.10717
111 1.11397
112 1.12297
113 1.12932
114 1.13227
115 1.15177
116 1.15358
117 1.16413
118 1.17469
119 1.17743
120 1.18128
121 1.19329
122 1.20587
123 1.2118
124 1.23074
125 1.2374
126 1.24067
127 1.26074
128 1.2656
129 1.27699
130 1.2861
131 1.296
132 1.29986
133 1.30775
134 1.31079
135 1.31751
136 1.34303
137 1.35708
138 1.36693
139 1.37809
140 1.38066
141 1.40516
142 1.40989
143 1.42631
144 1.43016
145 1.44421
146 1.45079
147 1.45951
148 1.46299
149 1.48795
150 1.49198
151 1.49598
152 1.50121
153 1.5092
154 1.51559
155 1.52527
156 1.54187
157 1.55202
158 1.56032
159 1.57017
160 1.57516
161 1.60676
162 1.61021
163 1.61274
164 1.61955
165 1.6239
166 1.63304
167 1.64282
168 1.66194
169 1.66577
170 1.6679
171 1.67949
172 1.68312
173 1.69328
174 1.69802
175 1.70198
176 1.70682
177 1.70803
178 1.73049
179 1.73848
180 1.74202
181 1.76061
182 1.79804
183 1.81583
184 1.82211
185 1.82859
186 1.83635
187 1.85305
188 1.8778
189 1.87994
190 1.88359
191 1.89687
192 1.90927
193 1.91604
194 1.93371
195 1.93893
196 1.94421
197 1.9559
198 1.95986
199 1.96496
200 1.97299
201 1.97921
202 1.99384
203 1.99956
204 2.00509
205 2.00852
206 2.01515
207 2.02915
208 2.04954
209 2.05727
210 2.07898
211 2.08191
212 2.08993
213 2.10615
214 2.11206
215 2.11995
216 2.12633
217 2.13832
218 2.14048
219 2.14182
220 2.14986
221 2.15808
222 2.17169
223 2.18707
224 2.19436
225 2.20733
226 2.22541
227 2.23871
228 2.26203
229 2.27063
230 2.28017
231 2.29134
232 2.29319
233 2.31062
234 2.32672
235 2.33951
236 2.35266
237 2.36047
238 2.36367
239 2.36691
240 2.39099
241 2.42574
242 2.44159
243 2.4428
244 2.44387
245 2.47077
246 2.49148
247 2.50204
248 2.50631
249 2.51321
250 2.53749
251 2.55156
252 2.55945
253 2.56438
254 2.57361
255 2.57994
256 2.58511
257 2.5892
258 2.60025
259 2.61769
260 2.62541
261 2.62919
262 2.63657
263 2.64022
264 2.656
265 2.67421
266 2.68426
267 2.70942
268 2.71876
269 2.75778
270 2.76413
271 2.77796
272 2.78381
273 2.79203
274 2.81389
275 2.83126
276 2.86768
277 2.87997
278 2.89399
279 2.92508
280 2.93645
281 2.94478
282 2.95498
283 2.97444
284 2.99444
