1 0.01478
2 0.02056
3 0.0362
4 0.04628
5 0.0757
6 0.09424
7 0.10854
8 0.11065
9 0.1233
10 0.13997
11 0.14297
12 0.16618
13 0.1927
14 0.20155
15 0.21196
16 0.22466
17 0.22934
18 0.23193
19 0.24509
20 0.24942
21 0.25356
22 0.27002
23 0.27447
24 0.28456
25 0.29296
26 0.31225
27 0.31608
28 0.33483
29 0.33979
30 0.34918
31 0.35648
32 0.35888
33 0.38302
34 0.39342
35 0.39713
36 0.40508
37 0.4088
38 0.41602
39 0.42631
40 0.43637
41 0.44124
42 0.44693
43 0.45987
44 0.46448
45 0.4691
46 0.47982
47 0.48256
48 0.48705
49 0.49886
50 0.49976
51 0.50312
52 0.50566
53 0.50968
54 0.53779
55 0.54505
56 0.55884
57 0.57276
58 0.57777
59 0.58181
60 0.58604
61 0.59615
62 0.60085
63 0.60633
64 0.61403
65 0.63712
66 0.64285
67 0.64672
68 0.66115
69 0.66826
70 0.67517
71 0.68531
72 0.69301
73 0.71215
74 0.72012
75 0.73311
76 0.74558
77 0.75597
78 0.75897
79 0.76701
80 0.77514
81 0.77658
82 0.78487
83 0.79368
84 0.8017
85 0.81723
86 0.82924
87 0.84294
88 0.84745
89 0.85656
90 0.86123
91 0.86497
92 0.87297
93 0.87885
94 0.88508
95 0.89326
96 0.89972
97 0.91004
98 0.92568
99 0.92682
100 0.93086
101 0.93368
102 0.93951
103 0.94186
104 0.9498
105 0.96827
106 0.97763
107 0.98259
108 0.98999
109 0.99459
110 1.00441
111 1.01034
112 1.01495
113 1.02933
114 1.04245
115 1.04487
116 1.04956
117 1.05606
118 1.06945
119 1.07151
120 1.08073
121 1.0988
122 1.10003
123 1.10246
124 1.11112
125 1.12852
126 1.13995
127 1.15696
128 1.161
129 1.16496
130 1.1748
131 1.19384
132 1.19652
133 1.20095
134 1.21222
135 1.21893
136 1.22215
137 1.22936
138 1.23197
139 1.23504
140 1.24075
141 1.26113
142 1.27443
143 1.29686
144 1.30597
145 1.30923
146 1.31543
147 1.32283
148 1.34096
149 1.347
150 1.35917
151 1.36108
152 1.37432
153 1.37659
154 1.39243
155 1.39913
156 1.41371
157 1.4161
158 1.42842
159 1.43614
160 1.45418
161 1.45619
162 1.4722
163 1.47521
164 1.48081
165 1.48623
166 1.49082
167 1.49856
168 1.50217
169 1.5136
170 1.52663
171 1.53966
172 1.54299
173 1.54666
174 1.55801
175 1.55914
176 1.5642
177 1.57141
178 1.59549
179 1.60221
180 1.61973
181 1.62409
182 1.63193
183 1.65215
184 1.66978
185 1.67193
186 1.67282
187 1.67721
188 1.68014
189 1.68585
190 1.68796
191 1.69266
192 1.69388
193 1.70936
194 1.71335
195 1.72493
196 1.74052
197 1.74396
198 1.75494
199 1.77382
200 1.78197
201 1.78941
202 1.79382
203 1.79971
204 1.80371
205 1.81163
206 1.81739
207 1.82165
208 1.82867
209 1.83343
210 1.83743
211 1.84425
212 1.8583
213 1.86762
214 1.87054
215 1.88228
216 1.88654
217 1.89573
218 1.90806
219 1.92002
220 1.92726
221 1.94682
222 1.96064
223 1.96813
224 1.97387
225 1.99122
226 1.99614
227 2.00343
228 2.00884
229 2.01084
230 2.01507
231 2.01918
232 2.0292
233 2.03454
234 2.03855
235 2.04179
236 2.04504
237 2.05173
238 2.06554
239 2.07558
240 2.08598
241 2.08685
242 2.1099
243 2.1201
244 2.12499
245 2.1386
246 2.14233
247 2.14647
248 2.16135
249 2.18233
250 2.19528
251 2.20804
252 2.21865
253 2.23162
254 2.24801
255 2.25362
256 2.26232
257 2.27089
258 2.27608
259 2.28148
260 2.30094
261 2.31482
262 2.32369
263 2.33123
264 2.33723
265 2.34211
266 2.35514
267 2.3724
268 2.37937
269 2.40503
270 2.41531
271 2.41871
272 2.43611
273 2.4433
274 2.46157
275 2.5043
276 2.52334
277 2.54804
278 2.55291
279 2.55995
280 2.57225
281 2.58708
282 2.59654
283 2.62962
284 2.64196
285 2.64981
286 2.6519
287 2.66697
288 2.67694
289 2.67931
290 2.68136
291 2.68893
292 2.70208
293 2.70576
294 2.70782
295 2.71484
296 2.72725
297 2.74022
298 2.76242
299 2.7637
300 2.77134
301 2.77367
302 2.80386
303 2.81856
304 2.83382
305 2.83761
306 2.84551
307 2.85496
308 2.85916
309 2.87068
310 2.8773
311 2.88019
312 2.90207
313 2.91012
314 2.91278
315 2.91558
316 2.92788
317 2.93572
318 2.94096
319 2.96025
320 2.96373
321 2.97309
322 2.97514
323 2.99196
