1 0.00262
2 0.01136
3 0.01355
4 0.0146
5 0.02218
6 0.05634
7 0.06583
8 0.07374
9 0.0768
10 0.08365
11 0.09225
12 0.1016
13 0.10704
14 0.11659
15 0.14265
16 0.1474
17 0.15704
18 0.15988
19 0.1733
20 0.17808
21 0.1911
22 0.19546
23 0.19862
24 0.20019
25 0.20489
26 0.21922
27 0.22778
28 0.23109
29 0.23938
30 0.24583
31 0.24991
32 0.2657
33 0.26868
34 0.27039
35 0.28918
36 0.30237
37 0.30911
38 0.33885
39 0.34741
40 0.35626
41 0.36091
42 0.36509
43 0.36782
44 0.37283
45 0.38058
46 0.3838
47 0.38704
48 0.39175
49 0.41446
50 0.42617
51 0.43388
52 0.43993
53 0.45062
54 0.47242
55 0.48117
56 0.48753
57 0.49037
58 0.49468
59 0.51334
60 0.51512
61 0.52608
62 0.53686
63 0.53967
64 0.54485
65 0.55066
66 0.56425
67 0.57113
68 0.58187
69 0.58426
70 0.60219
71 0.6133
72 0.61543
73 0.61777
74 0.62618
75 0.62767
76 0.63374
77 0.64034
78 0.64482
79 0.64697
80 0.66752
81 0.67056
82 0.68197
83 0.68761
84 0.68971
85 0.69724
86 0.73391
87 0.74302
88 0.76129
89 0.76872
90 0.78089
91 0.80123
92 0.84136
93 0.85084
94 0.8633
95 0.86759
96 0.87227
97 0.87812
98 0.88714
99 0.89922
100 0.90175
101 0.91947
102 0.92254
103 0.93025
104 0.93631
105 0.94516
106 0.94984
107 0.97687
108 0.99221
109 0.99756
110 1.00042
111 1.01652
112 1.04697
113 1.07019
114 1.08328
115 1.08465
116 1.09459
117 1.10758
118 1.1109
119 1.11732
120 1.11994
121 1.12912
122 1.13347
123 1.13752
124 1.13909
125 1.14343
126 1.15078
127 1.1841
128 1.20086
129 1.20207
130 1.20995
131 1.22423
132 1.23309
133 1.24729
134 1.25214
135 1.25983
136 1.26919
137 1.27162
138 1.28022
139 1.29228
140 1.32556
141 1.33348
142 1.33789
143 1.34156
144 1.35331
145 1.35564
146 1.36085
147 1.36605
148 1.3756
149 1.38712
150 1.39766
151 1.4025
152 1.40336
153 1.40873
154 1.44505
155 1.44924
156 1.46098
157 1.46273
158 1.4691
159 1.47222
160 1.4784
161 1.48459
162 1.49308
163 1.49753
164 1.51984
165 1.56259
166 1.58173
167 1.59222
168 1.60251
169 1.60991
170 1.61964
171 1.62838
172 1.63392
173 1.64334
174 1.65025
175 1.67045
176 1.67314
177 1.68868
178 1.69082
179 1.70258
180 1.70371
181 1.72977
182 1.74201
183 1.76563
184 1.80058
185 1.8044
186 1.82136
187 1.83128
188 1.83658
189 1.85389
190 1.86075
191 1.86535
192 1.87938
193 1.88137
194 1.88992
195 1.89195
196 1.89722
197 1.90733
198 1.91924
199 1.9296
200 1.93587
201 1.93882
202 1.94815
203 1.9581
204 1.98187
205 1.99466
206 2.00933
207 2.02057
208 2.03558
209 2.03681
210 2.05264
211 2.06861
212 2.08091
213 2.10262
214 2.10912
215 2.12697
216 2.13457
217 2.13818
218 2.14393
219 2.14944
220 2.1563
221 2.16915
222 2.17065
223 2.18672
224 2.19232
225 2.21094
226 2.22051
227 2.23422
228 2.23757
229 2.2445
230 2.24566
231 2.25933
232 2.26146
233 2.27279
234 2.28769
235 2.32014
236 2.3299
237 2.33272
238 2.34073
239 2.37294
240 2.3791
241 2.38301
242 2.38729
243 2.40883
244 2.41587
245 2.41773
246 2.42335
247 2.43486
248 2.44486
249 2.44882
250 2.45036
251 2.45288
252 2.45612
253 2.45896
254 2.4671
255 2.48454
256 2.49644
257 2.49923
258 2.51029
259 2.52149
260 2.52577
261 2.52771
262 2.55488
263 2.56682
264 2.58676
265 2.60399
266 2.60862
267 2.61246
268 2.61464
269 2.61566
270 2.62333
271 2.62781
272 2.63628
273 2.63862
274 2.64971
275 2.659
276 2.66873
277 2.67422
278 2.68399
279 2.68523
280 2.69147
281 2.69822
282 2.70643
283 2.71867
284 2.7289
285 2.73236
286 2.73808
287 2.74431
288 2.75351
289 2.76211
290 2.76473
291 2.77342
292 2.77474
293 2.80168
294 2.82203
295 2.83429
296 2.83876
297 2.84282
298 2.8445
299 2.85272
300 2.8547
301 2.85751
302 2.87274
303 2.87606
304 2.88606
305 2.89902
306 2.90575
307 2.90974
308 2.91483
309 2.92204
310 2.92592
311 2.94181
312 2.94685
313 2.95263
314 2.95728
315 2.96044
316 2.96655
317 2.97973
318 2.98337
