1 0.0044
2 0.00738
3 0.02381
4 0.02554
5 0.02659
6 0.03556
7 0.04696
8 0.05852
9 0.06877
10 0.07263
11 0.07559
12 0.09224
13 0.10088
14 0.10508
15 0.1135
16 0.13143
17 0.13461
18 0.14163
19 0.15902
20 0.17024
21 0.18984
22 0.19972
23 0.20124
24 0.20326
25 0.21098
26 0.21525
27 0.22027
28 0.22947
29 0.23749
30 0.24591
31 0.2559
32 0.27241
33 0.27874
34 0.28423
35 0.31477
36 0.33258
37 0.33644
38 0.34124
39 0.35967
40 0.37846
41 0.38103
42 0.39393
43 0.40374
44 0.40775
45 0.41585
46 0.42852
47 0.44415
48 0.44845
49 0.46492
50 0.47253
51 0.48981
52 0.50087
53 0.5081
54 0.51916
55 0.52584
56 0.53743
57 0.54163
58 0.54367
59 0.54701
60 0.55003
61 0.55349
62 0.57009
63 0.5835
64 0.59849
65 0.63392
66 0.63694
67 0.63796
68 0.6412
69 0.65251
70 0.65831
71 0.6752
72 0.67802
73 0.69712
74 0.70522
75 0.71983
76 0.72571
77 0.72811
78 0.7441
79 0.75943
80 0.76856
81 0.79561
82 0.81112
83 0.82139
84 0.83419
85 0.84089
86 0.85135
87 0.85454
88 0.87352
89 0.89555
90 0.89855
91 0.90066
92 0.90257
93 0.9102
94 0.91653
95 0.93195
96 0.94647
97 0.94761
98 0.96605
99 0.981
100 0.98956
101 0.99189
102 1.00987
103 1.01441
104 1.01852
105 1.02349
106 1.02794
107 1.04462
108 1.0516
109 1.06369
110 1.07172
111 1.07904
112 1.0829
113 1.08891
114 1.11527
115 1.12398
116 1.12535
117 1.12862
118 1.15029
119 1.15356
120 1.16146
121 1.17582
122 1.18444
123 1.19439
124 1.23686
125 1.24141
126 1.24983
127 1.27247
128 1.28451
129 1.29251
130 1.29484
131 1.30254
132 1.32438
133 1.33325
134 1.37548
135 1.38821
136 1.39794
137 1.40754
138 1.42265
139 1.42534
140 1.44362
141 1.45945
142 1.47971
143 1.4903
144 1.50599
145 1.51052
146 1.52318
147 1.53883
148 1.55102
149 1.56419
150 1.57126
151 1.59097
152 1.59483
153 1.6165
154 1.64344
155 1.64962
156 1.65085
157 1.65569
158 1.68135
159 1.69169
160 1.70339
161 1.70954
162 1.72629
163 1.73976
164 1.74442
165 1.74684
166 1.75689
167 1.76854
168 1.7715
169 1.80939
170 1.83129
171 1.83874
172 1.88398
173 1.9134
174 1.92527
175 1.94086
176 1.95722
177 1.9712
178 1.99119
179 1.99209
180 2.00169
181 2.01019
182 2.01239
183 2.02382
184 2.02809
185 2.03441
186 2.0543
187 2.06534
188 2.08043
189 2.08961
190 2.09591
191 2.10404
192 2.15164
193 2.18476
194 2.21233
195 2.2337
196 2.24013
197 2.24868
198 2.25336
199 2.26168
200 2.27966
201 2.29526
202 2.3194
203 2.32104
204 2.33057
205 2.34283
206 2.35128
207 2.35337
208 2.35615
209 2.36846
210 2.38867
211 2.40753
212 2.42161
213 2.42684
214 2.44987
215 2.45291
216 2.48086
217 2.49487
218 2.50105
219 2.50738
220 2.51533
221 2.53307
222 2.54304
223 2.54436
224 2.54779
225 2.5607
226 2.56736
227 2.58241
228 2.59003
229 2.60081
230 2.60806
231 2.61363
232 2.6206
233 2.64292
234 2.679
235 2.68292
236 2.70189
237 2.70452
238 2.70979
239 2.71287
240 2.72633
241 2.73026
242 2.74447
243 2.74837
244 2.75506
245 2.76347
246 2.76575
247 2.77163
248 2.7752
249 2.78874
250 2.80288
251 2.82287
252 2.83756
253 2.84173
254 2.85077
255 2.85434
256 2.86723
257 2.87494
258 2.87724
259 2.88651
260 2.88941
261 2.89141
262 2.90472
263 2.92046
264 2.92411
265 2.93279
266 2.94766
267 2.95606
268 2.95935
269 2.968
270 2.97811
271 2.98222
272 2.99075
