1 0.00528
2 0.00859
3 0.01384
4 0.01548
5 0.01815
6 0.02296
7 0.03943
8 0.04128
9 0.05873
10 0.08421
11 0.08896
12 0.09214
13 0.09641
14 0.12182
15 0.12818
16 0.13463
17 0.1367
18 0.14768
19 0.15143
20 0.15917
21 0.16704
22 0.17086
23 0.19858
24 0.20256
25 0.20497
26 0.20796
27 0.22199
28 0.2294
29 0.23409
30 0.23783
31 0.24256
32 0.24476
33 0.25015
34 0.26214
35 0.26632
36 0.26979
37 0.27285
38 0.28332
39 0.28686
40 0.29494
41 0.29704
42 0.30672
43 0.31658
44 0.31827
45 0.32907
46 0.34574
47 0.3607
48 0.3656
49 0.372
50 0.37611
51 0.38835
52 0.3936
53 0.39505
54 0.40322
55 0.42143
56 0.42532
57 0.43131
58 0.44649
59 0.45383
60 0.4601
61 0.4656
62 0.47418
63 0.48491
64 0.48658
65 0.48992
66 0.49249
67 0.50203
68 0.50685
69 0.5252
70 0.53566
71 0.5408
72 0.55533
73 0.56536
74 0.58778
75 0.5906
76 0.60959
77 0.62075
78 0.62466
79 0.63081
80 0.63764
81 0.6586
82 0.66639
83 0.66809
84 0.67202
85 0.6849
86 0.69013
87 0.6939
88 0.70809
89 0.71142
90 0.71353
91 0.71499
92 0.72415
93 0.7293
94 0.73727
95 0.7442
96 0.76459
97 0.78429
98 0.78697
99 0.79101
100 0.80326
101 0.82157
102 0.82466
103 0.82956
104 0.83439
105 0.84738
106 0.84949
107 0.86603
108 0.873
109 0.87798
110 0.88643
111 0.89177
112 0.89618
113 0.91106
114 0.93451
115 0.95093
116 0.95703
117 0.96399
118 0.96671
119 0.98004
120 0.98249
121 0.98921
122 0.9971
123 1.01306
124 1.02697
125 1.0305
126 1.04047
127 1.06998
128 1.08332
129 1.09369
130 1.12547
131 1.13544
132 1.13691
133 1.13839
134 1.14462
135 1.15262
136 1.15902
137 1.16283
138 1.19053
139 1.21062
140 1.22311
141 1.23856
142 1.24406
143 1.26042
144 1.27729
145 1.28422
146 1.2886
147 1.29212
148 1.31055
149 1.31918
150 1.33065
151 1.33725
152 1.36669
153 1.38255
154 1.40172
155 1.41014
156 1.41174
157 1.4226
158 1.43358
159 1.45182
160 1.46469
161 1.48646
162 1.49262
163 1.50862
164 1.51659
165 1.52466
166 1.53008
167 1.54939
168 1.55504
169 1.55879
170 1.58745
171 1.58903
172 1.5902
173 1.6029
174 1.6166
175 1.6247
176 1.62617
177 1.63764
178 1.64027
179 1.66246
180 1.68009
181 1.68753
182 1.70699
183 1.71136
184 1.73806
185 1.75435
186 1.76326
187 1.76659
188 1.7766
189 1.78279
190 1.79262
191 1.80461
192 1.81292
193 1.84207
194 1.845
195 1.8577
196 1.87
197 1.87752
198 1.89353
199 1.89949
200 1.90898
201 1.92561
202 1.93081
203 1.94158
204 1.94859
205 1.962
206 1.96506
207 1.977
208 1.98294
209 1.98616
210 1.99321
211 2.00361
212 2.01006
213 2.02647
214 2.039
215 2.05067
216 2.07918
217 2.08614
218 2.09228
219 2.10407
220 2.11286
221 2.12104
222 2.13298
223 2.14661
224 2.15924
225 2.16653
226 2.18312
227 2.18614
228 2.19817
229 2.20277
230 2.23126
231 2.24192
232 2.24596
233 2.26418
234 2.26836
235 2.26974
236 2.27845
237 2.28776
238 2.31126
239 2.31933
240 2.32099
241 2.32933
242 2.33777
243 2.33921
244 2.37179
245 2.37589
246 2.38887
247 2.39252
248 2.39889
249 2.40629
250 2.41329
251 2.41465
252 2.42527
253 2.43285
254 2.4392
255 2.4409
256 2.45045
257 2.45612
258 2.45773
259 2.4607
260 2.47639
261 2.48374
262 2.48905
263 2.49538
264 2.49869
265 2.5031
266 2.50757
267 2.52787
268 2.53293
269 2.53601
270 2.55224
271 2.56341
272 2.56672
273 2.5852
274 2.59166
275 2.61117
276 2.61962
277 2.62435
278 2.63015
279 2.64684
280 2.65206
281 2.6572
282 2.68425
283 2.70472
284 2.70778
285 2.71332
286 2.72485
287 2.7274
288 2.73071
289 2.73664
290 2.75782
291 2.77479
292 2.78476
293 2.7958
294 2.81037
295 2.82432
296 2.8394
297 2.84238
298 2.87698
299 2.89363
300 2.89759
301 2.89958
302 2.90086
303 2.90427
304 2.9109
305 2.94447
306 2.96596
307 2.98696
