1 0.00582
2 0.01163
3 0.01433
4 0.03216
5 0.0499
6 0.05375
7 0.05865
8 0.0771
9 0.08082
10 0.08669
11 0.10238
12 0.12004
13 0.12675
14 0.13444
15 0.14189
16 0.14893
17 0.15752
18 0.17437
19 0.17636
20 0.18691
21 0.19072
22 0.19249
23 0.19915
24 0.20766
25 0.21292
26 0.21511
27 0.23329
28 0.23636
29 0.24689
30 0.24987
31 0.25507
32 0.25885
33 0.26766
34 0.2846
35 0.28852
36 0.2979
37 0.30247
38 0.30502
39 0.3113
40 0.34825
41 0.36646
42 0.37964
43 0.38301
44 0.38408
45 0.39232
46 0.40037
47 0.40872
48 0.41633
49 0.42592
50 0.43139
51 0.43367
52 0.44217
53 0.45601
54 0.45875
55 0.47209
56 0.47737
57 0.48462
58 0.49861
59 0.50129
60 0.50456
61 0.52765
62 0.53525
63 0.53716
64 0.53973
65 0.54496
66 0.54773
67 0.556
68 0.58004
69 0.58236
70 0.58971
71 0.61789
72 0.6264
73 0.63425
74 0.63949
75 0.64962
76 0.65859
77 0.66578
78 0.66811
79 0.67521
80 0.68012
81 0.68113
82 0.68345
83 0.69464
84 0.72006
85 0.73753
86 0.74279
87 0.76118
88 0.76459
89 0.77719
90 0.77804
91 0.78804
92 0.78935
93 0.79188
94 0.79629
95 0.81098
96 0.81316
97 0.82514
98 0.82976
99 0.83649
100 0.84401
101 0.84531
102 0.85043
103 0.87552
104 0.89835
105 0.91615
106 0.92129
107 0.92867
108 0.93792
109 0.94561
110 0.95389
111 0.95933
112 0.96135
113 0.96375
114 0.98471
115 0.99263
116 1.00576
117 1.00814
118 1.01086
119 1.01619
120 1.02114
121 1.03313
122 1.04176
123 1.05325
124 1.06135
125 1.07178
126 1.09213
127 1.10221
128 1.12227
129 1.12431
130 1.12542
131 1.14239
132 1.15917
133 1.1671
134 1.1712
135 1.18759
136 1.20561
137 1.20917
138 1.24587
139 1.26248
140 1.26854
141 1.28638
142 1.28931
143 1.29235
144 1.30065
145 1.30489
146 1.31252
147 1.31916
148 1.3292
149 1.337
150 1.35217
151 1.3693
152 1.37166
153 1.37382
154 1.38036
155 1.38253
156 1.39634
157 1.41345
158 1.41717
159 1.43343
160 1.44666
161 1.45045
162 1.45442
163 1.45763
164 1.46048
165 1.47956
166 1.48765
167 1.49016
168 1.51174
169 1.51796
170 1.5206
171 1.52542
172 1.52774
173 1.53103
174 1.53823
175 1.54434
176 1.54809
177 1.54989
178 1.55388
179 1.57547
180 1.58225
181 1.59633
182 1.60094
183 1.62729
184 1.63199
185 1.63548
186 1.64155
187 1.65466
188 1.66351
189 1.67786
190 1.68874
191 1.69081
192 1.69864
193 1.70634
194 1.70817
195 1.74595
196 1.7532
197 1.75696
198 1.76696
199 1.772
200 1.77817
201 1.78064
202 1.78882
203 1.79088
204 1.80638
205 1.81263
206 1.83025
207 1.83427
208 1.84507
209 1.86867
210 1.87839
211 1.88061
212 1.88799
213 1.91176
214 1.91295
215 1.9186
216 1.92245
217 1.92359
218 1.92617
219 1.9277
220 1.92997
221 1.9423
222 1.94842
223 1.95492
224 1.95884
225 1.96326
226 1.97362
227 1.97877
228 1.9914
229 1.99295
230 2.00367
231 2.01371
232 2.01631
233 2.03319
234 2.04605
235 2.05183
236 2.0595
237 2.07334
238 2.091
239 2.10116
240 2.11653
241 2.12209
242 2.12803
243 2.13525
244 2.13739
245 2.14341
246 2.16223
247 2.16887
248 2.17989
249 2.19477
250 2.1966
251 2.2075
252 2.21668
253 2.23026
254 2.23321
255 2.2349
256 2.24236
257 2.25905
258 2.26531
259 2.27262
260 2.27889
261 2.28006
262 2.29654
263 2.30397
264 2.31566
265 2.34632
266 2.3732
267 2.37791
268 2.39367
269 2.40697
270 2.41951
271 2.4259
272 2.42814
273 2.43613
274 2.4427
275 2.45996
276 2.47969
277 2.4842
278 2.48811
279 2.49519
280 2.5061
281 2.51757
282 2.5225
283 2.53036
284 2.5392
285 2.5418
286 2.5634
287 2.5761
288 2.58223
289 2.58477
290 2.59281
291 2.60664
292 2.62639
293 2.62803
294 2.63993
295 2.64763
296 2.67473
297 2.68174
298 2.68502
299 2.69249
300 2.69965
301 2.7051
302 2.72664
303 2.7308
304 2.7439
305 2.75219
306 2.75513
307 2.76587
308 2.76979
309 2.77329
310 2.77566
311 2.78132
312 2.7934
313 2.80515
314 2.81242
315 2.83128
316 2.8404
317 2.84704
318 2.85635
319 2.86858
320 2.87356
321 2.87613
322 2.88399
323 2.88684
324 2.89964
325 2.906
326 2.9088
327 2.9181
328 2.92022
329 2.92447
330 2.92886
331 2.9417
332 2.94253
333 2.94409
334 2.94883
335 2.95842
336 2.96076
337 2.96388
338 2.97068
339 2.97531
340 2.99769
