1 0.00203
2 0.00522
3 0.01031
4 0.02107
5 0.02445
6 0.03118
7 0.03694
8 0.04266
9 0.05779
10 0.06042
11 0.06398
12 0.07488
13 0.08266
14 0.08484
15 0.09167
16 0.09329
17 0.09497
18 0.10273
19 0.10488
20 0.11103
21 0.12022
22 0.14177
23 0.15173
24 0.15923
25 0.17919
26 0.18803
27 0.19325
28 0.21158
29 0.22674
30 0.23009
31 0.23691
32 0.24084
33 0.26016
34 0.26289
35 0.26648
36 0.26936
37 0.28568
38 0.299
39 0.30233
40 0.32616
41 0.33909
42 0.34193
43 0.34847
44 0.35582
45 0.3617
46 0.36539
47 0.36959
48 0.373
49 0.38737
50 0.40913
51 0.42538
52 0.43324
53 0.43571
54 0.44
55 0.44576
56 0.44918
57 0.47336
58 0.4757
59 0.47879
60 0.49463
61 0.51729
62 0.52008
63 0.52674
64 0.54235
65 0.5464
66 0.54856
67 0.55897
68 0.57818
69 0.58243
70 0.59772
71 0.60139
72 0.60839
73 0.61454
74 0.6212
75 0.62742
76 0.63082
77 0.63995
78 0.64842
79 0.65324
80 0.6598
81 0.67049
82 0.68179
83 0.68622
84 0.69237
85 0.71811
86 0.72344
87 0.74957
88 0.75677
89 0.77031
90 0.77547
91 0.78126
92 0.79433
93 0.80207
94 0.81014
95 0.81993
96 0.83065
97 0.84443
98 0.8455
99 0.84928
100 0.85107
101 0.85669
102 0.86158
103 0.88039
104 0.88758
105 0.91103
106 0.91758
107 0.92997
108 0.93307
109 0.93641
110 0.95242
111 0.95922
112 0.96501
113 0.97655
114 0.98244
115 0.98485
116 0.98819
117 0.99154
118 0.99678
119 1.01119
120 1.01989
121 1.02811
122 1.03959
123 1.04925
124 1.05916
125 1.06237
126 1.06553
127 1.06931
128 1.07296
129 1.08527
130 1.09227
131 1.09478
132 1.0982
133 1.10624
134 1.11004
135 1.11541
136 1.12179
137 1.12565
138 1.13237
139 1.13717
140 1.14076
141 1.14251
142 1.15022
143 1.16133
144 1.17471
145 1.18279
146 1.20576
147 1.21611
148 1.23011
149 1.23486
150 1.25918
151 1.26375
152 1.27146
153 1.27871
154 1.28896
155 1.29136
156 1.29576
157 1.29776
158 1.30021
159 1.30209
160 1.31832
161 1.32086
162 1.32464
163 1.33045
164 1.33591
165 1.35011
166 1.36233
167 1.36621
168 1.36957
169 1.37193
170 1.37597
171 1.42725
172 1.42809
173 1.43759
174 1.44504
175 1.44699
176 1.44975
177 1.45396
178 1.47464
179 1.48027
180 1.48431
181 1.48921
182 1.51354
183 1.52381
184 1.5252
185 1.52797
186 1.53235
187 1.5426
188 1.54621
189 1.55468
190 1.57053
191 1.58696
192 1.59622
193 1.60681
194 1.62036
195 1.62825
196 1.64571
197 1.64815
198 1.66313
199 1.67404
200 1.67624
201 1.68028
202 1.68803
203 1.69523
204 1.6972
205 1.70814
206 1.71839
207 1.72358
208 1.72889
209 1.74045
210 1.74297
211 1.74653
212 1.76393
213 1.77203
214 1.77371
215 1.78039
216 1.78976
217 1.80735
218 1.82641
219 1.83025
220 1.84221
221 1.84719
222 1.85782
223 1.86802
224 1.87511
225 1.87747
226 1.8816
227 1.88556
228 1.89124
229 1.90322
230 1.91064
231 1.91971
232 1.9228
233 1.9313
234 1.94172
235 1.94945
236 1.96961
237 1.97377
238 1.9831
239 2.00724
240 2.01968
241 2.0244
242 2.02629
243 2.03583
244 2.05217
245 2.06443
246 2.07119
247 2.07514
248 2.08216
249 2.08442
250 2.09071
251 2.09774
252 2.10437
253 2.10589
254 2.11034
255 2.12519
256 2.1278
257 2.13026
258 2.13274
259 2.16736
260 2.18352
261 2.18681
262 2.21964
263 2.22388
264 2.22558
265 2.23841
266 2.25812
267 2.26094
268 2.2639
269 2.2652
270 2.27324
271 2.27527
272 2.28719
273 2.28903
274 2.29805
275 2.31265
276 2.31743
277 2.32337
278 2.32948
279 2.3319
280 2.3364
281 2.33891
282 2.34141
283 2.35433
284 2.35958
285 2.38332
286 2.40092
287 2.42019
288 2.42471
289 2.43243
290 2.43472
291 2.44372
292 2.44957
293 2.4533
294 2.46377
295 2.48761
296 2.50973
297 2.51762
298 2.52564
299 2.52689
300 2.53136
301 2.54047
302 2.54797
303 2.55508
304 2.55694
305 2.56096
306 2.56673
307 2.57247
308 2.58189
309 2.60012
310 2.60566
311 2.61145
312 2.61924
313 2.62449
314 2.64553
315 2.65479
316 2.65872
317 2.66614
318 2.67037
319 2.6753
320 2.67957
321 2.68349
322 2.68669
323 2.68988
324 2.69539
325 2.69845
326 2.71745
327 2.72951
328 2.73617
329 2.74474
330 2.77014
331 2.77111
332 2.77651
333 2.79049
334 2.79337
335 2.80178
336 2.80869
337 2.82153
338 2.82602
339 2.82807
340 2.83389
341 2.84767
342 2.85217
343 2.86303
344 2.87052
345 2.87244
346 2.87779
347 2.89084
348 2.89777
349 2.90317
350 2.91666
351 2.92616
352 2.92952
353 2.95423
354 2.95985
355 2.9693
356 2.97408
357 2.98219
358 2.99345
