1 0.00171
2 0.00468
3 0.00603
4 0.00862
5 0.01316
6 0.01451
7 0.01799
8 0.02495
9 0.02986
10 0.03816
11 0.05279
12 0.05808
13 0.06423
14 0.06815
15 0.0731
16 0.08104
17 0.0865
18 0.09209
19 0.09701
20 0.10597
21 0.11966
22 0.13109
23 0.13655
24 0.1408
25 0.15031
26 0.15196
27 0.15624
28 0.15897
29 0.16608
30 0.17858
31 0.17966
32 0.18149
33 0.19495
34 0.20058
35 0.20246
36 0.20652
37 0.23537
38 0.23976
39 0.26699
40 0.27011
41 0.27199
42 0.28173
43 0.28969
44 0.29745
45 0.30083
46 0.30301
47 0.31172
48 0.3127
49 0.32768
50 0.32997
51 0.33214
52 0.33661
53 0.34119
54 0.3445
55 0.36753
56 0.37925
57 0.40276
58 0.4133
59 0.41757
60 0.42121
61 0.43171
62 0.44606
63 0.45198
64 0.47962
65 0.50032
66 0.51209
67 0.51772
68 0.52072
69 0.52369
70 0.52787
71 0.53284
72 0.5342
73 0.55373
74 0.56248
75 0.57435
76 0.5857
77 0.58805
78 0.59624
79 0.60416
80 0.61116
81 0.61975
82 0.62119
83 0.6263
84 0.64042
85 0.65298
86 0.66013
87 0.6688
88 0.67918
89 0.68175
90 0.68442
91 0.68671
92 0.70294
93 0.7048
94 0.714
95 0.73128
96 0.73412
97 0.74477
98 0.75379
99 0.75943
100 0.76245
101 0.76774
102 0.77499
103 0.78474
104 0.78859
105 0.79154
106 0.80844
107 0.81133
108 0.82343
109 0.82704
110 0.83779
111 0.84085
112 0.8442
113 0.84599
114 0.85479
115 0.86365
116 0.87095
117 0.88442
118 0.89613
119 0.90159
120 0.90415
121 0.91012
122 0.9117
123 0.9163
124 0.93499
125 0.94299
126 0.95896
127 0.97975
128 0.98554
129 0.99197
130 0.99876
131 1.01488
132 1.0216
133 1.03091
134 1.03769
135 1.0428
136 1.05756
137 1.0602
138 1.06986
139 1.08368
140 1.08697
141 1.08976
142 1.093
143 1.10356
144 1.11363
145 1.13886
146 1.14225
147 1.14514
148 1.1508
149 1.155
150 1.1562
151 1.15762
152 1.16049
153 1.16606
154 1.17814
155 1.18242
156 1.20587
157 1.2094
158 1.22947
159 1.24009
160 1.24285
161 1.24882
162 1.25667
163 1.26389
164 1.27107
165 1.27504
166 1.28064
167 1.28388
168 1.2912
169 1.29613
170 1.30055
171 1.31001
172 1.31609
173 1.31905
174 1.32476
175 1.34057
176 1.34248
177 1.34654
178 1.34829
179 1.37739
180 1.38879
181 1.39978
182 1.40331
183 1.41589
184 1.43629
185 1.44156
186 1.44814
187 1.45254
188 1.45482
189 1.45773
190 1.46
191 1.48154
192 1.48734
193 1.49879
194 1.50549
195 1.5159
196 1.52041
197 1.52927
198 1.54991
199 1.56292
200 1.5713
201 1.59056
202 1.60277
203 1.61193
204 1.62213
205 1.64581
206 1.6506
207 1.65973
208 1.66084
209 1.6661
210 1.67909
211 1.68707
212 1.69094
213 1.7001
214 1.71313
215 1.72475
216 1.73046
217 1.73821
218 1.74101
219 1.74371
220 1.74591
221 1.74958
222 1.76656
223 1.78438
224 1.78599
225 1.80104
226 1.81082
227 1.81902
228 1.83131
229 1.83287
230 1.8366
231 1.83884
232 1.84342
233 1.85212
234 1.8703
235 1.89504
236 1.9007
237 1.90543
238 1.91613
239 1.92452
240 1.93103
241 1.95365
242 1.95802
243 1.9827
244 1.98743
245 1.9891
246 1.99531
247 1.99811
248 2.00772
249 2.0179
250 2.0246
251 2.02724
252 2.04031
253 2.05477
254 2.05831
255 2.06895
256 2.07407
257 2.08103
258 2.08611
259 2.10723
260 2.1469
261 2.1535
262 2.15599
263 2.1613
264 2.17897
265 2.18374
266 2.18702
267 2.20274
268 2.21052
269 2.21189
270 2.2288
271 2.23187
272 2.23521
273 2.23696
274 2.23959
275 2.25219
276 2.26382
277 2.2736
278 2.2779
279 2.27964
280 2.28713
281 2.29583
282 2.30815
283 2.32011
284 2.34676
285 2.34976
286 2.35504
287 2.37183
288 2.37396
289 2.4009
290 2.4041
291 2.41037
292 2.41588
293 2.43257
294 2.4435
295 2.45123
296 2.45433
297 2.47964
298 2.48573
299 2.48679
300 2.48829
301 2.49196
302 2.49746
303 2.51011
304 2.51465
305 2.51958
306 2.52789
307 2.53172
308 2.53864
309 2.55419
310 2.55656
311 2.56502
312 2.57433
313 2.58798
314 2.59031
315 2.59638
316 2.59998
317 2.60851
318 2.62664
319 2.63006
320 2.64611
321 2.64891
322 2.65872
323 2.66112
324 2.66211
325 2.66569
326 2.67108
327 2.674
328 2.68007
329 2.68234
330 2.68466
331 2.69045
332 2.70287
333 2.70707
334 2.73549
335 2.74019
336 2.74301
337 2.74701
338 2.76596
339 2.77034
340 2.78197
341 2.78706
342 2.80602
343 2.80774
344 2.81389
345 2.82174
346 2.83237
347 2.83487
348 2.83798
349 2.84474
350 2.85295
351 2.86228
352 2.86471
353 2.8906
354 2.89772
355 2.90124
356 2.9088
357 2.91095
358 2.91467
359 2.92592
360 2.95579
361 2.98169
362 2.98802
363 2.99094
364 2.99662
