1 0.00437
2 0.00974
3 0.01208
4 0.01368
5 0.01631
6 0.0211
7 0.02216
8 0.02709
9 0.03094
10 0.03296
11 0.03538
12 0.0449
13 0.05035
14 0.05755
15 0.06481
16 0.06651
17 0.06823
18 0.07052
19 0.07919
20 0.08572
21 0.09221
22 0.0945
23 0.09847
24 0.0999
25 0.11506
26 0.1279
27 0.14128
28 0.14345
29 0.15873
30 0.16034
31 0.17357
32 0.18491
33 0.18947
34 0.19954
35 0.20434
36 0.20746
37 0.21478
38 0.21657
39 0.23837
40 0.24572
41 0.24843
42 0.25557
43 0.26532
44 0.27626
45 0.28294
46 0.2866
47 0.30122
48 0.305
49 0.32539
50 0.33008
51 0.33666
52 0.33888
53 0.34196
54 0.35659
55 0.36399
56 0.37019
57 0.38072
58 0.38867
59 0.39562
60 0.40024
61 0.40524
62 0.40727
63 0.41491
64 0.41728
65 0.42591
66 0.428
67 0.43736
68 0.44029
69 0.44712
70 0.45667
71 0.46279
72 0.46371
73 0.46634
74 0.46822
75 0.48685
76 0.49026
77 0.5026
78 0.51472
79 0.52851
80 0.53569
81 0.5394
82 0.54333
83 0.54732
84 0.55992
85 0.56225
86 0.57781
87 0.58816
88 0.59145
89 0.6067
90 0.61371
91 0.6256
92 0.63134
93 0.64454
94 0.65521
95 0.66157
96 0.6774
97 0.68674
98 0.69109
99 0.70216
100 0.70576
101 0.70785
102 0.71791
103 0.73159
104 0.73602
105 0.73889
106 0.74333
107 0.74909
108 0.7663
109 0.77247
110 0.78332
111 0.78569
112 0.79081
113 0.81004
114 0.81646
115 0.82095
116 0.82497
117 0.8444
118 0.85844
119 0.86595
120 0.87021
121 0.88289
122 0.89975
123 0.91319
124 0.91992
125 0.92773
126 0.92944
127 0.93547
128 0.94104
129 0.94317
130 0.9561
131 0.96014
132 0.97089
133 0.98304
134 0.98979
135 1.02914
136 1.03135
137 1.03752
138 1.04712
139 1.0534
140 1.05477
141 1.06251
142 1.06614
143 1.07063
144 1.07259
145 1.07674
146 1.08638
147 1.08927
148 1.09751
149 1.10026
150 1.10496
151 1.11528
152 1.12497
153 1.12668
154 1.13145
155 1.1611
156 1.18228
157 1.19267
158 1.20264
159 1.20534
160 1.20895
161 1.21406
162 1.2213
163 1.23608
164 1.25008
165 1.25187
166 1.26567
167 1.27777
168 1.29103
169 1.29466
170 1.29973
171 1.30792
172 1.31032
173 1.31885
174 1.32432
175 1.34042
176 1.34139
177 1.36095
178 1.3699
179 1.37308
180 1.37998
181 1.38263
182 1.38991
183 1.39189
184 1.40025
185 1.40977
186 1.41566
187 1.42444
188 1.42834
189 1.43919
190 1.45503
191 1.46161
192 1.47966
193 1.49079
194 1.49207
195 1.4995
196 1.51242
197 1.53258
198 1.53649
199 1.53848
200 1.5413
201 1.55512
202 1.55792
203 1.561
204 1.57069
205 1.58781
206 1.59702
207 1.60867
208 1.63034
209 1.63683
210 1.65017
211 1.65585
212 1.66262
213 1.67296
214 1.68042
215 1.68825
216 1.6913
217 1.69811
218 1.70472
219 1.71056
220 1.71456
221 1.71994
222 1.72808
223 1.73856
224 1.74095
225 1.74593
226 1.74828
227 1.7506
228 1.75666
229 1.76657
230 1.77191
231 1.7798
232 1.78182
233 1.78312
234 1.7959
235 1.80278
236 1.80805
237 1.82789
238 1.84847
239 1.85783
240 1.86778
241 1.87157
242 1.88811
243 1.90223
244 1.90654
245 1.92243
246 1.92534
247 1.92633
248 1.93051
249 1.93695
250 1.94741
251 1.94902
252 1.95453
253 1.95712
254 1.96197
255 1.97079
256 1.97252
257 1.9828
258 1.98475
259 1.9921
260 2.0093
261 2.03355
262 2.03862
263 2.04494
264 2.04917
265 2.05057
266 2.05484
267 2.0582
268 2.06023
269 2.07151
270 2.07546
271 2.08062
272 2.0847
273 2.09177
274 2.11341
275 2.11886
276 2.13659
277 2.13844
278 2.14273
279 2.15089
280 2.15589
281 2.16508
282 2.17672
283 2.18243
284 2.18758
285 2.19279
286 2.19884
287 2.21766
288 2.22234
289 2.22337
290 2.23267
291 2.24182
292 2.2443
293 2.24886
294 2.25628
295 2.2606
296 2.26509
297 2.27163
298 2.28045
299 2.28475
300 2.30036
301 2.30951
302 2.32392
303 2.33844
304 2.35922
305 2.3666
306 2.36994
307 2.37597
308 2.38399
309 2.39488
310 2.40109
311 2.404
312 2.4062
313 2.40839
314 2.42863
315 2.43942
316 2.45508
317 2.45645
318 2.46472
319 2.47778
320 2.48552
321 2.49072
322 2.50168
323 2.50799
324 2.52713
325 2.53413
326 2.53809
327 2.5583
328 2.55993
329 2.56853
330 2.57333
331 2.59064
332 2.59764
333 2.61165
334 2.63502
335 2.64174
336 2.65259
337 2.65501
338 2.66005
339 2.66417
340 2.67334
341 2.67738
342 2.6934
343 2.69615
344 2.6982
345 2.70259
346 2.70811
347 2.70937
348 2.71306
349 2.72232
350 2.73734
351 2.74063
352 2.74572
353 2.74949
354 2.75843
355 2.76303
356 2.77116
357 2.78263
358 2.78648
359 2.80381
360 2.82163
361 2.82888
362 2.83648
363 2.83952
364 2.84139
365 2.86131
366 2.86882
367 2.87808
368 2.8849
369 2.89799
370 2.90943
371 2.91531
372 2.93545
373 2.94299
374 2.94563
375 2.94826
376 2.95983
377 2.96291
378 2.96558
379 2.97009
380 2.98762
381 2.99262
382 2.99607
