1 0.00645
2 0.03022
3 0.03703
4 0.05261
5 0.06402
6 0.07763
7 0.08565
8 0.09333
9 0.1094
10 0.11967
11 0.12381
12 0.13017
13 0.13662
14 0.15094
15 0.15438
16 0.15868
17 0.18356
18 0.18794
19 0.18991
20 0.19743
21 0.2077
22 0.21782
23 0.22953
24 0.23751
25 0.24114
26 0.24502
27 0.25226
28 0.26429
29 0.27967
30 0.28969
31 0.29879
32 0.29991
33 0.30463
34 0.30746
35 0.30975
36 0.32041
37 0.32913
38 0.34324
39 0.34769
40 0.36258
41 0.3854
42 0.41471
43 0.42111
44 0.42479
45 0.43369
46 0.44169
47 0.45451
48 0.46525
49 0.46797
50 0.47199
51 0.47468
52 0.49535
53 0.50081
54 0.51056
55 0.52277
56 0.53442
57 0.53997
58 0.5507
59 0.55359
60 0.56578
61 0.58772
62 0.60333
63 0.61095
64 0.6162
65 0.62591
66 0.63019
67 0.63323
68 0.6394
69 0.64957
70 0.65551
71 0.66024
72 0.66423
73 0.66796
74 0.67704
75 0.68128
76 0.68408
77 0.69051
78 0.71164
79 0.72195
80 0.73345
81 0.74705
82 0.75107
83 0.75925
84 0.78315
85 0.78713
86 0.79852
87 0.80491
88 0.8107
89 0.83764
90 0.84743
91 0.86167
92 0.88409
93 0.9099
94 0.92684
95 0.94578
96 0.964
97 0.98506
98 1.00272
99 1.00634
100 1.0327
101 1.04587
102 1.05001
103 1.05629
104 1.08132
105 1.08425
106 1.09007
107 1.11179
108 1.13145
109 1.14889
110 1.15065
111 1.15791
112 1.15953
113 1.16672
114 1.17353
115 1.19076
116 1.21734
117 1.23133
118 1.23418
119 1.24083
120 1.2534
121 1.26284
122 1.28854
123 1.29352
124 1.3071
125 1.31116
126 1.31324
127 1.31591
128 1.32218
129 1.34018
130 1.35392
131 1.36021
132 1.36508
133 1.37015
134 1.38023
135 1.38345
136 1.38561
137 1.38719
138 1.40187
139 1.41221
140 1.42867
141 1.44283
142 1.44738
143 1.46123
144 1.47078
145 1.47751
146 1.48206
147 1.49553
148 1.50595
149 1.5199
150 1.52246
151 1.52803
152 1.53056
153 1.54088
154 1.54573
155 1.55056
156 1.57571
157 1.58074
158 1.58849
159 1.61075
160 1.61751
161 1.62141
162 1.63123
163 1.63383
164 1.63947
165 1.65853
166 1.66337
167 1.67156
168 1.67331
169 1.6858
170 1.68887
171 1.692
172 1.70067
173 1.7072
174 1.7249
175 1.72675
176 1.7387
177 1.74271
178 1.7459
179 1.74917
180 1.7756
181 1.78288
182 1.78739
183 1.80048
184 1.80396
185 1.81033
186 1.83684
187 1.83961
188 1.852
189 1.85593
190 1.85979
191 1.86215
192 1.86352
193 1.88086
194 1.89218
195 1.91275
196 1.93011
197 1.93359
198 1.95052
199 1.95267
200 1.96683
201 1.97052
202 1.97579
203 1.97968
204 2.00541
205 2.0149
206 2.03329
207 2.05132
208 2.05559
209 2.06791
210 2.07937
211 2.09069
212 2.11877
213 2.12335
214 2.1263
215 2.13674
216 2.16058
217 2.16263
218 2.17578
219 2.18491
220 2.18971
221 2.19238
222 2.20349
223 2.21081
224 2.21413
225 2.22744
226 2.24938
227 2.25164
228 2.2568
229 2.27776
230 2.29181
231 2.30652
232 2.31401
233 2.32277
234 2.34273
235 2.365
236 2.37722
237 2.40052
238 2.40654
239 2.41698
240 2.42189
241 2.43158
242 2.44374
243 2.4546
244 2.46374
245 2.46927
246 2.47514
247 2.48279
248 2.49838
249 2.52107
250 2.53799
251 2.54827
252 2.56678
253 2.57961
254 2.58661
255 2.59452
256 2.60645
257 2.61607
258 2.62953
259 2.63421
260 2.64867
261 2.6786
262 2.71563
263 2.72679
264 2.73984
265 2.7515
266 2.75329
267 2.76594
268 2.78675
269 2.81014
270 2.81534
271 2.82548
272 2.83499
273 2.85985
274 2.8716
275 2.88586
276 2.89313
277 2.92493
278 2.93378
279 2.93633
280 2.94161
281 2.94523
282 2.96021
283 2.96712
284 2.97782
285 2.98884
