1 0.00241
2 0.00843
3 0.01223
4 0.01961
5 0.0257
6 0.03825
7 0.04154
8 0.04484
9 0.04946
10 0.05278
11 0.05814
12 0.05944
13 0.066
14 0.06851
15 0.08313
16 0.08713
17 0.1106
18 0.11312
19 0.12464
20 0.13025
21 0.13241
22 0.14057
23 0.14559
24 0.17447
25 0.17651
26 0.18811
27 0.19521
28 0.19655
29 0.19932
30 0.20205
31 0.20534
32 0.20852
33 0.22489
34 0.23857
35 0.25309
36 0.26173
37 0.28076
38 0.28301
39 0.30669
40 0.31404
41 0.31653
42 0.33828
43 0.35841
44 0.36065
45 0.37328
46 0.3868
47 0.39372
48 0.4057
49 0.43286
50 0.43502
51 0.445
52 0.48606
53 0.50253
54 0.51817
55 0.52096
56 0.52577
57 0.52934
58 0.53234
59 0.54333
60 0.54537
61 0.56126
62 0.56573
63 0.56803
64 0.57284
65 0.58169
66 0.58754
67 0.59633
68 0.62222
69 0.62655
70 0.63008
71 0.63431
72 0.6384
73 0.64225
74 0.6598
75 0.66992
76 0.67978
77 0.69123
78 0.7066
79 0.71414
80 0.72118
81 0.72932
82 0.7347
83 0.74077
84 0.74615
85 0.76622
86 0.77167
87 0.78157
88 0.78379
89 0.79282
90 0.80761
91 0.8284
92 0.83486
93 0.83926
94 0.86096
95 0.87671
96 0.87871
97 0.8864
98 0.88976
99 0.91734
100 0.91945
101 0.9215
102 0.92921
103 0.93782
104 0.9456
105 0.95915
106 0.96929
107 0.97139
108 0.9817
109 0.98965
110 0.99426
111 1.00423
112 1.01096
113 1.0134
114 1.01798
115 1.02449
116 1.03545
117 1.04089
118 1.04676
119 1.06664
120 1.07663
121 1.0825
122 1.08849
123 1.09423
124 1.11428
125 1.11567
126 1.12006
127 1.13661
128 1.1384
129 1.15342
130 1.16365
131 1.19006
132 1.20254
133 1.2041
134 1.21021
135 1.22117
136 1.22481
137 1.23893
138 1.24269
139 1.25624
140 1.26314
141 1.27184
142 1.27868
143 1.28261
144 1.28448
145 1.29487
146 1.29897
147 1.30895
148 1.31747
149 1.3652
150 1.36846
151 1.37565
152 1.38271
153 1.39625
154 1.40105
155 1.40804
156 1.42778
157 1.43619
158 1.44649
159 1.45602
160 1.46863
161 1.47707
162 1.48688
163 1.50054
164 1.51467
165 1.5259
166 1.52911
167 1.53327
168 1.5392
169 1.56457
170 1.57299
171 1.59299
172 1.60769
173 1.61112
174 1.62613
175 1.63646
176 1.6377
177 1.64211
178 1.64393
179 1.65092
180 1.68934
181 1.69661
182 1.69817
183 1.70113
184 1.72982
185 1.74712
186 1.75205
187 1.75424
188 1.76117
189 1.7671
190 1.78659
191 1.79615
192 1.80353
193 1.8082
194 1.81558
195 1.81789
196 1.82228
197 1.82704
198 1.83134
199 1.84094
200 1.85981
201 1.86309
202 1.86621
203 1.88053
204 1.8891
205 1.89132
206 1.90118
207 1.9037
208 1.93055
209 1.94962
210 1.95667
211 1.98156
212 1.98908
213 2.00001
214 2.03382
215 2.03891
216 2.04647
217 2.0534
218 2.06622
219 2.06945
220 2.07764
221 2.09116
222 2.11461
223 2.13024
224 2.1366
225 2.14472
226 2.15295
227 2.16072
228 2.17444
229 2.17943
230 2.18227
231 2.18795
232 2.19828
233 2.19962
234 2.20692
235 2.23788
236 2.24163
237 2.2456
238 2.2503
239 2.25973
240 2.26769
241 2.27465
242 2.27894
243 2.28558
244 2.31567
245 2.32327
246 2.32635
247 2.32913
248 2.33678
249 2.3633
250 2.37318
251 2.37833
252 2.38944
253 2.39932
254 2.40764
255 2.41249
256 2.42718
257 2.44936
258 2.474
259 2.47983
260 2.48566
261 2.48948
262 2.49301
263 2.49884
264 2.50159
265 2.52414
266 2.52929
267 2.55194
268 2.56008
269 2.56279
270 2.57196
271 2.57517
272 2.58393
273 2.61415
274 2.62328
275 2.63548
276 2.63904
277 2.64548
278 2.65107
279 2.6562
280 2.66291
281 2.67869
282 2.69174
283 2.71459
284 2.7204
285 2.73019
286 2.73742
287 2.74438
288 2.75665
289 2.7587
290 2.78188
291 2.79764
292 2.80635
293 2.8342
294 2.83816
295 2.86444
296 2.87572
297 2.87838
298 2.88779
299 2.8979
300 2.91408
301 2.93917
302 2.94463
303 2.95239
304 2.9608
305 2.96851
306 2.97773
307 2.9852
308 2.98667
309 2.99951
