1 0.00729
2 0.01096
3 0.0148
4 0.0238
5 0.03135
6 0.03317
7 0.0572
8 0.07417
9 0.08416
10 0.09684
11 0.10225
12 0.12805
13 0.14453
14 0.14633
15 0.15355
16 0.16529
17 0.16914
18 0.17562
19 0.18464
20 0.18958
21 0.20166
22 0.20739
23 0.21758
24 0.25591
25 0.26399
26 0.27103
27 0.27907
28 0.29818
29 0.30254
30 0.30408
31 0.3078
32 0.31174
33 0.31796
34 0.328
35 0.34033
36 0.38654
37 0.39637
38 0.40375
39 0.40553
40 0.40735
41 0.41127
42 0.41562
43 0.41698
44 0.44366
45 0.45816
46 0.47027
47 0.48027
48 0.48542
49 0.48759
50 0.5014
51 0.51965
52 0.528
53 0.5392
54 0.56196
55 0.56673
56 0.57503
57 0.5842
58 0.61319
59 0.6171
60 0.62112
61 0.62652
62 0.64608
63 0.64786
64 0.6509
65 0.65443
66 0.67053
67 0.67776
68 0.68802
69 0.69145
70 0.70467
71 0.72094
72 0.73464
73 0.74456
74 0.75291
75 0.76793
76 0.77564
77 0.78479
78 0.79554
79 0.81411
80 0.83925
81 0.84564
82 0.84751
83 0.85072
84 0.867
85 0.86883
86 0.88547
87 0.89325
88 0.90487
89 0.91071
90 0.94298
91 0.95778
92 0.97505
93 0.98348
94 0.99013
95 1.00626
96 1.0119
97 1.01512
98 1.0172
99 1.03235
100 1.03806
101 1.04267
102 1.04611
103 1.05793
104 1.063
105 1.06505
106 1.08689
107 1.09631
108 1.10447
109 1.10592
110 1.10958
111 1.11749
112 1.12897
113 1.14375
114 1.15296
115 1.15459
116 1.1597
117 1.16361
118 1.16562
119 1.17319
120 1.18856
121 1.19487
122 1.2149
123 1.23238
124 1.23632
125 1.24305
126 1.25497
127 1.27659
128 1.28674
129 1.29719
130 1.31741
131 1.32232
132 1.33165
133 1.33831
134 1.35763
135 1.3724
136 1.39607
137 1.3997
138 1.40129
139 1.41054
140 1.41728
141 1.42714
142 1.43325
143 1.44159
144 1.45505
145 1.4591
146 1.47077
147 1.47777
148 1.49475
149 1.4969
150 1.50627
151 1.51277
152 1.52036
153 1.54346
154 1.55416
155 1.56857
156 1.573
157 1.58884
158 1.60004
159 1.63512
160 1.64155
161 1.65431
162 1.65632
163 1.66805
164 1.67001
165 1.67391
166 1.68677
167 1.69029
168 1.69936
169 1.70323
170 1.70857
171 1.71986
172 1.72892
173 1.73706
174 1.7391
175 1.76392
176 1.77468
177 1.79412
178 1.79978
179 1.82758
180 1.83395
181 1.83905
182 1.85873
183 1.87707
184 1.88999
185 1.89636
186 1.90638
187 1.90989
188 1.91748
189 1.93418
190 1.94041
191 1.94256
192 1.94604
193 1.9605
194 1.9777
195 1.98113
196 2.00963
197 2.02477
198 2.04112
199 2.05956
200 2.06445
201 2.08143
202 2.09074
203 2.09983
204 2.11127
205 2.14187
206 2.14644
207 2.15715
208 2.17291
209 2.18786
210 2.20361
211 2.20545
212 2.21475
213 2.22005
214 2.23996
215 2.25528
216 2.26098
217 2.27924
218 2.29349
219 2.29699
220 2.30313
221 2.31686
222 2.32877
223 2.34618
224 2.36117
225 2.36272
226 2.37654
227 2.38336
228 2.39484
229 2.40466
230 2.40901
231 2.41474
232 2.43029
233 2.44682
234 2.45468
235 2.46021
236 2.46401
237 2.46724
238 2.48347
239 2.48666
240 2.50545
241 2.52236
242 2.52427
243 2.53539
244 2.56413
245 2.5692
246 2.58147
247 2.59033
248 2.60333
249 2.61287
250 2.62411
251 2.64342
252 2.65544
253 2.67391
254 2.6936
255 2.69727
256 2.69946
257 2.70897
258 2.72127
259 2.72492
260 2.7264
261 2.73342
262 2.74834
263 2.75131
264 2.75497
265 2.76136
266 2.76326
267 2.77484
268 2.78122
269 2.78546
270 2.79435
271 2.82382
272 2.83209
273 2.83762
274 2.84225
275 2.84533
276 2.86091
277 2.8689
278 2.89493
279 2.89745
280 2.9043
281 2.91182
282 2.92339
283 2.93658
284 2.93814
285 2.94302
286 2.94812
287 2.95337
288 2.96353
289 2.97516
