1 0.00618
2 0.01569
3 0.02209
4 0.02507
5 0.02832
6 0.02958
7 0.03284
8 0.03559
9 0.03809
10 0.04213
11 0.05633
12 0.0576
13 0.06324
14 0.06579
15 0.08297
16 0.08661
17 0.09411
18 0.09953
19 0.10463
20 0.11417
21 0.12887
22 0.13092
23 0.13416
24 0.14426
25 0.1536
26 0.15642
27 0.16646
28 0.17306
29 0.17683
30 0.18372
31 0.1966
32 0.20541
33 0.20681
34 0.2081
35 0.23069
36 0.23721
37 0.23869
38 0.2567
39 0.2641
40 0.26804
41 0.27453
42 0.27947
43 0.29031
44 0.30486
45 0.32068
46 0.33071
47 0.34212
48 0.35659
49 0.3679
50 0.37183
51 0.37862
52 0.38493
53 0.39243
54 0.3953
55 0.40045
56 0.41522
57 0.42324
58 0.43528
59 0.4439
60 0.45603
61 0.48024
62 0.48807
63 0.49057
64 0.49189
65 0.50242
66 0.51342
67 0.5212
68 0.53091
69 0.53234
70 0.5402
71 0.54434
72 0.54561
73 0.55148
74 0.56454
75 0.5912
76 0.59652
77 0.60277
78 0.61834
79 0.62522
80 0.6424
81 0.65569
82 0.65883
83 0.66272
84 0.67663
85 0.68456
86 0.69444
87 0.7029
88 0.70885
89 0.72631
90 0.73747
91 0.74073
92 0.74193
93 0.7596
94 0.76817
95 0.77262
96 0.78061
97 0.78346
98 0.80638
99 0.81641
100 0.82172
101 0.82406
102 0.83743
103 0.83901
104 0.84699
105 0.86405
106 0.86959
107 0.8713
108 0.88153
109 0.89246
110 0.89797
111 0.90486
112 0.90594
113 0.91642
114 0.92104
115 0.92564
116 0.95435
117 0.96598
118 0.97613
119 0.98382
120 0.98692
121 0.99205
122 1.00528
123 1.01415
124 1.03405
125 1.06482
126 1.07716
127 1.08903
128 1.09056
129 1.10686
130 1.11029
131 1.11308
132 1.1219
133 1.13037
134 1.13917
135 1.14689
136 1.16855
137 1.17514
138 1.19113
139 1.20525
140 1.20681
141 1.22736
142 1.23384
143 1.2373
144 1.24158
145 1.24443
146 1.2471
147 1.25463
148 1.26816
149 1.27251
150 1.29016
151 1.29491
152 1.30778
153 1.31121
154 1.3248
155 1.32811
156 1.33241
157 1.34404
158 1.34567
159 1.35413
160 1.35706
161 1.36237
162 1.39048
163 1.40437
164 1.40868
165 1.41337
166 1.4464
167 1.44843
168 1.4536
169 1.4743
170 1.47815
171 1.48129
172 1.49066
173 1.51163
174 1.52013
175 1.52433
176 1.52806
177 1.52921
178 1.53756
179 1.55467
180 1.56353
181 1.57414
182 1.60116
183 1.60768
184 1.61142
185 1.62105
186 1.62699
187 1.63476
188 1.65016
189 1.65572
190 1.6871
191 1.69991
192 1.70494
193 1.72504
194 1.73004
195 1.73376
196 1.74637
197 1.75992
198 1.77156
199 1.77586
200 1.78477
201 1.78626
202 1.7911
203 1.80136
204 1.80897
205 1.82341
206 1.82846
207 1.84284
208 1.85339
209 1.86374
210 1.86911
211 1.87355
212 1.89256
213 1.90359
214 1.91362
215 1.9447
216 1.95362
217 1.95481
218 1.96603
219 1.9705
220 1.97767
221 1.98082
222 1.98542
223 1.99062
224 1.99721
225 2.01496
226 2.02597
227 2.05378
228 2.06279
229 2.06689
230 2.07721
231 2.0791
232 2.09755
233 2.12766
234 2.14395
235 2.14695
236 2.15714
237 2.17415
238 2.18729
239 2.21822
240 2.23344
241 2.23626
242 2.23754
243 2.24887
244 2.26378
245 2.27607
246 2.28219
247 2.29402
248 2.30008
249 2.32062
250 2.3299
251 2.34571
252 2.34954
253 2.35815
254 2.36652
255 2.38078
256 2.39954
257 2.40093
258 2.40619
259 2.42034
260 2.44142
261 2.44411
262 2.44807
263 2.45349
264 2.47334
265 2.47642
266 2.47943
267 2.48268
268 2.50655
269 2.5168
270 2.52464
271 2.53305
272 2.53991
273 2.55454
274 2.57313
275 2.58232
276 2.58719
277 2.60161
278 2.61122
279 2.63816
280 2.6474
281 2.67904
282 2.68667
283 2.69094
284 2.69258
285 2.69626
286 2.70374
287 2.7096
288 2.72131
289 2.73621
290 2.74664
291 2.76243
292 2.7676
293 2.78068
294 2.79286
295 2.79934
296 2.8062
297 2.80885
298 2.82183
299 2.8308
300 2.83886
301 2.84192
302 2.84517
303 2.87017
304 2.87866
305 2.88184
306 2.88351
307 2.90045
308 2.90339
309 2.90755
310 2.91449
311 2.92306
312 2.92479
313 2.92602
314 2.93078
315 2.95269
316 2.96446
317 2.97647
318 2.98577
