1 0.002
2 0.00712
3 0.019
4 0.02283
5 0.0298
6 0.0429
7 0.05104
8 0.05399
9 0.08889
10 0.10119
11 0.10849
12 0.11235
13 0.11842
14 0.1273
15 0.13209
16 0.13939
17 0.15344
18 0.15719
19 0.16445
20 0.1666
21 0.17063
22 0.17336
23 0.20543
24 0.20941
25 0.21608
26 0.22254
27 0.22527
28 0.22833
29 0.25085
30 0.27041
31 0.27602
32 0.28374
33 0.28586
34 0.28831
35 0.30276
36 0.3081
37 0.31755
38 0.32499
39 0.32878
40 0.34067
41 0.35487
42 0.35688
43 0.36361
44 0.36805
45 0.3767
46 0.38391
47 0.38485
48 0.40513
49 0.42434
50 0.4333
51 0.43545
52 0.43749
53 0.44441
54 0.44738
55 0.45664
56 0.45888
57 0.46062
58 0.46536
59 0.46816
60 0.49245
61 0.50621
62 0.50806
63 0.5157
64 0.51819
65 0.52408
66 0.52846
67 0.53448
68 0.53956
69 0.54575
70 0.55787
71 0.56326
72 0.57512
73 0.58391
74 0.58833
75 0.59372
76 0.59687
77 0.60938
78 0.61202
79 0.62177
80 0.63306
81 0.64339
82 0.64761
83 0.65528
84 0.66066
85 0.66352
86 0.66893
87 0.67338
88 0.67843
89 0.68281
90 0.68814
91 0.70434
92 0.70584
93 0.71167
94 0.7169
95 0.71874
96 0.71994
97 0.72247
98 0.7301
99 0.74993
100 0.75746
101 0.76077
102 0.78092
103 0.78404
104 0.79735
105 0.79911
106 0.80236
107 0.80636
108 0.81221
109 0.81586
110 0.82197
111 0.82954
112 0.83566
113 0.83818
114 0.84211
115 0.85042
116 0.8603
117 0.87243
118 0.88389
119 0.88603
120 0.88855
121 0.89132
122 0.90209
123 0.91094
124 0.91434
125 0.91994
126 0.92182
127 0.92299
128 0.92487
129 0.93551
130 0.94981
131 0.95511
132 0.95756
133 0.96291
134 0.97296
135 0.98075
136 0.98759
137 0.98887
138 0.99832
139 1.00216
140 1.00832
141 1.01917
142 1.02562
143 1.03712
144 1.04319
145 1.05676
146 1.08375
147 1.08533
148 1.0989
149 1.11939
150 1.12464
151 1.12695
152 1.13542
153 1.13954
154 1.15316
155 1.15574
156 1.16791
157 1.17246
158 1.18081
159 1.18834
160 1.20599
161 1.2193
162 1.22819
163 1.23287
164 1.24738
165 1.2647
166 1.27203
167 1.27507
168 1.28693
169 1.3096
170 1.32897
171 1.33712
172 1.34137
173 1.34757
174 1.35819
175 1.36342
176 1.37087
177 1.37377
178 1.37661
179 1.38007
180 1.39343
181 1.39553
182 1.40493
183 1.40817
184 1.41051
185 1.41352
186 1.41758
187 1.43175
188 1.43755
189 1.4414
190 1.45154
191 1.46897
192 1.48046
193 1.49495
194 1.50672
195 1.51575
196 1.52013
197 1.53038
198 1.53764
199 1.5418
200 1.54665
201 1.57251
202 1.58212
203 1.5858
204 1.60139
205 1.61691
206 1.62264
207 1.62609
208 1.62991
209 1.63453
210 1.64083
211 1.65059
212 1.65387
213 1.66553
214 1.67543
215 1.6899
216 1.69459
217 1.69963
218 1.71328
219 1.71578
220 1.71779
221 1.72665
222 1.7462
223 1.75108
224 1.76513
225 1.77454
226 1.78567
227 1.79045
228 1.79444
229 1.80932
230 1.83138
231 1.83259
232 1.83811
233 1.84686
234 1.85291
235 1.85576
236 1.88397
237 1.89138
238 1.91004
239 1.91257
240 1.91833
241 1.92636
242 1.92966
243 1.93722
244 1.9441
245 1.95726
246 1.96192
247 1.97354
248 1.97765
249 1.98193
250 1.99402
251 1.99533
252 2.01921
253 2.02433
254 2.03316
255 2.03484
256 2.04647
257 2.06492
258 2.09233
259 2.09485
260 2.09616
261 2.10253
262 2.10407
263 2.10888
264 2.11588
265 2.12929
266 2.13356
267 2.13504
268 2.14499
269 2.15579
270 2.16161
271 2.16863
272 2.17371
273 2.17533
274 2.17701
275 2.1829
276 2.21632
277 2.22574
278 2.22744
279 2.23261
280 2.23592
281 2.24062
282 2.2479
283 2.25382
284 2.26788
285 2.26905
286 2.27353
287 2.28233
288 2.30506
289 2.3091
290 2.32501
291 2.32965
292 2.3312
293 2.33304
294 2.34589
295 2.35704
296 2.36125
297 2.37216
298 2.39077
299 2.40734
300 2.41263
301 2.41402
302 2.42744
303 2.43059
304 2.4333
305 2.43598
306 2.45072
307 2.45614
308 2.46828
309 2.48148
310 2.48901
311 2.49083
312 2.4973
313 2.51182
314 2.51622
315 2.52274
316 2.53169
317 2.53846
318 2.54481
319 2.54792
320 2.55303
321 2.55947
322 2.57434
323 2.58008
324 2.58811
325 2.59982
326 2.60926
327 2.61187
328 2.61781
329 2.62433
330 2.63199
331 2.63904
332 2.64408
333 2.66556
334 2.6685
335 2.67063
336 2.68142
337 2.6908
338 2.70045
339 2.70885
340 2.72694
341 2.73108
342 2.7438
343 2.74891
344 2.7631
345 2.77158
346 2.77352
347 2.78745
348 2.79666
349 2.8111
350 2.82905
351 2.83617
352 2.84889
353 2.86029
354 2.8668
355 2.87409
356 2.87829
357 2.88521
358 2.88768
359 2.91586
360 2.91943
361 2.92709
362 2.93182
363 2.94946
364 2.95754
365 2.96527
366 2.98264
