1 0.0019
2 0.0121
3 0.03662
4 0.04021
5 0.04776
6 0.06594
7 0.06959
8 0.07229
9 0.07572
10 0.08067
11 0.08354
12 0.09235
13 0.09957
14 0.1118
15 0.11773
16 0.12444
17 0.12968
18 0.13726
19 0.14861
20 0.15124
21 0.16051
22 0.16761
23 0.17555
24 0.18245
25 0.19168
26 0.19363
27 0.2335
28 0.24434
29 0.24669
30 0.24942
31 0.27909
32 0.28253
33 0.28407
34 0.28517
35 0.29089
36 0.29467
37 0.31331
38 0.32463
39 0.3292
40 0.34319
41 0.36085
42 0.36477
43 0.36686
44 0.36858
45 0.37827
46 0.38236
47 0.39658
48 0.39977
49 0.40875
50 0.41183
51 0.42049
52 0.43115
53 0.44324
54 0.44566
55 0.48775
56 0.49214
57 0.51534
58 0.52432
59 0.52675
60 0.53179
61 0.54475
62 0.54651
63 0.56375
64 0.57403
65 0.58554
66 0.58636
67 0.5949
68 0.5999
69 0.60346
70 0.60664
71 0.6109
72 0.61901
73 0.62508
74 0.62728
75 0.66167
76 0.66877
77 0.67384
78 0.67901
79 0.6822
80 0.68654
81 0.69851
82 0.7052
83 0.73258
84 0.74193
85 0.74465
86 0.7465
87 0.77563
88 0.78792
89 0.7953
90 0.80232
91 0.8229
92 0.83521
93 0.83659
94 0.8386
95 0.84774
96 0.85639
97 0.86753
98 0.87173
99 0.87428
100 0.88665
101 0.89906
102 0.911
103 0.91556
104 0.93076
105 0.93827
106 0.94015
107 0.958
108 0.98734
109 1.00041
110 1.03058
111 1.03803
112 1.04556
113 1.04816
114 1.06361
115 1.07623
116 1.08613
117 1.09259
118 1.0994
119 1.10658
120 1.11095
121 1.11604
122 1.12122
123 1.12268
124 1.14671
125 1.15692
126 1.16123
127 1.17557
128 1.18256
129 1.19207
130 1.23557
131 1.23927
132 1.24013
133 1.24824
134 1.26095
135 1.27367
136 1.27553
137 1.28384
138 1.28734
139 1.29024
140 1.2982
141 1.31141
142 1.31698
143 1.32266
144 1.32435
145 1.32909
146 1.3376
147 1.34036
148 1.3422
149 1.35203
150 1.35679
151 1.36802
152 1.37897
153 1.38758
154 1.39778
155 1.40597
156 1.41078
157 1.41275
158 1.41798
159 1.41987
160 1.42669
161 1.42853
162 1.4312
163 1.43504
164 1.43605
165 1.4461
166 1.44768
167 1.47273
168 1.48739
169 1.49669
170 1.52819
171 1.53446
172 1.54127
173 1.55156
174 1.55272
175 1.56151
176 1.56754
177 1.57466
178 1.57941
179 1.58372
180 1.60247
181 1.60513
182 1.62016
183 1.62919
184 1.64564
185 1.64851
186 1.65848
187 1.66345
188 1.66586
189 1.66851
190 1.67482
191 1.67889
192 1.68809
193 1.69624
194 1.70935
195 1.73358
196 1.74547
197 1.75001
198 1.77495
199 1.77735
200 1.78267
201 1.79366
202 1.79997
203 1.80211
204 1.80522
205 1.81776
206 1.83367
207 1.83559
208 1.85217
209 1.86105
210 1.87162
211 1.87354
212 1.90055
213 1.90735
214 1.9125
215 1.91651
216 1.9188
217 1.92654
218 1.93067
219 1.94317
220 1.94763
221 1.95405
222 1.98241
223 1.98564
224 2.00329
225 2.01628
226 2.02754
227 2.03691
228 2.04436
229 2.05209
230 2.05675
231 2.05882
232 2.072
233 2.07386
234 2.0793
235 2.08185
236 2.08525
237 2.08874
238 2.09554
239 2.10931
240 2.15587
241 2.16108
242 2.16829
243 2.1715
244 2.17462
245 2.18291
246 2.1925
247 2.19541
248 2.19976
249 2.20581
250 2.23771
251 2.24696
252 2.25095
253 2.25371
254 2.26465
255 2.26827
256 2.28099
257 2.29048
258 2.29711
259 2.32222
260 2.32765
261 2.34727
262 2.35144
263 2.3621
264 2.37851
265 2.38823
266 2.39819
267 2.40111
268 2.40991
269 2.41426
270 2.42119
271 2.42486
272 2.42903
273 2.43085
274 2.43988
275 2.44537
276 2.48491
277 2.48987
278 2.49931
279 2.51482
280 2.52578
281 2.53241
282 2.53562
283 2.56054
284 2.56374
285 2.56738
286 2.5693
287 2.57168
288 2.57618
289 2.58739
290 2.59465
291 2.60229
292 2.61254
293 2.61389
294 2.61672
295 2.62737
296 2.66028
297 2.66295
298 2.67172
299 2.68216
300 2.68464
301 2.68855
302 2.69582
303 2.70309
304 2.71033
305 2.73519
306 2.74198
307 2.74524
308 2.76111
309 2.76499
310 2.76938
311 2.77978
312 2.78119
313 2.7904
314 2.79353
315 2.79967
316 2.80151
317 2.81973
318 2.82438
319 2.82634
320 2.84109
321 2.84794
322 2.8556
323 2.86187
324 2.87043
325 2.8724
326 2.87755
327 2.89756
328 2.90642
329 2.91084
330 2.92804
331 2.93158
332 2.93775
333 2.94921
334 2.95408
335 2.98378
