1 0.00256
2 0.00644
3 0.01246
4 0.02356
5 0.02722
6 0.03429
7 0.03676
8 0.03917
9 0.04651
10 0.04989
11 0.05423
12 0.05601
13 0.0608
14 0.06951
15 0.09108
16 0.09716
17 0.10144
18 0.11456
19 0.12013
20 0.12438
21 0.13432
22 0.13838
23 0.14667
24 0.15303
25 0.15662
26 0.16318
27 0.1821
28 0.19027
29 0.19914
30 0.20474
31 0.22146
32 0.22895
33 0.23205
34 0.23775
35 0.24362
36 0.25276
37 0.26746
38 0.2828
39 0.29272
40 0.30681
41 0.31508
42 0.32616
43 0.33422
44 0.33613
45 0.3477
46 0.35129
47 0.36136
48 0.37743
49 0.38275
50 0.38589
51 0.38773
52 0.39289
53 0.4153
54 0.41629
55 0.42408
56 0.42905
57 0.43382
58 0.45772
59 0.46686
60 0.46868
61 0.4856
62 0.49345
63 0.49967
64 0.53415
65 0.53697
66 0.54114
67 0.5512
68 0.56012
69 0.59371
70 0.62004
71 0.62311
72 0.62767
73 0.63046
74 0.63927
75 0.64692
76 0.65808
77 0.66614
78 0.68141
79 0.69006
80 0.70407
81 0.7065
82 0.71785
83 0.7253
84 0.73237
85 0.73517
86 0.74199
87 0.7569
88 0.77613
89 0.7837
90 0.78829
91 0.79213
92 0.798
93 0.8098
94 0.83475
95 0.84641
96 0.85754
97 0.87313
98 0.87805
99 0.87937
100 0.90692
101 0.91518
102 0.92281
103 0.92816
104 0.93718
105 0.94368
106 0.96245
107 0.96477
108 0.96979
109 0.97423
110 0.99461
111 1.01257
112 1.02216
113 1.02486
114 1.0453
115 1.06525
116 1.07136
117 1.1044
118 1.12638
119 1.13314
120 1.14999
121 1.15235
122 1.15541
123 1.16613
124 1.17022
125 1.17444
126 1.18925
127 1.19419
128 1.20038
129 1.21112
130 1.21304
131 1.21438
132 1.2213
133 1.22465
134 1.22953
135 1.23565
136 1.25474
137 1.26245
138 1.27633
139 1.28801
140 1.29035
141 1.29365
142 1.29935
143 1.30669
144 1.31375
145 1.32025
146 1.32568
147 1.3313
148 1.34239
149 1.34935
150 1.35436
151 1.37863
152 1.38795
153 1.39961
154 1.40261
155 1.41003
156 1.43561
157 1.43738
158 1.46072
159 1.47372
160 1.47823
161 1.47931
162 1.49313
163 1.50353
164 1.51437
165 1.52043
166 1.53069
167 1.53974
168 1.56098
169 1.57206
170 1.58513
171 1.59152
172 1.59396
173 1.60366
174 1.60589
175 1.62496
176 1.64304
177 1.65018
178 1.65624
179 1.66816
180 1.67744
181 1.68545
182 1.70497
183 1.70901
184 1.72755
185 1.74182
186 1.74482
187 1.75825
188 1.76387
189 1.77019
190 1.77879
191 1.78235
192 1.7892
193 1.79579
194 1.80398
195 1.81229
196 1.82127
197 1.82998
198 1.84215
199 1.84547
200 1.85003
201 1.85532
202 1.86417
203 1.87843
204 1.8862
205 1.90701
206 1.92356
207 1.93173
208 1.94423
209 1.94962
210 1.95585
211 1.97686
212 1.98968
213 2.0055
214 2.00741
215 2.01206
216 2.01461
217 2.0224
218 2.02879
219 2.03485
220 2.05208
221 2.05863
222 2.06223
223 2.07534
224 2.07703
225 2.09537
226 2.10379
227 2.11264
228 2.13274
229 2.14008
230 2.15005
231 2.15438
232 2.1582
233 2.16342
234 2.17995
235 2.19794
236 2.20356
237 2.22605
238 2.2344
239 2.23774
240 2.25081
241 2.25767
242 2.27295
243 2.27766
244 2.28266
245 2.29637
246 2.33601
247 2.33757
248 2.34525
249 2.34863
250 2.35561
251 2.36231
252 2.38349
253 2.38672
254 2.39657
255 2.39955
256 2.40908
257 2.42039
258 2.4262
259 2.43274
260 2.44076
261 2.46238
262 2.46972
263 2.47665
264 2.49591
265 2.5007
266 2.50488
267 2.52165
268 2.52628
269 2.53278
270 2.54087
271 2.55622
272 2.56295
273 2.57218
274 2.58401
275 2.59192
276 2.59877
277 2.60336
278 2.61427
279 2.63131
280 2.65176
281 2.6651
282 2.67565
283 2.682
284 2.70724
285 2.72035
286 2.72609
287 2.73437
288 2.74424
289 2.74632
290 2.75123
291 2.75614
292 2.76223
293 2.77651
294 2.78597
295 2.79116
296 2.79491
297 2.8069
298 2.81717
299 2.81983
300 2.82366
301 2.82842
302 2.84991
303 2.85531
304 2.85932
305 2.86432
306 2.88821
307 2.89289
308 2.90077
309 2.90912
310 2.91225
311 2.92079
312 2.93536
313 2.94819
314 2.96525
315 2.96934
316 2.98192
317 2.99025
