1 0.00205
2 0.0088
3 0.01325
4 0.02289
5 0.02721
6 0.03149
7 0.03716
8 0.04458
9 0.04759
10 0.05304
11 0.06738
12 0.07486
13 0.07694
14 0.08407
15 0.08875
16 0.09767
17 0.10372
18 0.10541
19 0.10922
20 0.11207
21 0.12003
22 0.13267
23 0.14136
24 0.14361
25 0.15242
26 0.15837
27 0.16127
28 0.16391
29 0.17711
30 0.17961
31 0.18506
32 0.2021
33 0.20748
34 0.22072
35 0.23133
36 0.23618
37 0.24959
38 0.26104
39 0.26515
40 0.27049
41 0.27656
42 0.28417
43 0.29188
44 0.29348
45 0.29517
46 0.30327
47 0.30574
48 0.32669
49 0.33582
50 0.33901
51 0.3523
52 0.36669
53 0.3715
54 0.39633
55 0.42536
56 0.45633
57 0.46475
58 0.47453
59 0.48195
60 0.48584
61 0.48923
62 0.50113
63 0.50505
64 0.51169
65 0.51291
66 0.54127
67 0.54522
68 0.54797
69 0.56691
70 0.58016
71 0.59259
72 0.59554
73 0.62344
74 0.63704
75 0.63853
76 0.64626
77 0.64717
78 0.64929
79 0.65152
80 0.69494
81 0.7019
82 0.71148
83 0.71347
84 0.73675
85 0.74081
86 0.7604
87 0.76237
88 0.77995
89 0.78742
90 0.7993
91 0.80696
92 0.82469
93 0.83032
94 0.83195
95 0.83435
96 0.85501
97 0.86048
98 0.86467
99 0.88227
100 0.88976
101 0.90063
102 0.90962
103 0.9172
104 0.91945
105 0.9257
106 0.95523
107 0.95906
108 0.98021
109 0.98741
110 0.99817
111 1.00486
112 1.02524
113 1.03218
114 1.03788
115 1.04478
116 1.04689
117 1.06705
118 1.06972
119 1.07293
120 1.07793
121 1.08583
122 1.08871
123 1.11096
124 1.11219
125 1.11347
126 1.12064
127 1.12462
128 1.13292
129 1.13716
130 1.14308
131 1.14712
132 1.14982
133 1.15336
134 1.15747
135 1.1685
136 1.20002
137 1.20539
138 1.21038
139 1.2147
140 1.23251
141 1.23834
142 1.25002
143 1.25504
144 1.2753
145 1.281
146 1.28472
147 1.2903
148 1.29512
149 1.29726
150 1.30096
151 1.30387
152 1.31866
153 1.32815
154 1.33152
155 1.3405
156 1.34342
157 1.36029
158 1.36422
159 1.36843
160 1.37011
161 1.38281
162 1.39003
163 1.39687
164 1.40114
165 1.40739
166 1.40955
167 1.42126
168 1.42551
169 1.42996
170 1.44992
171 1.45643
172 1.46215
173 1.47161
174 1.47332
175 1.48692
176 1.49364
177 1.49562
178 1.50631
179 1.51117
180 1.52438
181 1.53567
182 1.53795
183 1.55605
184 1.57002
185 1.58208
186 1.58335
187 1.59042
188 1.60051
189 1.60753
190 1.61062
191 1.61751
192 1.64081
193 1.64577
194 1.64894
195 1.6521
196 1.66103
197 1.67831
198 1.69836
199 1.71627
200 1.74916
201 1.75189
202 1.77518
203 1.78535
204 1.78717
205 1.79591
206 1.79917
207 1.81369
208 1.82623
209 1.83082
210 1.83327
211 1.84592
212 1.85395
213 1.85797
214 1.86047
215 1.88196
216 1.88509
217 1.8886
218 1.90185
219 1.91453
220 1.92271
221 1.94848
222 1.95242
223 1.95738
224 1.96199
225 1.97988
226 1.98318
227 1.98792
228 1.99449
229 2.00068
230 2.00944
231 2.02911
232 2.04261
233 2.0483
234 2.05102
235 2.07303
236 2.08326
237 2.08682
238 2.0952
239 2.1015
240 2.1054
241 2.11191
242 2.11482
243 2.12988
244 2.13313
245 2.13778
246 2.14255
247 2.15836
248 2.16335
249 2.16927
250 2.19471
251 2.2006
252 2.21142
253 2.22722
254 2.22844
255 2.2339
256 2.23809
257 2.24622
258 2.26405
259 2.27616
260 2.27872
261 2.28191
262 2.28613
263 2.29225
264 2.29861
265 2.31011
266 2.31682
267 2.3299
268 2.33353
269 2.33765
270 2.34488
271 2.35728
272 2.36195
273 2.36912
274 2.38443
275 2.39166
276 2.40186
277 2.41767
278 2.42865
279 2.45068
280 2.45476
281 2.45981
282 2.48029
283 2.50469
284 2.52501
285 2.53255
286 2.53721
287 2.54287
288 2.55998
289 2.58293
290 2.59267
291 2.59887
292 2.60132
293 2.61455
294 2.63291
295 2.63499
296 2.63729
297 2.63897
298 2.6448
299 2.64924
300 2.66589
301 2.68467
302 2.69937
303 2.71026
304 2.71774
305 2.72691
306 2.73059
307 2.73437
308 2.75264
309 2.75648
310 2.75919
311 2.76258
312 2.77964
313 2.79347
314 2.79668
315 2.83471
316 2.84709
317 2.87331
318 2.88336
319 2.88991
320 2.89316
321 2.89808
322 2.90317
323 2.90485
324 2.9089
325 2.91316
326 2.94205
327 2.95682
328 2.97295
329 2.99115
330 2.9993
