1 0.00296
2 0.00842
3 0.0158
4 0.02317
5 0.02793
6 0.03031
7 0.03883
8 0.04168
9 0.04766
10 0.04942
11 0.05605
12 0.062
13 0.06924
14 0.0725
15 0.0858
16 0.08852
17 0.09357
18 0.11473
19 0.14066
20 0.16771
21 0.17236
22 0.18126
23 0.18813
24 0.19078
25 0.195
26 0.19948
27 0.20531
28 0.21128
29 0.21471
30 0.2368
31 0.24303
32 0.25621
33 0.25904
34 0.26951
35 0.27386
36 0.28445
37 0.28646
38 0.28847
39 0.29811
40 0.31663
41 0.32195
42 0.3275
43 0.33768
44 0.34055
45 0.37327
46 0.3796
47 0.38691
48 0.38816
49 0.39282
50 0.40213
51 0.41475
52 0.41593
53 0.42231
54 0.4269
55 0.4423
56 0.44727
57 0.46224
58 0.46411
59 0.46752
60 0.48033
61 0.4855
62 0.48922
63 0.49176
64 0.49622
65 0.5062
66 0.52748
67 0.53332
68 0.54439
69 0.55353
70 0.55985
71 0.57138
72 0.57828
73 0.58361
74 0.59159
75 0.59811
76 0.60933
77 0.61684
78 0.62646
79 0.65039
80 0.66281
81 0.66795
82 0.67411
83 0.675
84 0.67905
85 0.68433
86 0.70141
87 0.70916
88 0.71325
89 0.71992
90 0.7257
91 0.72969
92 0.73944
93 0.74533
94 0.74661
95 0.76467
96 0.78146
97 0.79288
98 0.79968
99 0.81415
100 0.81632
101 0.8275
102 0.82985
103 0.83332
104 0.83771
105 0.84153
106 0.85811
107 0.86223
108 0.86886
109 0.87077
110 0.87574
111 0.87727
112 0.90934
113 0.91813
114 0.9271
115 0.93588
116 0.95458
117 0.95819
118 0.9614
119 0.96375
120 0.96672
121 0.97185
122 0.97659
123 0.9815
124 0.99477
125 1.02754
126 1.04616
127 1.04768
128 1.05279
129 1.05524
130 1.06728
131 1.06964
132 1.07185
133 1.07905
134 1.08679
135 1.09205
136 1.09779
137 1.114
138 1.12041
139 1.13714
140 1.13961
141 1.16746
142 1.17279
143 1.19971
144 1.2041
145 1.20747
146 1.21473
147 1.21867
148 1.22093
149 1.2263
150 1.23491
151 1.23837
152 1.24051
153 1.24885
154 1.28631
155 1.28983
156 1.29397
157 1.31119
158 1.31314
159 1.31909
160 1.34243
161 1.36527
162 1.37893
163 1.38662
164 1.41426
165 1.4183
166 1.4209
167 1.42501
168 1.4317
169 1.45405
170 1.46108
171 1.46676
172 1.47162
173 1.47564
174 1.48624
175 1.49028
176 1.49461
177 1.49659
178 1.50531
179 1.52522
180 1.53565
181 1.53793
182 1.54985
183 1.55205
184 1.55551
185 1.56046
186 1.57659
187 1.59217
188 1.59519
189 1.59882
190 1.61114
191 1.62116
192 1.62316
193 1.62713
194 1.63652
195 1.65531
196 1.66683
197 1.67293
198 1.67705
199 1.69555
200 1.70762
201 1.7223
202 1.73298
203 1.73667
204 1.74051
205 1.74177
206 1.74404
207 1.7713
208 1.77322
209 1.7914
210 1.79875
211 1.80052
212 1.80631
213 1.81269
214 1.81938
215 1.82422
216 1.82666
217 1.83215
218 1.84215
219 1.85432
220 1.86619
221 1.8829
222 1.88794
223 1.90456
224 1.92153
225 1.93186
226 1.93628
227 1.94404
228 1.95514
229 1.96452
230 1.96994
231 1.97292
232 1.97862
233 1.98028
234 1.99065
235 1.99572
236 2.00049
237 2.01535
238 2.02021
239 2.02877
240 2.03396
241 2.03703
242 2.04972
243 2.05522
244 2.0574
245 2.06716
246 2.08037
247 2.08623
248 2.10102
249 2.11173
250 2.12302
251 2.13561
252 2.14117
253 2.15336
254 2.1585
255 2.16556
256 2.18135
257 2.18672
258 2.18934
259 2.19623
260 2.20293
261 2.2114
262 2.21775
263 2.22403
264 2.22836
265 2.23901
266 2.24447
267 2.25114
268 2.26309
269 2.26772
270 2.27378
271 2.27991
272 2.28983
273 2.29076
274 2.29476
275 2.29704
276 2.30172
277 2.31839
278 2.3316
279 2.33601
280 2.34216
281 2.34469
282 2.35946
283 2.36882
284 2.37328
285 2.37671
286 2.39137
287 2.39906
288 2.4146
289 2.41613
290 2.42555
291 2.42747
292 2.4327
293 2.43517
294 2.45071
295 2.4668
296 2.47195
297 2.47475
298 2.49075
299 2.49221
300 2.49847
301 2.51458
302 2.51873
303 2.53595
304 2.54059
305 2.54272
306 2.55353
307 2.55472
308 2.55777
309 2.5616
310 2.57528
311 2.58239
312 2.59232
313 2.61718
314 2.62236
315 2.62766
316 2.63856
317 2.64105
318 2.65829
319 2.66527
320 2.67069
321 2.6785
322 2.68234
323 2.69506
324 2.70213
325 2.70578
326 2.70979
327 2.72145
328 2.72759
329 2.7314
330 2.74942
331 2.75433
332 2.75703
333 2.75943
334 2.77492
335 2.77808
336 2.78806
337 2.79596
338 2.81767
339 2.83981
340 2.84613
341 2.87001
342 2.87329
343 2.89021
344 2.90851
345 2.91773
346 2.9281
347 2.92968
348 2.93564
349 2.95091
350 2.96135
351 2.96778
352 2.97161
353 2.97406
354 2.98073
355 2.98661
356 2.99107
357 2.99204
358 2.99959
