1 0.00715
2 0.01472
3 0.01757
4 0.02397
5 0.02957
6 0.03706
7 0.03986
8 0.05438
9 0.06126
10 0.06522
11 0.08131
12 0.08301
13 0.08488
14 0.09938
15 0.11045
16 0.1129
17 0.12727
18 0.14066
19 0.14395
20 0.1561
21 0.16251
22 0.17355
23 0.17557
24 0.18196
25 0.19271
26 0.19915
27 0.2226
28 0.22658
29 0.23084
30 0.23913
31 0.25093
32 0.26075
33 0.2626
34 0.26826
35 0.2695
36 0.27566
37 0.28346
38 0.29729
39 0.29871
40 0.30582
41 0.30782
42 0.31129
43 0.31433
44 0.31526
45 0.32515
46 0.32893
47 0.33234
48 0.34599
49 0.35247
50 0.36145
51 0.37852
52 0.39424
53 0.39687
54 0.40027
55 0.40155
56 0.41192
57 0.41742
58 0.42099
59 0.44273
60 0.45564
61 0.46499
62 0.47714
63 0.48371
64 0.4941
65 0.50375
66 0.50745
67 0.51074
68 0.51251
69 0.5185
70 0.53584
71 0.5381
72 0.5462
73 0.54939
74 0.56349
75 0.58098
76 0.59776
77 0.61234
78 0.64626
79 0.65334
80 0.65827
81 0.67395
82 0.67768
83 0.69443
84 0.70703
85 0.72642
86 0.72848
87 0.73363
88 0.75263
89 0.76511
90 0.77098
91 0.77728
92 0.78014
93 0.80168
94 0.80856
95 0.81769
96 0.8196
97 0.83615
98 0.85773
99 0.86734
100 0.87823
101 0.88895
102 0.89176
103 0.90215
104 0.91349
105 0.93953
106 0.94063
107 0.9682
108 0.97472
109 0.97631
110 0.98027
111 0.98222
112 0.99967
113 1.00186
114 1.01019
115 1.01373
116 1.01782
117 1.0209
118 1.02271
119 1.02475
120 1.02597
121 1.03335
122 1.04695
123 1.05538
124 1.05995
125 1.0624
126 1.06557
127 1.07161
128 1.07829
129 1.08451
130 1.09178
131 1.10457
132 1.11143
133 1.1167
134 1.13798
135 1.14859
136 1.15937
137 1.16379
138 1.16634
139 1.18205
140 1.18371
141 1.18645
142 1.2032
143 1.21713
144 1.22458
145 1.23253
146 1.23462
147 1.24737
148 1.24921
149 1.25847
150 1.26611
151 1.27254
152 1.28537
153 1.29046
154 1.31485
155 1.31785
156 1.33561
157 1.34739
158 1.35794
159 1.36607
160 1.3697
161 1.38375
162 1.38901
163 1.39493
164 1.40552
165 1.41935
166 1.42613
167 1.45594
168 1.46901
169 1.48178
170 1.48742
171 1.49274
172 1.49502
173 1.49881
174 1.50219
175 1.50791
176 1.52166
177 1.53307
178 1.54045
179 1.55644
180 1.56549
181 1.56948
182 1.5795
183 1.60562
184 1.64643
185 1.67944
186 1.68568
187 1.69465
188 1.70456
189 1.71211
190 1.7156
191 1.72345
192 1.73505
193 1.7384
194 1.74061
195 1.74998
196 1.7529
197 1.75794
198 1.76282
199 1.77228
200 1.77667
201 1.79101
202 1.79993
203 1.81001
204 1.81182
205 1.8155
206 1.83102
207 1.84188
208 1.8624
209 1.87703
210 1.89171
211 1.89895
212 1.90098
213 1.90463
214 1.90909
215 1.91187
216 1.9188
217 1.92313
218 1.93531
219 1.9572
220 1.97039
221 1.9818
222 1.98803
223 2.00413
224 2.01281
225 2.01583
226 2.01894
227 2.02218
228 2.02484
229 2.02904
230 2.03216
231 2.03326
232 2.039
233 2.04795
234 2.05457
235 2.05891
236 2.0662
237 2.07613
238 2.08756
239 2.09764
240 2.10752
241 2.11753
242 2.11986
243 2.12831
244 2.1399
245 2.15239
246 2.15577
247 2.15997
248 2.16764
249 2.17328
250 2.18871
251 2.21461
252 2.22071
253 2.23992
254 2.24522
255 2.25383
256 2.2573
257 2.26239
258 2.26456
259 2.26629
260 2.26873
261 2.27417
262 2.31086
263 2.31333
264 2.31527
265 2.31687
266 2.3234
267 2.33504
268 2.3518
269 2.36187
270 2.38796
271 2.39174
272 2.40043
273 2.40151
274 2.40582
275 2.40922
276 2.41242
277 2.41714
278 2.43833
279 2.44929
280 2.46242
281 2.47178
282 2.47656
283 2.4784
284 2.48133
285 2.49661
286 2.49937
287 2.50347
288 2.50959
289 2.51491
290 2.52589
291 2.52717
292 2.53044
293 2.5373
294 2.54585
295 2.55509
296 2.56383
297 2.56575
298 2.57587
299 2.60051
300 2.60478
301 2.60736
302 2.6132
303 2.61597
304 2.62853
305 2.64219
306 2.64572
307 2.65379
308 2.6601
309 2.6685
310 2.6736
311 2.69297
312 2.6956
313 2.70868
314 2.71216
315 2.72552
316 2.72947
317 2.73087
318 2.73994
319 2.74825
320 2.75175
321 2.76148
322 2.76349
323 2.76777
324 2.77046
325 2.78136
326 2.79185
327 2.79624
328 2.81365
329 2.8185
330 2.82214
331 2.83094
332 2.83945
333 2.8536
334 2.88265
335 2.89425
336 2.91427
337 2.92277
338 2.92506
339 2.93201
340 2.93499
341 2.95611
342 2.96533
343 2.96893
344 2.97269
345 2.97855
346 2.99111
