1 0.00369
2 0.00507
3 0.00896
4 0.01351
5 0.03336
6 0.0349
7 0.03868
8 0.04395
9 0.05199
10 0.0634
11 0.0674
12 0.07337
13 0.08692
14 0.09139
15 0.10299
16 0.10454
17 0.1071
18 0.11008
19 0.11619
20 0.11912
21 0.12397
22 0.12534
23 0.13047
24 0.13222
25 0.13874
26 0.14508
27 0.15317
28 0.15595
29 0.17333
30 0.17649
31 0.18034
32 0.18504
33 0.19641
34 0.20176
35 0.20518
36 0.22142
37 0.22883
38 0.23933
39 0.24875
40 0.2549
41 0.2589
42 0.26139
43 0.26607
44 0.27723
45 0.293
46 0.30092
47 0.30728
48 0.31199
49 0.31402
50 0.32214
51 0.32381
52 0.32631
53 0.33205
54 0.33569
55 0.34282
56 0.34541
57 0.35054
58 0.3572
59 0.36578
60 0.38986
61 0.40199
62 0.42226
63 0.4264
64 0.42953
65 0.4368
66 0.45068
67 0.45403
68 0.4604
69 0.46437
70 0.47111
71 0.4735
72 0.48246
73 0.4943
74 0.50246
75 0.50833
76 0.5107
77 0.51611
78 0.53248
79 0.53601
80 0.53818
81 0.54132
82 0.54653
83 0.54956
84 0.5709
85 0.57761
86 0.59475
87 0.6141
88 0.62138
89 0.63063
90 0.63457
91 0.63771
92 0.64194
93 0.64858
94 0.65175
95 0.65388
96 0.65857
97 0.67414
98 0.68077
99 0.68407
100 0.68997
101 0.6961
102 0.70267
103 0.70853
104 0.71367
105 0.72285
106 0.73474
107 0.74555
108 0.74888
109 0.75207
110 0.75808
111 0.76177
112 0.7821
113 0.78388
114 0.78957
115 0.79337
116 0.80143
117 0.80895
118 0.81197
119 0.81726
120 0.82096
121 0.82571
122 0.82982
123 0.83495
124 0.83887
125 0.84621
126 0.8517
127 0.8532
128 0.85688
129 0.86046
130 0.87326
131 0.88003
132 0.90262
133 0.91217
134 0.91937
135 0.92627
136 0.93176
137 0.93407
138 0.93684
139 0.94325
140 0.9487
141 0.95254
142 0.95731
143 0.96483
144 0.966
145 0.97791
146 0.9931
147 0.99476
148 0.99654
149 1.00486
150 1.01119
151 1.01354
152 1.03539
153 1.03721
154 1.04238
155 1.04566
156 1.06478
157 1.06874
158 1.08121
159 1.0864
160 1.09096
161 1.09334
162 1.09991
163 1.10207
164 1.10354
165 1.10686
166 1.12377
167 1.14598
168 1.15098
169 1.16916
170 1.18023
171 1.18428
172 1.18917
173 1.19593
174 1.2006
175 1.2035
176 1.20816
177 1.21237
178 1.21677
179 1.22602
180 1.2483
181 1.25041
182 1.25781
183 1.26384
184 1.2681
185 1.29172
186 1.30168
187 1.30826
188 1.31169
189 1.31341
190 1.31611
191 1.31994
192 1.32622
193 1.33351
194 1.33532
195 1.34589
196 1.35061
197 1.3538
198 1.36883
199 1.37469
200 1.38257
201 1.39375
202 1.40527
203 1.40883
204 1.42066
205 1.42825
206 1.4328
207 1.4425
208 1.45027
209 1.45297
210 1.45771
211 1.46746
212 1.46944
213 1.47116
214 1.50136
215 1.50637
216 1.50912
217 1.51294
218 1.51462
219 1.52035
220 1.53293
221 1.54637
222 1.55268
223 1.55546
224 1.55674
225 1.5613
226 1.56418
227 1.58196
228 1.58424
229 1.58798
230 1.58925
231 1.60105
232 1.60275
233 1.6122
234 1.61493
235 1.63759
236 1.64238
237 1.65651
238 1.66171
239 1.67746
240 1.68171
241 1.68652
242 1.69553
243 1.70097
244 1.7059
245 1.71375
246 1.71546
247 1.71712
248 1.72732
249 1.73874
250 1.75704
251 1.76095
252 1.76729
253 1.78386
254 1.79387
255 1.7952
256 1.80463
257 1.80719
258 1.81046
259 1.81219
260 1.82228
261 1.8285
262 1.83432
263 1.83801
264 1.85529
265 1.86009
266 1.87014
267 1.87347
268 1.87753
269 1.88924
270 1.89765
271 1.90063
272 1.91937
273 1.92497
274 1.93196
275 1.93797
276 1.94414
277 1.95112
278 1.95389
279 1.95632
280 1.9651
281 1.99262
282 2.00318
283 2.00651
284 2.00818
285 2.01653
286 2.02266
287 2.03094
288 2.03815
289 2.04223
290 2.05006
291 2.06613
292 2.07862
293 2.08076
294 2.08652
295 2.09527
296 2.10084
297 2.11033
298 2.11167
299 2.12607
300 2.13636
301 2.14481
302 2.14747
303 2.15235
304 2.17555
305 2.17943
306 2.19909
307 2.20428
308 2.20664
309 2.21817
310 2.22675
311 2.23006
312 2.24214
313 2.24832
314 2.25289
315 2.25834
316 2.26008
317 2.2678
318 2.26901
319 2.28496
320 2.29073
321 2.29332
322 2.29503
323 2.30736
324 2.31752
325 2.32248
326 2.32955
327 2.33281
328 2.33699
329 2.34459
330 2.34763
331 2.3562
332 2.36566
333 2.3719
334 2.38344
335 2.39118
336 2.39844
337 2.4043
338 2.42098
339 2.42648
340 2.42923
341 2.43903
342 2.44803
343 2.46131
344 2.46468
345 2.46669
346 2.48887
347 2.49505
348 2.49799
349 2.50655
350 2.51167
351 2.52176
352 2.53166
353 2.53514
354 2.54579
355 2.55381
356 2.5611
357 2.56582
358 2.58008
359 2.58332
360 2.58538
361 2.59028
362 2.59231
363 2.59325
364 2.59941
365 2.60358
366 2.61121
367 2.61562
368 2.61763
369 2.62416
370 2.62646
371 2.64005
372 2.6496
373 2.65703
374 2.67125
375 2.67421
376 2.6819
377 2.68491
378 2.70058
379 2.7038
380 2.71248
381 2.7166
382 2.72541
383 2.72761
384 2.75169
385 2.76822
386 2.76965
387 2.77098
388 2.78366
389 2.80307
390 2.80807
391 2.80972
392 2.81121
393 2.81511
394 2.81878
395 2.82847
396 2.83628
397 2.84166
398 2.85603
399 2.85832
400 2.86082
401 2.86358
402 2.86863
403 2.87241
404 2.88367
405 2.88747
406 2.89357
407 2.90118
408 2.90554
409 2.92115
410 2.92427
411 2.93647
412 2.94278
413 2.95182
414 2.95842
415 2.96306
416 2.96493
417 2.99023
