1 0.00488
2 0.01649
3 0.0224
4 0.02649
5 0.04072
6 0.05169
7 0.06158
8 0.06481
9 0.07376
10 0.07806
11 0.0897
12 0.09161
13 0.10234
14 0.11061
15 0.1178
16 0.1265
17 0.13613
18 0.14399
19 0.14574
20 0.1543
21 0.17805
22 0.1929
23 0.19835
24 0.20197
25 0.23242
26 0.23575
27 0.24827
28 0.2547
29 0.26461
30 0.26581
31 0.2677
32 0.27417
33 0.27918
34 0.2928
35 0.29634
36 0.29977
37 0.30619
38 0.30869
39 0.31229
40 0.33408
41 0.35543
42 0.36046
43 0.36511
44 0.37107
45 0.38213
46 0.40235
47 0.41402
48 0.41915
49 0.42329
50 0.43208
51 0.44688
52 0.44909
53 0.45821
54 0.47458
55 0.49355
56 0.50413
57 0.50869
58 0.51709
59 0.52928
60 0.53251
61 0.53497
62 0.54041
63 0.54189
64 0.57607
65 0.58752
66 0.60908
67 0.61213
68 0.62154
69 0.62578
70 0.63113
71 0.63492
72 0.6384
73 0.64578
74 0.68369
75 0.68828
76 0.69706
77 0.70037
78 0.71823
79 0.72471
80 0.73706
81 0.74372
82 0.75386
83 0.7567
84 0.77093
85 0.77401
86 0.80673
87 0.82317
88 0.82766
89 0.82938
90 0.83549
91 0.838
92 0.83946
93 0.85144
94 0.85821
95 0.874
96 0.89287
97 0.90196
98 0.90674
99 0.91364
100 0.92414
101 0.92837
102 0.9366
103 0.95043
104 0.95674
105 0.96434
106 0.96838
107 0.97247
108 0.98449
109 0.9967
110 1.00002
111 1.00617
112 1.01634
113 1.02288
114 1.05958
115 1.06204
116 1.08041
117 1.08262
118 1.10351
119 1.10823
120 1.1184
121 1.13314
122 1.13645
123 1.14949
124 1.16098
125 1.17712
126 1.19621
127 1.21033
128 1.21861
129 1.22412
130 1.23811
131 1.24541
132 1.27446
133 1.28426
134 1.29889
135 1.32441
136 1.33539
137 1.34603
138 1.3483
139 1.3553
140 1.36216
141 1.36597
142 1.36859
143 1.38035
144 1.38774
145 1.39474
146 1.39604
147 1.41125
148 1.42507
149 1.43322
150 1.44884
151 1.456
152 1.47221
153 1.49199
154 1.49609
155 1.51261
156 1.53074
157 1.53374
158 1.53868
159 1.55443
160 1.55919
161 1.56547
162 1.57901
163 1.58575
164 1.59276
165 1.63118
166 1.63834
167 1.64107
168 1.64687
169 1.65823
170 1.67582
171 1.67935
172 1.68704
173 1.69318
174 1.69796
175 1.7198
176 1.73032
177 1.7391
178 1.74025
179 1.74709
180 1.75515
181 1.78071
182 1.78512
183 1.80006
184 1.80525
185 1.81794
186 1.84344
187 1.84627
188 1.85335
189 1.87077
190 1.88795
191 1.8942
192 1.905
193 1.90984
194 1.91608
195 1.92268
196 1.94125
197 1.94929
198 1.95199
199 1.9555
200 1.97396
201 1.97785
202 1.99272
203 2.0055
204 2.01089
205 2.01594
206 2.01906
207 2.02035
208 2.02738
209 2.0429
210 2.05587
211 2.08121
212 2.10376
213 2.1075
214 2.11621
215 2.12291
216 2.12805
217 2.1353
218 2.16056
219 2.17021
220 2.18266
221 2.19909
222 2.20081
223 2.20853
224 2.22225
225 2.23077
226 2.24234
227 2.26921
228 2.28584
229 2.29045
230 2.29805
231 2.29968
232 2.31726
233 2.33156
234 2.35086
235 2.35587
236 2.36229
237 2.36613
238 2.37549
239 2.38425
240 2.39339
241 2.42492
242 2.4292
243 2.43801
244 2.44445
245 2.45021
246 2.46421
247 2.48712
248 2.50868
249 2.5224
250 2.52553
251 2.52765
252 2.54073
253 2.55948
254 2.57201
255 2.58469
256 2.58777
257 2.59477
258 2.59878
259 2.6074
260 2.61523
261 2.62129
262 2.62233
263 2.63098
264 2.63325
265 2.64398
266 2.65524
267 2.66318
268 2.67552
269 2.6838
270 2.69349
271 2.70747
272 2.72199
273 2.72834
274 2.73287
275 2.7389
276 2.76198
277 2.76944
278 2.78658
279 2.79516
280 2.80578
281 2.80988
282 2.81865
283 2.82901
284 2.83127
285 2.83754
286 2.85404
287 2.85703
288 2.86304
289 2.86995
290 2.879
291 2.89027
292 2.90191
293 2.94304
294 2.94504
295 2.94784
296 2.95177
297 2.96502
298 2.97275
299 2.97567
300 2.98453
301 2.98636
