1 0.00383
2 0.00849
3 0.02508
4 0.03257
5 0.03527
6 0.0508
7 0.08021
8 0.08875
9 0.09081
10 0.09573
11 0.1084
12 0.12015
13 0.1445
14 0.15148
15 0.15333
16 0.16352
17 0.16968
18 0.18105
19 0.18855
20 0.2001
21 0.2111
22 0.23135
23 0.24405
24 0.26983
25 0.28374
26 0.29075
27 0.29255
28 0.3036
29 0.32012
30 0.3277
31 0.33816
32 0.34501
33 0.34857
34 0.35381
35 0.35471
36 0.35973
37 0.36959
38 0.37101
39 0.37873
40 0.39137
41 0.39786
42 0.40216
43 0.40541
44 0.40938
45 0.41906
46 0.42255
47 0.4325
48 0.43515
49 0.4387
50 0.45083
51 0.46498
52 0.46647
53 0.47278
54 0.48102
55 0.48593
56 0.49098
57 0.50649
58 0.51678
59 0.52287
60 0.52993
61 0.53624
62 0.54492
63 0.55154
64 0.55627
65 0.565
66 0.56807
67 0.57935
68 0.59204
69 0.59635
70 0.6049
71 0.61761
72 0.63778
73 0.64304
74 0.64597
75 0.65059
76 0.66842
77 0.67498
78 0.68486
79 0.69336
80 0.70518
81 0.71113
82 0.73047
83 0.73655
84 0.73807
85 0.76214
86 0.77828
87 0.78192
88 0.79327
89 0.80456
90 0.82009
91 0.82619
92 0.83873
93 0.84783
94 0.86114
95 0.86574
96 0.89163
97 0.89638
98 0.9069
99 0.90877
100 0.91526
101 0.92758
102 0.93371
103 0.94139
104 0.94506
105 0.95472
106 0.956
107 0.95962
108 0.97175
109 0.98146
110 1.00296
111 1.02013
112 1.02432
113 1.0341
114 1.04385
115 1.04929
116 1.05641
117 1.06473
118 1.06913
119 1.09508
120 1.1063
121 1.10974
122 1.12031
123 1.14822
124 1.1623
125 1.16602
126 1.16841
127 1.1813
128 1.19173
129 1.20254
130 1.21339
131 1.21753
132 1.22959
133 1.24138
134 1.24846
135 1.26676
136 1.28804
137 1.30684
138 1.32082
139 1.3328
140 1.33809
141 1.34877
142 1.37133
143 1.37587
144 1.39833
145 1.40133
146 1.40351
147 1.41384
148 1.42816
149 1.43569
150 1.44216
151 1.45211
152 1.47601
153 1.4894
154 1.50961
155 1.52115
156 1.53075
157 1.5319
158 1.5342
159 1.54253
160 1.54908
161 1.55349
162 1.55806
163 1.56098
164 1.56384
165 1.57029
166 1.58298
167 1.59385
168 1.59906
169 1.61919
170 1.62714
171 1.63836
172 1.64869
173 1.65035
174 1.65396
175 1.67736
176 1.68049
177 1.6835
178 1.69009
179 1.69221
180 1.70076
181 1.70428
182 1.70589
183 1.71148
184 1.72115
185 1.73939
186 1.75194
187 1.75446
188 1.7572
189 1.76253
190 1.76546
191 1.76661
192 1.77347
193 1.78403
194 1.79342
195 1.79652
196 1.80623
197 1.81637
198 1.84375
199 1.85344
200 1.85625
201 1.86069
202 1.86463
203 1.88427
204 1.89356
205 1.8959
206 1.89953
207 1.90663
208 1.91081
209 1.91641
210 1.92533
211 1.92732
212 1.93492
213 1.94493
214 1.95693
215 1.96286
216 1.96532
217 1.99078
218 2.00405
219 2.00498
220 2.03168
221 2.04541
222 2.04672
223 2.05217
224 2.05672
225 2.0589
226 2.07055
227 2.07555
228 2.08384
229 2.09812
230 2.12518
231 2.12902
232 2.13474
233 2.1399
234 2.15358
235 2.16349
236 2.1671
237 2.18065
238 2.18393
239 2.18766
240 2.1942
241 2.20166
242 2.2105
243 2.2427
244 2.24473
245 2.24677
246 2.26091
247 2.27564
248 2.2839
249 2.29093
250 2.3001
251 2.31789
252 2.32043
253 2.32293
254 2.34291
255 2.3486
256 2.35531
257 2.3631
258 2.36733
259 2.37353
260 2.37661
261 2.43013
262 2.44747
263 2.45899
264 2.46377
265 2.48401
266 2.49162
267 2.50124
268 2.51136
269 2.52565
270 2.53555
271 2.54266
272 2.55278
273 2.58799
274 2.58988
275 2.60772
276 2.6166
277 2.61923
278 2.62283
279 2.63442
280 2.64304
281 2.65602
282 2.66041
283 2.67047
284 2.67726
285 2.6854
286 2.70068
287 2.70834
288 2.7125
289 2.72297
290 2.74474
291 2.75704
292 2.75868
293 2.78556
294 2.79366
295 2.80845
296 2.8151
297 2.82736
298 2.83586
299 2.85277
300 2.86254
301 2.86392
302 2.8724
303 2.87435
304 2.88002
305 2.88393
306 2.89054
307 2.89651
308 2.90407
309 2.90692
310 2.91022
311 2.9166
312 2.92388
313 2.93284
314 2.93797
315 2.94246
316 2.94757
317 2.9549
318 2.95943
319 2.96911
320 2.97386
321 2.99586
