1 0.00356
2 0.00893
3 0.0108
4 0.01898
5 0.03504
6 0.0403
7 0.04575
8 0.05104
9 0.06311
10 0.07177
11 0.07713
12 0.08563
13 0.09178
14 0.09555
15 0.09808
16 0.1006
17 0.10414
18 0.1096
19 0.11278
20 0.12463
21 0.13458
22 0.14379
23 0.14809
24 0.15158
25 0.15713
26 0.16637
27 0.17066
28 0.18847
29 0.19399
30 0.19734
31 0.20305
32 0.2173
33 0.22053
34 0.23042
35 0.24144
36 0.24416
37 0.26193
38 0.2778
39 0.29475
40 0.30027
41 0.32419
42 0.33847
43 0.34498
44 0.34817
45 0.35452
46 0.35728
47 0.36743
48 0.36866
49 0.38025
50 0.40026
51 0.41533
52 0.43804
53 0.44395
54 0.45072
55 0.45629
56 0.45876
57 0.46607
58 0.46882
59 0.48812
60 0.49713
61 0.50042
62 0.50865
63 0.51643
64 0.52317
65 0.53352
66 0.54671
67 0.54899
68 0.57434
69 0.57902
70 0.58662
71 0.59212
72 0.60487
73 0.60968
74 0.61271
75 0.6169
76 0.6194
77 0.63615
78 0.65019
79 0.65136
80 0.65554
81 0.65744
82 0.67213
83 0.68386
84 0.69089
85 0.6924
86 0.69393
87 0.69612
88 0.71271
89 0.71411
90 0.71729
91 0.73266
92 0.73722
93 0.76972
94 0.78213
95 0.78651
96 0.78746
97 0.79125
98 0.79828
99 0.80216
100 0.81576
101 0.83334
102 0.84249
103 0.84861
104 0.85973
105 0.86385
106 0.87507
107 0.87873
108 0.90036
109 0.90421
110 0.90752
111 0.91289
112 0.91938
113 0.9274
114 0.94447
115 0.94797
116 0.95199
117 0.96449
118 0.97842
119 0.98861
120 1.00661
121 1.01968
122 1.0247
123 1.02823
124 1.04039
125 1.04361
126 1.06599
127 1.06728
128 1.07426
129 1.08785
130 1.09444
131 1.09697
132 1.10546
133 1.1116
134 1.1148
135 1.11768
136 1.12871
137 1.14993
138 1.15794
139 1.16758
140 1.16905
141 1.17255
142 1.18782
143 1.18962
144 1.19243
145 1.2081
146 1.21574
147 1.2189
148 1.22331
149 1.2603
150 1.2665
151 1.2702
152 1.27766
153 1.28225
154 1.28787
155 1.30116
156 1.31757
157 1.33222
158 1.33941
159 1.34803
160 1.35128
161 1.35382
162 1.38355
163 1.40576
164 1.42555
165 1.43517
166 1.43913
167 1.44672
168 1.44769
169 1.44932
170 1.45881
171 1.48047
172 1.495
173 1.50139
174 1.50766
175 1.51749
176 1.5195
177 1.52228
178 1.52656
179 1.53875
180 1.54662
181 1.56538
182 1.56789
183 1.57406
184 1.59744
185 1.603
186 1.60712
187 1.6093
188 1.61812
189 1.62819
190 1.65167
191 1.65485
192 1.65795
193 1.66685
194 1.66923
195 1.67798
196 1.69058
197 1.69177
198 1.70504
199 1.71189
200 1.71643
201 1.72933
202 1.73797
203 1.75466
204 1.75855
205 1.76659
206 1.77326
207 1.7909
208 1.81968
209 1.83249
210 1.84162
211 1.85618
212 1.85813
213 1.86227
214 1.86701
215 1.89711
216 1.89918
217 1.90725
218 1.91886
219 1.92202
220 1.92594
221 1.93897
222 1.94494
223 1.9485
224 1.96354
225 1.96537
226 1.96984
227 1.98273
228 1.98815
229 1.99257
230 1.99426
231 2.00359
232 2.00743
233 2.01631
234 2.01785
235 2.01881
236 2.02287
237 2.02875
238 2.03322
239 2.037
240 2.06317
241 2.07285
242 2.07898
243 2.08563
244 2.0907
245 2.09292
246 2.10332
247 2.10971
248 2.11171
249 2.11769
250 2.13076
251 2.15038
252 2.15291
253 2.157
254 2.15915
255 2.16743
256 2.17601
257 2.1838
258 2.18661
259 2.19001
260 2.20152
261 2.21224
262 2.23121
263 2.23965
264 2.25407
265 2.25971
266 2.26949
267 2.27862
268 2.28561
269 2.29187
270 2.30537
271 2.32461
272 2.32673
273 2.34156
274 2.34352
275 2.34539
276 2.35301
277 2.37438
278 2.40466
279 2.41006
280 2.41965
281 2.42458
282 2.44072
283 2.44518
284 2.45629
285 2.45972
286 2.46306
287 2.46526
288 2.46737
289 2.48005
290 2.48203
291 2.48936
292 2.49559
293 2.50241
294 2.51022
295 2.52073
296 2.52642
297 2.53838
298 2.54681
299 2.54883
300 2.56263
301 2.5659
302 2.57162
303 2.57753
304 2.59494
305 2.60147
306 2.60543
307 2.60744
308 2.61444
309 2.62395
310 2.64826
311 2.66306
312 2.66817
313 2.68461
314 2.68629
315 2.69299
316 2.69542
317 2.69753
318 2.70862
319 2.71219
320 2.71903
321 2.72832
322 2.73307
323 2.74232
324 2.75818
325 2.76178
326 2.76401
327 2.77344
328 2.77826
329 2.78171
330 2.79186
331 2.79558
332 2.81587
333 2.81796
334 2.83451
335 2.84284
336 2.84635
337 2.84783
338 2.84902
339 2.85476
340 2.87216
341 2.87469
342 2.89268
343 2.90261
344 2.91172
345 2.92214
346 2.93359
347 2.94236
348 2.96636
349 2.97278
350 2.98053
351 2.98558
352 2.99842
