1 0.0021
2 0.00457
3 0.01508
4 0.01603
5 0.02477
6 0.03353
7 0.0416
8 0.04297
9 0.04921
10 0.05205
11 0.05806
12 0.05963
13 0.06209
14 0.06669
15 0.07162
16 0.09213
17 0.09444
18 0.10002
19 0.10385
20 0.11064
21 0.12422
22 0.13008
23 0.13165
24 0.13447
25 0.1366
26 0.13815
27 0.14798
28 0.15683
29 0.17493
30 0.18867
31 0.19021
32 0.19855
33 0.20364
34 0.21303
35 0.22057
36 0.22591
37 0.22976
38 0.23171
39 0.24014
40 0.24333
41 0.24703
42 0.25238
43 0.25488
44 0.25934
45 0.2619
46 0.26633
47 0.26853
48 0.28007
49 0.28721
50 0.29469
51 0.30358
52 0.31534
53 0.3337
54 0.3437
55 0.34694
56 0.34902
57 0.35371
58 0.3772
59 0.38258
60 0.38926
61 0.39885
62 0.40593
63 0.41983
64 0.42672
65 0.43817
66 0.44427
67 0.44737
68 0.45541
69 0.45873
70 0.46168
71 0.47291
72 0.47681
73 0.48014
74 0.49378
75 0.4995
76 0.50759
77 0.51052
78 0.5224
79 0.54446
80 0.54904
81 0.55115
82 0.55479
83 0.55887
84 0.56199
85 0.56778
86 0.57077
87 0.58081
88 0.59315
89 0.60251
90 0.60868
91 0.61364
92 0.62671
93 0.63413
94 0.63786
95 0.64048
96 0.65029
97 0.65935
98 0.67254
99 0.67951
100 0.68713
101 0.69171
102 0.70025
103 0.70859
104 0.72364
105 0.72755
106 0.73323
107 0.73803
108 0.74348
109 0.74531
110 0.74857
111 0.75551
112 0.76703
113 0.77313
114 0.77762
115 0.79405
116 0.80571
117 0.8084
118 0.81131
119 0.81362
120 0.83542
121 0.84443
122 0.85289
123 0.8638
124 0.8664
125 0.87985
126 0.88533
127 0.88781
128 0.89775
129 0.91862
130 0.92431
131 0.93862
132 0.95546
133 0.96353
134 0.97201
135 0.9768
136 0.98433
137 0.9875
138 0.99447
139 0.99663
140 1.00101
141 1.0045
142 1.00817
143 1.01005
144 1.01164
145 1.02255
146 1.0524
147 1.05682
148 1.05806
149 1.06112
150 1.06824
151 1.08098
152 1.09622
153 1.11415
154 1.12046
155 1.12494
156 1.13218
157 1.1366
158 1.1383
159 1.14466
160 1.15081
161 1.15643
162 1.16094
163 1.17147
164 1.17227
165 1.18842
166 1.19375
167 1.19636
168 1.19852
169 1.20142
170 1.2049
171 1.21249
172 1.21677
173 1.2238
174 1.23213
175 1.2338
176 1.24231
177 1.25083
178 1.25451
179 1.26194
180 1.26989
181 1.27138
182 1.28775
183 1.29457
184 1.298
185 1.29976
186 1.30664
187 1.30898
188 1.31176
189 1.31418
190 1.32802
191 1.35697
192 1.36389
193 1.37606
194 1.38257
195 1.38424
196 1.38546
197 1.39216
198 1.40321
199 1.4099
200 1.43711
201 1.44166
202 1.45946
203 1.46304
204 1.46797
205 1.47311
206 1.47903
207 1.4927
208 1.49773
209 1.50398
210 1.50935
211 1.52055
212 1.52424
213 1.54365
214 1.55007
215 1.55239
216 1.55948
217 1.56167
218 1.59379
219 1.59725
220 1.60456
221 1.62267
222 1.62972
223 1.63196
224 1.64454
225 1.65101
226 1.65473
227 1.65923
228 1.6716
229 1.67315
230 1.68882
231 1.70039
232 1.70309
233 1.7043
234 1.70799
235 1.71889
236 1.72464
237 1.72829
238 1.73765
239 1.74718
240 1.76295
241 1.77765
242 1.78713
243 1.79789
244 1.81248
245 1.84161
246 1.84498
247 1.84998
248 1.85518
249 1.87981
250 1.88278
251 1.89026
252 1.89558
253 1.89925
254 1.90394
255 1.91942
256 1.9208
257 1.93819
258 1.94757
259 1.95023
260 1.95361
261 1.96155
262 1.96484
263 1.97636
264 1.97832
265 1.99043
266 1.99989
267 2.00359
268 2.01474
269 2.01833
270 2.01914
271 2.024
272 2.03009
273 2.04729
274 2.0573
275 2.065
276 2.07899
277 2.09679
278 2.10511
279 2.11307
280 2.1188
281 2.13615
282 2.13884
283 2.14091
284 2.17134
285 2.17526
286 2.18698
287 2.18969
288 2.19536
289 2.19793
290 2.20279
291 2.21287
292 2.21831
293 2.22179
294 2.22374
295 2.23171
296 2.23753
297 2.24043
298 2.24231
299 2.25627
300 2.26278
301 2.26839
302 2.29751
303 2.30225
304 2.30707
305 2.30998
306 2.34343
307 2.34868
308 2.35041
309 2.36573
310 2.37212
311 2.37709
312 2.38383
313 2.39172
314 2.39528
315 2.39803
316 2.40708
317 2.42491
318 2.44123
319 2.45229
320 2.45505
321 2.45846
322 2.46243
323 2.47237
324 2.47848
325 2.48077
326 2.50169
327 2.5043
328 2.51478
329 2.52003
330 2.52758
331 2.55046
332 2.55719
333 2.57685
334 2.5962
335 2.59746
336 2.60409
337 2.6095
338 2.61504
339 2.63539
340 2.64063
341 2.64431
342 2.6486
343 2.65522
344 2.67377
345 2.69842
346 2.70184
347 2.70568
348 2.72143
349 2.73594
350 2.74067
351 2.74813
352 2.75084
353 2.75329
354 2.76589
355 2.7785
356 2.79659
357 2.79925
358 2.80891
359 2.8126
360 2.81441
361 2.83196
362 2.84054
363 2.84535
364 2.85294
365 2.86406
366 2.86628
367 2.88571
368 2.8895
369 2.89117
370 2.89449
371 2.90063
372 2.91018
373 2.91842
374 2.93333
375 2.94101
376 2.95152
377 2.95535
378 2.95874
379 2.96324
380 2.967
381 2.96911
382 2.98552
383 2.98876
384 2.99643
