1 0.00195
2 0.00474
3 0.00615
4 0.00875
5 0.01506
6 0.02242
7 0.03354
8 0.03797
9 0.04654
10 0.07331
11 0.07773
12 0.08258
13 0.08362
14 0.09613
15 0.10155
16 0.10554
17 0.12625
18 0.13148
19 0.13799
20 0.14124
21 0.1436
22 0.153
23 0.15638
24 0.1647
25 0.18476
26 0.19193
27 0.19726
28 0.19908
29 0.20438
30 0.23215
31 0.24464
32 0.24821
33 0.2567
34 0.26413
35 0.2718
36 0.28552
37 0.29198
38 0.29566
39 0.29689
40 0.30653
41 0.31652
42 0.33415
43 0.34181
44 0.34687
45 0.35964
46 0.37859
47 0.3866
48 0.41033
49 0.41409
50 0.4168
51 0.42385
52 0.43917
53 0.44
54 0.44835
55 0.44988
56 0.4516
57 0.45313
58 0.46848
59 0.49524
60 0.50008
61 0.50278
62 0.5099
63 0.53235
64 0.53619
65 0.55804
66 0.56356
67 0.56953
68 0.57562
69 0.57894
70 0.58703
71 0.59903
72 0.61582
73 0.62656
74 0.63336
75 0.63783
76 0.6435
77 0.65115
78 0.65449
79 0.65901
80 0.66078
81 0.68521
82 0.69192
83 0.7284
84 0.73022
85 0.7442
86 0.75784
87 0.76518
88 0.7691
89 0.77652
90 0.79135
91 0.7937
92 0.80987
93 0.81463
94 0.82195
95 0.83324
96 0.83488
97 0.84385
98 0.85145
99 0.85429
100 0.85907
101 0.88138
102 0.88984
103 0.89312
104 0.90433
105 0.90768
106 0.92044
107 0.93566
108 0.95037
109 0.98097
110 0.99215
111 0.99642
112 1.00757
113 1.01165
114 1.02199
115 1.03723
116 1.04696
117 1.05142
118 1.05483
119 1.05744
120 1.06163
121 1.06332
122 1.06922
123 1.07901
124 1.08018
125 1.09919
126 1.10147
127 1.10939
128 1.11551
129 1.12399
130 1.13374
131 1.13602
132 1.15209
133 1.15828
134 1.18279
135 1.18599
136 1.19638
137 1.20168
138 1.21542
139 1.22859
140 1.2356
141 1.2393
142 1.24541
143 1.24651
144 1.25812
145 1.26854
146 1.27401
147 1.28862
148 1.29699
149 1.31427
150 1.31988
151 1.32639
152 1.32825
153 1.33397
154 1.35004
155 1.35341
156 1.35604
157 1.36263
158 1.3651
159 1.38559
160 1.3939
161 1.40076
162 1.4109
163 1.41376
164 1.44398
165 1.45193
166 1.45401
167 1.47903
168 1.4847
169 1.48751
170 1.49057
171 1.50821
172 1.51751
173 1.52399
174 1.53723
175 1.53937
176 1.55634
177 1.56304
178 1.56644
179 1.57753
180 1.58826
181 1.60318
182 1.62436
183 1.64077
184 1.64678
185 1.65168
186 1.65515
187 1.65703
188 1.66487
189 1.67637
190 1.68439
191 1.6941
192 1.69524
193 1.70561
194 1.72756
195 1.73277
196 1.73687
197 1.74449
198 1.74634
199 1.75264
200 1.76435
201 1.77193
202 1.78901
203 1.79421
204 1.79962
205 1.80207
206 1.80573
207 1.8169
208 1.83336
209 1.85713
210 1.85991
211 1.86869
212 1.87574
213 1.87961
214 1.90271
215 1.90617
216 1.90992
217 1.91331
218 1.91658
219 1.92286
220 1.93535
221 1.93638
222 1.95116
223 1.95678
224 1.96532
225 1.98113
226 1.98982
227 1.99112
228 1.9932
229 1.99712
230 2.00536
231 2.01152
232 2.01936
233 2.03852
234 2.04134
235 2.04324
236 2.04642
237 2.05902
238 2.06948
239 2.07275
240 2.09799
241 2.10463
242 2.12654
243 2.1313
244 2.13482
245 2.14494
246 2.14958
247 2.159
248 2.16349
249 2.18
250 2.18358
251 2.18873
252 2.21557
253 2.23245
254 2.23726
255 2.24197
256 2.2449
257 2.25485
258 2.25813
259 2.2612
260 2.26527
261 2.27765
262 2.29028
263 2.29581
264 2.31639
265 2.32348
266 2.32705
267 2.32994
268 2.335
269 2.37632
270 2.37873
271 2.38655
272 2.38977
273 2.39478
274 2.40341
275 2.41182
276 2.43184
277 2.43488
278 2.43993
279 2.44839
280 2.46049
281 2.47569
282 2.48422
283 2.48996
284 2.50487
285 2.51065
286 2.51783
287 2.53431
288 2.54637
289 2.55461
290 2.55759
291 2.56027
292 2.56244
293 2.56418
294 2.56882
295 2.57395
296 2.58101
297 2.58558
298 2.59012
299 2.59945
300 2.60245
301 2.60881
302 2.63373
303 2.63695
304 2.64556
305 2.65277
306 2.65603
307 2.66133
308 2.68111
309 2.684
310 2.68597
311 2.69002
312 2.69715
313 2.70467
314 2.71412
315 2.7276
316 2.73377
317 2.7432
318 2.75024
319 2.75252
320 2.77092
321 2.7727
322 2.78556
323 2.79114
324 2.80192
325 2.81306
326 2.83352
327 2.85122
328 2.85516
329 2.8574
330 2.86307
331 2.87401
332 2.87705
333 2.88339
334 2.88695
335 2.88932
336 2.90131
337 2.90414
338 2.90631
339 2.90861
340 2.91744
341 2.93025
342 2.93158
343 2.93396
344 2.94172
345 2.947
346 2.98344
347 2.98779
