1 0.00536
2 0.01075
3 0.01333
4 0.01656
5 0.02446
6 0.02617
7 0.02986
8 0.03806
9 0.04065
10 0.05503
11 0.06656
12 0.06793
13 0.078
14 0.08976
15 0.09239
16 0.09637
17 0.10589
18 0.11066
19 0.11716
20 0.13592
21 0.15479
22 0.16766
23 0.17558
24 0.17704
25 0.17854
26 0.1914
27 0.20324
28 0.20984
29 0.21971
30 0.22463
31 0.23488
32 0.24611
33 0.25077
34 0.2537
35 0.25661
36 0.26271
37 0.27546
38 0.28226
39 0.31134
40 0.31356
41 0.3429
42 0.36849
43 0.38025
44 0.3832
45 0.38479
46 0.39672
47 0.40832
48 0.43209
49 0.43492
50 0.4439
51 0.44558
52 0.4501
53 0.45878
54 0.46658
55 0.4764
56 0.48591
57 0.48737
58 0.49399
59 0.504
60 0.50999
61 0.51339
62 0.51949
63 0.52667
64 0.5311
65 0.5385
66 0.55438
67 0.55992
68 0.56622
69 0.57467
70 0.58055
71 0.58194
72 0.58608
73 0.59892
74 0.6119
75 0.64763
76 0.66246
77 0.66504
78 0.67433
79 0.69743
80 0.70027
81 0.70185
82 0.71177
83 0.71887
84 0.72108
85 0.72224
86 0.72757
87 0.73253
88 0.73403
89 0.7719
90 0.7872
91 0.79274
92 0.79981
93 0.81216
94 0.82382
95 0.83794
96 0.83953
97 0.84574
98 0.8473
99 0.85509
100 0.86291
101 0.88211
102 0.89328
103 0.90166
104 0.90414
105 0.90786
106 0.91804
107 0.93127
108 0.93592
109 0.96103
110 0.96462
111 0.96793
112 0.98398
113 0.98549
114 0.99201
115 0.99606
116 1.00052
117 1.00352
118 1.01719
119 1.01881
120 1.02208
121 1.02395
122 1.03611
123 1.04777
124 1.05557
125 1.05934
126 1.0638
127 1.0726
128 1.1027
129 1.12033
130 1.1283
131 1.13374
132 1.14704
133 1.15809
134 1.16048
135 1.16624
136 1.19259
137 1.19975
138 1.20684
139 1.22142
140 1.22593
141 1.22927
142 1.24995
143 1.25459
144 1.26949
145 1.27486
146 1.28488
147 1.31147
148 1.317
149 1.3196
150 1.32626
151 1.34155
152 1.34799
153 1.35166
154 1.36914
155 1.37857
156 1.38097
157 1.39402
158 1.4136
159 1.41732
160 1.42748
161 1.42873
162 1.44756
163 1.45017
164 1.46797
165 1.46961
166 1.48845
167 1.50362
168 1.50982
169 1.52004
170 1.52527
171 1.53593
172 1.54754
173 1.55108
174 1.55965
175 1.56355
176 1.58175
177 1.58882
178 1.59619
179 1.59814
180 1.60595
181 1.61169
182 1.62117
183 1.62269
184 1.64035
185 1.65354
186 1.66534
187 1.6762
188 1.68633
189 1.69714
190 1.70611
191 1.71323
192 1.71497
193 1.71844
194 1.72882
195 1.74876
196 1.75183
197 1.75476
198 1.77592
199 1.78614
200 1.80905
201 1.81555
202 1.82322
203 1.82896
204 1.83199
205 1.86608
206 1.87331
207 1.87507
208 1.88369
209 1.88519
210 1.90201
211 1.90681
212 1.91086
213 1.9317
214 1.94291
215 1.94617
216 1.95665
217 1.97629
218 1.98305
219 1.99382
220 2.00317
221 2.03679
222 2.04063
223 2.05042
224 2.07297
225 2.07416
226 2.07834
227 2.08882
228 2.09209
229 2.10213
230 2.11426
231 2.124
232 2.12551
233 2.13677
234 2.14867
235 2.166
236 2.17644
237 2.17771
238 2.19145
239 2.20209
240 2.20546
241 2.21327
242 2.22145
243 2.22655
244 2.23777
245 2.24204
246 2.26069
247 2.26638
248 2.27563
249 2.2845
250 2.29309
251 2.30168
252 2.30716
253 2.31824
254 2.32095
255 2.32338
256 2.33252
257 2.33428
258 2.33753
259 2.35856
260 2.37945
261 2.38704
262 2.39246
263 2.39444
264 2.41466
265 2.42518
266 2.4487
267 2.45397
268 2.47723
269 2.49993
270 2.50956
271 2.52773
272 2.53465
273 2.54955
274 2.56508
275 2.57386
276 2.58628
277 2.6296
278 2.64855
279 2.66778
280 2.67103
281 2.68238
282 2.69236
283 2.69828
284 2.70485
285 2.71014
286 2.72127
287 2.73009
288 2.73354
289 2.7419
290 2.75004
291 2.77042
292 2.77411
293 2.78536
294 2.79417
295 2.81735
296 2.81963
297 2.82475
298 2.8335
299 2.85126
300 2.86866
301 2.87818
302 2.89038
303 2.90398
304 2.91632
305 2.9193
306 2.93021
307 2.9481
308 2.95957
309 2.96278
310 2.97884
