1 0.00281
2 0.01028
3 0.01784
4 0.02503
5 0.03013
6 0.03478
7 0.04009
8 0.04197
9 0.04534
10 0.04829
11 0.05431
12 0.06423
13 0.07243
14 0.08207
15 0.09491
16 0.10016
17 0.1051
18 0.11544
19 0.11975
20 0.13308
21 0.14253
22 0.14922
23 0.15607
24 0.16208
25 0.17778
26 0.1799
27 0.18852
28 0.20361
29 0.21649
30 0.21815
31 0.23452
32 0.2453
33 0.25782
34 0.26665
35 0.27886
36 0.28649
37 0.29233
38 0.29879
39 0.31124
40 0.32176
41 0.32974
42 0.35275
43 0.35982
44 0.36184
45 0.36416
46 0.40287
47 0.4083
48 0.42701
49 0.43056
50 0.45504
51 0.45896
52 0.46874
53 0.47637
54 0.49149
55 0.50394
56 0.50807
57 0.52701
58 0.52863
59 0.5379
60 0.54374
61 0.56097
62 0.57503
63 0.58492
64 0.59615
65 0.60753
66 0.61377
67 0.62084
68 0.63651
69 0.65926
70 0.66148
71 0.66765
72 0.67331
73 0.67921
74 0.68742
75 0.69551
76 0.71094
77 0.71367
78 0.71827
79 0.72004
80 0.72114
81 0.72309
82 0.75208
83 0.75737
84 0.765
85 0.77595
86 0.78622
87 0.79594
88 0.80123
89 0.80207
90 0.81884
91 0.84455
92 0.85264
93 0.86446
94 0.86876
95 0.87306
96 0.90475
97 0.91399
98 0.92817
99 0.9468
100 0.956
101 0.96947
102 0.9707
103 0.98984
104 0.99077
105 1.00298
106 1.00976
107 1.02405
108 1.02619
109 1.03813
110 1.04547
111 1.0599
112 1.06324
113 1.07632
114 1.08705
115 1.10023
116 1.10923
117 1.11507
118 1.13337
119 1.13815
120 1.1419
121 1.15683
122 1.16181
123 1.16301
124 1.17276
125 1.17962
126 1.18599
127 1.18826
128 1.20245
129 1.20547
130 1.20879
131 1.21096
132 1.21864
133 1.22313
134 1.2273
135 1.23208
136 1.25847
137 1.2736
138 1.29727
139 1.30507
140 1.32551
141 1.33152
142 1.33602
143 1.35268
144 1.35556
145 1.35714
146 1.36535
147 1.36934
148 1.37361
149 1.3891
150 1.40215
151 1.41344
152 1.4251
153 1.43845
154 1.43972
155 1.45514
156 1.4694
157 1.47764
158 1.48275
159 1.48691
160 1.49785
161 1.50486
162 1.50809
163 1.52785
164 1.53373
165 1.5358
166 1.56995
167 1.57322
168 1.58496
169 1.59359
170 1.59586
171 1.59682
172 1.60424
173 1.61642
174 1.62651
175 1.63859
176 1.64784
177 1.65029
178 1.66128
179 1.67483
180 1.69342
181 1.70586
182 1.71011
183 1.7139
184 1.71621
185 1.72904
186 1.73495
187 1.75209
188 1.77679
189 1.78378
190 1.79263
191 1.79659
192 1.79895
193 1.80041
194 1.80696
195 1.81072
196 1.81275
197 1.81759
198 1.82517
199 1.832
200 1.85056
201 1.85334
202 1.86249
203 1.86907
204 1.88686
205 1.89609
206 1.90891
207 1.9173
208 1.92473
209 1.9325
210 1.9469
211 1.95737
212 1.96719
213 1.97891
214 2.00283
215 2.00515
216 2.02352
217 2.03317
218 2.03787
219 2.05011
220 2.05568
221 2.06045
222 2.07401
223 2.07758
224 2.08147
225 2.08913
226 2.10468
227 2.10834
228 2.11811
229 2.13314
230 2.13716
231 2.14132
232 2.15402
233 2.17375
234 2.1824
235 2.21587
236 2.25529
237 2.26068
238 2.27458
239 2.28641
240 2.31358
241 2.33065
242 2.35119
243 2.36416
244 2.36919
245 2.37207
246 2.37383
247 2.37661
248 2.3789
249 2.40912
250 2.41277
251 2.4236
252 2.43123
253 2.44086
254 2.45407
255 2.47211
256 2.48631
257 2.49659
258 2.49944
259 2.50351
260 2.52475
261 2.53322
262 2.53899
263 2.54306
264 2.54422
265 2.5536
266 2.56601
267 2.57039
268 2.57327
269 2.57508
270 2.58901
271 2.59191
272 2.60965
273 2.61071
274 2.64956
275 2.65398
276 2.66595
277 2.67556
278 2.68781
279 2.7074
280 2.71404
281 2.7154
282 2.71835
283 2.72635
284 2.73007
285 2.74124
286 2.74479
287 2.74664
288 2.76266
289 2.77423
290 2.78072
291 2.8238
292 2.82776
293 2.82924
294 2.83718
295 2.854
296 2.86622
297 2.8848
298 2.88984
299 2.89491
300 2.90345
301 2.93151
302 2.93928
303 2.96781
304 2.9779
305 2.98824
306 2.99097
307 2.99882
