1 0.00199
2 0.00747
3 0.00956
4 0.01264
5 0.03123
6 0.03377
7 0.03854
8 0.0412
9 0.04507
10 0.04779
11 0.04922
12 0.05188
13 0.05704
14 0.06354
15 0.074
16 0.07694
17 0.08709
18 0.08941
19 0.09276
20 0.09404
21 0.10597
22 0.11735
23 0.12782
24 0.13451
25 0.13593
26 0.14434
27 0.14606
28 0.14816
29 0.15164
30 0.15257
31 0.1574
32 0.16687
33 0.17491
34 0.17953
35 0.18699
36 0.18899
37 0.19227
38 0.19682
39 0.20352
40 0.20448
41 0.20629
42 0.21421
43 0.21811
44 0.22562
45 0.22962
46 0.24685
47 0.25496
48 0.2565
49 0.26565
50 0.26914
51 0.27568
52 0.28708
53 0.30256
54 0.30921
55 0.31543
56 0.32058
57 0.32309
58 0.34038
59 0.34279
60 0.34639
61 0.34955
62 0.35937
63 0.36471
64 0.37049
65 0.37709
66 0.37993
67 0.38265
68 0.3919
69 0.40357
70 0.40491
71 0.41729
72 0.41993
73 0.42926
74 0.43613
75 0.43928
76 0.4494
77 0.45668
78 0.46347
79 0.4817
80 0.50365
81 0.51039
82 0.51505
83 0.52132
84 0.53326
85 0.53831
86 0.54087
87 0.54216
88 0.5572
89 0.57003
90 0.57554
91 0.58256
92 0.59688
93 0.60458
94 0.61045
95 0.61262
96 0.61926
97 0.62716
98 0.62962
99 0.63218
100 0.64471
101 0.65453
102 0.66155
103 0.66757
104 0.67418
105 0.67582
106 0.6796
107 0.68739
108 0.69116
109 0.69916
110 0.70041
111 0.7087
112 0.71261
113 0.71556
114 0.72406
115 0.73016
116 0.73577
117 0.73881
118 0.75374
119 0.75738
120 0.75856
121 0.78393
122 0.7859
123 0.79195
124 0.7964
125 0.80318
126 0.81756
127 0.81984
128 0.82737
129 0.84497
130 0.85096
131 0.85426
132 0.86006
133 0.86728
134 0.87168
135 0.87868
136 0.88248
137 0.89295
138 0.89588
139 0.90257
140 0.90794
141 0.91534
142 0.92473
143 0.92896
144 0.94206
145 0.9487
146 0.95042
147 0.95301
148 0.97099
149 0.97375
150 0.97684
151 0.98432
152 1.00486
153 1.00797
154 1.0112
155 1.01549
156 1.02231
157 1.02536
158 1.04056
159 1.04201
160 1.05161
161 1.06505
162 1.06773
163 1.08641
164 1.08993
165 1.09675
166 1.10396
167 1.11101
168 1.1245
169 1.12915
170 1.13008
171 1.14021
172 1.14964
173 1.15622
174 1.16767
175 1.16983
176 1.17214
177 1.1772
178 1.19547
179 1.19972
180 1.20465
181 1.21101
182 1.22017
183 1.22638
184 1.23718
185 1.24675
186 1.26257
187 1.26809
188 1.28368
189 1.29973
190 1.31844
191 1.32772
192 1.33139
193 1.344
194 1.34745
195 1.34976
196 1.35725
197 1.36036
198 1.36684
199 1.3691
200 1.3735
201 1.38747
202 1.39223
203 1.40055
204 1.40171
205 1.41155
206 1.41474
207 1.42347
208 1.42646
209 1.43353
210 1.44003
211 1.4445
212 1.44982
213 1.47106
214 1.47698
215 1.48535
216 1.4928
217 1.50371
218 1.50733
219 1.51598
220 1.52051
221 1.52696
222 1.53684
223 1.53941
224 1.56721
225 1.57901
226 1.58388
227 1.59627
228 1.60097
229 1.60869
230 1.61612
231 1.64529
232 1.65539
233 1.68473
234 1.69756
235 1.70337
236 1.7346
237 1.74946
238 1.76
239 1.76341
240 1.76595
241 1.77281
242 1.77476
243 1.77818
244 1.7815
245 1.81028
246 1.81241
247 1.82281
248 1.82856
249 1.83516
250 1.85273
251 1.87963
252 1.89246
253 1.89944
254 1.9042
255 1.91295
256 1.91783
257 1.93031
258 1.94094
259 1.94995
260 1.95089
261 1.96102
262 1.96444
263 1.98993
264 2.00256
265 2.00941
266 2.01443
267 2.02205
268 2.02562
269 2.03543
270 2.03916
271 2.04294
272 2.05315
273 2.05657
274 2.06685
275 2.07255
276 2.07509
277 2.08213
278 2.08467
279 2.08662
280 2.092
281 2.10257
282 2.1084
283 2.13216
284 2.13438
285 2.14543
286 2.15427
287 2.15675
288 2.16082
289 2.16558
290 2.16916
291 2.17514
292 2.18122
293 2.18544
294 2.18852
295 2.1936
296 2.20632
297 2.20979
298 2.22006
299 2.2339
300 2.24224
301 2.25275
302 2.2679
303 2.27153
304 2.27356
305 2.28098
306 2.28617
307 2.29807
308 2.30682
309 2.32063
310 2.32658
311 2.33429
312 2.33902
313 2.34293
314 2.34658
315 2.35167
316 2.35472
317 2.36939
318 2.37166
319 2.38462
320 2.38859
321 2.39284
322 2.39604
323 2.40189
324 2.40787
325 2.41122
326 2.41272
327 2.42729
328 2.43549
329 2.44874
330 2.45182
331 2.45733
332 2.47441
333 2.48455
334 2.49664
335 2.50285
336 2.51577
337 2.51831
338 2.52193
339 2.5302
340 2.53406
341 2.5382
342 2.54043
343 2.55901
344 2.58575
345 2.58876
346 2.59291
347 2.60495
348 2.60927
349 2.63816
350 2.6455
351 2.64719
352 2.65083
353 2.66175
354 2.67201
355 2.67362
356 2.67705
357 2.67929
358 2.68305
359 2.68633
360 2.68962
361 2.69771
362 2.71082
363 2.73281
364 2.73672
365 2.7442
366 2.7506
367 2.75262
368 2.76194
369 2.7646
370 2.76605
371 2.77627
372 2.77785
373 2.78015
374 2.78534
375 2.7891
376 2.80068
377 2.81183
378 2.82722
379 2.83914
380 2.84972
381 2.85608
382 2.8652
383 2.87097
384 2.88335
385 2.8885
386 2.89154
387 2.90423
388 2.90837
389 2.91001
390 2.91909
391 2.93057
392 2.93342
393 2.94592
394 2.94997
395 2.95202
396 2.95521
397 2.95743
398 2.97072
399 2.98096
400 2.99668
