1 0.00345
2 0.00523
3 0.0088
4 0.01409
5 0.01888
6 0.02364
7 0.03157
8 0.03459
9 0.05146
10 0.06413
11 0.07338
12 0.07945
13 0.08116
14 0.08402
15 0.08801
16 0.09075
17 0.09822
18 0.1164
19 0.14159
20 0.16601
21 0.17526
22 0.18169
23 0.1995
24 0.20524
25 0.20687
26 0.21725
27 0.23076
28 0.234
29 0.23673
30 0.24263
31 0.2446
32 0.24902
33 0.25674
34 0.26207
35 0.27828
36 0.28392
37 0.29096
38 0.30346
39 0.31285
40 0.32317
41 0.32786
42 0.33886
43 0.34954
44 0.35149
45 0.35381
46 0.36592
47 0.37545
48 0.39203
49 0.39323
50 0.39792
51 0.40059
52 0.40399
53 0.4077
54 0.41349
55 0.41896
56 0.41982
57 0.43179
58 0.4353
59 0.43826
60 0.44218
61 0.44404
62 0.44694
63 0.45262
64 0.45964
65 0.46455
66 0.46669
67 0.47525
68 0.48113
69 0.48695
70 0.50171
71 0.50275
72 0.50918
73 0.52584
74 0.52749
75 0.52978
76 0.53998
77 0.55166
78 0.55554
79 0.56611
80 0.58436
81 0.58915
82 0.59659
83 0.61396
84 0.62744
85 0.63675
86 0.64972
87 0.66104
88 0.66564
89 0.6694
90 0.67792
91 0.69972
92 0.70515
93 0.71106
94 0.71486
95 0.72716
96 0.73102
97 0.74824
98 0.75938
99 0.76785
100 0.77401
101 0.78578
102 0.80089
103 0.80392
104 0.81492
105 0.82278
106 0.84523
107 0.86673
108 0.87543
109 0.89325
110 0.8982
111 0.90276
112 0.92813
113 0.93364
114 0.93809
115 0.94549
116 0.94955
117 0.95546
118 0.96349
119 0.97746
120 0.98148
121 0.99071
122 0.99788
123 1.00184
124 1.00437
125 1.01826
126 1.02764
127 1.03401
128 1.04327
129 1.04442
130 1.05616
131 1.06841
132 1.07465
133 1.10628
134 1.10854
135 1.11445
136 1.11954
137 1.12156
138 1.1408
139 1.15354
140 1.1623
141 1.17119
142 1.17315
143 1.18404
144 1.1962
145 1.19771
146 1.20049
147 1.21287
148 1.22285
149 1.22666
150 1.22862
151 1.23346
152 1.24045
153 1.24971
154 1.25776
155 1.27688
156 1.27855
157 1.28736
158 1.31543
159 1.32551
160 1.33475
161 1.33602
162 1.33806
163 1.33946
164 1.34212
165 1.34457
166 1.3652
167 1.37247
168 1.37733
169 1.40275
170 1.40402
171 1.41739
172 1.42088
173 1.42392
174 1.43788
175 1.4547
176 1.4766
177 1.4787
178 1.49065
179 1.49499
180 1.49894
181 1.50858
182 1.51163
183 1.51751
184 1.55477
185 1.56186
186 1.57339
187 1.5783
188 1.59179
189 1.59507
190 1.59849
191 1.60743
192 1.61407
193 1.63028
194 1.64084
195 1.64522
196 1.64813
197 1.6503
198 1.66075
199 1.68049
200 1.69664
201 1.70788
202 1.71016
203 1.71623
204 1.73249
205 1.75709
206 1.76619
207 1.76894
208 1.78643
209 1.79119
210 1.82495
211 1.82782
212 1.83053
213 1.83547
214 1.83973
215 1.84698
216 1.853
217 1.87379
218 1.87737
219 1.8844
220 1.88865
221 1.89517
222 1.90683
223 1.90818
224 1.90972
225 1.91238
226 1.9148
227 1.92178
228 1.9398
229 1.94693
230 1.95873
231 1.967
232 1.97197
233 1.97962
234 2.00299
235 2.01883
236 2.0395
237 2.04907
238 2.05659
239 2.06362
240 2.07766
241 2.08942
242 2.09273
243 2.1166
244 2.12044
245 2.12608
246 2.12958
247 2.14145
248 2.14776
249 2.15293
250 2.15669
251 2.16977
252 2.18634
253 2.19366
254 2.20916
255 2.21329
256 2.21621
257 2.22083
258 2.23611
259 2.24248
260 2.25256
261 2.25711
262 2.27042
263 2.2915
264 2.29957
265 2.31216
266 2.32569
267 2.3344
268 2.33645
269 2.3437
270 2.35486
271 2.36058
272 2.38873
273 2.39856
274 2.4094
275 2.413
276 2.42174
277 2.43409
278 2.44127
279 2.45331
280 2.45961
281 2.46955
282 2.47507
283 2.49463
284 2.50457
285 2.50808
286 2.52877
287 2.5437
288 2.54753
289 2.56039
290 2.57746
291 2.57896
292 2.58179
293 2.58415
294 2.58817
295 2.58913
296 2.59542
297 2.60598
298 2.61084
299 2.62322
300 2.63513
301 2.64301
302 2.65548
303 2.6634
304 2.66746
305 2.68628
306 2.68736
307 2.6909
308 2.70062
309 2.71252
310 2.71369
311 2.71514
312 2.73305
313 2.74186
314 2.7508
315 2.75907
316 2.76309
317 2.77189
318 2.77688
319 2.77997
320 2.79271
321 2.79525
322 2.80066
323 2.82152
324 2.82818
325 2.84304
326 2.85775
327 2.87242
328 2.88587
329 2.89061
330 2.89779
331 2.90242
332 2.90404
333 2.91765
334 2.92473
335 2.9357
336 2.94146
337 2.94408
338 2.94988
339 2.95303
340 2.95757
341 2.97045
342 2.9764
343 2.98911
344 2.99501
