1 0.00547
2 0.01468
3 0.02616
4 0.02848
5 0.03209
6 0.03881
7 0.04371
8 0.04606
9 0.05468
10 0.0606
11 0.06277
12 0.08047
13 0.08354
14 0.09042
15 0.10981
16 0.11816
17 0.11958
18 0.12399
19 0.13417
20 0.14679
21 0.1522
22 0.16082
23 0.16806
24 0.17419
25 0.18541
26 0.21009
27 0.21155
28 0.21727
29 0.22098
30 0.23212
31 0.23789
32 0.24715
33 0.25187
34 0.26308
35 0.26851
36 0.27179
37 0.29709
38 0.3021
39 0.30834
40 0.31673
41 0.33283
42 0.33585
43 0.34685
44 0.3526
45 0.35813
46 0.36345
47 0.38039
48 0.39216
49 0.39827
50 0.40167
51 0.40871
52 0.41768
53 0.43325
54 0.45618
55 0.45769
56 0.47254
57 0.47624
58 0.48185
59 0.51042
60 0.51267
61 0.51939
62 0.52976
63 0.54648
64 0.55916
65 0.5632
66 0.56703
67 0.60892
68 0.61474
69 0.62031
70 0.63429
71 0.64217
72 0.64654
73 0.65107
74 0.6566
75 0.66939
76 0.67216
77 0.67954
78 0.6812
79 0.68426
80 0.69058
81 0.70182
82 0.71104
83 0.71654
84 0.7282
85 0.73334
86 0.73777
87 0.75312
88 0.76661
89 0.78695
90 0.79949
91 0.8067
92 0.814
93 0.81563
94 0.82921
95 0.85324
96 0.8551
97 0.85649
98 0.86837
99 0.87054
100 0.87849
101 0.90033
102 0.90239
103 0.91525
104 0.91849
105 0.92047
106 0.92593
107 0.92882
108 0.93428
109 0.93905
110 0.95642
111 0.97358
112 0.9847
113 0.99727
114 0.99902
115 1.00979
116 1.02309
117 1.02691
118 1.03313
119 1.03966
120 1.04369
121 1.04743
122 1.06293
123 1.06626
124 1.0811
125 1.09336
126 1.10432
127 1.1051
128 1.1084
129 1.11537
130 1.12018
131 1.12783
132 1.13891
133 1.14391
134 1.15107
135 1.1556
136 1.16841
137 1.17556
138 1.18316
139 1.19163
140 1.22967
141 1.24346
142 1.25571
143 1.26019
144 1.26616
145 1.26993
146 1.27336
147 1.27901
148 1.29474
149 1.29702
150 1.30608
151 1.31517
152 1.32107
153 1.33057
154 1.33247
155 1.34701
156 1.35496
157 1.37358
158 1.38484
159 1.38825
160 1.40201
161 1.40301
162 1.4064
163 1.40781
164 1.41425
165 1.42744
166 1.43248
167 1.43856
168 1.44021
169 1.47148
170 1.47642
171 1.48496
172 1.49103
173 1.51263
174 1.51727
175 1.52288
176 1.5368
177 1.54126
178 1.54286
179 1.551
180 1.55748
181 1.56389
182 1.56626
183 1.56963
184 1.57274
185 1.57947
186 1.59772
187 1.60963
188 1.6153
189 1.61939
190 1.62106
191 1.62975
192 1.63719
193 1.65048
194 1.65566
195 1.6592
196 1.67517
197 1.68057
198 1.68727
199 1.72461
200 1.72927
201 1.73214
202 1.76364
203 1.76838
204 1.78062
205 1.78617
206 1.79426
207 1.80076
208 1.80941
209 1.8114
210 1.81686
211 1.82165
212 1.82311
213 1.83004
214 1.84516
215 1.85446
216 1.85923
217 1.86403
218 1.87946
219 1.8889
220 1.89113
221 1.9034
222 1.92106
223 1.93476
224 1.94142
225 1.98114
226 1.98383
227 1.99273
228 1.9973
229 2.00031
230 2.00789
231 2.01099
232 2.0186
233 2.02576
234 2.0321
235 2.05967
236 2.06234
237 2.0665
238 2.07363
239 2.11157
240 2.12027
241 2.13335
242 2.1375
243 2.14071
244 2.15694
245 2.16044
246 2.16531
247 2.16865
248 2.17018
249 2.17298
250 2.175
251 2.18398
252 2.18497
253 2.18765
254 2.20131
255 2.21506
256 2.23886
257 2.24079
258 2.24576
259 2.25127
260 2.25658
261 2.26775
262 2.2761
263 2.28055
264 2.28574
265 2.29285
266 2.29706
267 2.31409
268 2.31537
269 2.32403
270 2.32593
271 2.33196
272 2.3379
273 2.34068
274 2.36891
275 2.37445
276 2.38595
277 2.41166
278 2.42156
279 2.4349
280 2.45023
281 2.46049
282 2.46547
283 2.47068
284 2.47597
285 2.48747
286 2.50841
287 2.52079
288 2.5238
289 2.5311
290 2.54069
291 2.54321
292 2.54934
293 2.55454
294 2.57554
295 2.58893
296 2.59822
297 2.60241
298 2.60345
299 2.62267
300 2.64773
301 2.66233
302 2.66894
303 2.68722
304 2.70757
305 2.71086
306 2.72318
307 2.7252
308 2.73218
309 2.76074
310 2.76857
311 2.77189
312 2.77567
313 2.77752
314 2.78316
315 2.79274
316 2.80401
317 2.80893
318 2.81609
319 2.8172
320 2.82053
321 2.83107
322 2.85403
323 2.8605
324 2.87107
325 2.87554
326 2.88556
327 2.88639
328 2.9033
329 2.90837
330 2.9258
331 2.9379
332 2.93995
333 2.97755
334 2.9795
