1 0.00192
2 0.00928
3 0.01814
4 0.02751
5 0.03116
6 0.03624
7 0.03786
8 0.04041
9 0.04678
10 0.06514
11 0.0737
12 0.07754
13 0.08504
14 0.09156
15 0.10448
16 0.10534
17 0.1138
18 0.12223
19 0.12697
20 0.13127
21 0.13657
22 0.14565
23 0.14949
24 0.15113
25 0.15428
26 0.16403
27 0.1852
28 0.19534
29 0.19959
30 0.20739
31 0.21696
32 0.22216
33 0.23206
34 0.23739
35 0.24202
36 0.24455
37 0.25263
38 0.26238
39 0.2675
40 0.27759
41 0.28286
42 0.28527
43 0.29214
44 0.30146
45 0.31155
46 0.31511
47 0.31655
48 0.31957
49 0.32177
50 0.32455
51 0.32747
52 0.33022
53 0.35232
54 0.36182
55 0.3721
56 0.38135
57 0.39813
58 0.40001
59 0.4017
60 0.4209
61 0.44983
62 0.45167
63 0.4581
64 0.46154
65 0.47978
66 0.48942
67 0.49201
68 0.49692
69 0.50179
70 0.51137
71 0.51983
72 0.52339
73 0.52738
74 0.53047
75 0.55044
76 0.56149
77 0.5649
78 0.56683
79 0.5809
80 0.58342
81 0.59119
82 0.59581
83 0.6033
84 0.61725
85 0.62107
86 0.62788
87 0.63294
88 0.64056
89 0.64306
90 0.6574
91 0.67039
92 0.68475
93 0.68854
94 0.69289
95 0.70644
96 0.70929
97 0.71767
98 0.72315
99 0.7241
100 0.73973
101 0.75049
102 0.7557
103 0.76235
104 0.77937
105 0.78312
106 0.7853
107 0.79221
108 0.79492
109 0.80444
110 0.81458
111 0.8168
112 0.82624
113 0.83286
114 0.86414
115 0.87373
116 0.87774
117 0.88341
118 0.89726
119 0.90923
120 0.91145
121 0.91878
122 0.92697
123 0.931
124 0.93751
125 0.94173
126 0.95118
127 0.97354
128 0.98106
129 1.00302
130 1.00655
131 1.02463
132 1.02861
133 1.03213
134 1.0478
135 1.05423
136 1.0587
137 1.06595
138 1.06939
139 1.07923
140 1.08542
141 1.08981
142 1.09491
143 1.1042
144 1.10608
145 1.11728
146 1.13141
147 1.13789
148 1.15358
149 1.17081
150 1.1747
151 1.17592
152 1.17971
153 1.18642
154 1.19812
155 1.20384
156 1.22215
157 1.22981
158 1.23492
159 1.2496
160 1.27303
161 1.29653
162 1.30535
163 1.31151
164 1.31811
165 1.32365
166 1.33108
167 1.33661
168 1.34351
169 1.36021
170 1.37451
171 1.3816
172 1.39209
173 1.39743
174 1.40427
175 1.40799
176 1.42785
177 1.42979
178 1.43313
179 1.45678
180 1.46175
181 1.46541
182 1.47153
183 1.48671
184 1.49941
185 1.5011
186 1.50581
187 1.51068
188 1.53357
189 1.53649
190 1.5404
191 1.55016
192 1.55155
193 1.57024
194 1.57176
195 1.57749
196 1.58279
197 1.58675
198 1.59329
199 1.59831
200 1.60421
201 1.60899
202 1.61245
203 1.61794
204 1.63514
205 1.65408
206 1.657
207 1.65906
208 1.66443
209 1.67019
210 1.68191
211 1.68496
212 1.68644
213 1.69499
214 1.71369
215 1.7202
216 1.72394
217 1.72895
218 1.73954
219 1.74236
220 1.74793
221 1.75046
222 1.76006
223 1.76707
224 1.78973
225 1.79694
226 1.81238
227 1.81824
228 1.82437
229 1.82696
230 1.83346
231 1.83603
232 1.84437
233 1.85135
234 1.86321
235 1.86454
236 1.88089
237 1.88286
238 1.88677
239 1.8954
240 1.89932
241 1.90092
242 1.91064
243 1.92181
244 1.92395
245 1.93113
246 1.93698
247 1.95426
248 1.97195
249 1.98666
250 2.00026
251 2.00312
252 2.01793
253 2.02052
254 2.03345
255 2.03449
256 2.04589
257 2.04964
258 2.0547
259 2.0675
260 2.07697
261 2.09997
262 2.10223
263 2.11363
264 2.12258
265 2.1252
266 2.1536
267 2.16054
268 2.17198
269 2.17446
270 2.18376
271 2.18598
272 2.19182
273 2.20335
274 2.20465
275 2.21868
276 2.22285
277 2.23229
278 2.23968
279 2.24851
280 2.25903
281 2.26816
282 2.27785
283 2.28134
284 2.28994
285 2.29799
286 2.30452
287 2.31116
288 2.31599
289 2.32394
290 2.33438
291 2.33892
292 2.3459
293 2.34994
294 2.36256
295 2.36429
296 2.3676
297 2.37256
298 2.38787
299 2.40093
300 2.40407
301 2.40699
302 2.41013
303 2.41689
304 2.4301
305 2.43715
306 2.44879
307 2.45178
308 2.4606
309 2.47076
310 2.49008
311 2.52184
312 2.53261
313 2.53732
314 2.5436
315 2.54968
316 2.56627
317 2.58059
318 2.59088
319 2.60342
320 2.62461
321 2.62713
322 2.62837
323 2.63304
324 2.64516
325 2.64649
326 2.6515
327 2.66814
328 2.67222
329 2.68792
330 2.69752
331 2.70898
332 2.71211
333 2.71685
334 2.73086
335 2.74629
336 2.76007
337 2.77261
338 2.77794
339 2.78767
340 2.79122
341 2.80412
342 2.81015
343 2.81118
344 2.81905
345 2.84592
346 2.85154
347 2.8702
348 2.87966
349 2.88864
350 2.89244
351 2.89802
352 2.90315
353 2.91196
354 2.92122
355 2.92896
356 2.9323
357 2.94286
358 2.94987
359 2.95336
360 2.95523
361 2.95973
362 2.96546
363 2.97867
364 2.98757
365 2.99785
