1 0.0021
2 0.00451
3 0.00658
4 0.01052
5 0.01504
6 0.01929
7 0.02954
8 0.03368
9 0.04064
10 0.04574
11 0.05754
12 0.0635
13 0.07538
14 0.0783
15 0.08364
16 0.08604
17 0.08879
18 0.09515
19 0.09903
20 0.10129
21 0.1083
22 0.12201
23 0.12813
24 0.13107
25 0.13973
26 0.14245
27 0.16573
28 0.185
29 0.19163
30 0.19974
31 0.20458
32 0.21011
33 0.21137
34 0.21877
35 0.22477
36 0.22984
37 0.23573
38 0.24465
39 0.24695
40 0.2507
41 0.2611
42 0.26431
43 0.27236
44 0.2756
45 0.28993
46 0.31002
47 0.31838
48 0.31971
49 0.3303
50 0.34563
51 0.35041
52 0.37274
53 0.3765
54 0.38808
55 0.39249
56 0.3972
57 0.40732
58 0.4132
59 0.42522
60 0.43289
61 0.4386
62 0.44273
63 0.45363
64 0.459
65 0.46549
66 0.47281
67 0.47911
68 0.48386
69 0.50399
70 0.51277
71 0.51554
72 0.52345
73 0.53611
74 0.54391
75 0.55257
76 0.56161
77 0.57047
78 0.58061
79 0.59879
80 0.60776
81 0.62975
82 0.64618
83 0.64957
84 0.65148
85 0.66024
86 0.67302
87 0.68714
88 0.69495
89 0.70027
90 0.72637
91 0.73347
92 0.76108
93 0.77184
94 0.80351
95 0.81279
96 0.82969
97 0.83569
98 0.84166
99 0.84616
100 0.85725
101 0.85954
102 0.86829
103 0.88127
104 0.88979
105 0.89641
106 0.90195
107 0.9037
108 0.90625
109 0.91204
110 0.92014
111 0.92332
112 0.93491
113 0.94809
114 0.9555
115 0.96158
116 0.96491
117 0.98285
118 0.99195
119 1.0073
120 1.00941
121 1.01203
122 1.01794
123 1.02295
124 1.02955
125 1.06106
126 1.0675
127 1.07657
128 1.09225
129 1.10146
130 1.1088
131 1.11912
132 1.12635
133 1.13354
134 1.13647
135 1.14237
136 1.14495
137 1.1523
138 1.16293
139 1.17048
140 1.17391
141 1.19089
142 1.20068
143 1.21263
144 1.22235
145 1.23048
146 1.23408
147 1.23853
148 1.2499
149 1.25755
150 1.2776
151 1.28738
152 1.30039
153 1.30946
154 1.31118
155 1.31442
156 1.32378
157 1.33902
158 1.35557
159 1.37113
160 1.3892
161 1.39353
162 1.39681
163 1.40092
164 1.40828
165 1.41393
166 1.41966
167 1.43071
168 1.44251
169 1.4451
170 1.44708
171 1.45698
172 1.45851
173 1.46563
174 1.47121
175 1.47459
176 1.48026
177 1.49822
178 1.51438
179 1.51567
180 1.52168
181 1.52958
182 1.54359
183 1.57647
184 1.59203
185 1.60795
186 1.61507
187 1.6261
188 1.63111
189 1.63788
190 1.64999
191 1.66447
192 1.6761
193 1.68826
194 1.69507
195 1.70461
196 1.73167
197 1.73869
198 1.75746
199 1.77602
200 1.81009
201 1.84081
202 1.85241
203 1.85716
204 1.86144
205 1.8844
206 1.89139
207 1.8946
208 1.90839
209 1.91292
210 1.92156
211 1.9247
212 1.92819
213 1.93451
214 1.94013
215 1.9493
216 1.95996
217 1.96588
218 1.96741
219 1.98483
220 2.00283
221 2.00577
222 2.01073
223 2.0216
224 2.0254
225 2.02937
226 2.09195
227 2.1172
228 2.12004
229 2.12113
230 2.13026
231 2.13505
232 2.1464
233 2.15109
234 2.15566
235 2.16597
236 2.17492
237 2.181
238 2.18729
239 2.20599
240 2.21005
241 2.21803
242 2.23217
243 2.23708
244 2.23921
245 2.24083
246 2.25722
247 2.26859
248 2.27604
249 2.28817
250 2.29216
251 2.29735
252 2.29889
253 2.30366
254 2.30503
255 2.31326
256 2.3332
257 2.34992
258 2.35861
259 2.37248
260 2.37969
261 2.38586
262 2.39698
263 2.40469
264 2.41565
265 2.42643
266 2.4378
267 2.44643
268 2.45811
269 2.461
270 2.4626
271 2.47201
272 2.48294
273 2.48858
274 2.5078
275 2.51068
276 2.5338
277 2.54432
278 2.54802
279 2.5507
280 2.56354
281 2.56953
282 2.59187
283 2.5929
284 2.61357
285 2.62
286 2.62784
287 2.6537
288 2.65681
289 2.6652
290 2.68793
291 2.70556
292 2.72593
293 2.72833
294 2.73651
295 2.7413
296 2.75273
297 2.76575
298 2.77226
299 2.77703
300 2.79457
301 2.80525
302 2.80847
303 2.81187
304 2.81359
305 2.82751
306 2.83155
307 2.83915
308 2.84787
309 2.85281
310 2.87613
311 2.87776
312 2.88578
313 2.89381
314 2.89854
315 2.90531
316 2.92897
317 2.93553
318 2.9555
319 2.96767
320 2.98171
321 2.98676
322 2.99452
323 2.99734
