1 0.00434
2 0.00601
3 0.00753
4 0.00965
5 0.01569
6 0.02273
7 0.02499
8 0.02849
9 0.03855
10 0.05254
11 0.06104
12 0.06885
13 0.0861
14 0.08993
15 0.09143
16 0.09763
17 0.09929
18 0.10264
19 0.11068
20 0.11611
21 0.11967
22 0.12976
23 0.13427
24 0.14034
25 0.14742
26 0.15619
27 0.16598
28 0.18613
29 0.18919
30 0.19183
31 0.20365
32 0.22374
33 0.23683
34 0.24037
35 0.24404
36 0.25862
37 0.26044
38 0.26289
39 0.26464
40 0.2689
41 0.27394
42 0.28282
43 0.28424
44 0.29305
45 0.29738
46 0.30137
47 0.31263
48 0.31932
49 0.3232
50 0.32628
51 0.33674
52 0.3443
53 0.34725
54 0.35121
55 0.35435
56 0.35608
57 0.36157
58 0.37058
59 0.38913
60 0.39406
61 0.39506
62 0.40197
63 0.40875
64 0.42502
65 0.43072
66 0.43854
67 0.44398
68 0.46153
69 0.47182
70 0.4871
71 0.49947
72 0.50518
73 0.51581
74 0.51971
75 0.52426
76 0.53487
77 0.54559
78 0.55289
79 0.55678
80 0.57025
81 0.57176
82 0.57482
83 0.58599
84 0.59048
85 0.59611
86 0.60461
87 0.60881
88 0.6143
89 0.63126
90 0.63815
91 0.6391
92 0.64503
93 0.65271
94 0.66031
95 0.66645
96 0.68286
97 0.68784
98 0.69222
99 0.71015
100 0.72557
101 0.72884
102 0.73232
103 0.74014
104 0.75057
105 0.75478
106 0.76456
107 0.76678
108 0.77127
109 0.77718
110 0.78593
111 0.79215
112 0.80326
113 0.80867
114 0.81041
115 0.81817
116 0.82213
117 0.83054
118 0.83307
119 0.83682
120 0.84736
121 0.85444
122 0.86953
123 0.87162
124 0.88007
125 0.88345
126 0.88931
127 0.9008
128 0.91557
129 0.93117
130 0.94237
131 0.95832
132 0.96881
133 0.97578
134 0.98302
135 0.98694
136 0.9947
137 1.00551
138 1.01223
139 1.01477
140 1.0206
141 1.02797
142 1.03702
143 1.0577
144 1.06269
145 1.08405
146 1.09479
147 1.10529
148 1.13359
149 1.14654
150 1.14887
151 1.16266
152 1.17233
153 1.17669
154 1.17871
155 1.18351
156 1.19162
157 1.19483
158 1.20157
159 1.22002
160 1.2224
161 1.22877
162 1.23474
163 1.2415
164 1.24984
165 1.25805
166 1.26471
167 1.26728
168 1.26838
169 1.27114
170 1.27617
171 1.28022
172 1.28186
173 1.28525
174 1.28918
175 1.31152
176 1.32919
177 1.33469
178 1.34693
179 1.34906
180 1.3551
181 1.36189
182 1.373
183 1.38491
184 1.38611
185 1.39084
186 1.398
187 1.41112
188 1.41746
189 1.42979
190 1.43793
191 1.44338
192 1.44673
193 1.44952
194 1.47339
195 1.4794
196 1.48701
197 1.49227
198 1.50364
199 1.50854
200 1.5246
201 1.52997
202 1.5315
203 1.53939
204 1.55633
205 1.55969
206 1.56267
207 1.57107
208 1.5761
209 1.5788
210 1.58005
211 1.58481
212 1.58789
213 1.59278
214 1.59987
215 1.60471
216 1.61048
217 1.61299
218 1.62676
219 1.63573
220 1.64522
221 1.64909
222 1.65664
223 1.65918
224 1.66946
225 1.67705
226 1.67892
227 1.68238
228 1.68901
229 1.69897
230 1.71254
231 1.71837
232 1.72335
233 1.72953
234 1.73148
235 1.73582
236 1.74453
237 1.74645
238 1.75163
239 1.76928
240 1.77724
241 1.7789
242 1.78257
243 1.78482
244 1.81019
245 1.81176
246 1.81388
247 1.82417
248 1.83396
249 1.84007
250 1.85446
251 1.85936
252 1.8863
253 1.90757
254 1.93308
255 1.98538
256 1.98746
257 1.9979
258 2.00312
259 2.0173
260 2.02246
261 2.03051
262 2.05455
263 2.07421
264 2.08397
265 2.08545
266 2.0869
267 2.09115
268 2.09937
269 2.10348
270 2.11039
271 2.11896
272 2.12995
273 2.13619
274 2.14291
275 2.14619
276 2.17958
277 2.18632
278 2.19732
279 2.2055
280 2.21226
281 2.22745
282 2.23768
283 2.23985
284 2.2655
285 2.27005
286 2.27775
287 2.28973
288 2.29786
289 2.3095
290 2.31382
291 2.31685
292 2.32644
293 2.33592
294 2.34279
295 2.34721
296 2.36117
297 2.36275
298 2.37795
299 2.38151
300 2.38636
301 2.3923
302 2.43171
303 2.43915
304 2.44085
305 2.45103
306 2.45561
307 2.48384
308 2.48975
309 2.49684
310 2.50593
311 2.50948
312 2.51912
313 2.53125
314 2.53437
315 2.56437
316 2.56748
317 2.57454
318 2.57679
319 2.57796
320 2.58666
321 2.59361
322 2.60888
323 2.61879
324 2.64074
325 2.6491
326 2.65193
327 2.6656
328 2.68007
329 2.69318
330 2.69998
331 2.7102
332 2.72027
333 2.73163
334 2.73511
335 2.73913
336 2.75371
337 2.76496
338 2.77308
339 2.7952
340 2.82371
341 2.82885
342 2.83756
343 2.8414
344 2.84508
345 2.8507
346 2.85544
347 2.85931
348 2.86149
349 2.86479
350 2.8849
351 2.88898
352 2.89935
353 2.90115
354 2.90665
355 2.90883
356 2.91292
357 2.91838
358 2.92785
359 2.93437
360 2.93912
361 2.94662
362 2.96674
363 2.97313
364 2.98132
365 2.99516
