1 0.00614
2 0.01334
3 0.0151
4 0.01716
5 0.02936
6 0.03454
7 0.04437
8 0.07181
9 0.07998
10 0.0894
11 0.10215
12 0.10509
13 0.10743
14 0.11248
15 0.12811
16 0.13574
17 0.13747
18 0.14315
19 0.15308
20 0.17315
21 0.19109
22 0.19594
23 0.19952
24 0.20878
25 0.21966
26 0.23071
27 0.23528
28 0.23746
29 0.24432
30 0.26781
31 0.27213
32 0.29099
33 0.31067
34 0.31587
35 0.31862
36 0.33234
37 0.3433
38 0.34684
39 0.35957
40 0.36181
41 0.36548
42 0.38628
43 0.40621
44 0.41613
45 0.43563
46 0.43826
47 0.44581
48 0.44842
49 0.46065
50 0.47125
51 0.47547
52 0.47994
53 0.50749
54 0.52805
55 0.53431
56 0.55173
57 0.57028
58 0.57944
59 0.58108
60 0.60171
61 0.61594
62 0.62863
63 0.65666
64 0.6596
65 0.68036
66 0.68809
67 0.69895
68 0.70585
69 0.71068
70 0.71346
71 0.72008
72 0.72555
73 0.73404
74 0.74564
75 0.75284
76 0.77531
77 0.78189
78 0.78489
79 0.79467
80 0.80079
81 0.81354
82 0.8232
83 0.83765
84 0.83911
85 0.84965
86 0.85729
87 0.86499
88 0.86634
89 0.8777
90 0.88076
91 0.88919
92 0.89417
93 0.89978
94 0.91984
95 0.92789
96 0.93372
97 0.95562
98 0.96072
99 0.96655
100 0.97422
101 0.99526
102 1.00447
103 1.0082
104 1.01526
105 1.03532
106 1.047
107 1.05687
108 1.05975
109 1.06417
110 1.06701
111 1.09356
112 1.10466
113 1.11607
114 1.13158
115 1.14539
116 1.16263
117 1.16991
118 1.20202
119 1.20597
120 1.21309
121 1.21888
122 1.23276
123 1.24061
124 1.26816
125 1.27224
126 1.28547
127 1.30549
128 1.32381
129 1.33829
130 1.35589
131 1.36
132 1.37187
133 1.37559
134 1.37877
135 1.38561
136 1.39081
137 1.39498
138 1.40227
139 1.41443
140 1.42299
141 1.4351
142 1.43881
143 1.44546
144 1.4526
145 1.48033
146 1.48204
147 1.48985
148 1.49377
149 1.52763
150 1.55679
151 1.55817
152 1.57629
153 1.58735
154 1.58814
155 1.5907
156 1.59551
157 1.59791
158 1.60945
159 1.61607
160 1.62884
161 1.64488
162 1.65009
163 1.65416
164 1.66846
165 1.67524
166 1.68177
167 1.68587
168 1.69066
169 1.70298
170 1.7119
171 1.71755
172 1.73337
173 1.75045
174 1.76935
175 1.77208
176 1.77759
177 1.78191
178 1.79614
179 1.80054
180 1.80351
181 1.81833
182 1.82498
183 1.84022
184 1.85374
185 1.86323
186 1.86951
187 1.87491
188 1.88114
189 1.88868
190 1.89327
191 1.90894
192 1.92004
193 1.92654
194 1.93688
195 1.94474
196 1.95731
197 1.9652
198 1.96877
199 1.98163
200 1.98672
201 1.99425
202 1.99539
203 2.00239
204 2.00968
205 2.03956
206 2.04873
207 2.04977
208 2.05534
209 2.0766
210 2.08185
211 2.10227
212 2.10778
213 2.12395
214 2.13132
215 2.13697
216 2.14343
217 2.15448
218 2.15696
219 2.17192
220 2.17412
221 2.18029
222 2.19997
223 2.20184
224 2.20473
225 2.22195
226 2.22579
227 2.22808
228 2.26509
229 2.26974
230 2.30079
231 2.3165
232 2.32988
233 2.33992
234 2.34288
235 2.35522
236 2.35895
237 2.37471
238 2.40079
239 2.41296
240 2.4174
241 2.42324
242 2.42606
243 2.43521
244 2.45184
245 2.45785
246 2.46748
247 2.48055
248 2.48455
249 2.48784
250 2.49247
251 2.51365
252 2.51835
253 2.54786
254 2.55166
255 2.55892
256 2.56795
257 2.56938
258 2.58884
259 2.60049
260 2.60739
261 2.61201
262 2.62404
263 2.63961
264 2.64894
265 2.65393
266 2.67182
267 2.67695
268 2.69302
269 2.69869
270 2.71135
271 2.71989
272 2.72346
273 2.72721
274 2.73689
275 2.75275
276 2.76086
277 2.76259
278 2.77572
279 2.7849
280 2.78982
281 2.79584
282 2.79958
283 2.81152
284 2.81615
285 2.83036
286 2.83208
287 2.8393
288 2.86327
289 2.87289
290 2.90086
291 2.90719
292 2.9103
293 2.91791
294 2.92899
295 2.94455
296 2.97156
297 2.9749
298 2.98427
299 2.99395
