1 0.00178
2 0.00539
3 0.00708
4 0.01949
5 0.02227
6 0.02791
7 0.03616
8 0.04468
9 0.04691
10 0.05538
11 0.06064
12 0.06399
13 0.07413
14 0.08764
15 0.09374
16 0.09636
17 0.10012
18 0.12065
19 0.12658
20 0.13564
21 0.13896
22 0.1486
23 0.15346
24 0.16286
25 0.17089
26 0.17551
27 0.18659
28 0.19152
29 0.19538
30 0.19717
31 0.21329
32 0.21623
33 0.22005
34 0.22686
35 0.24365
36 0.24683
37 0.25821
38 0.26835
39 0.27031
40 0.29443
41 0.30485
42 0.31846
43 0.34189
44 0.349
45 0.36904
46 0.38641
47 0.38832
48 0.39103
49 0.40248
50 0.40786
51 0.41063
52 0.41295
53 0.41676
54 0.42249
55 0.43156
56 0.43807
57 0.44371
58 0.46576
59 0.47043
60 0.47515
61 0.49071
62 0.49887
63 0.50961
64 0.51608
65 0.52857
66 0.53145
67 0.54005
68 0.54524
69 0.54746
70 0.55198
71 0.56721
72 0.5941
73 0.59691
74 0.60555
75 0.61146
76 0.61548
77 0.62235
78 0.62574
79 0.6344
80 0.64385
81 0.65107
82 0.65315
83 0.65741
84 0.6632
85 0.68737
86 0.6913
87 0.71075
88 0.71759
89 0.71971
90 0.72715
91 0.73224
92 0.73929
93 0.74437
94 0.75459
95 0.77306
96 0.77803
97 0.77919
98 0.79451
99 0.8018
100 0.80427
101 0.81679
102 0.82073
103 0.82463
104 0.84394
105 0.84803
106 0.85164
107 0.85907
108 0.86311
109 0.87721
110 0.88182
111 0.89414
112 0.89924
113 0.90629
114 0.90732
115 0.91057
116 0.9195
117 0.92763
118 0.93922
119 0.94213
120 0.94853
121 0.96726
122 0.97858
123 0.98574
124 0.98894
125 0.99444
126 0.99645
127 0.99972
128 1.02699
129 1.03064
130 1.03648
131 1.04235
132 1.06177
133 1.06877
134 1.07117
135 1.07534
136 1.08604
137 1.0948
138 1.09775
139 1.09956
140 1.11017
141 1.11487
142 1.13242
143 1.15046
144 1.16121
145 1.16294
146 1.1698
147 1.17993
148 1.18872
149 1.19826
150 1.21681
151 1.21909
152 1.2252
153 1.22678
154 1.23016
155 1.23651
156 1.24137
157 1.25007
158 1.27706
159 1.30531
160 1.31703
161 1.32189
162 1.33759
163 1.3511
164 1.35311
165 1.35495
166 1.35654
167 1.3637
168 1.37082
169 1.37422
170 1.38545
171 1.39514
172 1.39965
173 1.40387
174 1.40699
175 1.41516
176 1.42695
177 1.4374
178 1.44359
179 1.4454
180 1.4477
181 1.44902
182 1.46593
183 1.4754
184 1.48091
185 1.48697
186 1.49277
187 1.49733
188 1.50573
189 1.51715
190 1.51803
191 1.53379
192 1.54255
193 1.54655
194 1.55502
195 1.5736
196 1.57585
197 1.59302
198 1.60449
199 1.62555
200 1.64041
201 1.64312
202 1.64916
203 1.65156
204 1.65391
205 1.67315
206 1.68859
207 1.69336
208 1.69566
209 1.72024
210 1.72498
211 1.73563
212 1.74292
213 1.7563
214 1.76992
215 1.78207
216 1.78866
217 1.79312
218 1.79518
219 1.79827
220 1.80167
221 1.81618
222 1.81798
223 1.8188
224 1.82201
225 1.8279
226 1.84355
227 1.85931
228 1.86301
229 1.86925
230 1.87185
231 1.87719
232 1.88254
233 1.88862
234 1.89912
235 1.90486
236 1.91555
237 1.92292
238 1.93808
239 1.94871
240 1.9614
241 1.96786
242 1.96998
243 1.97138
244 1.98055
245 1.98429
246 1.99061
247 2.00432
248 2.01863
249 2.02539
250 2.03196
251 2.04093
252 2.04491
253 2.06828
254 2.07035
255 2.07562
256 2.09379
257 2.10776
258 2.11052
259 2.11864
260 2.1273
261 2.13065
262 2.13579
263 2.14513
264 2.15506
265 2.16146
266 2.18698
267 2.19667
268 2.21836
269 2.21986
270 2.22385
271 2.24023
272 2.24363
273 2.24697
274 2.24909
275 2.27368
276 2.28152
277 2.28838
278 2.29244
279 2.29445
280 2.31569
281 2.31835
282 2.32094
283 2.32749
284 2.33972
285 2.34422
286 2.34652
287 2.35728
288 2.35989
289 2.36391
290 2.36836
291 2.38053
292 2.38796
293 2.4054
294 2.40668
295 2.41355
296 2.42672
297 2.44145
298 2.46485
299 2.46968
300 2.48601
301 2.48776
302 2.49227
303 2.50937
304 2.53136
305 2.54225
306 2.54528
307 2.54683
308 2.55228
309 2.56643
310 2.57078
311 2.59648
312 2.61063
313 2.61503
314 2.61943
315 2.62473
316 2.62819
317 2.64209
318 2.64496
319 2.66288
320 2.67045
321 2.67895
322 2.68869
323 2.69275
324 2.70685
325 2.71991
326 2.7272
327 2.7321
328 2.73983
329 2.74165
330 2.74961
331 2.75131
332 2.76881
333 2.78737
334 2.79602
335 2.81815
336 2.82268
337 2.83917
338 2.84602
339 2.84878
340 2.85982
341 2.86477
342 2.86774
343 2.88158
344 2.88665
345 2.88831
346 2.89324
347 2.9002
348 2.90295
349 2.91121
350 2.91631
351 2.92302
352 2.92805
353 2.94778
354 2.95018
355 2.95603
356 2.9608
357 2.97528
358 2.97766
359 2.98857
360 2.99979
