1 0.00967
2 0.01216
3 0.01387
4 0.02221
5 0.04226
6 0.06315
7 0.07114
8 0.07358
9 0.07884
10 0.08082
11 0.08272
12 0.08574
13 0.09486
14 0.10068
15 0.10359
16 0.11333
17 0.11533
18 0.12157
19 0.12276
20 0.13463
21 0.13698
22 0.14311
23 0.1503
24 0.15526
25 0.16551
26 0.1696
27 0.17208
28 0.17485
29 0.18744
30 0.19524
31 0.20691
32 0.20924
33 0.21245
34 0.21793
35 0.22064
36 0.2351
37 0.24329
38 0.26657
39 0.27785
40 0.29321
41 0.29602
42 0.30142
43 0.31059
44 0.31936
45 0.32218
46 0.33189
47 0.33958
48 0.34286
49 0.35189
50 0.36202
51 0.3632
52 0.368
53 0.37848
54 0.38014
55 0.39396
56 0.39927
57 0.41195
58 0.4217
59 0.43327
60 0.43537
61 0.44118
62 0.44644
63 0.45276
64 0.4602
65 0.46533
66 0.47784
67 0.47991
68 0.48672
69 0.50392
70 0.51455
71 0.51579
72 0.5245
73 0.53161
74 0.546
75 0.54936
76 0.56242
77 0.56446
78 0.56655
79 0.56992
80 0.57721
81 0.58339
82 0.58427
83 0.59481
84 0.5987
85 0.60202
86 0.61056
87 0.62028
88 0.62525
89 0.63877
90 0.6436
91 0.64779
92 0.6584
93 0.66838
94 0.67
95 0.68346
96 0.68552
97 0.69419
98 0.70056
99 0.70317
100 0.70506
101 0.71266
102 0.73431
103 0.73984
104 0.75412
105 0.77051
106 0.79804
107 0.81126
108 0.81729
109 0.82132
110 0.8315
111 0.83291
112 0.84254
113 0.85488
114 0.86119
115 0.86893
116 0.88825
117 0.89289
118 0.8994
119 0.91272
120 0.91556
121 0.92166
122 0.92298
123 0.92498
124 0.93608
125 0.93882
126 0.94058
127 0.95262
128 0.96043
129 0.96395
130 0.97399
131 0.99661
132 1.00249
133 1.0184
134 1.04306
135 1.05651
136 1.08634
137 1.08769
138 1.09446
139 1.0973
140 1.09934
141 1.10753
142 1.11185
143 1.12308
144 1.13794
145 1.14532
146 1.14796
147 1.15608
148 1.17562
149 1.18244
150 1.18427
151 1.19041
152 1.20193
153 1.21252
154 1.22977
155 1.2429
156 1.24405
157 1.24706
158 1.25092
159 1.253
160 1.26362
161 1.26582
162 1.27307
163 1.28508
164 1.29328
165 1.29565
166 1.30499
167 1.31064
168 1.33563
169 1.33789
170 1.3408
171 1.36927
172 1.37213
173 1.39557
174 1.39946
175 1.41272
176 1.41963
177 1.42677
178 1.43616
179 1.44218
180 1.44368
181 1.44505
182 1.45373
183 1.47961
184 1.49826
185 1.50397
186 1.51693
187 1.52318
188 1.5304
189 1.54912
190 1.56867
191 1.57327
192 1.57832
193 1.59574
194 1.601
195 1.6217
196 1.62722
197 1.62887
198 1.63854
199 1.63974
200 1.64815
201 1.66428
202 1.66881
203 1.67205
204 1.67805
205 1.68603
206 1.69029
207 1.70422
208 1.70788
209 1.72325
210 1.74107
211 1.75353
212 1.76129
213 1.80779
214 1.83784
215 1.84872
216 1.85887
217 1.86193
218 1.87071
219 1.87402
220 1.88167
221 1.89469
222 1.91238
223 1.91577
224 1.93
225 1.93773
226 1.94012
227 1.94622
228 1.95292
229 1.95715
230 1.98709
231 1.99752
232 2.00038
233 2.00661
234 2.01224
235 2.02317
236 2.02618
237 2.04155
238 2.04704
239 2.05858
240 2.06811
241 2.07382
242 2.08731
243 2.09168
244 2.09535
245 2.09718
246 2.10233
247 2.1039
248 2.11209
249 2.13618
250 2.13809
251 2.14726
252 2.1512
253 2.16729
254 2.17312
255 2.17853
256 2.18449
257 2.18531
258 2.19504
259 2.2029
260 2.20468
261 2.20901
262 2.21387
263 2.22719
264 2.25007
265 2.2654
266 2.28092
267 2.28792
268 2.29549
269 2.29765
270 2.30573
271 2.31115
272 2.31675
273 2.32555
274 2.33667
275 2.34519
276 2.35484
277 2.36235
278 2.36742
279 2.37443
280 2.37623
281 2.38415
282 2.38884
283 2.39616
284 2.42238
285 2.42915
286 2.4326
287 2.44023
288 2.45047
289 2.45318
290 2.45711
291 2.46746
292 2.48426
293 2.49312
294 2.50874
295 2.5201
296 2.52606
297 2.54953
298 2.55689
299 2.5604
300 2.56679
301 2.57511
302 2.5772
303 2.58536
304 2.59201
305 2.59997
306 2.60643
307 2.61492
308 2.6225
309 2.63621
310 2.64252
311 2.64795
312 2.67373
313 2.68015
314 2.69696
315 2.7091
316 2.71035
317 2.71443
318 2.72934
319 2.73915
320 2.75458
321 2.75583
322 2.76043
323 2.76207
324 2.76775
325 2.77304
326 2.78582
327 2.79045
328 2.79981
329 2.80636
330 2.81226
331 2.81558
332 2.81898
333 2.82935
334 2.84401
335 2.84787
336 2.86161
337 2.86851
338 2.87218
339 2.8856
340 2.88726
341 2.89104
342 2.89462
343 2.89991
344 2.91567
345 2.91814
346 2.9409
347 2.94624
348 2.94997
349 2.9794
350 2.98685
351 2.99212
