1 0.00439
2 0.00552
3 0.01174
4 0.02205
5 0.02698
6 0.02843
7 0.0343
8 0.04713
9 0.04905
10 0.0629
11 0.06744
12 0.07021
13 0.07634
14 0.08488
15 0.10094
16 0.10578
17 0.12186
18 0.12725
19 0.13026
20 0.13823
21 0.15291
22 0.15793
23 0.1621
24 0.1927
25 0.20165
26 0.20419
27 0.21002
28 0.21659
29 0.22414
30 0.22933
31 0.23539
32 0.24437
33 0.25231
34 0.25518
35 0.2633
36 0.2671
37 0.26962
38 0.27745
39 0.28482
40 0.30122
41 0.30334
42 0.30669
43 0.31838
44 0.32348
45 0.32953
46 0.33246
47 0.34688
48 0.36248
49 0.36587
50 0.37041
51 0.37237
52 0.37767
53 0.38608
54 0.38931
55 0.39708
56 0.40326
57 0.40491
58 0.41017
59 0.45358
60 0.45728
61 0.4734
62 0.48783
63 0.50627
64 0.51175
65 0.51775
66 0.53396
67 0.53972
68 0.54404
69 0.55102
70 0.55413
71 0.55733
72 0.56251
73 0.56646
74 0.57139
75 0.60099
76 0.62304
77 0.6392
78 0.65654
79 0.65986
80 0.66133
81 0.67467
82 0.69691
83 0.71447
84 0.71837
85 0.72258
86 0.72623
87 0.75189
88 0.75985
89 0.77526
90 0.78627
91 0.7955
92 0.79932
93 0.80955
94 0.82298
95 0.82891
96 0.83642
97 0.84678
98 0.85349
99 0.86627
100 0.88063
101 0.88394
102 0.89867
103 0.92724
104 0.94169
105 0.94404
106 0.95984
107 0.96501
108 0.97502
109 0.99047
110 1.00392
111 1.01401
112 1.02273
113 1.02838
114 1.03732
115 1.03944
116 1.05148
117 1.05957
118 1.06507
119 1.08024
120 1.08338
121 1.08608
122 1.09567
123 1.10086
124 1.10746
125 1.11167
126 1.11474
127 1.12435
128 1.13708
129 1.14942
130 1.15451
131 1.1662
132 1.17721
133 1.19104
134 1.20027
135 1.20618
136 1.20861
137 1.22607
138 1.24734
139 1.25631
140 1.26258
141 1.2781
142 1.2885
143 1.29467
144 1.30167
145 1.30406
146 1.3099
147 1.31137
148 1.31575
149 1.34063
150 1.35137
151 1.35437
152 1.35937
153 1.38266
154 1.38642
155 1.39084
156 1.39233
157 1.40523
158 1.45896
159 1.46491
160 1.47004
161 1.47454
162 1.4764
163 1.48588
164 1.50731
165 1.51373
166 1.51774
167 1.52516
168 1.53586
169 1.54287
170 1.54643
171 1.54944
172 1.55721
173 1.56946
174 1.57044
175 1.5753
176 1.58504
177 1.59787
178 1.59978
179 1.60298
180 1.60834
181 1.62555
182 1.62849
183 1.64834
184 1.66032
185 1.68683
186 1.697
187 1.69934
188 1.70261
189 1.70765
190 1.71272
191 1.71719
192 1.72247
193 1.73035
194 1.74836
195 1.75897
196 1.76424
197 1.77028
198 1.77509
199 1.77808
200 1.80526
201 1.80746
202 1.81012
203 1.83054
204 1.83214
205 1.83348
206 1.84085
207 1.84266
208 1.84511
209 1.85327
210 1.85747
211 1.89778
212 1.90558
213 1.94119
214 1.94531
215 1.94668
216 1.94943
217 1.95946
218 1.97141
219 1.9789
220 1.9853
221 1.98902
222 1.99103
223 2.00468
224 2.00808
225 2.0102
226 2.02309
227 2.03509
228 2.0414
229 2.04554
230 2.06064
231 2.06693
232 2.07233
233 2.08192
234 2.08789
235 2.10307
236 2.11143
237 2.12148
238 2.12456
239 2.13606
240 2.15315
241 2.16007
242 2.17368
243 2.17475
244 2.2027
245 2.21874
246 2.22552
247 2.22663
248 2.22896
249 2.2457
250 2.25125
251 2.25706
252 2.26367
253 2.26837
254 2.28086
255 2.30294
256 2.3172
257 2.32804
258 2.33159
259 2.34476
260 2.35108
261 2.35872
262 2.38134
263 2.38672
264 2.39807
265 2.41318
266 2.43987
267 2.44676
268 2.45564
269 2.46771
270 2.4729
271 2.47473
272 2.49982
273 2.50367
274 2.51449
275 2.53287
276 2.53935
277 2.5526
278 2.56487
279 2.57093
280 2.58001
281 2.58519
282 2.59107
283 2.60536
284 2.61194
285 2.61851
286 2.62485
287 2.63717
288 2.64594
289 2.64862
290 2.65165
291 2.65521
292 2.68134
293 2.68526
294 2.6956
295 2.70418
296 2.72175
297 2.73212
298 2.74749
299 2.76531
300 2.77059
301 2.77878
302 2.81196
303 2.81509
304 2.83665
305 2.84909
306 2.86309
307 2.87003
308 2.89758
309 2.89993
310 2.90495
311 2.91407
312 2.93159
313 2.93545
314 2.94295
315 2.95079
316 2.95407
317 2.95621
318 2.95706
319 2.95801
320 2.96717
321 2.97606
322 2.99545
