1 0.00431
2 0.00742
3 0.01108
4 0.01785
5 0.02051
6 0.02251
7 0.02814
8 0.03155
9 0.03504
10 0.0478
11 0.0559
12 0.06534
13 0.06704
14 0.07646
15 0.08836
16 0.09596
17 0.10385
18 0.11134
19 0.12542
20 0.1301
21 0.13428
22 0.13596
23 0.14284
24 0.14704
25 0.15819
26 0.16216
27 0.16726
28 0.16973
29 0.17437
30 0.18155
31 0.19379
32 0.2149
33 0.21978
34 0.23484
35 0.23882
36 0.26125
37 0.27009
38 0.27302
39 0.28526
40 0.30455
41 0.30772
42 0.32431
43 0.34274
44 0.34908
45 0.35644
46 0.36023
47 0.36994
48 0.3735
49 0.37589
50 0.37739
51 0.37965
52 0.38434
53 0.38903
54 0.3957
55 0.40834
56 0.41229
57 0.42242
58 0.42609
59 0.44883
60 0.46189
61 0.47038
62 0.47532
63 0.48301
64 0.49754
65 0.50183
66 0.53435
67 0.54034
68 0.54633
69 0.56039
70 0.5716
71 0.57868
72 0.59651
73 0.59958
74 0.60575
75 0.61575
76 0.62166
77 0.62737
78 0.64284
79 0.65022
80 0.6531
81 0.65998
82 0.66257
83 0.6723
84 0.67663
85 0.6934
86 0.704
87 0.71555
88 0.72643
89 0.73186
90 0.73666
91 0.73994
92 0.75012
93 0.75965
94 0.76427
95 0.76948
96 0.77671
97 0.7836
98 0.78887
99 0.79267
100 0.79506
101 0.80249
102 0.81305
103 0.83147
104 0.84832
105 0.85117
106 0.85455
107 0.85769
108 0.86419
109 0.86744
110 0.8738
111 0.87739
112 0.89907
113 0.91421
114 0.92644
115 0.9368
116 0.94697
117 0.95637
118 0.95971
119 0.97131
120 0.97941
121 0.98778
122 1.00222
123 1.00859
124 1.01471
125 1.01749
126 1.02649
127 1.02868
128 1.04029
129 1.04522
130 1.05501
131 1.05915
132 1.06116
133 1.0648
134 1.06984
135 1.07271
136 1.07474
137 1.07739
138 1.09597
139 1.10647
140 1.11323
141 1.1167
142 1.12126
143 1.12345
144 1.15198
145 1.15737
146 1.16358
147 1.17396
148 1.19335
149 1.21676
150 1.2252
151 1.23089
152 1.23409
153 1.23869
154 1.24244
155 1.25152
156 1.25596
157 1.25814
158 1.26975
159 1.2732
160 1.27513
161 1.27991
162 1.28221
163 1.28894
164 1.29342
165 1.29638
166 1.2985
167 1.31255
168 1.31904
169 1.32164
170 1.32678
171 1.33317
172 1.34516
173 1.35118
174 1.35532
175 1.36162
176 1.36788
177 1.37483
178 1.38637
179 1.39103
180 1.40241
181 1.4051
182 1.40994
183 1.43273
184 1.44284
185 1.45993
186 1.4639
187 1.47213
188 1.47872
189 1.4838
190 1.49005
191 1.51744
192 1.52804
193 1.53212
194 1.5347
195 1.54424
196 1.54602
197 1.54987
198 1.55332
199 1.56481
200 1.57132
201 1.57355
202 1.60899
203 1.61575
204 1.62806
205 1.63766
206 1.64434
207 1.65201
208 1.66688
209 1.67902
210 1.68142
211 1.70424
212 1.72329
213 1.72507
214 1.73528
215 1.75034
216 1.75917
217 1.76871
218 1.77335
219 1.77473
220 1.77614
221 1.78769
222 1.79187
223 1.79732
224 1.80451
225 1.81239
226 1.81663
227 1.82001
228 1.82123
229 1.82345
230 1.82622
231 1.83757
232 1.84201
233 1.85085
234 1.85664
235 1.85877
236 1.86655
237 1.86788
238 1.87534
239 1.88431
240 1.8904
241 1.89169
242 1.90004
243 1.90447
244 1.92684
245 1.92841
246 1.9357
247 1.94207
248 1.95815
249 1.96039
250 1.97235
251 1.98267
252 2.00932
253 2.01354
254 2.02307
255 2.02859
256 2.02979
257 2.04437
258 2.06459
259 2.06669
260 2.07734
261 2.09569
262 2.10585
263 2.11612
264 2.12232
265 2.1376
266 2.14499
267 2.1563
268 2.16709
269 2.17439
270 2.17662
271 2.18646
272 2.2047
273 2.20976
274 2.21169
275 2.21409
276 2.2158
277 2.22121
278 2.22586
279 2.23809
280 2.25491
281 2.26104
282 2.26325
283 2.26821
284 2.27796
285 2.28297
286 2.29501
287 2.29893
288 2.31548
289 2.32793
290 2.34094
291 2.34563
292 2.34971
293 2.35263
294 2.35453
295 2.3645
296 2.36984
297 2.37632
298 2.39388
299 2.40698
300 2.42363
301 2.43303
302 2.43811
303 2.44902
304 2.45791
305 2.46802
306 2.47307
307 2.47519
308 2.47901
309 2.48433
310 2.49393
311 2.50188
312 2.51135
313 2.51685
314 2.52155
315 2.52441
316 2.52642
317 2.53071
318 2.53388
319 2.54476
320 2.55057
321 2.5524
322 2.55516
323 2.56682
324 2.57434
325 2.5803
326 2.58498
327 2.58908
328 2.5993
329 2.6046
330 2.61856
331 2.62057
332 2.62806
333 2.64011
334 2.64296
335 2.6445
336 2.6461
337 2.65227
338 2.66075
339 2.67368
340 2.68127
341 2.68797
342 2.70348
343 2.71092
344 2.72199
345 2.72681
346 2.73386
347 2.73783
348 2.7533
349 2.76348
350 2.77059
351 2.7742
352 2.78504
353 2.78689
354 2.79286
355 2.79888
356 2.80086
357 2.80701
358 2.80983
359 2.82287
360 2.82785
361 2.84747
362 2.85117
363 2.85844
364 2.87034
365 2.87679
366 2.88571
367 2.88944
368 2.91178
369 2.92397
370 2.94219
371 2.95326
372 2.96126
373 2.96985
374 2.97733
375 2.99221
