1 0.00251
2 0.00416
3 0.01062
4 0.01806
5 0.02257
6 0.02941
7 0.03255
8 0.03573
9 0.05396
10 0.05586
11 0.05737
12 0.08987
13 0.09226
14 0.09596
15 0.09834
16 0.1016
17 0.1071
18 0.11513
19 0.12006
20 0.12301
21 0.13208
22 0.15336
23 0.15501
24 0.17431
25 0.18113
26 0.2042
27 0.2114
28 0.2242
29 0.22797
30 0.2304
31 0.23503
32 0.25442
33 0.26113
34 0.26306
35 0.26971
36 0.27537
37 0.28581
38 0.28916
39 0.29303
40 0.30834
41 0.31333
42 0.31653
43 0.32125
44 0.32701
45 0.3307
46 0.34075
47 0.34342
48 0.35521
49 0.36267
50 0.36885
51 0.37186
52 0.37563
53 0.37738
54 0.38833
55 0.39341
56 0.39787
57 0.39921
58 0.41209
59 0.41891
60 0.42472
61 0.42567
62 0.43532
63 0.44526
64 0.46361
65 0.46754
66 0.4732
67 0.48068
68 0.48501
69 0.49548
70 0.50189
71 0.50516
72 0.50828
73 0.50917
74 0.52252
75 0.53255
76 0.5383
77 0.53941
78 0.54789
79 0.55342
80 0.55925
81 0.5652
82 0.58269
83 0.59147
84 0.6019
85 0.60764
86 0.61673
87 0.62379
88 0.62815
89 0.63349
90 0.64034
91 0.64477
92 0.65249
93 0.65873
94 0.67307
95 0.67688
96 0.68204
97 0.68626
98 0.69604
99 0.70249
100 0.7053
101 0.71568
102 0.71799
103 0.72488
104 0.72986
105 0.73162
106 0.73749
107 0.73932
108 0.7474
109 0.75819
110 0.76105
111 0.7687
112 0.77176
113 0.77429
114 0.77831
115 0.78182
116 0.79544
117 0.80924
118 0.82844
119 0.83179
120 0.83453
121 0.83636
122 0.84404
123 0.85633
124 0.86539
125 0.87309
126 0.87578
127 0.87999
128 0.88641
129 0.89047
130 0.9143
131 0.92277
132 0.92604
133 0.92758
134 0.93429
135 0.94321
136 0.9531
137 0.96504
138 0.96683
139 0.96936
140 0.97452
141 0.97794
142 0.97951
143 0.98569
144 0.99315
145 0.99569
146 1.00458
147 1.01276
148 1.01522
149 1.01697
150 1.02275
151 1.02709
152 1.03729
153 1.043
154 1.0516
155 1.05835
156 1.07154
157 1.0859
158 1.09198
159 1.09752
160 1.10289
161 1.12035
162 1.13012
163 1.13862
164 1.14249
165 1.15452
166 1.15712
167 1.16754
168 1.17734
169 1.1837
170 1.18788
171 1.19084
172 1.1985
173 1.21358
174 1.2269
175 1.23388
176 1.23941
177 1.25192
178 1.26053
179 1.26987
180 1.27178
181 1.29421
182 1.29925
183 1.30692
184 1.32739
185 1.33186
186 1.33645
187 1.33988
188 1.34641
189 1.36371
190 1.37674
191 1.38343
192 1.3854
193 1.39918
194 1.4016
195 1.42837
196 1.43801
197 1.44613
198 1.46175
199 1.46408
200 1.46548
201 1.47301
202 1.47849
203 1.48252
204 1.4867
205 1.49928
206 1.50499
207 1.50686
208 1.51306
209 1.51961
210 1.52359
211 1.52482
212 1.5279
213 1.5302
214 1.53408
215 1.53605
216 1.54147
217 1.54362
218 1.54479
219 1.54985
220 1.56433
221 1.58218
222 1.58418
223 1.59663
224 1.61716
225 1.62444
226 1.6267
227 1.62817
228 1.63591
229 1.63731
230 1.65245
231 1.65529
232 1.6576
233 1.67464
234 1.6851
235 1.69384
236 1.70072
237 1.7047
238 1.73843
239 1.7527
240 1.75812
241 1.76636
242 1.77527
243 1.78125
244 1.7844
245 1.7875
246 1.80501
247 1.816
248 1.82834
249 1.83771
250 1.87089
251 1.87371
252 1.87697
253 1.88047
254 1.88633
255 1.8889
256 1.89621
257 1.89905
258 1.91058
259 1.92449
260 1.94206
261 1.95517
262 1.96196
263 1.96412
264 1.96669
265 1.97627
266 1.9788
267 1.98678
268 2.00036
269 2.00925
270 2.01096
271 2.02408
272 2.03826
273 2.0418
274 2.04691
275 2.05146
276 2.05693
277 2.06292
278 2.06787
279 2.07236
280 2.08668
281 2.09183
282 2.11279
283 2.12351
284 2.126
285 2.13068
286 2.13687
287 2.14208
288 2.1512
289 2.17471
290 2.17696
291 2.18698
292 2.19126
293 2.20024
294 2.2072
295 2.21285
296 2.21855
297 2.22836
298 2.22944
299 2.23079
300 2.24016
301 2.24298
302 2.25949
303 2.26195
304 2.26807
305 2.27567
306 2.28486
307 2.2871
308 2.29086
309 2.29319
310 2.305
311 2.30994
312 2.32245
313 2.33234
314 2.3466
315 2.37717
316 2.38134
317 2.39083
318 2.3935
319 2.41476
320 2.4349
321 2.44916
322 2.45743
323 2.45981
324 2.4622
325 2.46913
326 2.47367
327 2.48287
328 2.48727
329 2.49148
330 2.5018
331 2.50847
332 2.51435
333 2.52073
334 2.52599
335 2.53455
336 2.53954
337 2.55
338 2.57424
339 2.58553
340 2.59323
341 2.5966
342 2.61998
343 2.62291
344 2.63024
345 2.63666
346 2.64506
347 2.65032
348 2.67927
349 2.69162
350 2.70617
351 2.71745
352 2.72145
353 2.72589
354 2.73424
355 2.74198
356 2.75075
357 2.75372
358 2.76285
359 2.76896
360 2.77918
361 2.78
362 2.78597
363 2.80569
364 2.80971
365 2.83762
366 2.84701
367 2.84942
368 2.87484
369 2.88138
370 2.88669
371 2.89954
372 2.91803
373 2.92594
374 2.93369
375 2.93719
376 2.94243
377 2.97001
378 2.99699
