1 0.00274
2 0.00445
3 0.00723
4 0.0128
5 0.01652
6 0.02594
7 0.03254
8 0.03449
9 0.0355
10 0.04372
11 0.04687
12 0.05406
13 0.05627
14 0.06238
15 0.06657
16 0.06874
17 0.07034
18 0.07793
19 0.11096
20 0.1189
21 0.12361
22 0.14013
23 0.14516
24 0.15002
25 0.15399
26 0.15719
27 0.17325
28 0.18248
29 0.18781
30 0.1923
31 0.21508
32 0.22548
33 0.22965
34 0.23802
35 0.23997
36 0.25341
37 0.25696
38 0.25947
39 0.26345
40 0.27
41 0.27303
42 0.28248
43 0.29184
44 0.29972
45 0.30477
46 0.32058
47 0.33199
48 0.33852
49 0.34297
50 0.35774
51 0.36565
52 0.36944
53 0.37555
54 0.37827
55 0.38484
56 0.39413
57 0.3957
58 0.40085
59 0.40436
60 0.40847
61 0.41397
62 0.42027
63 0.4252
64 0.42723
65 0.42848
66 0.43465
67 0.43861
68 0.44618
69 0.44864
70 0.45547
71 0.46857
72 0.47082
73 0.47337
74 0.47663
75 0.48009
76 0.48238
77 0.49452
78 0.51012
79 0.51949
80 0.52158
81 0.53209
82 0.53683
83 0.54681
84 0.5743
85 0.57766
86 0.59464
87 0.59889
88 0.60389
89 0.60669
90 0.60911
91 0.61587
92 0.62398
93 0.62985
94 0.63657
95 0.64126
96 0.65865
97 0.67527
98 0.67714
99 0.69384
100 0.69656
101 0.70318
102 0.72703
103 0.73557
104 0.73928
105 0.74281
106 0.74607
107 0.74823
108 0.7582
109 0.76027
110 0.78231
111 0.78854
112 0.79148
113 0.80363
114 0.81633
115 0.81813
116 0.83292
117 0.8364
118 0.85541
119 0.85761
120 0.85868
121 0.87027
122 0.87995
123 0.88384
124 0.8963
125 0.89755
126 0.90481
127 0.91177
128 0.9291
129 0.93293
130 0.93414
131 0.9412
132 0.94306
133 0.96211
134 0.96978
135 0.97274
136 0.97865
137 0.9799
138 0.98784
139 1.00124
140 1.00697
141 1.01657
142 1.02202
143 1.02418
144 1.02975
145 1.03825
146 1.04201
147 1.05201
148 1.06357
149 1.0687
150 1.07787
151 1.0867
152 1.09134
153 1.09943
154 1.10467
155 1.113
156 1.11541
157 1.12828
158 1.13085
159 1.13634
160 1.13993
161 1.14458
162 1.14803
163 1.16255
164 1.16893
165 1.18913
166 1.19547
167 1.19922
168 1.21202
169 1.21804
170 1.22298
171 1.22554
172 1.23443
173 1.23547
174 1.25269
175 1.26202
176 1.26927
177 1.27728
178 1.29108
179 1.29767
180 1.30094
181 1.30246
182 1.3088
183 1.31756
184 1.32306
185 1.34535
186 1.35566
187 1.35759
188 1.35957
189 1.36524
190 1.3739
191 1.3823
192 1.3956
193 1.40316
194 1.41384
195 1.42079
196 1.43032
197 1.4312
198 1.43537
199 1.44556
200 1.44834
201 1.46148
202 1.47899
203 1.48744
204 1.49334
205 1.50469
206 1.51013
207 1.52027
208 1.53513
209 1.54411
210 1.54832
211 1.55101
212 1.55279
213 1.55509
214 1.55753
215 1.56764
216 1.57188
217 1.57436
218 1.58905
219 1.63226
220 1.63665
221 1.6414
222 1.64792
223 1.65114
224 1.65459
225 1.67424
226 1.67557
227 1.69001
228 1.69127
229 1.70345
230 1.7132
231 1.7174
232 1.72235
233 1.72797
234 1.72977
235 1.75602
236 1.76276
237 1.77662
238 1.79307
239 1.79806
240 1.79991
241 1.80737
242 1.80878
243 1.8141
244 1.8205
245 1.84411
246 1.8621
247 1.86663
248 1.8725
249 1.88257
250 1.88505
251 1.89709
252 1.90233
253 1.91022
254 1.91471
255 1.92254
256 1.93779
257 1.9475
258 1.96454
259 1.97103
260 1.98167
261 1.98787
262 1.9977
263 2.01457
264 2.01939
265 2.04964
266 2.05423
267 2.06931
268 2.07286
269 2.08001
270 2.10444
271 2.12045
272 2.14382
273 2.15088
274 2.16103
275 2.16843
276 2.17056
277 2.18493
278 2.20403
279 2.20993
280 2.21713
281 2.22126
282 2.22761
283 2.23058
284 2.23537
285 2.23829
286 2.26216
287 2.26442
288 2.27613
289 2.28011
290 2.29598
291 2.30243
292 2.3035
293 2.32062
294 2.32482
295 2.32805
296 2.3354
297 2.35839
298 2.36363
299 2.37743
300 2.38127
301 2.38412
302 2.39112
303 2.40264
304 2.4192
305 2.43553
306 2.44647
307 2.45592
308 2.45987
309 2.47653
310 2.48921
311 2.4923
312 2.49559
313 2.49739
314 2.51547
315 2.52217
316 2.53234
317 2.53543
318 2.5379
319 2.54205
320 2.54729
321 2.55319
322 2.55713
323 2.56205
324 2.56832
325 2.57643
326 2.59793
327 2.59965
328 2.60464
329 2.61513
330 2.63261
331 2.63621
332 2.65149
333 2.66058
334 2.67021
335 2.67798
336 2.69806
337 2.70976
338 2.72179
339 2.73257
340 2.73396
341 2.73577
342 2.73779
343 2.74263
344 2.76387
345 2.77579
346 2.78165
347 2.78364
348 2.78991
349 2.7961
350 2.80166
351 2.8106
352 2.81943
353 2.83241
354 2.83667
355 2.84125
356 2.84864
357 2.85286
358 2.8555
359 2.85863
360 2.86132
361 2.8936
362 2.89893
363 2.90877
364 2.91478
365 2.92973
366 2.94347
367 2.95224
368 2.95894
369 2.96406
370 2.96651
371 2.97985
372 2.98278
373 2.98953
374 2.99191
375 2.99375
