1 0.00449
2 0.00719
3 0.01149
4 0.02201
5 0.02531
6 0.02891
7 0.03471
8 0.04121
9 0.05202
10 0.05719
11 0.06547
12 0.06932
13 0.07066
14 0.08493
15 0.09573
16 0.10485
17 0.11023
18 0.11725
19 0.11935
20 0.12726
21 0.13384
22 0.14575
23 0.15039
24 0.1559
25 0.16204
26 0.17337
27 0.17552
28 0.18378
29 0.18972
30 0.1927
31 0.19837
32 0.20114
33 0.21231
34 0.22146
35 0.22794
36 0.23259
37 0.24499
38 0.25065
39 0.25347
40 0.2567
41 0.26517
42 0.26636
43 0.27646
44 0.29867
45 0.31968
46 0.33125
47 0.3344
48 0.33578
49 0.33909
50 0.34288
51 0.34713
52 0.36039
53 0.36405
54 0.37902
55 0.38801
56 0.39429
57 0.41401
58 0.41768
59 0.419
60 0.43024
61 0.43891
62 0.44585
63 0.45086
64 0.45957
65 0.47432
66 0.47583
67 0.48121
68 0.48513
69 0.48915
70 0.49303
71 0.50308
72 0.51058
73 0.51288
74 0.52352
75 0.52914
76 0.53273
77 0.53922
78 0.55237
79 0.55633
80 0.56094
81 0.5656
82 0.58458
83 0.59353
84 0.60146
85 0.60319
86 0.61006
87 0.62313
88 0.62859
89 0.62993
90 0.63411
91 0.64035
92 0.65732
93 0.66025
94 0.67304
95 0.67803
96 0.68669
97 0.69304
98 0.69631
99 0.71847
100 0.72208
101 0.72979
102 0.7316
103 0.74096
104 0.75066
105 0.76141
106 0.7707
107 0.79041
108 0.7914
109 0.79928
110 0.81157
111 0.81602
112 0.84277
113 0.85319
114 0.87506
115 0.88387
116 0.88955
117 0.89595
118 0.90247
119 0.91279
120 0.91985
121 0.92665
122 0.92855
123 0.93018
124 0.93891
125 0.96992
126 0.98174
127 0.98595
128 0.99683
129 0.99855
130 1.00522
131 1.01249
132 1.0151
133 1.01717
134 1.02701
135 1.03345
136 1.04401
137 1.05202
138 1.05655
139 1.06465
140 1.06783
141 1.07249
142 1.07465
143 1.08034
144 1.08194
145 1.08805
146 1.08948
147 1.09234
148 1.09479
149 1.10077
150 1.10591
151 1.11384
152 1.11966
153 1.12253
154 1.12608
155 1.13003
156 1.13505
157 1.14061
158 1.14705
159 1.16823
160 1.17819
161 1.18515
162 1.19882
163 1.20533
164 1.21574
165 1.21931
166 1.24343
167 1.25889
168 1.2615
169 1.27202
170 1.29293
171 1.29853
172 1.31594
173 1.33861
174 1.35002
175 1.3601
176 1.36192
177 1.37348
178 1.39943
179 1.40237
180 1.4086
181 1.41712
182 1.41888
183 1.42312
184 1.43384
185 1.43621
186 1.44249
187 1.44734
188 1.45179
189 1.45593
190 1.46073
191 1.46232
192 1.46461
193 1.46663
194 1.47964
195 1.48301
196 1.48859
197 1.50271
198 1.50408
199 1.51654
200 1.52403
201 1.53118
202 1.53722
203 1.54811
204 1.5659
205 1.57141
206 1.57457
207 1.58363
208 1.60485
209 1.60718
210 1.61287
211 1.62112
212 1.62274
213 1.62498
214 1.62752
215 1.63152
216 1.63762
217 1.64839
218 1.65312
219 1.66752
220 1.67903
221 1.69146
222 1.70059
223 1.70311
224 1.70718
225 1.71931
226 1.72632
227 1.73258
228 1.73649
229 1.74288
230 1.74481
231 1.74979
232 1.75286
233 1.75565
234 1.76405
235 1.77307
236 1.78446
237 1.79102
238 1.79358
239 1.8037
240 1.8076
241 1.8116
242 1.81929
243 1.82986
244 1.83263
245 1.8413
246 1.84993
247 1.85754
248 1.87136
249 1.87919
250 1.88079
251 1.88249
252 1.88824
253 1.89881
254 1.90175
255 1.91097
256 1.92642
257 1.92941
258 1.9334
259 1.94374
260 1.95154
261 1.96011
262 1.97179
263 1.97722
264 1.97862
265 2.00083
266 2.01265
267 2.01715
268 2.02194
269 2.03298
270 2.03997
271 2.04121
272 2.05387
273 2.05941
274 2.0679
275 2.07851
276 2.08884
277 2.09156
278 2.09596
279 2.10452
280 2.11512
281 2.11765
282 2.12013
283 2.12432
284 2.12985
285 2.13458
286 2.13896
287 2.14274
288 2.15865
289 2.17176
290 2.18027
291 2.18959
292 2.19611
293 2.20252
294 2.20811
295 2.2138
296 2.21837
297 2.22385
298 2.2421
299 2.24792
300 2.25616
301 2.27172
302 2.27801
303 2.27959
304 2.28217
305 2.28762
306 2.292
307 2.30696
308 2.31686
309 2.33278
310 2.33658
311 2.34756
312 2.35067
313 2.3584
314 2.37664
315 2.38633
316 2.40183
317 2.41263
318 2.42658
319 2.43245
320 2.43591
321 2.44307
322 2.45166
323 2.46571
324 2.46726
325 2.47586
326 2.48647
327 2.4902
328 2.50168
329 2.5064
330 2.5175
331 2.5333
332 2.53953
333 2.54496
334 2.55219
335 2.59194
336 2.59502
337 2.60099
338 2.60615
339 2.61758
340 2.62864
341 2.64087
342 2.64784
343 2.64943
344 2.65232
345 2.65994
346 2.66592
347 2.68287
348 2.6928
349 2.69878
350 2.70445
351 2.73547
352 2.74425
353 2.75963
354 2.77057
355 2.77587
356 2.78378
357 2.79955
358 2.80438
359 2.82672
360 2.8291
361 2.8341
362 2.85171
363 2.85939
364 2.86235
365 2.87896
366 2.88295
367 2.89287
368 2.90293
369 2.91232
370 2.92009
371 2.92309
372 2.93329
373 2.94092
374 2.9479
375 2.95399
376 2.95852
377 2.96228
378 2.97171
379 2.97692
380 2.98057
381 2.9938
