1 0.00543
2 0.01698
3 0.0227
4 0.02631
5 0.03809
6 0.04735
7 0.05044
8 0.05507
9 0.05727
10 0.06914
11 0.07273
12 0.07731
13 0.10484
14 0.11168
15 0.11458
16 0.12192
17 0.12378
18 0.12738
19 0.13135
20 0.14833
21 0.16034
22 0.16874
23 0.17447
24 0.18252
25 0.1939
26 0.20945
27 0.21404
28 0.21861
29 0.23293
30 0.24466
31 0.24909
32 0.25053
33 0.25721
34 0.26851
35 0.2776
36 0.28485
37 0.29271
38 0.29498
39 0.29979
40 0.30553
41 0.31073
42 0.31753
43 0.32231
44 0.32448
45 0.33812
46 0.34147
47 0.35044
48 0.3531
49 0.35496
50 0.36359
51 0.36927
52 0.3745
53 0.38251
54 0.3893
55 0.40398
56 0.41367
57 0.42862
58 0.43504
59 0.46267
60 0.47435
61 0.48785
62 0.49356
63 0.50249
64 0.51383
65 0.52168
66 0.5238
67 0.54006
68 0.54136
69 0.54861
70 0.57629
71 0.58436
72 0.59852
73 0.60734
74 0.61825
75 0.62119
76 0.63511
77 0.63815
78 0.65264
79 0.66646
80 0.66968
81 0.6723
82 0.67647
83 0.69127
84 0.69498
85 0.6989
86 0.70092
87 0.7058
88 0.71252
89 0.71833
90 0.72205
91 0.72922
92 0.73622
93 0.74056
94 0.76266
95 0.78083
96 0.80178
97 0.80929
98 0.82126
99 0.82645
100 0.83747
101 0.85181
102 0.8587
103 0.86391
104 0.8732
105 0.87985
106 0.88664
107 0.89042
108 0.908
109 0.91642
110 0.92191
111 0.93439
112 0.94638
113 0.96349
114 0.96681
115 0.97857
116 0.98731
117 0.99144
118 0.99859
119 1.00235
120 1.01059
121 1.01544
122 1.02868
123 1.03344
124 1.0438
125 1.05953
126 1.06136
127 1.06886
128 1.07042
129 1.0716
130 1.07888
131 1.08123
132 1.09728
133 1.10624
134 1.11214
135 1.11505
136 1.12169
137 1.12884
138 1.13566
139 1.14368
140 1.16109
141 1.16946
142 1.17583
143 1.17961
144 1.18238
145 1.19819
146 1.20419
147 1.20548
148 1.20842
149 1.2144
150 1.22284
151 1.23078
152 1.23632
153 1.23944
154 1.25512
155 1.26305
156 1.26526
157 1.27322
158 1.27433
159 1.27641
160 1.28108
161 1.30854
162 1.3185
163 1.31999
164 1.32944
165 1.33219
166 1.34377
167 1.34781
168 1.35793
169 1.38127
170 1.38882
171 1.4211
172 1.42242
173 1.44342
174 1.45748
175 1.46342
176 1.46751
177 1.48523
178 1.48987
179 1.49767
180 1.50324
181 1.52054
182 1.52518
183 1.53102
184 1.54622
185 1.54791
186 1.54935
187 1.56169
188 1.56758
189 1.57108
190 1.57204
191 1.5832
192 1.59812
193 1.60878
194 1.61453
195 1.62654
196 1.62867
197 1.63934
198 1.64677
199 1.65949
200 1.66859
201 1.67172
202 1.67851
203 1.69454
204 1.6989
205 1.70974
206 1.72127
207 1.72589
208 1.72939
209 1.73884
210 1.74218
211 1.751
212 1.75344
213 1.77154
214 1.7753
215 1.79607
216 1.80398
217 1.81235
218 1.81646
219 1.82059
220 1.82541
221 1.82691
222 1.82816
223 1.83817
224 1.85668
225 1.86273
226 1.86501
227 1.86936
228 1.88255
229 1.89605
230 1.89776
231 1.90265
232 1.92409
233 1.93237
234 1.94277
235 1.9487
236 1.95811
237 1.96304
238 1.97041
239 1.98849
240 1.99471
241 1.99955
242 2.00152
243 2.00736
244 2.0139
245 2.01872
246 2.02189
247 2.02959
248 2.04649
249 2.05081
250 2.05478
251 2.0576
252 2.07557
253 2.07817
254 2.08362
255 2.09509
256 2.10404
257 2.1108
258 2.11397
259 2.11851
260 2.12142
261 2.13238
262 2.14373
263 2.1738
264 2.18134
265 2.1937
266 2.20758
267 2.21233
268 2.21689
269 2.23144
270 2.23444
271 2.23644
272 2.2425
273 2.24753
274 2.25652
275 2.25928
276 2.26487
277 2.26736
278 2.27973
279 2.2823
280 2.29333
281 2.29487
282 2.30085
283 2.31037
284 2.32726
285 2.33079
286 2.3423
287 2.35363
288 2.35564
289 2.36271
290 2.3664
291 2.37326
292 2.37968
293 2.38081
294 2.38429
295 2.38663
296 2.38948
297 2.40889
298 2.41645
299 2.42274
300 2.42428
301 2.43347
302 2.44539
303 2.44823
304 2.45549
305 2.46207
306 2.46568
307 2.46771
308 2.47342
309 2.48439
310 2.49666
311 2.50261
312 2.52027
313 2.52758
314 2.5365
315 2.54239
316 2.54848
317 2.58051
318 2.60393
319 2.62073
320 2.62614
321 2.63558
322 2.64276
323 2.66775
324 2.67814
325 2.68679
326 2.69575
327 2.70748
328 2.71594
329 2.72963
330 2.74
331 2.74642
332 2.75958
333 2.76745
334 2.77041
335 2.78587
336 2.79158
337 2.80928
338 2.82285
339 2.82415
340 2.83144
341 2.83886
342 2.8588
343 2.86116
344 2.87945
345 2.88325
346 2.89282
347 2.90335
348 2.91118
349 2.9131
350 2.9148
351 2.9187
352 2.94943
353 2.95506
354 2.96858
355 2.98741
356 2.98974
357 2.99538
358 2.99832
