1 0.00309
2 0.02087
3 0.02289
4 0.03956
5 0.04157
6 0.05021
7 0.05127
8 0.05927
9 0.06923
10 0.07646
11 0.09161
12 0.10828
13 0.10928
14 0.1132
15 0.12123
16 0.1273
17 0.13114
18 0.14397
19 0.14762
20 0.15634
21 0.16688
22 0.17331
23 0.1781
24 0.18218
25 0.18685
26 0.19412
27 0.19569
28 0.20393
29 0.20965
30 0.21292
31 0.22803
32 0.23694
33 0.24213
34 0.25105
35 0.25532
36 0.28916
37 0.2976
38 0.30387
39 0.30711
40 0.31319
41 0.31532
42 0.3174
43 0.32057
44 0.32573
45 0.32801
46 0.3513
47 0.35442
48 0.35604
49 0.35918
50 0.36914
51 0.38024
52 0.38289
53 0.38585
54 0.39007
55 0.39262
56 0.3988
57 0.40151
58 0.40807
59 0.409
60 0.41547
61 0.42273
62 0.435
63 0.43814
64 0.448
65 0.4521
66 0.47906
67 0.48198
68 0.48606
69 0.4883
70 0.50701
71 0.50792
72 0.52576
73 0.54648
74 0.54831
75 0.55161
76 0.56631
77 0.56799
78 0.57055
79 0.57806
80 0.60481
81 0.60798
82 0.61229
83 0.62548
84 0.63602
85 0.63902
86 0.64156
87 0.64299
88 0.64391
89 0.653
90 0.65647
91 0.6618
92 0.67099
93 0.68024
94 0.68752
95 0.6972
96 0.70283
97 0.71692
98 0.73033
99 0.73282
100 0.73531
101 0.74332
102 0.74462
103 0.76985
104 0.78883
105 0.78991
106 0.79904
107 0.80112
108 0.81505
109 0.81778
110 0.82173
111 0.82653
112 0.85315
113 0.85717
114 0.86214
115 0.87184
116 0.88157
117 0.88989
118 0.8945
119 0.89851
120 0.90095
121 0.91071
122 0.91973
123 0.92652
124 0.92928
125 0.93332
126 0.93809
127 0.95221
128 0.95954
129 0.96074
130 0.97082
131 0.9787
132 0.98145
133 0.98677
134 0.99033
135 0.99678
136 1.03904
137 1.04392
138 1.05276
139 1.05617
140 1.05798
141 1.05931
142 1.06159
143 1.06914
144 1.10361
145 1.10602
146 1.11104
147 1.11663
148 1.12113
149 1.12663
150 1.13034
151 1.14195
152 1.14849
153 1.16108
154 1.16571
155 1.17246
156 1.17644
157 1.1811
158 1.18526
159 1.18812
160 1.19515
161 1.19901
162 1.20629
163 1.21299
164 1.2148
165 1.22142
166 1.23642
167 1.23924
168 1.24241
169 1.24859
170 1.25223
171 1.28595
172 1.2933
173 1.29506
174 1.30222
175 1.30384
176 1.30713
177 1.31098
178 1.31484
179 1.31623
180 1.32008
181 1.32209
182 1.33147
183 1.35433
184 1.3592
185 1.36306
186 1.36611
187 1.3698
188 1.3741
189 1.3968
190 1.3987
191 1.4018
192 1.40715
193 1.41132
194 1.41753
195 1.4203
196 1.42527
197 1.43258
198 1.4464
199 1.46043
200 1.47993
201 1.48229
202 1.48952
203 1.49246
204 1.49458
205 1.54032
206 1.55517
207 1.55753
208 1.56446
209 1.57399
210 1.57692
211 1.58248
212 1.59209
213 1.60136
214 1.61008
215 1.61226
216 1.61837
217 1.63862
218 1.64393
219 1.64778
220 1.65682
221 1.66421
222 1.67168
223 1.67653
224 1.68003
225 1.68131
226 1.68349
227 1.69286
228 1.69815
229 1.69956
230 1.70759
231 1.71049
232 1.73209
233 1.7362
234 1.74119
235 1.79218
236 1.79686
237 1.80041
238 1.80289
239 1.80469
240 1.80654
241 1.81154
242 1.82698
243 1.82953
244 1.85183
245 1.85414
246 1.85596
247 1.86546
248 1.87408
249 1.88196
250 1.88385
251 1.89101
252 1.89285
253 1.89787
254 1.89938
255 1.9022
256 1.90541
257 1.90795
258 1.91391
259 1.91815
260 1.92532
261 1.92879
262 1.93452
263 1.94221
264 1.95328
265 1.95602
266 1.97626
267 1.98104
268 1.98938
269 1.99262
270 2.00117
271 2.00538
272 2.02352
273 2.0381
274 2.04029
275 2.05142
276 2.05691
277 2.06078
278 2.0623
279 2.06465
280 2.0696
281 2.08023
282 2.10586
283 2.11128
284 2.11759
285 2.12076
286 2.13313
287 2.14849
288 2.15196
289 2.15536
290 2.16495
291 2.1718
292 2.18171
293 2.19004
294 2.1912
295 2.19329
296 2.19917
297 2.20222
298 2.20881
299 2.21158
300 2.22703
301 2.23474
302 2.24105
303 2.2505
304 2.29647
305 2.29994
306 2.30683
307 2.30992
308 2.3114
309 2.3131
310 2.31697
311 2.32229
312 2.32583
313 2.34988
314 2.35075
315 2.36255
316 2.36522
317 2.36926
318 2.37809
319 2.38115
320 2.38617
321 2.39249
322 2.39543
323 2.40085
324 2.4028
325 2.40474
326 2.40872
327 2.41529
328 2.41949
329 2.43235
330 2.43578
331 2.4485
332 2.46114
333 2.47765
334 2.48447
335 2.48929
336 2.49426
337 2.49625
338 2.50405
339 2.54204
340 2.54624
341 2.55174
342 2.55966
343 2.56162
344 2.5694
345 2.60335
346 2.61061
347 2.62488
348 2.63263
349 2.64006
350 2.64404
351 2.64615
352 2.64957
353 2.65135
354 2.66269
355 2.67124
356 2.67587
357 2.67709
358 2.69138
359 2.69516
360 2.69926
361 2.70449
362 2.70997
363 2.73616
364 2.74818
365 2.75244
366 2.75475
367 2.7899
368 2.7938
369 2.80232
370 2.80536
371 2.81141
372 2.81827
373 2.82093
374 2.83232
375 2.85832
376 2.86511
377 2.87643
378 2.8785
379 2.88457
380 2.89435
381 2.90581
382 2.91366
383 2.91604
384 2.91828
385 2.92285
386 2.92464
387 2.9276
388 2.93161
389 2.94888
390 2.95187
391 2.95798
392 2.98601
393 2.99939
