1 0.00187
2 0.00683
3 0.00895
4 0.01284
5 0.0189
6 0.02043
7 0.02249
8 0.02686
9 0.03358
10 0.03676
11 0.04055
12 0.04823
13 0.05234
14 0.05669
15 0.05818
16 0.06457
17 0.07116
18 0.07384
19 0.07812
20 0.08168
21 0.08539
22 0.0951
23 0.10148
24 0.10305
25 0.11068
26 0.13214
27 0.13498
28 0.13597
29 0.14253
30 0.14673
31 0.1524
32 0.16281
33 0.16637
34 0.1714
35 0.17312
36 0.18515
37 0.19762
38 0.20381
39 0.21789
40 0.22449
41 0.2271
42 0.22914
43 0.2375
44 0.23836
45 0.24028
46 0.25106
47 0.2634
48 0.26737
49 0.27038
50 0.27173
51 0.27609
52 0.27921
53 0.2828
54 0.28776
55 0.28988
56 0.29391
57 0.30872
58 0.31155
59 0.31242
60 0.31627
61 0.31809
62 0.33776
63 0.34027
64 0.34452
65 0.3498
66 0.36975
67 0.3767
68 0.38146
69 0.39798
70 0.40861
71 0.41028
72 0.41835
73 0.42073
74 0.42456
75 0.4355
76 0.44213
77 0.45067
78 0.46186
79 0.46482
80 0.47545
81 0.48322
82 0.48745
83 0.50224
84 0.50619
85 0.50935
86 0.52032
87 0.52361
88 0.53916
89 0.54235
90 0.54472
91 0.54684
92 0.57001
93 0.59498
94 0.59769
95 0.59948
96 0.61791
97 0.62294
98 0.6259
99 0.63024
100 0.6343
101 0.64593
102 0.658
103 0.66121
104 0.66541
105 0.68548
106 0.69609
107 0.69929
108 0.72246
109 0.72852
110 0.73418
111 0.74859
112 0.75413
113 0.75614
114 0.76413
115 0.76879
116 0.77308
117 0.7778
118 0.79281
119 0.7951
120 0.79758
121 0.79846
122 0.79992
123 0.81219
124 0.81686
125 0.83675
126 0.83828
127 0.84164
128 0.8681
129 0.8781
130 0.88145
131 0.89641
132 0.90983
133 0.91972
134 0.92243
135 0.93438
136 0.96622
137 0.97167
138 0.97995
139 0.99272
140 1.00471
141 1.0093
142 1.01671
143 1.02502
144 1.02759
145 1.03226
146 1.03666
147 1.0435
148 1.04525
149 1.05397
150 1.06121
151 1.07069
152 1.07186
153 1.07717
154 1.08577
155 1.09376
156 1.10409
157 1.11516
158 1.12
159 1.13025
160 1.13803
161 1.14195
162 1.14505
163 1.15006
164 1.16039
165 1.16672
166 1.16995
167 1.17135
168 1.1912
169 1.19757
170 1.21276
171 1.22333
172 1.22447
173 1.24135
174 1.24261
175 1.24902
176 1.25487
177 1.26135
178 1.26909
179 1.27996
180 1.28821
181 1.29314
182 1.29782
183 1.3003
184 1.30655
185 1.31031
186 1.31234
187 1.31459
188 1.31682
189 1.33651
190 1.34231
191 1.34745
192 1.34905
193 1.35174
194 1.3672
195 1.37584
196 1.38523
197 1.38955
198 1.39086
199 1.4044
200 1.41144
201 1.41877
202 1.42218
203 1.43901
204 1.44219
205 1.449
206 1.45383
207 1.45671
208 1.47414
209 1.4789
210 1.48096
211 1.48277
212 1.49209
213 1.50272
214 1.50423
215 1.50626
216 1.51007
217 1.51546
218 1.51949
219 1.52256
220 1.53355
221 1.54088
222 1.54993
223 1.56114
224 1.57404
225 1.58147
226 1.59655
227 1.59791
228 1.61291
229 1.6211
230 1.63211
231 1.63502
232 1.63705
233 1.64876
234 1.66042
235 1.66809
236 1.68638
237 1.69626
238 1.7009
239 1.70982
240 1.72789
241 1.73185
242 1.73584
243 1.73976
244 1.74613
245 1.75175
246 1.75596
247 1.75987
248 1.77489
249 1.77657
250 1.78323
251 1.78691
252 1.80377
253 1.81104
254 1.81336
255 1.83392
256 1.83764
257 1.84177
258 1.8479
259 1.85503
260 1.86552
261 1.87018
262 1.87942
263 1.88657
264 1.89115
265 1.89503
266 1.90061
267 1.91677
268 1.94189
269 1.94939
270 1.9651
271 1.97681
272 1.97937
273 2.00731
274 2.01786
275 2.02581
276 2.0331
277 2.03488
278 2.0525
279 2.06127
280 2.06548
281 2.07177
282 2.08584
283 2.09934
284 2.11267
285 2.12069
286 2.12433
287 2.12844
288 2.13829
289 2.14084
290 2.15386
291 2.16058
292 2.17461
293 2.19156
294 2.19458
295 2.20596
296 2.21215
297 2.22165
298 2.23249
299 2.24035
300 2.24697
301 2.25358
302 2.25814
303 2.26927
304 2.27325
305 2.27588
306 2.27672
307 2.29027
308 2.29253
309 2.30297
310 2.30558
311 2.30833
312 2.31607
313 2.31911
314 2.34407
315 2.34886
316 2.3576
317 2.36317
318 2.36651
319 2.36984
320 2.37365
321 2.37935
322 2.38898
323 2.39212
324 2.39377
325 2.40003
326 2.41325
327 2.41768
328 2.43599
329 2.43792
330 2.44298
331 2.46287
332 2.48018
333 2.48752
334 2.48955
335 2.49398
336 2.50728
337 2.50895
338 2.51713
339 2.53107
340 2.53605
341 2.53786
342 2.56152
343 2.58212
344 2.58941
345 2.59338
346 2.59667
347 2.60195
348 2.61964
349 2.6293
350 2.63294
351 2.63958
352 2.64761
353 2.65185
354 2.66871
355 2.68549
356 2.68841
357 2.69312
358 2.70176
359 2.71465
360 2.73133
361 2.73411
362 2.74705
363 2.75065
364 2.76238
365 2.76535
366 2.77772
367 2.78674
368 2.79377
369 2.80945
370 2.81587
371 2.82113
372 2.8229
373 2.83917
374 2.84158
375 2.84299
376 2.85313
377 2.86484
378 2.87285
379 2.87627
380 2.88316
381 2.88667
382 2.8911
383 2.89391
384 2.91559
385 2.91888
386 2.92403
387 2.93445
388 2.94039
389 2.95332
390 2.96477
391 2.96801
392 2.97644
393 2.98098
394 2.98864
395 2.99268
