1 0.00244
2 0.00943
3 0.01469
4 0.02001
5 0.02412
6 0.02682
7 0.03102
8 0.04996
9 0.0527
10 0.06028
11 0.07109
12 0.07221
13 0.07436
14 0.09431
15 0.10748
16 0.11405
17 0.12081
18 0.12426
19 0.13034
20 0.13207
21 0.13885
22 0.15122
23 0.15475
24 0.16318
25 0.18194
26 0.19462
27 0.20321
28 0.20924
29 0.22237
30 0.22713
31 0.23078
32 0.25743
33 0.26582
34 0.28096
35 0.28332
36 0.28588
37 0.28729
38 0.29562
39 0.29951
40 0.314
41 0.33143
42 0.33338
43 0.34241
44 0.34565
45 0.35293
46 0.37588
47 0.37821
48 0.38468
49 0.39698
50 0.40577
51 0.41655
52 0.42276
53 0.42768
54 0.44103
55 0.44389
56 0.46243
57 0.46808
58 0.48091
59 0.48285
60 0.48557
61 0.4895
62 0.50817
63 0.50993
64 0.51722
65 0.52209
66 0.53054
67 0.54773
68 0.56048
69 0.57248
70 0.58656
71 0.59943
72 0.61028
73 0.61616
74 0.61894
75 0.62628
76 0.63307
77 0.63531
78 0.64354
79 0.64747
80 0.65582
81 0.66377
82 0.67132
83 0.68098
84 0.6847
85 0.68581
86 0.69151
87 0.7072
88 0.7102
89 0.71425
90 0.71771
91 0.73471
92 0.74059
93 0.74941
94 0.76229
95 0.77396
96 0.7777
97 0.79174
98 0.79894
99 0.80612
100 0.80971
101 0.81987
102 0.82867
103 0.83412
104 0.83547
105 0.83963
106 0.84645
107 0.85054
108 0.8578
109 0.86147
110 0.8694
111 0.87124
112 0.88047
113 0.88255
114 0.89141
115 0.89791
116 0.90312
117 0.91519
118 0.92189
119 0.96282
120 0.97202
121 0.97525
122 0.97983
123 0.98575
124 0.98908
125 0.9947
126 0.99861
127 1.00939
128 1.01433
129 1.02049
130 1.02418
131 1.03693
132 1.03829
133 1.05443
134 1.06138
135 1.06426
136 1.07869
137 1.10364
138 1.10751
139 1.11882
140 1.13818
141 1.14117
142 1.15358
143 1.16273
144 1.17886
145 1.18293
146 1.20443
147 1.20866
148 1.218
149 1.22206
150 1.23919
151 1.25155
152 1.25632
153 1.26301
154 1.2788
155 1.28458
156 1.29347
157 1.30283
158 1.31016
159 1.33174
160 1.33528
161 1.33906
162 1.3437
163 1.34929
164 1.35712
165 1.36501
166 1.36904
167 1.38017
168 1.38171
169 1.38843
170 1.39438
171 1.39583
172 1.40549
173 1.41375
174 1.41752
175 1.42649
176 1.43304
177 1.43867
178 1.44356
179 1.45202
180 1.4563
181 1.47239
182 1.47523
183 1.47743
184 1.49635
185 1.50229
186 1.50977
187 1.51616
188 1.52572
189 1.53554
190 1.53794
191 1.5475
192 1.56328
193 1.5729
194 1.61441
195 1.63355
196 1.64224
197 1.66394
198 1.67209
199 1.67756
200 1.68697
201 1.68988
202 1.69285
203 1.70824
204 1.73832
205 1.73973
206 1.75681
207 1.75981
208 1.76799
209 1.78837
210 1.79025
211 1.79497
212 1.79754
213 1.80129
214 1.81223
215 1.81902
216 1.84494
217 1.85117
218 1.86276
219 1.86693
220 1.8855
221 1.89236
222 1.90468
223 1.92019
224 1.92695
225 1.95028
226 1.95559
227 1.95908
228 1.97416
229 1.99136
230 2.00375
231 2.00813
232 2.00996
233 2.02064
234 2.0239
235 2.02617
236 2.03651
237 2.04002
238 2.04874
239 2.05753
240 2.0681
241 2.0772
242 2.08126
243 2.08593
244 2.09227
245 2.09918
246 2.10932
247 2.1237
248 2.12794
249 2.13667
250 2.13948
251 2.14946
252 2.16007
253 2.1626
254 2.16615
255 2.17144
256 2.17851
257 2.18775
258 2.1953
259 2.21134
260 2.21841
261 2.23025
262 2.23351
263 2.23767
264 2.26407
265 2.26998
266 2.28115
267 2.28636
268 2.30336
269 2.30636
270 2.3165
271 2.32392
272 2.33982
273 2.35009
274 2.35596
275 2.35813
276 2.37146
277 2.37955
278 2.38954
279 2.40483
280 2.41598
281 2.42278
282 2.4278
283 2.43137
284 2.44072
285 2.44482
286 2.4524
287 2.45565
288 2.47046
289 2.48908
290 2.49179
291 2.5017
292 2.51992
293 2.52689
294 2.53013
295 2.5402
296 2.55182
297 2.55663
298 2.57974
299 2.58324
300 2.59582
301 2.59808
302 2.611
303 2.62141
304 2.6252
305 2.63057
306 2.64965
307 2.66105
308 2.66416
309 2.66532
310 2.66831
311 2.67041
312 2.67456
313 2.68492
314 2.69611
315 2.70988
316 2.71785
317 2.7209
318 2.73221
319 2.73785
320 2.7419
321 2.74351
322 2.752
323 2.76675
324 2.78137
325 2.78592
326 2.80351
327 2.82352
328 2.83459
329 2.83884
330 2.84785
331 2.85824
332 2.87575
333 2.88639
334 2.8939
335 2.89915
336 2.9069
337 2.91006
338 2.91492
339 2.92257
340 2.94815
341 2.9499
342 2.95458
343 2.9619
344 2.9855
345 2.99937
