1 0.00785
2 0.01219
3 0.02096
4 0.02805
5 0.03533
6 0.05751
7 0.06509
8 0.06913
9 0.07235
10 0.07588
11 0.08065
12 0.0872
13 0.09152
14 0.10062
15 0.10402
16 0.10658
17 0.11303
18 0.11535
19 0.124
20 0.13223
21 0.13819
22 0.14589
23 0.14902
24 0.17198
25 0.17636
26 0.1868
27 0.19438
28 0.20439
29 0.20661
30 0.21418
31 0.21642
32 0.22273
33 0.22471
34 0.241
35 0.24361
36 0.26115
37 0.26827
38 0.27444
39 0.28277
40 0.28581
41 0.29661
42 0.30799
43 0.31896
44 0.33404
45 0.35093
46 0.35792
47 0.37334
48 0.37883
49 0.38131
50 0.39316
51 0.41158
52 0.41811
53 0.41956
54 0.42837
55 0.43629
56 0.43968
57 0.44821
58 0.4534
59 0.47831
60 0.48576
61 0.48952
62 0.49582
63 0.50164
64 0.50956
65 0.52613
66 0.53342
67 0.54105
68 0.5451
69 0.55154
70 0.56156
71 0.57403
72 0.57817
73 0.58314
74 0.58921
75 0.59526
76 0.61585
77 0.62662
78 0.64072
79 0.65322
80 0.65843
81 0.68492
82 0.68625
83 0.70234
84 0.71461
85 0.71988
86 0.72224
87 0.72595
88 0.73477
89 0.74589
90 0.7684
91 0.77349
92 0.77827
93 0.7879
94 0.79812
95 0.8004
96 0.80242
97 0.81997
98 0.82622
99 0.82761
100 0.83231
101 0.83473
102 0.83589
103 0.84495
104 0.86079
105 0.87535
106 0.88536
107 0.89204
108 0.89833
109 0.9036
110 0.91236
111 0.92041
112 0.92948
113 0.93986
114 0.94858
115 0.95291
116 0.96508
117 0.97362
118 0.98879
119 0.99509
120 1.00218
121 1.00468
122 1.0162
123 1.0399
124 1.04505
125 1.04815
126 1.05553
127 1.06183
128 1.07257
129 1.07661
130 1.0827
131 1.09573
132 1.09732
133 1.11359
134 1.12508
135 1.12923
136 1.1414
137 1.1485
138 1.15296
139 1.18354
140 1.20088
141 1.20576
142 1.21374
143 1.21994
144 1.22739
145 1.23141
146 1.23809
147 1.24401
148 1.25413
149 1.2552
150 1.26969
151 1.27775
152 1.28397
153 1.28736
154 1.29503
155 1.30106
156 1.3133
157 1.31869
158 1.32713
159 1.33048
160 1.34073
161 1.34603
162 1.35099
163 1.36073
164 1.37508
165 1.39225
166 1.39799
167 1.40283
168 1.41941
169 1.43447
170 1.45262
171 1.45881
172 1.46616
173 1.47293
174 1.47458
175 1.48901
176 1.51692
177 1.52871
178 1.53694
179 1.54678
180 1.55804
181 1.562
182 1.56734
183 1.57345
184 1.58006
185 1.58493
186 1.60094
187 1.60599
188 1.60818
189 1.61939
190 1.62866
191 1.64106
192 1.65061
193 1.65542
194 1.65635
195 1.65948
196 1.67327
197 1.68836
198 1.69823
199 1.70112
200 1.71154
201 1.71991
202 1.72315
203 1.72521
204 1.72943
205 1.74473
206 1.75946
207 1.76973
208 1.77587
209 1.77805
210 1.7826
211 1.78479
212 1.791
213 1.80005
214 1.80569
215 1.81749
216 1.83008
217 1.86227
218 1.87247
219 1.88292
220 1.89335
221 1.89749
222 1.89898
223 1.90375
224 1.90912
225 1.91162
226 1.91446
227 1.92853
228 1.93638
229 1.96567
230 1.96889
231 1.97542
232 1.98511
233 1.99247
234 1.99499
235 1.9982
236 2.00636
237 2.01761
238 2.0194
239 2.02163
240 2.02768
241 2.03526
242 2.03946
243 2.04431
244 2.05025
245 2.05881
246 2.07038
247 2.07994
248 2.08897
249 2.09589
250 2.10269
251 2.1101
252 2.11591
253 2.11797
254 2.13699
255 2.14545
256 2.15042
257 2.15781
258 2.17095
259 2.17448
260 2.18692
261 2.1961
262 2.20895
263 2.22058
264 2.2306
265 2.24146
266 2.24294
267 2.26504
268 2.28787
269 2.30199
270 2.33136
271 2.3486
272 2.36611
273 2.3895
274 2.39123
275 2.41447
276 2.4234
277 2.43266
278 2.4419
279 2.44647
280 2.45108
281 2.45901
282 2.46502
283 2.47434
284 2.48437
285 2.486
286 2.49223
287 2.49849
288 2.52465
289 2.52689
290 2.52821
291 2.54187
292 2.55739
293 2.56955
294 2.57538
295 2.57762
296 2.58296
297 2.58921
298 2.59398
299 2.60855
300 2.62728
301 2.63505
302 2.6563
303 2.66262
304 2.68756
305 2.69706
306 2.70837
307 2.71454
308 2.73155
309 2.73681
310 2.74095
311 2.756
312 2.75824
313 2.76615
314 2.76814
315 2.77542
316 2.78357
317 2.78693
318 2.79047
319 2.79896
320 2.80092
321 2.80673
322 2.81254
323 2.82621
324 2.85033
325 2.85703
326 2.85992
327 2.8674
328 2.88304
329 2.88963
330 2.89903
331 2.9089
332 2.9197
333 2.92277
334 2.92666
335 2.93097
336 2.95054
337 2.95278
338 2.95982
339 2.96582
340 2.97677
341 2.99014
