1 0.00299
2 0.00916
3 0.01231
4 0.01667
5 0.02089
6 0.02885
7 0.03654
8 0.05569
9 0.05726
10 0.06417
11 0.06524
12 0.07278
13 0.07621
14 0.08158
15 0.0832
16 0.08549
17 0.09029
18 0.09627
19 0.10932
20 0.11223
21 0.12777
22 0.13012
23 0.13485
24 0.13812
25 0.14702
26 0.15311
27 0.15715
28 0.1623
29 0.1649
30 0.16649
31 0.17033
32 0.17305
33 0.1757
34 0.18206
35 0.19198
36 0.20065
37 0.21515
38 0.21991
39 0.23752
40 0.24245
41 0.2475
42 0.24916
43 0.26143
44 0.26706
45 0.27447
46 0.27884
47 0.28141
48 0.28368
49 0.28671
50 0.29859
51 0.30353
52 0.30952
53 0.32236
54 0.33012
55 0.33809
56 0.34038
57 0.34209
58 0.34582
59 0.35151
60 0.35835
61 0.36398
62 0.36604
63 0.37459
64 0.38179
65 0.38373
66 0.39507
67 0.39799
68 0.4011
69 0.40409
70 0.40805
71 0.41089
72 0.41757
73 0.42126
74 0.42383
75 0.42566
76 0.42723
77 0.43288
78 0.44229
79 0.44837
80 0.45094
81 0.45918
82 0.46232
83 0.47219
84 0.48408
85 0.48699
86 0.49655
87 0.51333
88 0.52004
89 0.52449
90 0.53354
91 0.53612
92 0.54339
93 0.54933
94 0.55484
95 0.55626
96 0.56075
97 0.56602
98 0.57335
99 0.57484
100 0.58122
101 0.59087
102 0.59482
103 0.59958
104 0.60336
105 0.60786
106 0.62887
107 0.63386
108 0.65447
109 0.65715
110 0.66436
111 0.674
112 0.6774
113 0.68267
114 0.68462
115 0.69271
116 0.69873
117 0.70641
118 0.72472
119 0.73501
120 0.74554
121 0.74641
122 0.74913
123 0.76685
124 0.7697
125 0.7723
126 0.78319
127 0.78517
128 0.79955
129 0.81655
130 0.8197
131 0.82256
132 0.83689
133 0.84541
134 0.84674
135 0.85142
136 0.85724
137 0.8662
138 0.87685
139 0.88267
140 0.88514
141 0.8913
142 0.89639
143 0.90132
144 0.90624
145 0.91104
146 0.93231
147 0.94663
148 0.95146
149 0.95624
150 0.96052
151 0.96237
152 0.96449
153 0.96584
154 0.97224
155 0.98016
156 0.98684
157 0.98979
158 0.99849
159 1.01248
160 1.01648
161 1.02029
162 1.02733
163 1.03598
164 1.04165
165 1.05476
166 1.06967
167 1.07399
168 1.09139
169 1.09383
170 1.10456
171 1.11111
172 1.12466
173 1.13126
174 1.13738
175 1.1434
176 1.146
177 1.15409
178 1.15758
179 1.1667
180 1.17004
181 1.17864
182 1.19224
183 1.19337
184 1.19901
185 1.21764
186 1.22172
187 1.23287
188 1.24249
189 1.24549
190 1.26282
191 1.27099
192 1.27861
193 1.2837
194 1.29023
195 1.30287
196 1.31554
197 1.32196
198 1.32454
199 1.32985
200 1.3309
201 1.33301
202 1.34538
203 1.35307
204 1.36081
205 1.36444
206 1.36835
207 1.37992
208 1.38657
209 1.40704
210 1.41277
211 1.42349
212 1.44416
213 1.46326
214 1.46804
215 1.48338
216 1.49777
217 1.50812
218 1.51537
219 1.5202
220 1.5229
221 1.52631
222 1.53128
223 1.53834
224 1.54528
225 1.55172
226 1.56141
227 1.56324
228 1.5697
229 1.57468
230 1.58303
231 1.59296
232 1.59615
233 1.60002
234 1.60268
235 1.60776
236 1.61339
237 1.61769
238 1.62265
239 1.62812
240 1.6363
241 1.64381
242 1.65155
243 1.65506
244 1.66008
245 1.66198
246 1.67049
247 1.67245
248 1.675
249 1.67862
250 1.68086
251 1.69196
252 1.69345
253 1.69717
254 1.70518
255 1.70633
256 1.72138
257 1.74071
258 1.74565
259 1.74846
260 1.75165
261 1.7638
262 1.76893
263 1.77828
264 1.7848
265 1.79903
266 1.80613
267 1.8262
268 1.84158
269 1.84577
270 1.85483
271 1.86491
272 1.86797
273 1.87144
274 1.88155
275 1.88493
276 1.89791
277 1.90103
278 1.90394
279 1.91011
280 1.92392
281 1.92814
282 1.93122
283 1.94711
284 1.94909
285 1.9529
286 1.95721
287 1.96087
288 1.96835
289 1.98775
290 1.99171
291 2.01575
292 2.02818
293 2.03026
294 2.0325
295 2.0354
296 2.04991
297 2.05677
298 2.05844
299 2.07263
300 2.07505
301 2.07972
302 2.09496
303 2.10189
304 2.10421
305 2.10849
306 2.11327
307 2.11695
308 2.12514
309 2.14564
310 2.14962
311 2.15725
312 2.16518
313 2.16879
314 2.17181
315 2.17758
316 2.20107
317 2.2057
318 2.21279
319 2.23165
320 2.23644
321 2.24129
322 2.25156
323 2.26721
324 2.26843
325 2.27233
326 2.28024
327 2.28363
328 2.29871
329 2.29985
330 2.30545
331 2.31222
332 2.32168
333 2.32739
334 2.33073
335 2.34094
336 2.35112
337 2.36334
338 2.36483
339 2.38122
340 2.3853
341 2.38902
342 2.39852
343 2.40146
344 2.40267
345 2.41254
346 2.41802
347 2.42451
348 2.44719
349 2.45206
350 2.45406
351 2.46979
352 2.47278
353 2.47514
354 2.50231
355 2.51559
356 2.52263
357 2.52979
358 2.53381
359 2.54063
360 2.54606
361 2.55938
362 2.5691
363 2.57718
364 2.5814
365 2.58494
366 2.5901
367 2.59742
368 2.6064
369 2.61176
370 2.63219
371 2.63718
372 2.65141
373 2.65826
374 2.66407
375 2.68269
376 2.69585
377 2.70059
378 2.70485
379 2.70884
380 2.71034
381 2.71838
382 2.72298
383 2.73542
384 2.74284
385 2.7634
386 2.77012
387 2.80143
388 2.80477
389 2.82194
390 2.82453
391 2.83132
392 2.83841
393 2.84677
394 2.85307
395 2.86541
396 2.86718
397 2.87664
398 2.88844
399 2.89761
400 2.90732
401 2.91197
402 2.91712
403 2.92906
404 2.93098
405 2.94917
406 2.95212
407 2.95588
408 2.96132
409 2.97271
410 2.97722
411 2.98235
412 2.98965
413 2.99422
