1 0.00213
2 0.01181
3 0.01319
4 0.02231
5 0.02641
6 0.02966
7 0.036
8 0.04844
9 0.0589
10 0.06216
11 0.06507
12 0.06801
13 0.07422
14 0.07956
15 0.08405
16 0.09304
17 0.10028
18 0.10334
19 0.1076
20 0.11686
21 0.12251
22 0.12718
23 0.13373
24 0.13691
25 0.14072
26 0.14494
27 0.15083
28 0.15231
29 0.18059
30 0.18583
31 0.19804
32 0.20979
33 0.22692
34 0.23381
35 0.23788
36 0.24027
37 0.24549
38 0.25172
39 0.26367
40 0.26799
41 0.27291
42 0.27579
43 0.31504
44 0.31812
45 0.32383
46 0.33358
47 0.34052
48 0.35077
49 0.36243
50 0.36429
51 0.36884
52 0.3726
53 0.38229
54 0.38902
55 0.3921
56 0.39482
57 0.40288
58 0.4071
59 0.41958
60 0.43638
61 0.43911
62 0.44408
63 0.44686
64 0.44857
65 0.45319
66 0.45868
67 0.46768
68 0.47842
69 0.48172
70 0.4844
71 0.49053
72 0.49769
73 0.50257
74 0.51149
75 0.51491
76 0.51935
77 0.53754
78 0.58208
79 0.5898
80 0.60104
81 0.60931
82 0.61265
83 0.62086
84 0.62744
85 0.63365
86 0.63854
87 0.64479
88 0.64645
89 0.65152
90 0.65646
91 0.66583
92 0.67219
93 0.68709
94 0.69051
95 0.6929
96 0.70162
97 0.73085
98 0.73493
99 0.73902
100 0.74555
101 0.7494
102 0.76543
103 0.76836
104 0.77461
105 0.78905
106 0.84126
107 0.85522
108 0.86117
109 0.86331
110 0.86444
111 0.87046
112 0.87343
113 0.87573
114 0.88118
115 0.88665
116 0.90243
117 0.91551
118 0.92153
119 0.92463
120 0.93443
121 0.93775
122 0.94279
123 0.94455
124 0.94722
125 0.95042
126 0.96147
127 0.96885
128 0.97733
129 0.98133
130 0.98849
131 0.99166
132 0.99447
133 1.00957
134 1.01671
135 1.03852
136 1.08283
137 1.09121
138 1.09283
139 1.10605
140 1.11508
141 1.1212
142 1.13088
143 1.13581
144 1.13719
145 1.14288
146 1.15391
147 1.15906
148 1.17382
149 1.18249
150 1.18652
151 1.19234
152 1.19754
153 1.20168
154 1.23255
155 1.24331
156 1.27285
157 1.31663
158 1.33431
159 1.33641
160 1.34453
161 1.34988
162 1.3525
163 1.35712
164 1.35881
165 1.36269
166 1.36574
167 1.37711
168 1.38496
169 1.38984
170 1.3918
171 1.39935
172 1.40222
173 1.42087
174 1.4354
175 1.44317
176 1.45455
177 1.46987
178 1.4798
179 1.48651
180 1.4999
181 1.51295
182 1.51466
183 1.543
184 1.54546
185 1.55186
186 1.58541
187 1.60273
188 1.62012
189 1.62445
190 1.62893
191 1.64319
192 1.64793
193 1.65067
194 1.67173
195 1.68406
196 1.69165
197 1.71057
198 1.71735
199 1.7323
200 1.73411
201 1.74451
202 1.75249
203 1.76243
204 1.77342
205 1.79404
206 1.81349
207 1.85449
208 1.86291
209 1.86854
210 1.86947
211 1.87365
212 1.88407
213 1.88792
214 1.88986
215 1.89401
216 1.90258
217 1.90756
218 1.9176
219 1.92255
220 1.9376
221 1.94454
222 1.94863
223 1.95324
224 1.957
225 1.96878
226 1.98
227 1.98651
228 2.01111
229 2.01636
230 2.06836
231 2.08153
232 2.08601
233 2.09509
234 2.10087
235 2.10387
236 2.1159
237 2.12386
238 2.12608
239 2.13312
240 2.14123
241 2.14551
242 2.16954
243 2.1739
244 2.18458
245 2.18996
246 2.20331
247 2.20651
248 2.22834
249 2.22952
250 2.23609
251 2.23732
252 2.24258
253 2.24807
254 2.25206
255 2.26265
256 2.26637
257 2.29713
258 2.30558
259 2.32026
260 2.33714
261 2.34382
262 2.35312
263 2.35771
264 2.36079
265 2.36391
266 2.36882
267 2.37417
268 2.38733
269 2.39176
270 2.42371
271 2.43378
272 2.43679
273 2.43877
274 2.4419
275 2.45084
276 2.45198
277 2.45714
278 2.47571
279 2.47778
280 2.48225
281 2.49419
282 2.49738
283 2.51871
284 2.53387
285 2.54364
286 2.55445
287 2.56256
288 2.56956
289 2.58845
290 2.60249
291 2.60466
292 2.60778
293 2.61312
294 2.61817
295 2.61931
296 2.62354
297 2.63076
298 2.63269
299 2.64765
300 2.66568
301 2.67234
302 2.67426
303 2.67639
304 2.68366
305 2.68681
306 2.68979
307 2.70284
308 2.73136
309 2.74338
310 2.76043
311 2.76704
312 2.83221
313 2.83686
314 2.84686
315 2.85254
316 2.85564
317 2.85702
318 2.86093
319 2.87012
320 2.87527
321 2.87631
322 2.88361
323 2.88867
324 2.90147
325 2.90726
326 2.9087
327 2.9202
328 2.92644
329 2.9328
330 2.93934
331 2.94374
332 2.94745
333 2.95225
334 2.96831
335 2.97746
336 2.9828
337 2.99078
338 2.99498
339 2.99898
