1 0.00188
2 0.00661
3 0.01202
4 0.01934
5 0.02167
6 0.03494
7 0.03848
8 0.04472
9 0.05018
10 0.0532
11 0.05647
12 0.06276
13 0.06418
14 0.06734
15 0.07521
16 0.07817
17 0.08243
18 0.0865
19 0.09476
20 0.105
21 0.10991
22 0.12195
23 0.13146
24 0.13938
25 0.1414
26 0.15126
27 0.1587
28 0.16459
29 0.17575
30 0.18361
31 0.18826
32 0.20407
33 0.21085
34 0.21459
35 0.22259
36 0.22528
37 0.22769
38 0.23037
39 0.23505
40 0.23779
41 0.24162
42 0.24377
43 0.26441
44 0.27099
45 0.27441
46 0.2908
47 0.29618
48 0.30523
49 0.30803
50 0.31229
51 0.31581
52 0.31726
53 0.32351
54 0.35284
55 0.35673
56 0.36416
57 0.37121
58 0.3744
59 0.38072
60 0.38343
61 0.38723
62 0.39274
63 0.40285
64 0.41875
65 0.4217
66 0.43451
67 0.4407
68 0.44839
69 0.45117
70 0.45409
71 0.45616
72 0.47123
73 0.48045
74 0.48338
75 0.49285
76 0.49979
77 0.5034
78 0.50901
79 0.51687
80 0.53002
81 0.54119
82 0.54568
83 0.55311
84 0.56322
85 0.56557
86 0.56883
87 0.57172
88 0.57631
89 0.57972
90 0.58094
91 0.58572
92 0.59688
93 0.59989
94 0.60325
95 0.60444
96 0.61358
97 0.62696
98 0.62927
99 0.63328
100 0.63668
101 0.6388
102 0.65257
103 0.65937
104 0.66529
105 0.66709
106 0.67701
107 0.68565
108 0.68698
109 0.69139
110 0.70087
111 0.70647
112 0.71988
113 0.7491
114 0.75357
115 0.76252
116 0.77547
117 0.78817
118 0.79281
119 0.79972
120 0.80578
121 0.81131
122 0.81587
123 0.81941
124 0.82239
125 0.82423
126 0.83288
127 0.83624
128 0.84699
129 0.85037
130 0.85721
131 0.8676
132 0.87004
133 0.87565
134 0.88152
135 0.88919
136 0.89169
137 0.89953
138 0.90059
139 0.90586
140 0.91058
141 0.91787
142 0.92089
143 0.92438
144 0.92704
145 0.92951
146 0.93765
147 0.97135
148 0.9741
149 0.99561
150 1.00012
151 1.01576
152 1.0208
153 1.02634
154 1.03269
155 1.03383
156 1.04139
157 1.04668
158 1.04894
159 1.06383
160 1.07124
161 1.07859
162 1.0834
163 1.09851
164 1.10363
165 1.12265
166 1.12572
167 1.13507
168 1.14244
169 1.14452
170 1.14679
171 1.14851
172 1.16806
173 1.1738
174 1.17593
175 1.18907
176 1.19617
177 1.20089
178 1.21422
179 1.22761
180 1.24881
181 1.25484
182 1.2778
183 1.28347
184 1.28528
185 1.29109
186 1.29612
187 1.31194
188 1.31324
189 1.31876
190 1.3468
191 1.37039
192 1.37757
193 1.3901
194 1.39812
195 1.40856
196 1.41239
197 1.41898
198 1.42415
199 1.4281
200 1.43971
201 1.44297
202 1.45807
203 1.47518
204 1.48331
205 1.50047
206 1.50747
207 1.52095
208 1.52478
209 1.53754
210 1.53914
211 1.54152
212 1.55846
213 1.56471
214 1.5683
215 1.56968
216 1.5725
217 1.57419
218 1.57521
219 1.57872
220 1.58225
221 1.59848
222 1.60076
223 1.61938
224 1.62857
225 1.63653
226 1.63894
227 1.6459
228 1.65326
229 1.66955
230 1.67427
231 1.68131
232 1.68448
233 1.69416
234 1.6999
235 1.702
236 1.70547
237 1.70834
238 1.71271
239 1.71795
240 1.73844
241 1.74546
242 1.75197
243 1.75676
244 1.76315
245 1.76802
246 1.7737
247 1.79132
248 1.7981
249 1.80259
250 1.80811
251 1.81431
252 1.81824
253 1.82067
254 1.83407
255 1.849
256 1.8529
257 1.85778
258 1.86029
259 1.86847
260 1.87612
261 1.87956
262 1.88971
263 1.89648
264 1.9007
265 1.90569
266 1.9108
267 1.92054
268 1.9344
269 1.94373
270 1.94491
271 1.95127
272 1.95957
273 1.97841
274 1.9985
275 2.0213
276 2.02495
277 2.03013
278 2.0352
279 2.04187
280 2.04868
281 2.0528
282 2.06161
283 2.06392
284 2.06922
285 2.07505
286 2.08355
287 2.1052
288 2.10634
289 2.11402
290 2.11929
291 2.13825
292 2.14485
293 2.14774
294 2.16443
295 2.17366
296 2.17587
297 2.18211
298 2.18337
299 2.18679
300 2.19855
301 2.20087
302 2.20412
303 2.21832
304 2.22577
305 2.23425
306 2.24273
307 2.25076
308 2.25694
309 2.27213
310 2.29104
311 2.30845
312 2.31314
313 2.32132
314 2.32746
315 2.34871
316 2.35713
317 2.36097
318 2.37134
319 2.38091
320 2.38605
321 2.39925
322 2.41109
323 2.43239
324 2.43948
325 2.44221
326 2.44434
327 2.45356
328 2.45623
329 2.46319
330 2.46531
331 2.47123
332 2.47234
333 2.47712
334 2.48758
335 2.49633
336 2.50773
337 2.51549
338 2.51967
339 2.5233
340 2.53496
341 2.54517
342 2.55215
343 2.56243
344 2.56544
345 2.56767
346 2.57186
347 2.58264
348 2.58907
349 2.6086
350 2.61433
351 2.6196
352 2.63544
353 2.63781
354 2.64505
355 2.65483
356 2.66457
357 2.67724
358 2.68083
359 2.68813
360 2.69447
361 2.7005
362 2.70683
363 2.71404
364 2.72584
365 2.72805
366 2.73468
367 2.75101
368 2.77069
369 2.77432
370 2.79314
371 2.81178
372 2.82436
373 2.83192
374 2.83837
375 2.85525
376 2.85901
377 2.86925
378 2.87674
379 2.88202
380 2.88404
381 2.88755
382 2.88887
383 2.89222
384 2.90159
385 2.90333
386 2.91615
387 2.91941
388 2.92919
389 2.93658
390 2.94665
391 2.97121
392 2.9849
393 2.99113
394 2.99338
395 2.99965
