1 0.00202
2 0.00725
3 0.01631
4 0.0208
5 0.02411
6 0.02719
7 0.03048
8 0.03451
9 0.03858
10 0.04348
11 0.04639
12 0.04951
13 0.06139
14 0.06738
15 0.08648
16 0.09837
17 0.10472
18 0.1079
19 0.11547
20 0.12251
21 0.13795
22 0.14021
23 0.1477
24 0.1583
25 0.17129
26 0.17433
27 0.18935
28 0.19956
29 0.20376
30 0.20987
31 0.2178
32 0.21895
33 0.22318
34 0.22915
35 0.23179
36 0.23878
37 0.24635
38 0.25255
39 0.25898
40 0.26215
41 0.27549
42 0.27994
43 0.28461
44 0.28809
45 0.29457
46 0.30453
47 0.30583
48 0.3131
49 0.33356
50 0.34181
51 0.35888
52 0.36349
53 0.37833
54 0.39205
55 0.39562
56 0.40048
57 0.40514
58 0.40634
59 0.41466
60 0.43409
61 0.43667
62 0.44324
63 0.46306
64 0.46577
65 0.47569
66 0.48337
67 0.48982
68 0.50947
69 0.51277
70 0.51857
71 0.52184
72 0.52817
73 0.54608
74 0.55779
75 0.55983
76 0.57007
77 0.57254
78 0.58403
79 0.59781
80 0.60813
81 0.63223
82 0.6487
83 0.65329
84 0.66448
85 0.67099
86 0.69083
87 0.69953
88 0.70113
89 0.71169
90 0.71633
91 0.72011
92 0.72849
93 0.73267
94 0.74231
95 0.77073
96 0.77494
97 0.78808
98 0.79615
99 0.79847
100 0.81413
101 0.82033
102 0.82555
103 0.83251
104 0.85523
105 0.85958
106 0.86299
107 0.86724
108 0.88886
109 0.90151
110 0.90495
111 0.90683
112 0.9128
113 0.921
114 0.93912
115 0.954
116 0.95689
117 0.97003
118 0.97403
119 0.98706
120 0.99449
121 0.9968
122 1.00505
123 1.02271
124 1.02869
125 1.04476
126 1.04695
127 1.05354
128 1.06489
129 1.06798
130 1.07502
131 1.08013
132 1.0882
133 1.10545
134 1.10997
135 1.11688
136 1.13927
137 1.14824
138 1.15303
139 1.15898
140 1.16366
141 1.17107
142 1.17491
143 1.18966
144 1.20911
145 1.2341
146 1.2371
147 1.24067
148 1.24553
149 1.25792
150 1.26699
151 1.26932
152 1.27047
153 1.27253
154 1.27623
155 1.28243
156 1.28551
157 1.28819
158 1.29902
159 1.30388
160 1.31687
161 1.32513
162 1.3279
163 1.34322
164 1.3573
165 1.36808
166 1.38926
167 1.3941
168 1.39942
169 1.40164
170 1.40545
171 1.40888
172 1.41341
173 1.42949
174 1.44005
175 1.44793
176 1.47204
177 1.47655
178 1.47818
179 1.48146
180 1.49023
181 1.49884
182 1.51987
183 1.52515
184 1.54872
185 1.55798
186 1.56728
187 1.57634
188 1.60359
189 1.60628
190 1.64125
191 1.64487
192 1.64814
193 1.6545
194 1.65676
195 1.67998
196 1.70748
197 1.71337
198 1.71664
199 1.7251
200 1.72965
201 1.73812
202 1.745
203 1.76208
204 1.76864
205 1.77311
206 1.77653
207 1.77924
208 1.79691
209 1.80774
210 1.81738
211 1.83929
212 1.8503
213 1.85482
214 1.87124
215 1.88894
216 1.89312
217 1.90284
218 1.90536
219 1.91459
220 1.9188
221 1.92885
222 1.93481
223 1.94829
224 1.96335
225 1.9673
226 1.97756
227 1.99448
228 2.00402
229 2.02331
230 2.03048
231 2.03314
232 2.05026
233 2.05441
234 2.05558
235 2.06053
236 2.06421
237 2.07827
238 2.07997
239 2.08547
240 2.1003
241 2.10667
242 2.11434
243 2.13447
244 2.14816
245 2.15357
246 2.16614
247 2.17433
248 2.18676
249 2.19319
250 2.20841
251 2.21563
252 2.22102
253 2.22774
254 2.22972
255 2.2324
256 2.23929
257 2.25128
258 2.26451
259 2.26796
260 2.26874
261 2.27738
262 2.28257
263 2.30699
264 2.30836
265 2.31582
266 2.3203
267 2.32519
268 2.3264
269 2.32844
270 2.33506
271 2.34958
272 2.35321
273 2.36528
274 2.37285
275 2.39082
276 2.3949
277 2.40084
278 2.40474
279 2.40897
280 2.41562
281 2.43845
282 2.45591
283 2.46771
284 2.47157
285 2.47849
286 2.47991
287 2.48561
288 2.48749
289 2.50756
290 2.51071
291 2.51699
292 2.52264
293 2.53282
294 2.53865
295 2.55047
296 2.56149
297 2.56381
298 2.56525
299 2.56686
300 2.57069
301 2.57297
302 2.57562
303 2.5888
304 2.60367
305 2.61603
306 2.63125
307 2.64871
308 2.65356
309 2.65956
310 2.66602
311 2.69325
312 2.70952
313 2.7145
314 2.72209
315 2.72486
316 2.72797
317 2.73233
318 2.73857
319 2.75401
320 2.75967
321 2.76384
322 2.76554
323 2.76707
324 2.77394
325 2.77588
326 2.78078
327 2.78342
328 2.8024
329 2.8098
330 2.81187
331 2.8136
332 2.82315
333 2.84918
334 2.85436
335 2.85878
336 2.86069
337 2.88064
338 2.88306
339 2.89877
340 2.90081
341 2.90665
342 2.91777
343 2.91931
344 2.93526
345 2.94244
346 2.96501
347 2.98494
348 2.99393
349 2.99666
350 2.99973
