1 0.0024
2 0.00495
3 0.00747
4 0.00998
5 0.01665
6 0.02124
7 0.02847
8 0.03741
9 0.04217
10 0.05052
11 0.06395
12 0.07064
13 0.0749
14 0.07842
15 0.09062
16 0.09896
17 0.1029
18 0.11262
19 0.1142
20 0.12093
21 0.12236
22 0.12481
23 0.1324
24 0.14139
25 0.14611
26 0.17076
27 0.18822
28 0.19435
29 0.19608
30 0.21088
31 0.21332
32 0.21808
33 0.22914
34 0.23691
35 0.24208
36 0.2539
37 0.26748
38 0.26965
39 0.27713
40 0.28495
41 0.29619
42 0.29843
43 0.30776
44 0.3168
45 0.32592
46 0.33612
47 0.34126
48 0.34557
49 0.36292
50 0.36653
51 0.37162
52 0.38508
53 0.38617
54 0.3927
55 0.39644
56 0.40602
57 0.41006
58 0.41239
59 0.41604
60 0.4313
61 0.44098
62 0.44706
63 0.45448
64 0.45847
65 0.4691
66 0.47659
67 0.4819
68 0.48549
69 0.48745
70 0.49624
71 0.51069
72 0.51824
73 0.5226
74 0.52785
75 0.53257
76 0.54867
77 0.56124
78 0.57547
79 0.5892
80 0.59118
81 0.59363
82 0.60079
83 0.61897
84 0.6237
85 0.62754
86 0.63885
87 0.65654
88 0.66184
89 0.66437
90 0.66738
91 0.66959
92 0.67596
93 0.68469
94 0.68773
95 0.69189
96 0.69746
97 0.70207
98 0.70969
99 0.71481
100 0.72535
101 0.73152
102 0.73496
103 0.75711
104 0.75913
105 0.76547
106 0.77773
107 0.77976
108 0.79225
109 0.7968
110 0.80527
111 0.80889
112 0.81647
113 0.82121
114 0.82614
115 0.83112
116 0.84192
117 0.84682
118 0.86025
119 0.8665
120 0.87054
121 0.87601
122 0.88785
123 0.88885
124 0.89891
125 0.90554
126 0.90899
127 0.92651
128 0.93375
129 0.94081
130 0.94232
131 0.95228
132 0.96174
133 0.97385
134 0.98379
135 0.99732
136 1.00861
137 1.01055
138 1.01617
139 1.03026
140 1.04238
141 1.06331
142 1.06853
143 1.07624
144 1.07884
145 1.08346
146 1.0957
147 1.10041
148 1.10189
149 1.11578
150 1.13055
151 1.13259
152 1.13581
153 1.13801
154 1.14394
155 1.15239
156 1.15804
157 1.16321
158 1.1883
159 1.19186
160 1.20323
161 1.2051
162 1.21108
163 1.21483
164 1.22197
165 1.22665
166 1.23021
167 1.23608
168 1.23728
169 1.24607
170 1.25232
171 1.25493
172 1.26536
173 1.26951
174 1.29183
175 1.30083
176 1.31492
177 1.33345
178 1.34548
179 1.3656
180 1.37229
181 1.38207
182 1.39325
183 1.39828
184 1.40076
185 1.40474
186 1.41551
187 1.41815
188 1.42475
189 1.43323
190 1.44329
191 1.44764
192 1.45277
193 1.46103
194 1.47154
195 1.483
196 1.49448
197 1.49929
198 1.50701
199 1.51185
200 1.51639
201 1.53523
202 1.54657
203 1.55736
204 1.56397
205 1.56958
206 1.57457
207 1.57838
208 1.58122
209 1.58734
210 1.61514
211 1.62018
212 1.62812
213 1.63546
214 1.64375
215 1.65818
216 1.67224
217 1.69218
218 1.69366
219 1.70294
220 1.7256
221 1.73086
222 1.74044
223 1.77852
224 1.79161
225 1.7954
226 1.80727
227 1.80907
228 1.81626
229 1.82629
230 1.83579
231 1.83718
232 1.84658
233 1.86352
234 1.86626
235 1.87344
236 1.87677
237 1.87849
238 1.88645
239 1.88729
240 1.89057
241 1.89368
242 1.89773
243 1.89952
244 1.90683
245 1.91109
246 1.91471
247 1.92423
248 1.93148
249 1.93944
250 1.94389
251 1.9492
252 1.95994
253 1.96818
254 1.97332
255 1.97724
256 1.98018
257 1.98564
258 1.99692
259 1.99965
260 2.01109
261 2.04153
262 2.04786
263 2.05313
264 2.05553
265 2.06783
266 2.0687
267 2.07802
268 2.1038
269 2.111
270 2.11412
271 2.11657
272 2.12308
273 2.12755
274 2.13529
275 2.14127
276 2.14511
277 2.15863
278 2.16704
279 2.17143
280 2.17842
281 2.18438
282 2.19451
283 2.22611
284 2.22997
285 2.24699
286 2.25698
287 2.25913
288 2.27158
289 2.2744
290 2.27834
291 2.28478
292 2.28846
293 2.29225
294 2.29893
295 2.30718
296 2.31707
297 2.32581
298 2.33358
299 2.33448
300 2.34373
301 2.35574
302 2.36169
303 2.3705
304 2.37462
305 2.38567
306 2.39335
307 2.40171
308 2.41863
309 2.4299
310 2.44568
311 2.45047
312 2.46433
313 2.46609
314 2.46865
315 2.47295
316 2.47378
317 2.48168
318 2.50537
319 2.50697
320 2.51204
321 2.51424
322 2.52257
323 2.53491
324 2.56104
325 2.56671
326 2.5749
327 2.5884
328 2.5948
329 2.59657
330 2.6004
331 2.60218
332 2.60411
333 2.60924
334 2.61843
335 2.62073
336 2.64458
337 2.64646
338 2.65113
339 2.65874
340 2.66858
341 2.67189
342 2.67686
343 2.68271
344 2.68764
345 2.69292
346 2.6977
347 2.70769
348 2.72356
349 2.73951
350 2.74395
351 2.75218
352 2.75691
353 2.76056
354 2.76462
355 2.76751
356 2.77085
357 2.77588
358 2.78705
359 2.7945
360 2.79695
361 2.80593
362 2.81503
363 2.82253
364 2.8253
365 2.83142
366 2.83997
367 2.85355
368 2.86192
369 2.86807
370 2.87101
371 2.88889
372 2.89511
373 2.91513
374 2.91949
375 2.92501
376 2.93492
377 2.94492
378 2.9475
379 2.95178
380 2.96394
381 2.96789
382 2.97394
