1 0.01377
2 0.01631
3 0.02547
4 0.02893
5 0.03755
6 0.04874
7 0.05464
8 0.05823
9 0.06031
10 0.07107
11 0.07287
12 0.07594
13 0.08767
14 0.08966
15 0.09368
16 0.1058
17 0.11185
18 0.12062
19 0.12669
20 0.13187
21 0.1338
22 0.13737
23 0.13957
24 0.15261
25 0.15694
26 0.15867
27 0.16744
28 0.17573
29 0.18908
30 0.19989
31 0.20526
32 0.21235
33 0.21933
34 0.22495
35 0.22719
36 0.23908
37 0.24517
38 0.24707
39 0.25737
40 0.26727
41 0.27479
42 0.27866
43 0.28451
44 0.29851
45 0.30121
46 0.3112
47 0.31275
48 0.32016
49 0.32618
50 0.33504
51 0.33933
52 0.3414
53 0.35393
54 0.35757
55 0.35944
56 0.36566
57 0.37097
58 0.37564
59 0.38599
60 0.41314
61 0.41929
62 0.42429
63 0.4497
64 0.46119
65 0.471
66 0.47244
67 0.47512
68 0.47744
69 0.48585
70 0.48963
71 0.49485
72 0.50114
73 0.5168
74 0.52623
75 0.53526
76 0.54455
77 0.5546
78 0.56411
79 0.57402
80 0.57522
81 0.58253
82 0.59039
83 0.59816
84 0.60118
85 0.60415
86 0.6057
87 0.60849
88 0.61404
89 0.62154
90 0.62946
91 0.63262
92 0.63481
93 0.63669
94 0.64278
95 0.65627
96 0.65824
97 0.66424
98 0.66801
99 0.67709
100 0.67988
101 0.68443
102 0.69382
103 0.7029
104 0.70419
105 0.71549
106 0.71883
107 0.72264
108 0.72632
109 0.74015
110 0.74242
111 0.75063
112 0.75383
113 0.76442
114 0.76705
115 0.77023
116 0.77508
117 0.78544
118 0.79176
119 0.79871
120 0.80248
121 0.8201
122 0.83771
123 0.84201
124 0.84491
125 0.85644
126 0.86139
127 0.8648
128 0.86922
129 0.87346
130 0.89198
131 0.903
132 0.90471
133 0.90632
134 0.90924
135 0.91599
136 0.92482
137 0.92667
138 0.93711
139 0.94777
140 0.9506
141 0.95968
142 0.96162
143 0.96481
144 0.97042
145 0.97273
146 0.97676
147 0.98156
148 0.98784
149 0.99174
150 0.99503
151 1.01089
152 1.01852
153 1.02099
154 1.02315
155 1.02801
156 1.03757
157 1.04035
158 1.07314
159 1.07584
160 1.08099
161 1.08567
162 1.09329
163 1.09736
164 1.10037
165 1.10658
166 1.1121
167 1.11659
168 1.12194
169 1.12978
170 1.13677
171 1.14321
172 1.15507
173 1.16107
174 1.1674
175 1.17609
176 1.18529
177 1.18832
178 1.19774
179 1.20483
180 1.20871
181 1.21988
182 1.23419
183 1.24147
184 1.24279
185 1.24557
186 1.24684
187 1.26295
188 1.27161
189 1.27293
190 1.2754
191 1.2879
192 1.29514
193 1.31409
194 1.32058
195 1.32783
196 1.33195
197 1.33686
198 1.34901
199 1.35815
200 1.36211
201 1.37987
202 1.38729
203 1.40936
204 1.41602
205 1.4245
206 1.4319
207 1.45112
208 1.45706
209 1.4593
210 1.4673
211 1.48026
212 1.48736
213 1.49154
214 1.5005
215 1.51634
216 1.52431
217 1.53331
218 1.53694
219 1.54868
220 1.55334
221 1.55624
222 1.56611
223 1.57446
224 1.57638
225 1.57767
226 1.58376
227 1.58956
228 1.60201
229 1.60697
230 1.61953
231 1.62587
232 1.63708
233 1.64915
234 1.65118
235 1.65817
236 1.67298
237 1.6757
238 1.68046
239 1.6841
240 1.69617
241 1.69895
242 1.70073
243 1.70899
244 1.72427
245 1.72833
246 1.74266
247 1.75078
248 1.76384
249 1.77033
250 1.77389
251 1.7864
252 1.79012
253 1.80476
254 1.81058
255 1.82941
256 1.83297
257 1.83757
258 1.85186
259 1.8557
260 1.86223
261 1.86987
262 1.88769
263 1.89859
264 1.90155
265 1.90549
266 1.9129
267 1.92454
268 1.92683
269 1.93305
270 1.94894
271 1.95202
272 1.95369
273 1.9655
274 1.97135
275 1.97926
276 1.9883
277 2.00531
278 2.02325
279 2.02701
280 2.02864
281 2.03412
282 2.05139
283 2.05354
284 2.06046
285 2.06698
286 2.07926
287 2.08063
288 2.0896
289 2.09686
290 2.10142
291 2.10675
292 2.11354
293 2.12568
294 2.1308
295 2.13452
296 2.13958
297 2.15055
298 2.15352
299 2.1798
300 2.18656
301 2.19616
302 2.20093
303 2.21708
304 2.22246
305 2.23022
306 2.23698
307 2.23894
308 2.24248
309 2.24744
310 2.24947
311 2.26327
312 2.26832
313 2.28509
314 2.29153
315 2.3
316 2.31379
317 2.32422
318 2.33799
319 2.35436
320 2.35969
321 2.36628
322 2.37238
323 2.38132
324 2.385
325 2.39179
326 2.39924
327 2.40441
328 2.40699
329 2.40828
330 2.41125
331 2.41402
332 2.4152
333 2.41863
334 2.42435
335 2.42757
336 2.43207
337 2.43443
338 2.45312
339 2.45877
340 2.46338
341 2.47279
342 2.47888
343 2.49039
344 2.49537
345 2.50198
346 2.50346
347 2.51157
348 2.52607
349 2.53452
350 2.54201
351 2.54642
352 2.54848
353 2.54965
354 2.57004
355 2.5836
356 2.58893
357 2.59397
358 2.60348
359 2.60876
360 2.61495
361 2.63982
362 2.65551
363 2.65759
364 2.66187
365 2.66544
366 2.6673
367 2.67142
368 2.67784
369 2.69766
370 2.70803
371 2.71699
372 2.72279
373 2.72936
374 2.74747
375 2.76567
376 2.77121
377 2.77476
378 2.77645
379 2.78008
380 2.78836
381 2.79099
382 2.79606
383 2.80443
384 2.81466
385 2.82667
386 2.8373
387 2.84812
388 2.85244
389 2.85969
390 2.86521
391 2.87258
392 2.88052
393 2.8827
394 2.89207
395 2.90336
396 2.90672
397 2.91272
398 2.91373
399 2.9227
400 2.92394
401 2.9315
402 2.9336
403 2.93841
404 2.95122
405 2.9575
406 2.96099
407 2.96673
408 2.97085
409 2.97287
410 2.99079
411 2.99264
