1 0.00873
2 0.0128
3 0.03107
4 0.03715
5 0.03884
6 0.0671
7 0.0755
8 0.07829
9 0.08215
10 0.08374
11 0.10099
12 0.10737
13 0.11591
14 0.1388
15 0.14983
16 0.15136
17 0.17603
18 0.17933
19 0.19863
20 0.21049
21 0.21383
22 0.24669
23 0.26485
24 0.28813
25 0.29276
26 0.30084
27 0.31069
28 0.32265
29 0.33389
30 0.35458
31 0.36514
32 0.36773
33 0.37429
34 0.39113
35 0.3971
36 0.40358
37 0.42573
38 0.42723
39 0.4317
40 0.44456
41 0.45421
42 0.4617
43 0.46602
44 0.46914
45 0.48127
46 0.48821
47 0.49672
48 0.5003
49 0.51407
50 0.52546
51 0.53333
52 0.54175
53 0.57429
54 0.58332
55 0.58648
56 0.60333
57 0.62254
58 0.64553
59 0.65276
60 0.67104
61 0.69915
62 0.70227
63 0.70788
64 0.72734
65 0.73533
66 0.73842
67 0.74574
68 0.74783
69 0.76265
70 0.76861
71 0.77354
72 0.77498
73 0.78221
74 0.78686
75 0.79551
76 0.80339
77 0.80493
78 0.81383
79 0.82475
80 0.84448
81 0.8488
82 0.8543
83 0.85758
84 0.86914
85 0.89003
86 0.89817
87 0.90859
88 0.91967
89 0.92671
90 0.94928
91 0.95198
92 0.96302
93 0.97066
94 0.97684
95 0.98824
96 1.00322
97 1.01059
98 1.01858
99 1.03407
100 1.03988
101 1.04154
102 1.04719
103 1.05194
104 1.06286
105 1.07572
106 1.09815
107 1.10382
108 1.12043
109 1.12225
110 1.12395
111 1.12814
112 1.13009
113 1.13674
114 1.16821
115 1.1737
116 1.17688
117 1.19965
118 1.20555
119 1.20716
120 1.21097
121 1.23166
122 1.24891
123 1.25797
124 1.27928
125 1.28722
126 1.30994
127 1.32535
128 1.33597
129 1.35567
130 1.37156
131 1.37494
132 1.37868
133 1.3804
134 1.39416
135 1.4119
136 1.42395
137 1.44167
138 1.45111
139 1.4572
140 1.46582
141 1.48379
142 1.49107
143 1.51006
144 1.522
145 1.52325
146 1.53519
147 1.54826
148 1.57946
149 1.58548
150 1.59373
151 1.59799
152 1.6034
153 1.6205
154 1.64456
155 1.65466
156 1.66952
157 1.67207
158 1.6947
159 1.69791
160 1.70769
161 1.71739
162 1.73112
163 1.74416
164 1.75158
165 1.7561
166 1.76955
167 1.77083
168 1.77802
169 1.78137
170 1.79004
171 1.80773
172 1.80916
173 1.83352
174 1.84264
175 1.86979
176 1.87311
177 1.87717
178 1.87846
179 1.89476
180 1.91263
181 1.95181
182 1.95966
183 1.96586
184 1.99927
185 2.00722
186 2.01308
187 2.02265
188 2.03285
189 2.05735
190 2.06039
191 2.06355
192 2.09095
193 2.09741
194 2.10622
195 2.10916
196 2.11471
197 2.12339
198 2.13022
199 2.13264
200 2.14009
201 2.14916
202 2.1521
203 2.16903
204 2.17851
205 2.19852
206 2.20261
207 2.24779
208 2.24999
209 2.25549
210 2.26374
211 2.26692
212 2.28033
213 2.28729
214 2.29136
215 2.29437
216 2.29784
217 2.30055
218 2.3089
219 2.32269
220 2.32791
221 2.34316
222 2.37231
223 2.39094
224 2.44054
225 2.45089
226 2.47335
227 2.47876
228 2.48663
229 2.51799
230 2.52047
231 2.53625
232 2.53781
233 2.59616
234 2.59781
235 2.60407
236 2.62129
237 2.62307
238 2.62553
239 2.64311
240 2.66007
241 2.6749
242 2.6987
243 2.70752
244 2.71722
245 2.74398
246 2.75109
247 2.75395
248 2.75915
249 2.76334
250 2.77217
251 2.78746
252 2.78855
253 2.79145
254 2.80389
255 2.81144
256 2.82068
257 2.83484
258 2.86791
259 2.87427
260 2.87589
261 2.87993
262 2.89366
263 2.89672
264 2.92561
265 2.92886
266 2.94519
267 2.94763
268 2.95977
269 2.97252
270 2.97994
271 2.98301
272 2.98494
273 2.98993
