1 0.00441
2 0.0056
3 0.01723
4 0.02008
5 0.02124
6 0.02472
7 0.02633
8 0.03898
9 0.04311
10 0.04434
11 0.05247
12 0.05406
13 0.06057
14 0.06278
15 0.06881
16 0.07092
17 0.07397
18 0.0823
19 0.08669
20 0.08758
21 0.09135
22 0.0968
23 0.09782
24 0.11288
25 0.11653
26 0.12262
27 0.12458
28 0.1286
29 0.13055
30 0.14053
31 0.1428
32 0.14641
33 0.14904
34 0.1577
35 0.16347
36 0.16942
37 0.17945
38 0.1892
39 0.19588
40 0.20115
41 0.20359
42 0.2196
43 0.22763
44 0.23576
45 0.2427
46 0.25138
47 0.25418
48 0.25985
49 0.26707
50 0.27658
51 0.286
52 0.28778
53 0.29378
54 0.29797
55 0.29927
56 0.30171
57 0.30487
58 0.31047
59 0.32073
60 0.32696
61 0.3316
62 0.33331
63 0.33988
64 0.36166
65 0.37391
66 0.38671
67 0.38827
68 0.40768
69 0.41039
70 0.41168
71 0.42163
72 0.42681
73 0.42887
74 0.43613
75 0.44021
76 0.445
77 0.45069
78 0.45661
79 0.45772
80 0.46858
81 0.47159
82 0.47529
83 0.47863
84 0.4876
85 0.49506
86 0.49842
87 0.50227
88 0.50781
89 0.51054
90 0.51237
91 0.51465
92 0.52189
93 0.52524
94 0.53602
95 0.54283
96 0.55165
97 0.55414
98 0.55886
99 0.56127
100 0.56611
101 0.5762
102 0.5777
103 0.58401
104 0.58507
105 0.58854
106 0.59266
107 0.59773
108 0.61199
109 0.6161
110 0.6216
111 0.62851
112 0.6341
113 0.63813
114 0.63978
115 0.6426
116 0.64586
117 0.65203
118 0.67038
119 0.6759
120 0.68282
121 0.69135
122 0.69596
123 0.70189
124 0.72103
125 0.72955
126 0.75003
127 0.7658
128 0.77447
129 0.78377
130 0.79839
131 0.80716
132 0.81605
133 0.82027
134 0.82686
135 0.83136
136 0.83458
137 0.85055
138 0.85651
139 0.86011
140 0.86647
141 0.86839
142 0.87457
143 0.88456
144 0.88748
145 0.89218
146 0.90648
147 0.91016
148 0.928
149 0.93618
150 0.93962
151 0.95523
152 0.95919
153 0.96934
154 0.97236
155 0.9749
156 0.97982
157 0.98195
158 0.99329
159 0.9982
160 1.00253
161 1.01754
162 1.03014
163 1.04474
164 1.05416
165 1.06045
166 1.06557
167 1.06933
168 1.07223
169 1.07765
170 1.08421
171 1.09786
172 1.10509
173 1.11651
174 1.11887
175 1.12872
176 1.13694
177 1.14442
178 1.15329
179 1.15836
180 1.16354
181 1.16697
182 1.17565
183 1.17826
184 1.18167
185 1.20527
186 1.20852
187 1.22052
188 1.22433
189 1.22681
190 1.22837
191 1.25229
192 1.25668
193 1.26303
194 1.26556
195 1.27339
196 1.28085
197 1.28545
198 1.30568
199 1.30777
200 1.31105
201 1.31869
202 1.32372
203 1.32552
204 1.32754
205 1.32953
206 1.33386
207 1.34516
208 1.34834
209 1.35573
210 1.36161
211 1.3678
212 1.3701
213 1.3734
214 1.37875
215 1.38351
216 1.39042
217 1.3926
218 1.40685
219 1.41297
220 1.42596
221 1.4294
222 1.43171
223 1.44063
224 1.44424
225 1.45196
226 1.45437
227 1.47427
228 1.4786
229 1.49541
230 1.49974
231 1.50269
232 1.52383
233 1.52606
234 1.53262
235 1.53647
236 1.54657
237 1.55141
238 1.569
239 1.57093
240 1.58139
241 1.58525
242 1.59562
243 1.60552
244 1.62052
245 1.63118
246 1.63565
247 1.64424
248 1.64729
249 1.65249
250 1.67959
251 1.69314
252 1.69953
253 1.71705
254 1.72294
255 1.72815
256 1.73341
257 1.74566
258 1.74921
259 1.75422
260 1.75802
261 1.78107
262 1.7926
263 1.79862
264 1.80509
265 1.81083
266 1.82817
267 1.83476
268 1.84342
269 1.86626
270 1.87182
271 1.88277
272 1.89263
273 1.89899
274 1.90023
275 1.91053
276 1.91966
277 1.9303
278 1.93742
279 1.94106
280 1.94774
281 1.97387
282 1.9806
283 1.99949
284 2.00064
285 2.00544
286 2.01223
287 2.01833
288 2.03203
289 2.04585
290 2.05265
291 2.05973
292 2.06578
293 2.08064
294 2.08294
295 2.08467
296 2.09554
297 2.10097
298 2.11059
299 2.1156
300 2.12437
301 2.13373
302 2.13918
303 2.14594
304 2.14858
305 2.16202
306 2.17285
307 2.17971
308 2.18731
309 2.20593
310 2.21808
311 2.22706
312 2.22924
313 2.23064
314 2.23576
315 2.24431
316 2.25026
317 2.27339
318 2.27653
319 2.283
320 2.28839
321 2.29165
322 2.29276
323 2.29505
324 2.30004
325 2.30638
326 2.32587
327 2.32739
328 2.33547
329 2.34079
330 2.34457
331 2.34936
332 2.36514
333 2.36786
334 2.37629
335 2.38407
336 2.3938
337 2.40307
338 2.40555
339 2.41207
340 2.4277
341 2.43139
342 2.43923
343 2.44266
344 2.45509
345 2.46303
346 2.47192
347 2.47646
348 2.49148
349 2.49686
350 2.50151
351 2.5052
352 2.51196
353 2.51511
354 2.51939
355 2.52426
356 2.52851
357 2.52958
358 2.53559
359 2.5405
360 2.54304
361 2.54654
362 2.55185
363 2.55931
364 2.57424
365 2.57913
366 2.58166
367 2.59506
368 2.59969
369 2.601
370 2.616
371 2.61907
372 2.62386
373 2.62571
374 2.63274
375 2.63669
376 2.63792
377 2.6469
378 2.64808
379 2.66159
380 2.68244
381 2.69217
382 2.70208
383 2.71155
384 2.71928
385 2.7224
386 2.72591
387 2.73073
388 2.743
389 2.75037
390 2.75438
391 2.76497
392 2.77299
393 2.77817
394 2.78452
395 2.79176
396 2.79701
397 2.80398
398 2.80833
399 2.8161
400 2.8254
401 2.8299
402 2.86291
403 2.86569
404 2.8708
405 2.87456
406 2.87669
407 2.88033
408 2.88214
409 2.88971
410 2.8948
411 2.90136
412 2.90803
413 2.9119
414 2.91518
415 2.91768
416 2.92853
417 2.93504
418 2.9368
419 2.93925
420 2.94994
421 2.95957
422 2.96183
423 2.97742
424 2.97955
425 2.99449
