1 0.00691
2 0.01154
3 0.01488
4 0.01974
5 0.02732
6 0.02982
7 0.03591
8 0.04032
9 0.04196
10 0.05877
11 0.0609
12 0.08024
13 0.09664
14 0.10145
15 0.10848
16 0.11169
17 0.11654
18 0.1201
19 0.12513
20 0.12742
21 0.14026
22 0.14572
23 0.14918
24 0.16961
25 0.17324
26 0.17626
27 0.18548
28 0.18731
29 0.19758
30 0.19905
31 0.20263
32 0.21884
33 0.22852
34 0.23091
35 0.23928
36 0.2554
37 0.26438
38 0.27955
39 0.28655
40 0.3193
41 0.32376
42 0.33598
43 0.33812
44 0.35104
45 0.35362
46 0.35848
47 0.37785
48 0.38193
49 0.38924
50 0.39761
51 0.40022
52 0.40515
53 0.41549
54 0.42181
55 0.42705
56 0.43388
57 0.43998
58 0.45253
59 0.45787
60 0.4627
61 0.47066
62 0.48041
63 0.48328
64 0.48841
65 0.4978
66 0.513
67 0.52668
68 0.52949
69 0.53086
70 0.54938
71 0.56032
72 0.56496
73 0.57139
74 0.60098
75 0.60627
76 0.60831
77 0.61488
78 0.62159
79 0.62862
80 0.63425
81 0.63743
82 0.64702
83 0.66597
84 0.67678
85 0.6808
86 0.68521
87 0.68848
88 0.69507
89 0.69845
90 0.70057
91 0.71848
92 0.73363
93 0.7477
94 0.76451
95 0.77535
96 0.78165
97 0.79487
98 0.80966
99 0.83109
100 0.85288
101 0.85769
102 0.86568
103 0.87527
104 0.87923
105 0.88993
106 0.90718
107 0.91183
108 0.92005
109 0.92442
110 0.92808
111 0.93052
112 0.94003
113 0.94156
114 0.94975
115 0.95607
116 0.97138
117 0.97493
118 0.98027
119 0.99403
120 1.02225
121 1.02537
122 1.03002
123 1.07684
124 1.08493
125 1.10858
126 1.11382
127 1.12024
128 1.12415
129 1.13293
130 1.15092
131 1.15987
132 1.17422
133 1.17782
134 1.19118
135 1.19917
136 1.20375
137 1.22025
138 1.24031
139 1.24756
140 1.26218
141 1.26977
142 1.28635
143 1.31367
144 1.33517
145 1.34541
146 1.35722
147 1.37347
148 1.37985
149 1.41671
150 1.43177
151 1.43892
152 1.44635
153 1.44802
154 1.45837
155 1.47198
156 1.48074
157 1.48586
158 1.48939
159 1.49163
160 1.49738
161 1.49916
162 1.50119
163 1.51825
164 1.52108
165 1.54503
166 1.55781
167 1.57047
168 1.5815
169 1.58698
170 1.60903
171 1.614
172 1.61853
173 1.62564
174 1.63292
175 1.63735
176 1.64132
177 1.64472
178 1.65016
179 1.6653
180 1.67126
181 1.67956
182 1.68926
183 1.69342
184 1.69781
185 1.73295
186 1.74569
187 1.75009
188 1.75376
189 1.75482
190 1.768
191 1.77323
192 1.78762
193 1.81741
194 1.82059
195 1.82184
196 1.8304
197 1.83576
198 1.85666
199 1.86228
200 1.87258
201 1.87392
202 1.8772
203 1.88463
204 1.89155
205 1.89902
206 1.90638
207 1.91142
208 1.91725
209 1.92864
210 1.93495
211 1.94099
212 1.95545
213 1.9716
214 1.97857
215 1.98688
216 1.99017
217 1.99698
218 2.00947
219 2.0145
220 2.02517
221 2.03568
222 2.06243
223 2.07109
224 2.08151
225 2.08561
226 2.09352
227 2.10291
228 2.10855
229 2.11484
230 2.11753
231 2.12731
232 2.13437
233 2.14248
234 2.14647
235 2.15092
236 2.17003
237 2.1797
238 2.18449
239 2.1959
240 2.2006
241 2.21991
242 2.22232
243 2.23196
244 2.23338
245 2.23638
246 2.24016
247 2.2441
248 2.2488
249 2.25475
250 2.276
251 2.2781
252 2.30893
253 2.33152
254 2.35099
255 2.35524
256 2.37103
257 2.37346
258 2.38443
259 2.39128
260 2.39888
261 2.40537
262 2.41691
263 2.42002
264 2.42309
265 2.43892
266 2.44407
267 2.44929
268 2.45173
269 2.47146
270 2.47808
271 2.48382
272 2.49512
273 2.51075
274 2.51603
275 2.5214
276 2.54416
277 2.5539
278 2.57149
279 2.60805
280 2.61888
281 2.62217
282 2.6268
283 2.63281
284 2.63499
285 2.63805
286 2.64423
287 2.64861
288 2.66686
289 2.66819
290 2.69275
291 2.69586
292 2.7055
293 2.71033
294 2.71947
295 2.72955
296 2.73675
297 2.74723
298 2.75479
299 2.77321
300 2.77838
301 2.78785
302 2.79468
303 2.80723
304 2.81259
305 2.81724
306 2.83462
307 2.83717
308 2.85357
309 2.86049
310 2.87049
311 2.87548
312 2.88001
313 2.88254
314 2.89564
315 2.90001
316 2.90974
317 2.91755
318 2.9297
319 2.93979
320 2.94654
321 2.978
322 2.98472
323 2.99433
324 2.99532
