1 0.0015
2 0.00354
3 0.00566
4 0.0085
5 0.012
6 0.01466
7 0.01728
8 0.02112
9 0.02819
10 0.04043
11 0.04688
12 0.05079
13 0.05816
14 0.06429
15 0.06965
16 0.07559
17 0.08194
18 0.08527
19 0.08928
20 0.09566
21 0.10431
22 0.11344
23 0.12907
24 0.13744
25 0.14086
26 0.14629
27 0.16473
28 0.17488
29 0.18245
30 0.19073
31 0.19202
32 0.20114
33 0.20367
34 0.20633
35 0.21397
36 0.22215
37 0.22732
38 0.22903
39 0.23068
40 0.2369
41 0.24507
42 0.25175
43 0.25841
44 0.26097
45 0.27613
46 0.28057
47 0.28361
48 0.30316
49 0.32008
50 0.327
51 0.33163
52 0.33392
53 0.33731
54 0.33942
55 0.343
56 0.35033
57 0.35412
58 0.3582
59 0.38504
60 0.39259
61 0.40806
62 0.41707
63 0.43052
64 0.43328
65 0.43591
66 0.44466
67 0.45103
68 0.45519
69 0.47008
70 0.47274
71 0.48895
72 0.49228
73 0.49583
74 0.49771
75 0.50472
76 0.51378
77 0.52055
78 0.52433
79 0.54256
80 0.56934
81 0.57879
82 0.58243
83 0.58688
84 0.58818
85 0.59021
86 0.59822
87 0.60628
88 0.61887
89 0.63115
90 0.63434
91 0.63905
92 0.64589
93 0.66265
94 0.66966
95 0.67496
96 0.67703
97 0.68129
98 0.68932
99 0.6948
100 0.71676
101 0.72565
102 0.73552
103 0.74484
104 0.75066
105 0.75997
106 0.76644
107 0.76959
108 0.77111
109 0.77896
110 0.78939
111 0.79129
112 0.79674
113 0.79968
114 0.80724
115 0.82236
116 0.83592
117 0.83786
118 0.84386
119 0.85325
120 0.86072
121 0.86256
122 0.88285
123 0.88917
124 0.8927
125 0.89942
126 0.91641
127 0.93668
128 0.94635
129 0.94883
130 0.95181
131 0.96511
132 0.96812
133 0.97036
134 0.97661
135 0.98403
136 0.98921
137 0.99836
138 1.00116
139 1.00651
140 1.01184
141 1.01522
142 1.01802
143 1.02107
144 1.02635
145 1.04118
146 1.04692
147 1.05241
148 1.06889
149 1.08413
150 1.08969
151 1.10221
152 1.10494
153 1.12525
154 1.13008
155 1.14207
156 1.16673
157 1.16921
158 1.1908
159 1.19286
160 1.19808
161 1.20755
162 1.2146
163 1.21939
164 1.22229
165 1.22869
166 1.24234
167 1.24927
168 1.2537
169 1.26033
170 1.26702
171 1.2693
172 1.27925
173 1.29237
174 1.29546
175 1.30315
176 1.30638
177 1.31999
178 1.32484
179 1.32686
180 1.3288
181 1.3329
182 1.33399
183 1.33736
184 1.34069
185 1.34239
186 1.34389
187 1.35221
188 1.35655
189 1.37719
190 1.38443
191 1.38688
192 1.39098
193 1.39405
194 1.40197
195 1.416
196 1.42959
197 1.44693
198 1.45104
199 1.45365
200 1.4705
201 1.47526
202 1.48341
203 1.4915
204 1.49451
205 1.49843
206 1.49959
207 1.50266
208 1.50882
209 1.51283
210 1.5194
211 1.5219
212 1.53115
213 1.53893
214 1.54696
215 1.54802
216 1.55229
217 1.56453
218 1.57392
219 1.57846
220 1.5823
221 1.58412
222 1.59255
223 1.60099
224 1.60283
225 1.62649
226 1.63111
227 1.63686
228 1.63864
229 1.64637
230 1.64934
231 1.67373
232 1.67914
233 1.68554
234 1.69489
235 1.705
236 1.71057
237 1.71438
238 1.71675
239 1.72337
240 1.72729
241 1.75104
242 1.76108
243 1.76465
244 1.77035
245 1.7727
246 1.77386
247 1.78868
248 1.79151
249 1.79747
250 1.80203
251 1.81897
252 1.82933
253 1.83309
254 1.83728
255 1.84756
256 1.85447
257 1.85645
258 1.88428
259 1.88917
260 1.89856
261 1.91198
262 1.91698
263 1.92389
264 1.93006
265 1.93778
266 1.94636
267 1.96218
268 1.96382
269 1.96785
270 1.97104
271 1.98055
272 1.98255
273 1.98675
274 2.00161
275 2.00526
276 2.00832
277 2.01931
278 2.02342
279 2.04164
280 2.04648
281 2.05694
282 2.06511
283 2.06881
284 2.08378
285 2.08922
286 2.09088
287 2.0934
288 2.09902
289 2.10129
290 2.12926
291 2.14484
292 2.16183
293 2.16594
294 2.17798
295 2.18542
296 2.19466
297 2.19636
298 2.19755
299 2.20223
300 2.20395
301 2.20575
302 2.20949
303 2.21324
304 2.22122
305 2.2265
306 2.24181
307 2.25017
308 2.25726
309 2.26325
310 2.27242
311 2.29407
312 2.29606
313 2.32737
314 2.33105
315 2.33693
316 2.342
317 2.34614
318 2.34951
319 2.37537
320 2.37779
321 2.39026
322 2.39576
323 2.41476
324 2.41922
325 2.42916
326 2.43265
327 2.44127
328 2.44539
329 2.45002
330 2.45433
331 2.45794
332 2.46051
333 2.46377
334 2.46937
335 2.47763
336 2.47869
337 2.48774
338 2.49741
339 2.50148
340 2.5058
341 2.51245
342 2.52216
343 2.52403
344 2.53255
345 2.5407
346 2.57827
347 2.58787
348 2.59588
349 2.59746
350 2.60572
351 2.62362
352 2.63325
353 2.6364
354 2.63997
355 2.64528
356 2.66371
357 2.67888
358 2.68202
359 2.68906
360 2.69481
361 2.70029
362 2.70533
363 2.71352
364 2.71904
365 2.73679
366 2.74197
367 2.74998
368 2.75724
369 2.75957
370 2.77431
371 2.77832
372 2.78482
373 2.79277
374 2.79976
375 2.80245
376 2.81958
377 2.82076
378 2.83268
379 2.84688
380 2.84849
381 2.87025
382 2.88272
383 2.88832
384 2.89365
385 2.92114
386 2.92384
387 2.93003
388 2.96765
389 2.97608
390 2.97742
391 2.98596
392 2.99463
