1 0.00281
2 0.00696
3 0.01043
4 0.01809
5 0.01988
6 0.02202
7 0.02523
8 0.03435
9 0.03688
10 0.05739
11 0.06389
12 0.07367
13 0.09433
14 0.09685
15 0.1089
16 0.13728
17 0.15183
18 0.15749
19 0.1618
20 0.16407
21 0.16812
22 0.17697
23 0.17952
24 0.18557
25 0.19394
26 0.19673
27 0.20117
28 0.20633
29 0.21207
30 0.22183
31 0.2331
32 0.24159
33 0.24608
34 0.24941
35 0.26134
36 0.27653
37 0.29354
38 0.30408
39 0.30712
40 0.314
41 0.31585
42 0.31965
43 0.32447
44 0.32858
45 0.34445
46 0.36211
47 0.37566
48 0.38118
49 0.39572
50 0.39702
51 0.40206
52 0.41058
53 0.41663
54 0.4219
55 0.43106
56 0.44013
57 0.44337
58 0.44711
59 0.48616
60 0.49486
61 0.49747
62 0.50507
63 0.51064
64 0.51616
65 0.51899
66 0.55974
67 0.56788
68 0.57807
69 0.58035
70 0.58179
71 0.59715
72 0.60088
73 0.61566
74 0.62084
75 0.62734
76 0.6364
77 0.65398
78 0.65614
79 0.65909
80 0.66378
81 0.67439
82 0.68053
83 0.68378
84 0.6862
85 0.69163
86 0.70413
87 0.71232
88 0.71742
89 0.74448
90 0.75711
91 0.75979
92 0.76149
93 0.76415
94 0.7661
95 0.77043
96 0.79533
97 0.80895
98 0.8144
99 0.82466
100 0.83343
101 0.84495
102 0.85944
103 0.8722
104 0.87761
105 0.88076
106 0.88591
107 0.89027
108 0.90396
109 0.90578
110 0.9087
111 0.91071
112 0.91991
113 0.92636
114 0.93384
115 0.94146
116 0.94364
117 0.94498
118 0.95545
119 0.96463
120 0.99439
121 0.99634
122 1.00636
123 1.01122
124 1.02838
125 1.03975
126 1.04375
127 1.05568
128 1.05891
129 1.06858
130 1.0774
131 1.08072
132 1.08399
133 1.09731
134 1.0994
135 1.10791
136 1.11913
137 1.14429
138 1.14758
139 1.15905
140 1.16068
141 1.17585
142 1.18005
143 1.18307
144 1.19908
145 1.20348
146 1.23517
147 1.24534
148 1.26368
149 1.27153
150 1.27545
151 1.27894
152 1.30316
153 1.31266
154 1.3248
155 1.33819
156 1.34366
157 1.35511
158 1.3599
159 1.37079
160 1.39097
161 1.39386
162 1.40407
163 1.4067
164 1.40891
165 1.41277
166 1.4152
167 1.42201
168 1.4251
169 1.43879
170 1.44464
171 1.45162
172 1.45418
173 1.46069
174 1.46616
175 1.4848
176 1.50131
177 1.51403
178 1.52238
179 1.53334
180 1.5654
181 1.56817
182 1.576
183 1.58703
184 1.58893
185 1.6277
186 1.65121
187 1.65389
188 1.66208
189 1.67354
190 1.67667
191 1.68226
192 1.68583
193 1.68933
194 1.70532
195 1.71871
196 1.7389
197 1.75247
198 1.75465
199 1.76268
200 1.77026
201 1.77697
202 1.77844
203 1.79563
204 1.80306
205 1.80665
206 1.81197
207 1.82049
208 1.82499
209 1.83075
210 1.83747
211 1.84359
212 1.84995
213 1.85263
214 1.85854
215 1.88689
216 1.89729
217 1.90561
218 1.91003
219 1.91894
220 1.93093
221 1.93442
222 1.94985
223 1.95535
224 1.98303
225 2.00627
226 2.00953
227 2.01955
228 2.02463
229 2.03399
230 2.03728
231 2.04628
232 2.05873
233 2.06231
234 2.06423
235 2.06792
236 2.07995
237 2.10396
238 2.11246
239 2.12783
240 2.13034
241 2.14084
242 2.15302
243 2.1595
244 2.16393
245 2.16625
246 2.16876
247 2.17486
248 2.18395
249 2.18857
250 2.20583
251 2.21492
252 2.23136
253 2.23647
254 2.24086
255 2.2457
256 2.24693
257 2.25786
258 2.26213
259 2.26389
260 2.28022
261 2.29468
262 2.29988
263 2.31241
264 2.32009
265 2.32167
266 2.32777
267 2.35308
268 2.35468
269 2.36068
270 2.37055
271 2.37848
272 2.38669
273 2.38882
274 2.39497
275 2.39748
276 2.40091
277 2.40737
278 2.4138
279 2.41551
280 2.4193
281 2.4243
282 2.42902
283 2.43111
284 2.43998
285 2.46536
286 2.48713
287 2.50016
288 2.50758
289 2.50987
290 2.5259
291 2.53244
292 2.55369
293 2.56526
294 2.56679
295 2.58296
296 2.59232
297 2.60444
298 2.60907
299 2.61548
300 2.61763
301 2.63218
302 2.64396
303 2.64799
304 2.66136
305 2.67506
306 2.68138
307 2.68358
308 2.68705
309 2.69426
310 2.7171
311 2.73107
312 2.74875
313 2.75316
314 2.7604
315 2.76812
316 2.78077
317 2.78367
318 2.79328
319 2.80542
320 2.81378
321 2.81869
322 2.8256
323 2.83197
324 2.83375
325 2.84386
326 2.85368
327 2.85662
328 2.87214
329 2.89061
330 2.89297
331 2.91885
332 2.9222
333 2.92512
334 2.9421
335 2.94424
336 2.96164
337 2.96736
338 2.97715
339 2.99878
