1 0.00185
2 0.0052
3 0.01215
4 0.01404
5 0.01658
6 0.02249
7 0.02939
8 0.03114
9 0.03923
10 0.0411
11 0.0456
12 0.05374
13 0.05803
14 0.06038
15 0.06674
16 0.07683
17 0.08766
18 0.08989
19 0.09304
20 0.09464
21 0.09606
22 0.10346
23 0.10735
24 0.11175
25 0.1197
26 0.13023
27 0.14
28 0.15199
29 0.15768
30 0.16505
31 0.16892
32 0.17157
33 0.18597
34 0.187
35 0.1916
36 0.19348
37 0.19837
38 0.1999
39 0.20827
40 0.2163
41 0.22975
42 0.23653
43 0.24013
44 0.24827
45 0.25526
46 0.25785
47 0.2676
48 0.27476
49 0.28332
50 0.28645
51 0.30629
52 0.30883
53 0.31915
54 0.32634
55 0.33481
56 0.33713
57 0.34062
58 0.34374
59 0.35783
60 0.36369
61 0.36735
62 0.3737
63 0.3786
64 0.38374
65 0.39599
66 0.40695
67 0.40892
68 0.4125
69 0.41475
70 0.42004
71 0.4319
72 0.43282
73 0.43501
74 0.43631
75 0.44364
76 0.45315
77 0.4563
78 0.47233
79 0.47938
80 0.48621
81 0.48795
82 0.49594
83 0.49846
84 0.50408
85 0.50702
86 0.52335
87 0.52824
88 0.53087
89 0.53404
90 0.54804
91 0.55418
92 0.55705
93 0.56124
94 0.56814
95 0.57185
96 0.57581
97 0.57961
98 0.58428
99 0.58704
100 0.59117
101 0.59638
102 0.60116
103 0.61101
104 0.61575
105 0.62673
106 0.63232
107 0.63636
108 0.64302
109 0.65406
110 0.68177
111 0.69205
112 0.69922
113 0.70382
114 0.73584
115 0.74347
116 0.75617
117 0.76058
118 0.76338
119 0.77645
120 0.78443
121 0.788
122 0.79112
123 0.80352
124 0.8052
125 0.81723
126 0.82276
127 0.84316
128 0.85264
129 0.86067
130 0.86583
131 0.87074
132 0.88676
133 0.90608
134 0.90808
135 0.91004
136 0.91345
137 0.92702
138 0.9347
139 0.94141
140 0.95031
141 0.97264
142 0.98394
143 0.98509
144 0.9872
145 0.99456
146 0.99725
147 1.00103
148 1.00458
149 1.00588
150 1.00941
151 1.01421
152 1.01973
153 1.03092
154 1.0374
155 1.05587
156 1.07704
157 1.08451
158 1.08778
159 1.09256
160 1.10033
161 1.1014
162 1.10857
163 1.11582
164 1.12301
165 1.1251
166 1.13139
167 1.15414
168 1.15865
169 1.16112
170 1.16425
171 1.16615
172 1.18428
173 1.19105
174 1.20261
175 1.20354
176 1.20772
177 1.22286
178 1.22903
179 1.23423
180 1.24157
181 1.25622
182 1.28169
183 1.28404
184 1.2884
185 1.30292
186 1.31092
187 1.32685
188 1.3332
189 1.35371
190 1.36432
191 1.37166
192 1.37358
193 1.37716
194 1.38922
195 1.41154
196 1.41685
197 1.43674
198 1.44208
199 1.4438
200 1.4452
201 1.44889
202 1.45042
203 1.45766
204 1.46754
205 1.47515
206 1.47943
207 1.48093
208 1.48404
209 1.49335
210 1.49823
211 1.5043
212 1.51495
213 1.51637
214 1.51899
215 1.52854
216 1.53426
217 1.54824
218 1.55522
219 1.56035
220 1.562
221 1.5672
222 1.57696
223 1.57827
224 1.58768
225 1.59229
226 1.60103
227 1.60448
228 1.60961
229 1.61173
230 1.62681
231 1.65424
232 1.65888
233 1.66112
234 1.66759
235 1.6837
236 1.69385
237 1.70787
238 1.71494
239 1.72018
240 1.72784
241 1.73091
242 1.74232
243 1.7577
244 1.7631
245 1.77112
246 1.78295
247 1.78506
248 1.7913
249 1.80298
250 1.80592
251 1.81594
252 1.82663
253 1.82845
254 1.83
255 1.83366
256 1.8402
257 1.84576
258 1.84878
259 1.85268
260 1.85744
261 1.86915
262 1.87204
263 1.87478
264 1.8772
265 1.91643
266 1.92808
267 1.93225
268 1.93429
269 1.94116
270 1.94823
271 1.96348
272 1.98368
273 1.99049
274 1.99335
275 1.99519
276 1.99783
277 2.0058
278 2.01171
279 2.01799
280 2.0318
281 2.0364
282 2.03756
283 2.05397
284 2.05789
285 2.06028
286 2.07812
287 2.09419
288 2.09733
289 2.10829
290 2.11097
291 2.11854
292 2.13071
293 2.13226
294 2.16266
295 2.1666
296 2.1682
297 2.19064
298 2.19512
299 2.20087
300 2.2063
301 2.20745
302 2.21748
303 2.23054
304 2.23919
305 2.24211
306 2.24426
307 2.24621
308 2.25705
309 2.26485
310 2.27762
311 2.28805
312 2.29069
313 2.30661
314 2.30969
315 2.3169
316 2.32563
317 2.3293
318 2.33257
319 2.33439
320 2.33815
321 2.34286
322 2.3601
323 2.36787
324 2.37264
325 2.37591
326 2.38402
327 2.38968
328 2.40223
329 2.40411
330 2.41287
331 2.41448
332 2.41555
333 2.41986
334 2.43386
335 2.43962
336 2.44708
337 2.46124
338 2.47345
339 2.48747
340 2.49456
341 2.50768
342 2.51363
343 2.55653
344 2.55937
345 2.56221
346 2.56494
347 2.57381
348 2.59017
349 2.59925
350 2.60399
351 2.61014
352 2.61719
353 2.62206
354 2.62587
355 2.63441
356 2.63635
357 2.656
358 2.66789
359 2.69181
360 2.70044
361 2.70409
362 2.71027
363 2.72164
364 2.72688
365 2.73176
366 2.73582
367 2.73994
368 2.74544
369 2.7542
370 2.75633
371 2.75855
372 2.78092
373 2.79137
374 2.80223
375 2.80515
376 2.80628
377 2.81252
378 2.81417
379 2.81865
380 2.8306
381 2.83935
382 2.8425
383 2.84467
384 2.86564
385 2.87049
386 2.87268
387 2.88445
388 2.90136
389 2.90761
390 2.9114
391 2.92521
392 2.93456
393 2.93771
394 2.94372
395 2.95492
396 2.96392
397 2.97292
398 2.97679
399 2.98082
400 2.9907
401 2.99248
