1 0.00317
2 0.01663
3 0.04224
4 0.05165
5 0.06452
6 0.0756
7 0.0803
8 0.0823
9 0.08722
10 0.1331
11 0.13978
12 0.14453
13 0.16175
14 0.16575
15 0.1753
16 0.20013
17 0.20152
18 0.221
19 0.22886
20 0.23277
21 0.25848
22 0.27166
23 0.27872
24 0.29473
25 0.30481
26 0.32401
27 0.32572
28 0.34279
29 0.3638
30 0.38546
31 0.38863
32 0.39238
33 0.39788
34 0.41645
35 0.42252
36 0.42739
37 0.43783
38 0.446
39 0.45735
40 0.46326
41 0.48492
42 0.49074
43 0.49685
44 0.50663
45 0.5088
46 0.52391
47 0.52751
48 0.52879
49 0.53234
50 0.53695
51 0.5386
52 0.54388
53 0.54547
54 0.54752
55 0.55032
56 0.55376
57 0.55579
58 0.56158
59 0.56455
60 0.57667
61 0.58624
62 0.59311
63 0.61279
64 0.61763
65 0.61904
66 0.63328
67 0.63466
68 0.64391
69 0.65462
70 0.66526
71 0.6666
72 0.68725
73 0.68854
74 0.70275
75 0.71845
76 0.73207
77 0.74122
78 0.7486
79 0.7501
80 0.76464
81 0.76747
82 0.77189
83 0.79087
84 0.79263
85 0.81221
86 0.82756
87 0.8593
88 0.86321
89 0.87781
90 0.88026
91 0.88343
92 0.88815
93 0.89367
94 0.90425
95 0.90934
96 0.91406
97 0.93755
98 0.9566
99 0.96278
100 0.96767
101 0.98239
102 0.99215
103 1.00252
104 1.00491
105 1.00968
106 1.0227
107 1.03975
108 1.04883
109 1.05187
110 1.05583
111 1.07608
112 1.07754
113 1.0791
114 1.1074
115 1.12169
116 1.14225
117 1.15275
118 1.15629
119 1.16221
120 1.17341
121 1.21087
122 1.22882
123 1.23817
124 1.24565
125 1.25261
126 1.27074
127 1.27466
128 1.28907
129 1.29216
130 1.30318
131 1.332
132 1.34002
133 1.34413
134 1.35038
135 1.35926
136 1.36796
137 1.37081
138 1.3847
139 1.38675
140 1.39136
141 1.41313
142 1.42044
143 1.44658
144 1.46015
145 1.46715
146 1.4741
147 1.48123
148 1.48964
149 1.49103
150 1.51885
151 1.52021
152 1.53048
153 1.54469
154 1.57122
155 1.57559
156 1.60988
157 1.61527
158 1.62422
159 1.62817
160 1.63169
161 1.63678
162 1.63833
163 1.64187
164 1.66092
165 1.66415
166 1.67221
167 1.67834
168 1.68057
169 1.68659
170 1.71485
171 1.73235
172 1.74255
173 1.75397
174 1.75992
175 1.77598
176 1.77766
177 1.78056
178 1.794
179 1.79725
180 1.79854
181 1.8027
182 1.81004
183 1.82917
184 1.83497
185 1.84608
186 1.86281
187 1.86612
188 1.88586
189 1.8895
190 1.89073
191 1.90646
192 1.90969
193 1.92452
194 1.9389
195 1.97529
196 1.98427
197 1.99008
198 1.99337
199 2.01655
200 2.03402
201 2.04409
202 2.04774
203 2.05348
204 2.06001
205 2.07538
206 2.08891
207 2.11454
208 2.1321
209 2.14024
210 2.15439
211 2.17195
212 2.17684
213 2.18776
214 2.19709
215 2.20965
216 2.22736
217 2.23238
218 2.23838
219 2.25101
220 2.26665
221 2.27307
222 2.29173
223 2.2979
224 2.30845
225 2.32868
226 2.36101
227 2.36743
228 2.37079
229 2.37884
230 2.38277
231 2.38697
232 2.39082
233 2.39373
234 2.39518
235 2.40648
236 2.41182
237 2.41916
238 2.45282
239 2.45845
240 2.47542
241 2.48895
242 2.49433
243 2.50895
244 2.51617
245 2.53134
246 2.54808
247 2.55442
248 2.558
249 2.56193
250 2.57161
251 2.57716
252 2.58378
253 2.59059
254 2.59229
255 2.60991
256 2.61314
257 2.61772
258 2.63744
259 2.64033
260 2.64475
261 2.65493
262 2.65735
263 2.65938
264 2.6622
265 2.67926
266 2.68587
267 2.69372
268 2.70212
269 2.70376
270 2.70855
271 2.73272
272 2.73412
273 2.73922
274 2.74641
275 2.76654
276 2.77739
277 2.78468
278 2.79111
279 2.79723
280 2.80393
281 2.8146
282 2.82874
283 2.86425
284 2.87854
285 2.89487
286 2.91142
287 2.91619
288 2.92074
289 2.94378
290 2.96041
291 2.97154
292 2.97535
