1 0.00209
2 0.01112
3 0.01532
4 0.017
5 0.01809
6 0.02098
7 0.03
8 0.04373
9 0.05194
10 0.05596
11 0.07178
12 0.07819
13 0.08677
14 0.10344
15 0.10669
16 0.10827
17 0.11059
18 0.11409
19 0.1189
20 0.12991
21 0.13851
22 0.14344
23 0.15538
24 0.15967
25 0.16113
26 0.16742
27 0.17252
28 0.17717
29 0.18016
30 0.18228
31 0.19812
32 0.20386
33 0.21823
34 0.22192
35 0.22421
36 0.23952
37 0.24491
38 0.24764
39 0.26504
40 0.26608
41 0.27046
42 0.27857
43 0.28031
44 0.28319
45 0.28535
46 0.29854
47 0.30311
48 0.30814
49 0.30988
50 0.31533
51 0.31748
52 0.33032
53 0.33625
54 0.35636
55 0.36007
56 0.36826
57 0.38168
58 0.38334
59 0.38788
60 0.39281
61 0.39861
62 0.40141
63 0.40717
64 0.42557
65 0.43344
66 0.43569
67 0.4399
68 0.4467
69 0.45349
70 0.46056
71 0.47071
72 0.47668
73 0.48246
74 0.4885
75 0.49279
76 0.49547
77 0.50005
78 0.51086
79 0.52239
80 0.52477
81 0.53063
82 0.53638
83 0.5437
84 0.54925
85 0.55975
86 0.56585
87 0.56948
88 0.57319
89 0.59051
90 0.60278
91 0.60819
92 0.61356
93 0.61882
94 0.62673
95 0.63138
96 0.63438
97 0.6511
98 0.65267
99 0.67941
100 0.6838
101 0.69743
102 0.70249
103 0.7075
104 0.71121
105 0.71956
106 0.73215
107 0.73937
108 0.74153
109 0.74543
110 0.74826
111 0.75106
112 0.75544
113 0.77975
114 0.78753
115 0.79706
116 0.80125
117 0.8053
118 0.81016
119 0.82095
120 0.8327
121 0.83902
122 0.84443
123 0.85007
124 0.86777
125 0.87037
126 0.88319
127 0.89911
128 0.90941
129 0.91142
130 0.91309
131 0.92783
132 0.93442
133 0.9513
134 0.95683
135 0.96494
136 0.98041
137 0.98762
138 0.98999
139 0.99182
140 1.00103
141 1.01085
142 1.01591
143 1.03349
144 1.04417
145 1.051
146 1.05314
147 1.05706
148 1.06058
149 1.07023
150 1.07809
151 1.08027
152 1.08614
153 1.09414
154 1.10824
155 1.11816
156 1.12491
157 1.13134
158 1.13354
159 1.14986
160 1.16171
161 1.16555
162 1.17783
163 1.18651
164 1.19334
165 1.19905
166 1.20027
167 1.20991
168 1.21906
169 1.22623
170 1.23858
171 1.24054
172 1.25217
173 1.25401
174 1.26541
175 1.27001
176 1.27748
177 1.2829
178 1.29726
179 1.29984
180 1.31403
181 1.3171
182 1.32087
183 1.32329
184 1.32605
185 1.3394
186 1.34092
187 1.35608
188 1.36242
189 1.36745
190 1.38421
191 1.38879
192 1.39396
193 1.41249
194 1.43055
195 1.43602
196 1.44399
197 1.4521
198 1.46611
199 1.481
200 1.48611
201 1.48992
202 1.49119
203 1.49319
204 1.49829
205 1.51213
206 1.51626
207 1.52735
208 1.53857
209 1.54861
210 1.55062
211 1.55796
212 1.56627
213 1.57483
214 1.57778
215 1.58783
216 1.5922
217 1.60599
218 1.6126
219 1.61908
220 1.63377
221 1.63687
222 1.64779
223 1.65717
224 1.65943
225 1.66185
226 1.66985
227 1.67203
228 1.67611
229 1.68859
230 1.69081
231 1.69866
232 1.70598
233 1.71738
234 1.73504
235 1.74133
236 1.74662
237 1.75116
238 1.75869
239 1.78354
240 1.78587
241 1.79481
242 1.80352
243 1.80686
244 1.8118
245 1.81341
246 1.81894
247 1.8224
248 1.82773
249 1.83819
250 1.85678
251 1.86117
252 1.87541
253 1.88654
254 1.90266
255 1.90815
256 1.91392
257 1.92516
258 1.92735
259 1.92978
260 1.93883
261 1.94681
262 1.95867
263 1.96151
264 1.96627
265 1.98547
266 1.98811
267 1.99964
268 2.0088
269 2.02436
270 2.02878
271 2.03478
272 2.04086
273 2.04566
274 2.04871
275 2.05473
276 2.06018
277 2.06569
278 2.0745
279 2.08365
280 2.08556
281 2.10959
282 2.1281
283 2.12982
284 2.14241
285 2.14905
286 2.15218
287 2.17475
288 2.18161
289 2.1824
290 2.18892
291 2.19856
292 2.20773
293 2.22305
294 2.22529
295 2.24104
296 2.24462
297 2.24808
298 2.27029
299 2.29234
300 2.30042
301 2.30298
302 2.30929
303 2.31934
304 2.32865
305 2.33461
306 2.34133
307 2.35356
308 2.36377
309 2.36551
310 2.3785
311 2.38518
312 2.39226
313 2.39576
314 2.40159
315 2.40265
316 2.41697
317 2.42861
318 2.43813
319 2.44891
320 2.45189
321 2.45536
322 2.45829
323 2.46092
324 2.46826
325 2.47237
326 2.48868
327 2.49277
328 2.49478
329 2.50181
330 2.51408
331 2.52379
332 2.53544
333 2.5424
334 2.5529
335 2.5592
336 2.57152
337 2.59234
338 2.6061
339 2.61998
340 2.63118
341 2.63322
342 2.63509
343 2.64855
344 2.6586
345 2.66439
346 2.67868
347 2.68107
348 2.68397
349 2.68588
350 2.69893
351 2.71634
352 2.72177
353 2.72424
354 2.73134
355 2.73831
356 2.7413
357 2.7452
358 2.74942
359 2.75858
360 2.7646
361 2.77739
362 2.7812
363 2.78756
364 2.79199
365 2.79936
366 2.80506
367 2.80706
368 2.81088
369 2.81542
370 2.82188
371 2.83194
372 2.86893
373 2.875
374 2.87849
375 2.88646
376 2.90138
377 2.90513
378 2.9151
379 2.92002
380 2.93098
381 2.93444
382 2.93857
383 2.95749
384 2.96318
385 2.96869
386 2.97493
387 2.9806
388 2.99188
389 2.99408
