1 0.00343
2 0.01036
3 0.01595
4 0.01959
5 0.02894
6 0.03979
7 0.0443
8 0.04692
9 0.0523
10 0.05946
11 0.06313
12 0.06562
13 0.07452
14 0.08079
15 0.0863
16 0.08992
17 0.09245
18 0.09624
19 0.09954
20 0.10287
21 0.11621
22 0.11921
23 0.12197
24 0.12623
25 0.13523
26 0.14285
27 0.14708
28 0.15036
29 0.16187
30 0.16751
31 0.16981
32 0.183
33 0.18526
34 0.19006
35 0.19484
36 0.20373
37 0.20786
38 0.21515
39 0.22681
40 0.231
41 0.23445
42 0.25112
43 0.2555
44 0.25965
45 0.2917
46 0.30583
47 0.30809
48 0.31365
49 0.31794
50 0.32291
51 0.33128
52 0.33424
53 0.34924
54 0.35075
55 0.36477
56 0.36778
57 0.37652
58 0.38299
59 0.39118
60 0.39334
61 0.40155
62 0.40953
63 0.41386
64 0.41896
65 0.42167
66 0.42845
67 0.42982
68 0.44002
69 0.44353
70 0.45804
71 0.47656
72 0.49345
73 0.49874
74 0.50285
75 0.51074
76 0.51243
77 0.5171
78 0.52721
79 0.53305
80 0.5358
81 0.54019
82 0.54349
83 0.54526
84 0.54974
85 0.56485
86 0.57244
87 0.58613
88 0.58756
89 0.59336
90 0.59969
91 0.60497
92 0.6116
93 0.62116
94 0.62997
95 0.6372
96 0.63909
97 0.64382
98 0.64515
99 0.64721
100 0.65873
101 0.66374
102 0.67131
103 0.679
104 0.6859
105 0.70523
106 0.70825
107 0.71482
108 0.71998
109 0.72288
110 0.74408
111 0.75001
112 0.75473
113 0.76336
114 0.76738
115 0.77323
116 0.79048
117 0.79557
118 0.80078
119 0.80306
120 0.80616
121 0.81201
122 0.81692
123 0.81993
124 0.82241
125 0.841
126 0.84335
127 0.85237
128 0.85872
129 0.86046
130 0.86213
131 0.87514
132 0.87794
133 0.88041
134 0.89196
135 0.91028
136 0.9241
137 0.92782
138 0.93543
139 0.9428
140 0.95654
141 0.96085
142 0.96861
143 0.97922
144 0.98738
145 0.99025
146 0.99945
147 1.00384
148 1.00629
149 1.00962
150 1.02036
151 1.03985
152 1.04712
153 1.04992
154 1.05881
155 1.06323
156 1.06968
157 1.07171
158 1.0752
159 1.08015
160 1.08856
161 1.09779
162 1.10466
163 1.10858
164 1.11182
165 1.11809
166 1.12169
167 1.12521
168 1.12701
169 1.13053
170 1.13574
171 1.13778
172 1.13964
173 1.14672
174 1.17216
175 1.1763
176 1.17931
177 1.18583
178 1.19209
179 1.19341
180 1.2073
181 1.21238
182 1.21447
183 1.22324
184 1.22678
185 1.23157
186 1.23479
187 1.24913
188 1.25337
189 1.26368
190 1.26784
191 1.29194
192 1.29925
193 1.30018
194 1.30914
195 1.31119
196 1.31391
197 1.31984
198 1.33107
199 1.34154
200 1.36046
201 1.36522
202 1.37062
203 1.37922
204 1.38593
205 1.39519
206 1.39894
207 1.40496
208 1.40762
209 1.4194
210 1.44153
211 1.44649
212 1.4561
213 1.46605
214 1.47957
215 1.48239
216 1.48362
217 1.4867
218 1.50114
219 1.50241
220 1.50915
221 1.5114
222 1.52553
223 1.53206
224 1.54613
225 1.55899
226 1.56958
227 1.57351
228 1.57734
229 1.58364
230 1.60093
231 1.60513
232 1.61779
233 1.62202
234 1.64036
235 1.64629
236 1.65578
237 1.66233
238 1.67129
239 1.68859
240 1.69218
241 1.70759
242 1.718
243 1.7248
244 1.72959
245 1.73497
246 1.74003
247 1.76121
248 1.76568
249 1.77717
250 1.78118
251 1.79099
252 1.80807
253 1.8196
254 1.83348
255 1.8354
256 1.84649
257 1.85222
258 1.85746
259 1.8605
260 1.86662
261 1.87493
262 1.88056
263 1.88436
264 1.90005
265 1.90762
266 1.91253
267 1.91516
268 1.92239
269 1.92589
270 1.93213
271 1.93764
272 1.93924
273 1.95271
274 1.95558
275 1.96001
276 1.96186
277 1.97433
278 1.99906
279 2.00465
280 2.01639
281 2.05079
282 2.055
283 2.06575
284 2.07536
285 2.08014
286 2.08789
287 2.10315
288 2.10538
289 2.11674
290 2.1187
291 2.12358
292 2.12581
293 2.13465
294 2.14964
295 2.16499
296 2.1688
297 2.1744
298 2.1909
299 2.19491
300 2.20354
301 2.20782
302 2.21478
303 2.22568
304 2.22914
305 2.23573
306 2.24969
307 2.25345
308 2.25698
309 2.26124
310 2.26629
311 2.28057
312 2.28644
313 2.29357
314 2.29663
315 2.30411
316 2.31386
317 2.3159
318 2.32072
319 2.32326
320 2.3314
321 2.33292
322 2.33881
323 2.34225
324 2.34956
325 2.35923
326 2.37009
327 2.37953
328 2.38219
329 2.3973
330 2.40286
331 2.40662
332 2.40979
333 2.41751
334 2.4305
335 2.43317
336 2.44236
337 2.46218
338 2.47672
339 2.48286
340 2.48571
341 2.48756
342 2.4908
343 2.49878
344 2.51625
345 2.52748
346 2.53764
347 2.54811
348 2.55412
349 2.55657
350 2.55925
351 2.56531
352 2.57798
353 2.58891
354 2.59612
355 2.60053
356 2.60652
357 2.60978
358 2.6184
359 2.62288
360 2.63553
361 2.6423
362 2.64918
363 2.65332
364 2.65835
365 2.66792
366 2.67366
367 2.69172
368 2.69446
369 2.71138
370 2.71483
371 2.71838
372 2.72507
373 2.74306
374 2.7513
375 2.75561
376 2.75674
377 2.76383
378 2.79986
379 2.81077
380 2.81682
381 2.82405
382 2.84581
383 2.85251
384 2.86065
385 2.86285
386 2.88196
387 2.88333
388 2.89231
389 2.89474
390 2.90092
391 2.90358
392 2.90846
393 2.91479
394 2.92307
395 2.92662
396 2.93363
397 2.9612
398 2.97453
399 2.98104
400 2.99954
