1 0.01188
2 0.01934
3 0.0272
4 0.03068
5 0.03265
6 0.0361
7 0.05523
8 0.06675
9 0.0681
10 0.08664
11 0.09404
12 0.10571
13 0.11434
14 0.11601
15 0.13378
16 0.13527
17 0.14852
18 0.15195
19 0.1534
20 0.16259
21 0.16411
22 0.17755
23 0.18069
24 0.21558
25 0.21893
26 0.23824
27 0.24425
28 0.24753
29 0.25409
30 0.26567
31 0.26948
32 0.27167
33 0.27775
34 0.28094
35 0.28632
36 0.29329
37 0.29582
38 0.30132
39 0.30842
40 0.31141
41 0.33678
42 0.34677
43 0.40043
44 0.4035
45 0.41327
46 0.42064
47 0.43801
48 0.4438
49 0.44764
50 0.44978
51 0.46248
52 0.46517
53 0.49108
54 0.49621
55 0.53585
56 0.56389
57 0.5737
58 0.60162
59 0.60928
60 0.61327
61 0.6189
62 0.62765
63 0.6409
64 0.66015
65 0.67315
66 0.67573
67 0.67995
68 0.6868
69 0.69283
70 0.7155
71 0.7201
72 0.72175
73 0.74544
74 0.74847
75 0.75387
76 0.75708
77 0.77587
78 0.78715
79 0.79631
80 0.80236
81 0.81057
82 0.81794
83 0.82151
84 0.82376
85 0.83385
86 0.85125
87 0.85825
88 0.86156
89 0.86504
90 0.86961
91 0.8851
92 0.8931
93 0.90418
94 0.91479
95 0.93932
96 0.9446
97 0.94996
98 0.95195
99 0.95384
100 0.97391
101 0.98283
102 0.99265
103 0.99751
104 1.00067
105 1.00815
106 1.01614
107 1.02486
108 1.03724
109 1.04404
110 1.05169
111 1.05738
112 1.07237
113 1.08061
114 1.08429
115 1.09213
116 1.11379
117 1.1376
118 1.1433
119 1.15589
120 1.16321
121 1.17829
122 1.21683
123 1.22489
124 1.23243
125 1.24055
126 1.24322
127 1.25167
128 1.25509
129 1.26384
130 1.27666
131 1.28632
132 1.29177
133 1.32987
134 1.33166
135 1.33363
136 1.3492
137 1.3602
138 1.36601
139 1.3818
140 1.40572
141 1.40928
142 1.41175
143 1.41543
144 1.43009
145 1.45998
146 1.47916
147 1.49023
148 1.49267
149 1.50094
150 1.50778
151 1.524
152 1.52544
153 1.53148
154 1.53901
155 1.54338
156 1.55541
157 1.56635
158 1.57304
159 1.59124
160 1.60752
161 1.61389
162 1.6193
163 1.62711
164 1.6298
165 1.63654
166 1.64432
167 1.64678
168 1.66999
169 1.68596
170 1.69384
171 1.69697
172 1.71756
173 1.74138
174 1.75968
175 1.76539
176 1.77269
177 1.779
178 1.78939
179 1.82118
180 1.83635
181 1.849
182 1.85184
183 1.85934
184 1.86666
185 1.89338
186 1.90261
187 1.91701
188 1.92479
189 1.94807
190 1.97323
191 1.97966
192 2.01422
193 2.02104
194 2.02472
195 2.02834
196 2.03323
197 2.03996
198 2.05693
199 2.06104
200 2.06363
201 2.07437
202 2.0835
203 2.09126
204 2.09707
205 2.10568
206 2.11384
207 2.13186
208 2.13716
209 2.15344
210 2.15639
211 2.16359
212 2.172
213 2.17537
214 2.17825
215 2.18334
216 2.19303
217 2.19671
218 2.19864
219 2.20883
220 2.21029
221 2.22462
222 2.23742
223 2.242
224 2.25667
225 2.26184
226 2.26838
227 2.2769
228 2.2808
229 2.28427
230 2.29909
231 2.31581
232 2.32534
233 2.3656
234 2.37882
235 2.38558
236 2.38731
237 2.39272
238 2.41205
239 2.41545
240 2.42175
241 2.43718
242 2.43886
243 2.45686
244 2.45975
245 2.46656
246 2.49573
247 2.50696
248 2.52582
249 2.54201
250 2.54769
251 2.56944
252 2.57108
253 2.57346
254 2.58469
255 2.59155
256 2.60987
257 2.61343
258 2.63823
259 2.65933
260 2.6613
261 2.68216
262 2.68787
263 2.69361
264 2.69775
265 2.71839
266 2.72122
267 2.72323
268 2.72465
269 2.73186
270 2.74231
271 2.74572
272 2.75978
273 2.77472
274 2.7865
275 2.79969
276 2.82161
277 2.82735
278 2.85833
279 2.87809
280 2.87996
281 2.88158
282 2.90841
283 2.91564
284 2.9295
285 2.94001
286 2.94716
287 2.96523
288 2.97017
289 2.97174
290 2.98812
291 2.99486
292 2.99638
293 2.9979
