1 0.00431
2 0.00632
3 0.00741
4 0.01044
5 0.01693
6 0.01913
7 0.02073
8 0.0228
9 0.02498
10 0.03339
11 0.03719
12 0.04195
13 0.05517
14 0.06478
15 0.08244
16 0.08746
17 0.08991
18 0.09328
19 0.11437
20 0.12028
21 0.13127
22 0.13647
23 0.14346
24 0.15335
25 0.15715
26 0.16552
27 0.17181
28 0.18135
29 0.18461
30 0.20079
31 0.2093
32 0.21808
33 0.223
34 0.22777
35 0.23589
36 0.25702
37 0.25983
38 0.26229
39 0.2834
40 0.28441
41 0.29507
42 0.3145
43 0.32649
44 0.33521
45 0.3389
46 0.3466
47 0.35109
48 0.35567
49 0.35717
50 0.3692
51 0.37856
52 0.38531
53 0.41007
54 0.42757
55 0.43145
56 0.44405
57 0.4595
58 0.46544
59 0.46769
60 0.47172
61 0.47834
62 0.47968
63 0.48054
64 0.48362
65 0.48671
66 0.48839
67 0.51093
68 0.51311
69 0.52965
70 0.53954
71 0.54956
72 0.56567
73 0.56743
74 0.57036
75 0.59916
76 0.60792
77 0.61541
78 0.62547
79 0.63492
80 0.6473
81 0.65295
82 0.68609
83 0.68837
84 0.70289
85 0.70751
86 0.7172
87 0.72443
88 0.73073
89 0.73907
90 0.75701
91 0.76828
92 0.77668
93 0.78164
94 0.78583
95 0.79016
96 0.79649
97 0.80005
98 0.82167
99 0.83422
100 0.86158
101 0.86711
102 0.87321
103 0.8881
104 0.90463
105 0.95039
106 0.96113
107 0.97236
108 0.9814
109 0.99024
110 0.99254
111 1.00135
112 1.01705
113 1.02243
114 1.02878
115 1.03904
116 1.04476
117 1.05024
118 1.05782
119 1.08102
120 1.0848
121 1.08691
122 1.09702
123 1.10943
124 1.11294
125 1.13142
126 1.13445
127 1.15463
128 1.16107
129 1.16848
130 1.19072
131 1.19346
132 1.19559
133 1.20298
134 1.20526
135 1.22102
136 1.25759
137 1.26593
138 1.28257
139 1.28627
140 1.28822
141 1.29717
142 1.30754
143 1.33077
144 1.35301
145 1.36063
146 1.37303
147 1.377
148 1.39204
149 1.39918
150 1.40237
151 1.40539
152 1.41815
153 1.44429
154 1.45521
155 1.46961
156 1.47581
157 1.48206
158 1.48428
159 1.48715
160 1.49586
161 1.5057
162 1.5146
163 1.52167
164 1.53008
165 1.53644
166 1.5393
167 1.54775
168 1.55124
169 1.55657
170 1.55836
171 1.57352
172 1.57628
173 1.59647
174 1.61072
175 1.61762
176 1.64808
177 1.66044
178 1.66586
179 1.66965
180 1.67926
181 1.68533
182 1.69508
183 1.70907
184 1.74459
185 1.77886
186 1.78671
187 1.79483
188 1.79667
189 1.82344
190 1.82639
191 1.83342
192 1.83936
193 1.87345
194 1.88251
195 1.9032
196 1.90522
197 1.91585
198 1.93101
199 1.94303
200 1.94574
201 1.95083
202 1.97733
203 1.98063
204 1.98333
205 1.99269
206 1.99528
207 2.01398
208 2.01753
209 2.03472
210 2.04978
211 2.05425
212 2.07214
213 2.07536
214 2.07953
215 2.08485
216 2.08957
217 2.113
218 2.13199
219 2.13945
220 2.14742
221 2.15521
222 2.15852
223 2.16547
224 2.18247
225 2.19214
226 2.20257
227 2.21005
228 2.22403
229 2.2275
230 2.23748
231 2.24569
232 2.24885
233 2.26308
234 2.27558
235 2.27924
236 2.28172
237 2.29359
238 2.31592
239 2.31865
240 2.32463
241 2.33045
242 2.33302
243 2.34892
244 2.35738
245 2.368
246 2.37676
247 2.3789
248 2.38607
249 2.39951
250 2.42685
251 2.43555
252 2.44845
253 2.45147
254 2.46935
255 2.47679
256 2.50127
257 2.50286
258 2.51416
259 2.51611
260 2.52068
261 2.52354
262 2.52844
263 2.52995
264 2.56202
265 2.57246
266 2.57439
267 2.59013
268 2.62992
269 2.63549
270 2.63822
271 2.6466
272 2.64949
273 2.65472
274 2.66085
275 2.66847
276 2.67448
277 2.68391
278 2.70321
279 2.70683
280 2.70925
281 2.7235
282 2.739
283 2.74676
284 2.75219
285 2.76051
286 2.77192
287 2.77435
288 2.77812
289 2.78229
290 2.80459
291 2.81377
292 2.82133
293 2.8224
294 2.82593
295 2.83929
296 2.85149
297 2.85267
298 2.85708
299 2.8583
300 2.86095
301 2.8625
302 2.86625
303 2.86883
304 2.87191
305 2.88181
306 2.88528
307 2.89123
308 2.89656
309 2.90194
310 2.90379
311 2.91079
312 2.91703
313 2.92732
314 2.94265
315 2.95711
316 2.96736
317 2.96979
318 2.97717
319 2.9924
