1 0.01222
2 0.01659
3 0.0263
4 0.0485
5 0.05376
6 0.05531
7 0.05883
8 0.07235
9 0.07564
10 0.07975
11 0.08575
12 0.09522
13 0.09655
14 0.11169
15 0.11554
16 0.12838
17 0.15327
18 0.17176
19 0.1789
20 0.20304
21 0.20672
22 0.21743
23 0.22772
24 0.24536
25 0.25684
26 0.28172
27 0.28481
28 0.29113
29 0.30416
30 0.31448
31 0.3211
32 0.32425
33 0.32619
34 0.32799
35 0.34277
36 0.35769
37 0.3624
38 0.36354
39 0.36964
40 0.37831
41 0.3804
42 0.38644
43 0.38792
44 0.39869
45 0.40431
46 0.41574
47 0.4236
48 0.43347
49 0.43797
50 0.44469
51 0.466
52 0.47003
53 0.47653
54 0.48235
55 0.4993
56 0.51206
57 0.53364
58 0.55285
59 0.55629
60 0.56525
61 0.57143
62 0.5893
63 0.59875
64 0.60904
65 0.61454
66 0.62289
67 0.62746
68 0.62882
69 0.6357
70 0.64443
71 0.66212
72 0.66667
73 0.66912
74 0.69316
75 0.69648
76 0.69826
77 0.70387
78 0.70537
79 0.71932
80 0.72243
81 0.7294
82 0.76156
83 0.77532
84 0.79732
85 0.80486
86 0.81027
87 0.83087
88 0.85136
89 0.87617
90 0.89656
91 0.90644
92 0.92213
93 0.93148
94 0.933
95 0.93953
96 0.95774
97 0.96109
98 0.97865
99 0.99748
100 1.00613
101 1.04007
102 1.06141
103 1.07001
104 1.07892
105 1.08087
106 1.08287
107 1.09125
108 1.09533
109 1.0967
110 1.10306
111 1.11894
112 1.1282
113 1.13375
114 1.15096
115 1.16166
116 1.16967
117 1.18188
118 1.19253
119 1.2011
120 1.21009
121 1.21361
122 1.22925
123 1.23251
124 1.24981
125 1.25749
126 1.26809
127 1.27637
128 1.28955
129 1.30345
130 1.31208
131 1.31558
132 1.33705
133 1.34141
134 1.3456
135 1.35148
136 1.35651
137 1.36649
138 1.38241
139 1.38783
140 1.39569
141 1.40029
142 1.4087
143 1.41184
144 1.42907
145 1.43341
146 1.45365
147 1.46369
148 1.47125
149 1.5037
150 1.52152
151 1.54171
152 1.55144
153 1.56594
154 1.57885
155 1.58864
156 1.59646
157 1.59785
158 1.61405
159 1.64598
160 1.64964
161 1.66583
162 1.67032
163 1.67663
164 1.70466
165 1.70912
166 1.71952
167 1.72216
168 1.72381
169 1.72948
170 1.77478
171 1.79693
172 1.80115
173 1.8029
174 1.8044
175 1.83471
176 1.83651
177 1.84901
178 1.85038
179 1.86485
180 1.8901
181 1.89622
182 1.89787
183 1.90556
184 1.91343
185 1.91686
186 1.92018
187 1.93446
188 1.93845
189 1.95372
190 1.96376
191 1.98116
192 1.98911
193 1.99138
194 2.01429
195 2.02925
196 2.04861
197 2.05025
198 2.0598
199 2.07961
200 2.08139
201 2.08443
202 2.09005
203 2.10203
204 2.12042
205 2.12645
206 2.13516
207 2.15699
208 2.17359
209 2.20723
210 2.21798
211 2.2248
212 2.25761
213 2.27083
214 2.30864
215 2.31108
216 2.32083
217 2.33896
218 2.34742
219 2.34968
220 2.35865
221 2.36848
222 2.37114
223 2.39436
224 2.41308
225 2.41486
226 2.42524
227 2.45582
228 2.45975
229 2.46338
230 2.47026
231 2.47589
232 2.48491
233 2.50776
234 2.51099
235 2.51472
236 2.53869
237 2.5439
238 2.55365
239 2.56467
240 2.56789
241 2.57081
242 2.57423
243 2.57758
244 2.59283
245 2.59802
246 2.6222
247 2.63126
248 2.65368
249 2.67104
250 2.67768
251 2.68953
252 2.70198
253 2.71528
254 2.72398
255 2.76005
256 2.7671
257 2.78509
258 2.79799
259 2.80193
260 2.81152
261 2.81439
262 2.82321
263 2.8284
264 2.83729
265 2.84023
266 2.84188
267 2.85572
268 2.87435
269 2.88665
270 2.89051
271 2.89724
272 2.90574
273 2.91183
274 2.92765
275 2.95265
276 2.95782
277 2.96433
278 2.96656
279 2.97684
