1 0.00535
2 0.01061
3 0.01692
4 0.02081
5 0.02168
6 0.0338
7 0.05435
8 0.05905
9 0.07325
10 0.07616
11 0.08191
12 0.08495
13 0.0869
14 0.08926
15 0.09642
16 0.09827
17 0.10411
18 0.10659
19 0.11594
20 0.11816
21 0.12789
22 0.13221
23 0.13598
24 0.15034
25 0.15237
26 0.16119
27 0.16511
28 0.17362
29 0.17745
30 0.18011
31 0.18197
32 0.18843
33 0.19482
34 0.20134
35 0.2065
36 0.21539
37 0.21968
38 0.22233
39 0.23664
40 0.23861
41 0.25108
42 0.25613
43 0.25777
44 0.25982
45 0.26593
46 0.2678
47 0.27319
48 0.28321
49 0.30993
50 0.31829
51 0.32147
52 0.33119
53 0.33356
54 0.3391
55 0.34001
56 0.34265
57 0.36257
58 0.36807
59 0.37417
60 0.37953
61 0.41307
62 0.41821
63 0.42738
64 0.44551
65 0.44792
66 0.4524
67 0.45894
68 0.46117
69 0.47022
70 0.47389
71 0.47574
72 0.48209
73 0.48796
74 0.48989
75 0.5013
76 0.50246
77 0.5068
78 0.51253
79 0.52646
80 0.5299
81 0.55578
82 0.57053
83 0.58211
84 0.5849
85 0.58805
86 0.58977
87 0.59526
88 0.62639
89 0.63106
90 0.63541
91 0.65168
92 0.66387
93 0.67487
94 0.6831
95 0.6894
96 0.70113
97 0.70796
98 0.71591
99 0.71781
100 0.72043
101 0.73066
102 0.73805
103 0.74674
104 0.75083
105 0.75733
106 0.76626
107 0.76833
108 0.77324
109 0.77854
110 0.78362
111 0.78896
112 0.80383
113 0.8104
114 0.81657
115 0.81863
116 0.82188
117 0.83328
118 0.83499
119 0.87049
120 0.87335
121 0.87455
122 0.87859
123 0.9123
124 0.91573
125 0.92293
126 0.93228
127 0.95276
128 0.95967
129 0.96168
130 0.96431
131 0.97317
132 0.9807
133 0.99139
134 0.99319
135 0.99837
136 1.00024
137 1.01178
138 1.02067
139 1.02818
140 1.03416
141 1.03617
142 1.06456
143 1.06709
144 1.06967
145 1.08258
146 1.09173
147 1.09834
148 1.11136
149 1.11994
150 1.13131
151 1.15888
152 1.1667
153 1.16831
154 1.1729
155 1.17754
156 1.18277
157 1.19718
158 1.20647
159 1.21353
160 1.21851
161 1.22959
162 1.23608
163 1.24317
164 1.24722
165 1.25225
166 1.25954
167 1.265
168 1.27093
169 1.27304
170 1.28015
171 1.285
172 1.31888
173 1.32192
174 1.32587
175 1.32906
176 1.33842
177 1.34296
178 1.36439
179 1.37072
180 1.37349
181 1.37975
182 1.41065
183 1.41728
184 1.4278
185 1.44966
186 1.45218
187 1.46358
188 1.46517
189 1.46657
190 1.49784
191 1.50028
192 1.50594
193 1.51477
194 1.52099
195 1.52224
196 1.5306
197 1.53626
198 1.56505
199 1.56988
200 1.58027
201 1.58511
202 1.59023
203 1.59359
204 1.5964
205 1.60764
206 1.61474
207 1.62247
208 1.62531
209 1.62797
210 1.63205
211 1.63393
212 1.66777
213 1.67412
214 1.68651
215 1.68957
216 1.6954
217 1.70141
218 1.70585
219 1.71131
220 1.72344
221 1.73147
222 1.73326
223 1.74424
224 1.75076
225 1.75323
226 1.76027
227 1.76429
228 1.76589
229 1.76712
230 1.76959
231 1.77524
232 1.78434
233 1.81777
234 1.82474
235 1.82786
236 1.83445
237 1.83779
238 1.8445
239 1.84913
240 1.85769
241 1.87333
242 1.88772
243 1.91248
244 1.91868
245 1.92065
246 1.92701
247 1.92859
248 1.932
249 1.93705
250 1.94345
251 1.96495
252 1.97039
253 1.98404
254 1.98685
255 1.99067
256 2.00018
257 2.00334
258 2.00742
259 2.01622
260 2.02554
261 2.04119
262 2.07084
263 2.07467
264 2.07588
265 2.08382
266 2.08533
267 2.0891
268 2.09053
269 2.10363
270 2.11658
271 2.12281
272 2.126
273 2.15757
274 2.16256
275 2.16727
276 2.17402
277 2.18453
278 2.18674
279 2.19705
280 2.20358
281 2.20686
282 2.2183
283 2.22292
284 2.22591
285 2.22959
286 2.23778
287 2.25049
288 2.25139
289 2.25489
290 2.25832
291 2.26056
292 2.26636
293 2.27358
294 2.28105
295 2.30466
296 2.30813
297 2.31922
298 2.32462
299 2.32571
300 2.33862
301 2.34098
302 2.35453
303 2.36958
304 2.3733
305 2.38045
306 2.40828
307 2.41506
308 2.41672
309 2.42082
310 2.42364
311 2.43694
312 2.44853
313 2.47742
314 2.48969
315 2.49356
316 2.50442
317 2.50846
318 2.51663
319 2.52424
320 2.55369
321 2.55627
322 2.56849
323 2.57731
324 2.58396
325 2.58754
326 2.59873
327 2.61423
328 2.61962
329 2.65335
330 2.65821
331 2.66103
332 2.67048
333 2.67568
334 2.69145
335 2.69385
336 2.69566
337 2.70275
338 2.71241
339 2.71842
340 2.72916
341 2.73478
342 2.73883
343 2.74142
344 2.74566
345 2.7597
346 2.77011
347 2.77404
348 2.77521
349 2.78231
350 2.81882
351 2.82414
352 2.82778
353 2.83039
354 2.83402
355 2.83626
356 2.84427
357 2.86155
358 2.86629
359 2.87262
360 2.87644
361 2.87966
362 2.9009
363 2.91544
364 2.9172
365 2.93245
366 2.93879
367 2.94936
368 2.95344
369 2.9591
370 2.96187
371 2.96987
372 2.97312
373 2.98281
374 2.98824
375 2.99863
