1 0.0028
2 0.00543
3 0.00945
4 0.01155
5 0.01879
6 0.02129
7 0.02431
8 0.02846
9 0.03529
10 0.04001
11 0.04132
12 0.04666
13 0.05127
14 0.05454
15 0.05997
16 0.06671
17 0.0929
18 0.09752
19 0.10681
20 0.11606
21 0.12025
22 0.12192
23 0.12524
24 0.13622
25 0.13975
26 0.14222
27 0.15342
28 0.16891
29 0.17154
30 0.17358
31 0.17971
32 0.18374
33 0.18586
34 0.18835
35 0.20199
36 0.20344
37 0.21305
38 0.21654
39 0.22272
40 0.22927
41 0.23545
42 0.24364
43 0.24924
44 0.25395
45 0.25652
46 0.25853
47 0.26228
48 0.27423
49 0.28194
50 0.28472
51 0.29798
52 0.30162
53 0.30659
54 0.31999
55 0.34073
56 0.34633
57 0.34849
58 0.35019
59 0.35168
60 0.35558
61 0.36671
62 0.3749
63 0.37609
64 0.38214
65 0.39332
66 0.39885
67 0.42161
68 0.42394
69 0.42635
70 0.43085
71 0.45483
72 0.45712
73 0.46179
74 0.47314
75 0.48242
76 0.48736
77 0.48855
78 0.49481
79 0.49969
80 0.50451
81 0.50746
82 0.50903
83 0.5141
84 0.52243
85 0.52439
86 0.52578
87 0.52912
88 0.53095
89 0.53557
90 0.53747
91 0.55066
92 0.55352
93 0.55745
94 0.56365
95 0.56858
96 0.57718
97 0.59163
98 0.59535
99 0.59972
100 0.61561
101 0.61945
102 0.62304
103 0.62513
104 0.62839
105 0.64367
106 0.64765
107 0.65673
108 0.67207
109 0.68695
110 0.70696
111 0.7124
112 0.71615
113 0.73269
114 0.73507
115 0.73914
116 0.7572
117 0.77853
118 0.78387
119 0.78624
120 0.79745
121 0.7999
122 0.81423
123 0.81644
124 0.82346
125 0.83938
126 0.84165
127 0.84327
128 0.84521
129 0.85252
130 0.85796
131 0.88005
132 0.88274
133 0.88555
134 0.89168
135 0.89841
136 0.9213
137 0.92328
138 0.92714
139 0.93523
140 0.95087
141 0.95393
142 0.95525
143 0.96003
144 0.9639
145 0.96777
146 0.97734
147 0.98642
148 0.99144
149 1.00097
150 1.01082
151 1.01242
152 1.01739
153 1.02633
154 1.02868
155 1.03098
156 1.04154
157 1.04577
158 1.05438
159 1.05695
160 1.05976
161 1.06561
162 1.0759
163 1.09394
164 1.09649
165 1.10041
166 1.10203
167 1.10363
168 1.1158
169 1.1202
170 1.13416
171 1.13567
172 1.13847
173 1.15007
174 1.17318
175 1.17631
176 1.20443
177 1.2166
178 1.22134
179 1.22359
180 1.2281
181 1.2314
182 1.23554
183 1.24199
184 1.25148
185 1.25403
186 1.25863
187 1.26329
188 1.27756
189 1.28189
190 1.28625
191 1.29653
192 1.30414
193 1.30572
194 1.31088
195 1.32137
196 1.34563
197 1.34844
198 1.35419
199 1.35833
200 1.36979
201 1.37734
202 1.38627
203 1.38855
204 1.39109
205 1.394
206 1.40709
207 1.42184
208 1.42579
209 1.42791
210 1.43054
211 1.43195
212 1.43778
213 1.45106
214 1.45675
215 1.45949
216 1.46439
217 1.47074
218 1.48188
219 1.49211
220 1.49706
221 1.5004
222 1.50269
223 1.5066
224 1.51009
225 1.5239
226 1.53102
227 1.53343
228 1.54795
229 1.55653
230 1.55934
231 1.56289
232 1.57015
233 1.57685
234 1.58998
235 1.59113
236 1.59965
237 1.61689
238 1.6202
239 1.64335
240 1.66951
241 1.67168
242 1.67919
243 1.68767
244 1.70654
245 1.70882
246 1.71994
247 1.722
248 1.72509
249 1.73407
250 1.73571
251 1.74162
252 1.74417
253 1.7488
254 1.77155
255 1.776
256 1.78117
257 1.78785
258 1.79921
259 1.80118
260 1.80429
261 1.80842
262 1.81656
263 1.82535
264 1.843
265 1.84441
266 1.84681
267 1.85187
268 1.86563
269 1.87202
270 1.87699
271 1.8798
272 1.88866
273 1.89376
274 1.90401
275 1.92017
276 1.92867
277 1.93176
278 1.93578
279 1.95387
280 1.95773
281 1.96506
282 1.96847
283 1.97826
284 1.99571
285 1.99746
286 1.99984
287 2.0064
288 2.01027
289 2.02658
290 2.0303
291 2.03246
292 2.04336
293 2.05256
294 2.05487
295 2.06231
296 2.06938
297 2.07783
298 2.09099
299 2.09787
300 2.1007
301 2.10565
302 2.1182
303 2.12435
304 2.12811
305 2.12939
306 2.13354
307 2.15146
308 2.16986
309 2.17238
310 2.17552
311 2.1792
312 2.18408
313 2.18699
314 2.20275
315 2.20693
316 2.21497
317 2.2196
318 2.22173
319 2.22561
320 2.24355
321 2.25086
322 2.25349
323 2.25517
324 2.26366
325 2.2759
326 2.28591
327 2.29837
328 2.30167
329 2.30887
330 2.31322
331 2.31711
332 2.3257
333 2.3311
334 2.34184
335 2.35415
336 2.37965
337 2.39279
338 2.39971
339 2.40678
340 2.42243
341 2.43223
342 2.43916
343 2.45259
344 2.4652
345 2.47
346 2.47692
347 2.48296
348 2.48497
349 2.49934
350 2.50862
351 2.52556
352 2.54466
353 2.54958
354 2.55666
355 2.55995
356 2.58072
357 2.59125
358 2.59348
359 2.59747
360 2.60275
361 2.60534
362 2.61633
363 2.61796
364 2.62009
365 2.62746
366 2.63486
367 2.65
368 2.67336
369 2.67652
370 2.67956
371 2.68309
372 2.69037
373 2.69857
374 2.70121
375 2.70695
376 2.71599
377 2.72684
378 2.73569
379 2.74034
380 2.74498
381 2.7519
382 2.75359
383 2.76398
384 2.77318
385 2.77913
386 2.78054
387 2.78165
388 2.79913
389 2.80962
390 2.82579
391 2.82819
392 2.84601
393 2.84764
394 2.8485
395 2.85168
396 2.85581
397 2.86735
398 2.87406
399 2.87819
400 2.89189
401 2.92597
402 2.93792
403 2.94825
404 2.95411
405 2.95647
406 2.96118
407 2.96626
408 2.97158
409 2.98434
410 2.98769
411 2.99096
412 2.99376
