1 0.00891
2 0.01238
3 0.01818
4 0.03632
5 0.04383
6 0.04892
7 0.06357
8 0.08446
9 0.08636
10 0.09996
11 0.10416
12 0.11452
13 0.12362
14 0.13834
15 0.14024
16 0.15378
17 0.18089
18 0.20058
19 0.21633
20 0.23519
21 0.2529
22 0.25686
23 0.26021
24 0.28958
25 0.29784
26 0.29968
27 0.30673
28 0.31996
29 0.32666
30 0.33263
31 0.34696
32 0.35076
33 0.35291
34 0.37046
35 0.38039
36 0.38235
37 0.38875
38 0.39717
39 0.41991
40 0.43607
41 0.43739
42 0.45092
43 0.46406
44 0.47194
45 0.48777
46 0.49587
47 0.50211
48 0.51938
49 0.52501
50 0.53154
51 0.53881
52 0.54765
53 0.55743
54 0.56447
55 0.57931
56 0.58983
57 0.60629
58 0.63466
59 0.63771
60 0.67477
61 0.67634
62 0.68296
63 0.68821
64 0.70253
65 0.72009
66 0.72468
67 0.72964
68 0.74245
69 0.74427
70 0.75815
71 0.76262
72 0.78268
73 0.79418
74 0.80187
75 0.80423
76 0.81094
77 0.81299
78 0.81687
79 0.81994
80 0.8313
81 0.83336
82 0.8597
83 0.86949
84 0.87161
85 0.87309
86 0.87669
87 0.89004
88 0.89711
89 0.92826
90 0.96691
91 0.99645
92 0.99984
93 1.00523
94 1.01864
95 1.03669
96 1.04645
97 1.05198
98 1.05619
99 1.06866
100 1.07812
101 1.09066
102 1.09678
103 1.12762
104 1.13243
105 1.13421
106 1.13785
107 1.1418
108 1.14394
109 1.1475
110 1.16569
111 1.19286
112 1.19569
113 1.20001
114 1.21461
115 1.21762
116 1.22823
117 1.23587
118 1.23971
119 1.24675
120 1.25657
121 1.27239
122 1.27656
123 1.28925
124 1.30226
125 1.31286
126 1.32283
127 1.32649
128 1.33045
129 1.3464
130 1.35241
131 1.3728
132 1.37611
133 1.38013
134 1.391
135 1.39461
136 1.39633
137 1.4213
138 1.42542
139 1.4313
140 1.43632
141 1.45113
142 1.46667
143 1.48098
144 1.48678
145 1.49435
146 1.50621
147 1.51354
148 1.52501
149 1.52758
150 1.5445
151 1.54995
152 1.55531
153 1.56316
154 1.56689
155 1.60456
156 1.61455
157 1.61853
158 1.62664
159 1.63181
160 1.6338
161 1.6394
162 1.66458
163 1.67703
164 1.68829
165 1.70629
166 1.71879
167 1.73296
168 1.73452
169 1.74448
170 1.75257
171 1.79403
172 1.80365
173 1.81341
174 1.81688
175 1.82236
176 1.82407
177 1.82624
178 1.83113
179 1.84335
180 1.84555
181 1.85455
182 1.85874
183 1.87268
184 1.89236
185 1.89838
186 1.90442
187 1.92226
188 1.93061
189 1.94646
190 1.96636
191 1.97977
192 1.9946
193 1.99652
194 1.99836
195 2.00564
196 2.00745
197 2.03625
198 2.03904
199 2.06241
200 2.06989
201 2.07362
202 2.08347
203 2.1285
204 2.13384
205 2.13698
206 2.14277
207 2.15111
208 2.16322
209 2.16916
210 2.20592
211 2.21686
212 2.21856
213 2.2236
214 2.23108
215 2.23951
216 2.25016
217 2.25398
218 2.25801
219 2.26147
220 2.30061
221 2.30451
222 2.31172
223 2.32524
224 2.33439
225 2.33806
226 2.34438
227 2.35039
228 2.35791
229 2.37019
230 2.37174
231 2.38149
232 2.40102
233 2.42701
234 2.44357
235 2.47492
236 2.48257
237 2.4905
238 2.49744
239 2.51651
240 2.54246
241 2.54422
242 2.56042
243 2.56399
244 2.56818
245 2.59183
246 2.59382
247 2.60083
248 2.60745
249 2.62456
250 2.63387
251 2.66241
252 2.68635
253 2.7008
254 2.70928
255 2.71458
256 2.7197
257 2.72711
258 2.73927
259 2.7408
260 2.75238
261 2.77676
262 2.78593
263 2.79279
264 2.8209
265 2.83575
266 2.85669
267 2.86058
268 2.86216
269 2.88745
270 2.89103
271 2.91994
272 2.92493
273 2.93629
274 2.95863
275 2.97256
276 2.9827
277 2.9865
278 2.98987
