1 0.00318
2 0.01013
3 0.0144
4 0.01601
5 0.03237
6 0.04896
7 0.05782
8 0.06046
9 0.0729
10 0.0862
11 0.08865
12 0.11445
13 0.12474
14 0.12844
15 0.13721
16 0.15406
17 0.15633
18 0.16002
19 0.16422
20 0.17444
21 0.18686
22 0.19778
23 0.20042
24 0.20528
25 0.20974
26 0.21113
27 0.21425
28 0.22455
29 0.22893
30 0.23654
31 0.23748
32 0.24293
33 0.2518
34 0.26852
35 0.2853
36 0.293
37 0.30027
38 0.30502
39 0.30921
40 0.31144
41 0.31433
42 0.32385
43 0.33109
44 0.35664
45 0.36264
46 0.37938
47 0.40369
48 0.4115
49 0.42111
50 0.44149
51 0.44249
52 0.44592
53 0.44956
54 0.46811
55 0.47532
56 0.47909
57 0.4903
58 0.50172
59 0.51813
60 0.56149
61 0.5629
62 0.56788
63 0.57033
64 0.57661
65 0.58738
66 0.59539
67 0.61888
68 0.63126
69 0.63342
70 0.6515
71 0.65622
72 0.67233
73 0.68652
74 0.68968
75 0.69356
76 0.6955
77 0.70265
78 0.71096
79 0.71726
80 0.72593
81 0.73737
82 0.75148
83 0.76088
84 0.79492
85 0.81465
86 0.81678
87 0.82681
88 0.82864
89 0.83135
90 0.8433
91 0.90313
92 0.90847
93 0.92233
94 0.93227
95 0.94447
96 0.95049
97 0.96444
98 0.96689
99 0.9857
100 0.99426
101 0.99762
102 1.01097
103 1.0289
104 1.03313
105 1.06195
106 1.07079
107 1.07762
108 1.08164
109 1.11793
110 1.12455
111 1.1315
112 1.15474
113 1.15836
114 1.17236
115 1.18096
116 1.18619
117 1.19431
118 1.20563
119 1.21088
120 1.2144
121 1.22481
122 1.23544
123 1.2405
124 1.24391
125 1.25574
126 1.26254
127 1.28992
128 1.30716
129 1.33796
130 1.3483
131 1.3685
132 1.37652
133 1.37897
134 1.40232
135 1.41254
136 1.41638
137 1.42239
138 1.42448
139 1.43712
140 1.43968
141 1.45043
142 1.45629
143 1.46138
144 1.47301
145 1.48777
146 1.49342
147 1.49728
148 1.51325
149 1.51885
150 1.53199
151 1.55544
152 1.56338
153 1.57166
154 1.57429
155 1.58184
156 1.5984
157 1.61314
158 1.62016
159 1.62227
160 1.62719
161 1.64588
162 1.65263
163 1.6589
164 1.66629
165 1.67392
166 1.68773
167 1.70149
168 1.71053
169 1.71352
170 1.73828
171 1.7584
172 1.76895
173 1.7774
174 1.77974
175 1.81213
176 1.82392
177 1.82708
178 1.86783
179 1.89725
180 1.89918
181 1.90325
182 1.90465
183 1.90727
184 1.90982
185 1.91409
186 1.92275
187 1.93924
188 1.94965
189 1.96195
190 1.97284
191 1.97484
192 1.98346
193 1.98573
194 2.00575
195 2.01058
196 2.01285
197 2.03405
198 2.05658
199 2.07953
200 2.09258
201 2.11259
202 2.1177
203 2.1209
204 2.12493
205 2.14989
206 2.1605
207 2.16528
208 2.17533
209 2.1841
210 2.18676
211 2.18895
212 2.19803
213 2.20775
214 2.21032
215 2.21289
216 2.21713
217 2.22866
218 2.23864
219 2.23957
220 2.24133
221 2.27444
222 2.2795
223 2.28741
224 2.29014
225 2.29617
226 2.29913
227 2.32013
228 2.35018
229 2.3665
230 2.37765
231 2.40424
232 2.40879
233 2.4136
234 2.42094
235 2.42427
236 2.43282
237 2.4364
238 2.4498
239 2.47139
240 2.4827
241 2.50371
242 2.55132
243 2.57532
244 2.57778
245 2.58051
246 2.58251
247 2.58702
248 2.60057
249 2.61
250 2.62491
251 2.62995
252 2.6441
253 2.65269
254 2.66227
255 2.66732
256 2.68513
257 2.70397
258 2.74524
259 2.75025
260 2.76283
261 2.78171
262 2.81114
263 2.82237
264 2.82588
265 2.82968
266 2.83384
267 2.86507
268 2.8721
269 2.8747
270 2.87929
271 2.90952
272 2.91535
273 2.9213
274 2.92817
275 2.93959
276 2.94331
277 2.94448
278 2.94741
279 2.9667
280 2.98183
