1 0.0053
2 0.00866
3 0.01973
4 0.02674
5 0.03069
6 0.04449
7 0.07044
8 0.08021
9 0.08541
10 0.08936
11 0.10128
12 0.10739
13 0.11105
14 0.12227
15 0.12628
16 0.13218
17 0.14211
18 0.14697
19 0.1644
20 0.16977
21 0.1824
22 0.18456
23 0.21735
24 0.23474
25 0.25776
26 0.26532
27 0.27446
28 0.28799
29 0.32558
30 0.33137
31 0.33814
32 0.35447
33 0.35569
34 0.36333
35 0.37222
36 0.38476
37 0.40194
38 0.40713
39 0.42026
40 0.43409
41 0.43733
42 0.45613
43 0.46155
44 0.47464
45 0.50662
46 0.50797
47 0.52675
48 0.54978
49 0.55417
50 0.57668
51 0.58139
52 0.58549
53 0.5997
54 0.61551
55 0.61671
56 0.63615
57 0.64715
58 0.6539
59 0.66165
60 0.66624
61 0.67679
62 0.68319
63 0.68915
64 0.70951
65 0.71423
66 0.71909
67 0.72611
68 0.75053
69 0.77171
70 0.7943
71 0.79639
72 0.80427
73 0.81892
74 0.82482
75 0.83757
76 0.85599
77 0.91516
78 0.91737
79 0.92282
80 0.92768
81 0.93247
82 0.93799
83 0.95542
84 0.96236
85 0.96931
86 0.97595
87 0.99464
88 1.04521
89 1.06728
90 1.07282
91 1.0819
92 1.10102
93 1.10227
94 1.10369
95 1.14461
96 1.14681
97 1.15162
98 1.16144
99 1.16719
100 1.17106
101 1.1823
102 1.2148
103 1.21773
104 1.22917
105 1.23215
106 1.2542
107 1.27813
108 1.29389
109 1.31346
110 1.32737
111 1.34114
112 1.34764
113 1.34981
114 1.35823
115 1.37191
116 1.38187
117 1.38718
118 1.39004
119 1.41152
120 1.41557
121 1.41848
122 1.42715
123 1.44132
124 1.46313
125 1.46549
126 1.46961
127 1.49506
128 1.50491
129 1.50821
130 1.51171
131 1.52504
132 1.55463
133 1.55898
134 1.56197
135 1.57227
136 1.58153
137 1.58664
138 1.59945
139 1.60062
140 1.60393
141 1.61607
142 1.61738
143 1.62761
144 1.62925
145 1.63515
146 1.64392
147 1.65532
148 1.67112
149 1.67425
150 1.68105
151 1.69644
152 1.71256
153 1.72039
154 1.72608
155 1.73287
156 1.75576
157 1.76252
158 1.79636
159 1.79759
160 1.83415
161 1.8389
162 1.84286
163 1.85428
164 1.88375
165 1.8974
166 1.90901
167 1.91776
168 1.93881
169 1.95461
170 1.96203
171 1.98726
172 1.99271
173 2.00354
174 2.01405
175 2.01738
176 2.04145
177 2.05946
178 2.06933
179 2.07909
180 2.08242
181 2.08621
182 2.09217
183 2.0952
184 2.10602
185 2.12235
186 2.15768
187 2.16228
188 2.17324
189 2.17567
190 2.18074
191 2.20914
192 2.229
193 2.23609
194 2.23894
195 2.25144
196 2.25591
197 2.25692
198 2.26605
199 2.26822
200 2.27055
201 2.30154
202 2.31088
203 2.31613
204 2.33176
205 2.33986
206 2.35415
207 2.36042
208 2.38385
209 2.40205
210 2.41268
211 2.41715
212 2.42148
213 2.43333
214 2.43819
215 2.45807
216 2.47107
217 2.48439
218 2.50727
219 2.51027
220 2.53935
221 2.54232
222 2.564
223 2.57551
224 2.58269
225 2.59704
226 2.60476
227 2.61849
228 2.64079
229 2.65163
230 2.66467
231 2.66875
232 2.71345
233 2.72382
234 2.72617
235 2.73505
236 2.74965
237 2.75456
238 2.75652
239 2.77108
240 2.7816
241 2.8032
242 2.82168
243 2.82463
244 2.83032
245 2.84317
246 2.85332
247 2.8689
248 2.89532
249 2.90208
250 2.90865
251 2.91452
252 2.92832
253 2.94208
254 2.94478
255 2.95722
256 2.96103
257 2.97325
258 2.98117
259 2.98297
260 2.98825
