1 0.00234
2 0.00448
3 0.01191
4 0.01804
5 0.02136
6 0.02604
7 0.03372
8 0.03511
9 0.03979
10 0.04247
11 0.04461
12 0.04711
13 0.06362
14 0.0676
15 0.07805
16 0.07969
17 0.08667
18 0.09092
19 0.10424
20 0.10616
21 0.1088
22 0.11338
23 0.11871
24 0.12098
25 0.12425
26 0.13223
27 0.148
28 0.15004
29 0.16715
30 0.17497
31 0.18079
32 0.18817
33 0.19601
34 0.20265
35 0.21379
36 0.21693
37 0.22937
38 0.23636
39 0.24628
40 0.25083
41 0.25481
42 0.26031
43 0.27946
44 0.28357
45 0.29003
46 0.30143
47 0.31093
48 0.32
49 0.33509
50 0.34874
51 0.35127
52 0.36631
53 0.36831
54 0.37353
55 0.38828
56 0.39239
57 0.39562
58 0.4058
59 0.41019
60 0.42027
61 0.44018
62 0.44337
63 0.45417
64 0.45608
65 0.46073
66 0.46424
67 0.47966
68 0.48482
69 0.49009
70 0.49664
71 0.50111
72 0.50442
73 0.50769
74 0.51479
75 0.53429
76 0.54198
77 0.55132
78 0.56345
79 0.57191
80 0.57572
81 0.58979
82 0.59169
83 0.59659
84 0.60374
85 0.60899
86 0.61834
87 0.62416
88 0.63191
89 0.6351
90 0.63831
91 0.65037
92 0.65782
93 0.66287
94 0.66411
95 0.66907
96 0.67121
97 0.67684
98 0.68863
99 0.69083
100 0.69251
101 0.69559
102 0.69855
103 0.70779
104 0.71379
105 0.71908
106 0.73046
107 0.7418
108 0.74598
109 0.75036
110 0.7591
111 0.76228
112 0.7754
113 0.77778
114 0.78445
115 0.78763
116 0.79138
117 0.79669
118 0.80216
119 0.81748
120 0.82043
121 0.82847
122 0.83937
123 0.84713
124 0.85442
125 0.86652
126 0.86972
127 0.87482
128 0.88024
129 0.88195
130 0.89089
131 0.89815
132 0.90494
133 0.90922
134 0.92178
135 0.93309
136 0.93921
137 0.94698
138 0.95609
139 0.96102
140 0.97212
141 0.98507
142 0.98737
143 0.99651
144 0.99898
145 1.00492
146 1.01303
147 1.03908
148 1.04737
149 1.04869
150 1.06693
151 1.06823
152 1.07227
153 1.07587
154 1.08086
155 1.08684
156 1.09474
157 1.11021
158 1.12465
159 1.12773
160 1.12992
161 1.13622
162 1.13906
163 1.14919
164 1.15308
165 1.15802
166 1.17181
167 1.176
168 1.1904
169 1.193
170 1.19574
171 1.20655
172 1.21199
173 1.22139
174 1.23202
175 1.24153
176 1.25186
177 1.25993
178 1.26314
179 1.28222
180 1.2872
181 1.29368
182 1.29556
183 1.29989
184 1.32252
185 1.3281
186 1.33036
187 1.33161
188 1.33408
189 1.34092
190 1.35299
191 1.35439
192 1.3587
193 1.36777
194 1.37608
195 1.38551
196 1.39665
197 1.40489
198 1.41391
199 1.4308
200 1.43951
201 1.44268
202 1.45283
203 1.46017
204 1.46683
205 1.48372
206 1.49162
207 1.4953
208 1.49658
209 1.50001
210 1.50178
211 1.51388
212 1.52675
213 1.52937
214 1.53496
215 1.5438
216 1.56948
217 1.57758
218 1.58326
219 1.58458
220 1.59647
221 1.59951
222 1.60705
223 1.61912
224 1.62465
225 1.62708
226 1.63189
227 1.63957
228 1.6425
229 1.64628
230 1.64973
231 1.66456
232 1.67234
233 1.69067
234 1.69627
235 1.71121
236 1.71382
237 1.71589
238 1.72088
239 1.73753
240 1.74702
241 1.74909
242 1.75252
243 1.75979
244 1.77676
245 1.77904
246 1.78127
247 1.78927
248 1.79781
249 1.80333
250 1.80747
251 1.81238
252 1.82239
253 1.83183
254 1.83504
255 1.85955
256 1.86568
257 1.87102
258 1.87743
259 1.87858
260 1.8823
261 1.88818
262 1.9029
263 1.91217
264 1.91367
265 1.94086
266 1.94273
267 1.94752
268 1.95749
269 1.96007
270 1.97007
271 1.97319
272 1.98946
273 1.99452
274 1.99888
275 2.00423
276 2.01384
277 2.03044
278 2.03754
279 2.04234
280 2.05342
281 2.05621
282 2.06477
283 2.07379
284 2.0896
285 2.10423
286 2.1077
287 2.11006
288 2.12437
289 2.12596
290 2.12987
291 2.13283
292 2.15437
293 2.16025
294 2.16716
295 2.16903
296 2.17509
297 2.18748
298 2.19556
299 2.19911
300 2.20239
301 2.20609
302 2.20894
303 2.21227
304 2.21623
305 2.23057
306 2.23209
307 2.23306
308 2.23445
309 2.23779
310 2.24545
311 2.25015
312 2.25221
313 2.25838
314 2.27079
315 2.28495
316 2.29681
317 2.30937
318 2.31658
319 2.32032
320 2.32257
321 2.32952
322 2.33454
323 2.34177
324 2.34667
325 2.35446
326 2.3579
327 2.36573
328 2.37198
329 2.38492
330 2.38775
331 2.39191
332 2.39375
333 2.39626
334 2.42
335 2.42366
336 2.43579
337 2.43837
338 2.44531
339 2.44718
340 2.44852
341 2.45584
342 2.46085
343 2.47339
344 2.48464
345 2.48649
346 2.48931
347 2.49182
348 2.51366
349 2.53016
350 2.53465
351 2.54947
352 2.55215
353 2.56774
354 2.57675
355 2.58666
356 2.59138
357 2.59741
358 2.59872
359 2.60987
360 2.61264
361 2.61506
362 2.6189
363 2.63742
364 2.64346
365 2.6527
366 2.66808
367 2.68512
368 2.69745
369 2.7043
370 2.70618
371 2.70916
372 2.71513
373 2.72134
374 2.72343
375 2.73442
376 2.74605
377 2.75214
378 2.75996
379 2.76744
380 2.77648
381 2.79087
382 2.80187
383 2.81168
384 2.82493
385 2.8315
386 2.83613
387 2.83894
388 2.84691
389 2.85858
390 2.87145
391 2.87713
392 2.88296
393 2.88843
394 2.89277
395 2.90355
396 2.90676
397 2.91303
398 2.92303
399 2.93832
400 2.93958
401 2.95424
402 2.95576
403 2.97977
404 2.98249
405 2.9922
406 2.99984
