1 0.00164
2 0.00655
3 0.00823
4 0.01192
5 0.01467
6 0.01635
7 0.0234
8 0.02637
9 0.03592
10 0.04162
11 0.04694
12 0.04855
13 0.05305
14 0.05753
15 0.06116
16 0.0718
17 0.07769
18 0.0863
19 0.09197
20 0.09731
21 0.10062
22 0.11767
23 0.12218
24 0.12565
25 0.13751
26 0.15732
27 0.16782
28 0.17143
29 0.17986
30 0.18332
31 0.18596
32 0.18804
33 0.19428
34 0.20058
35 0.20398
36 0.21039
37 0.215
38 0.21975
39 0.22789
40 0.23694
41 0.24592
42 0.25973
43 0.26751
44 0.28034
45 0.28287
46 0.29442
47 0.30128
48 0.30718
49 0.31277
50 0.31756
51 0.32411
52 0.33205
53 0.33557
54 0.33795
55 0.34163
56 0.36286
57 0.36653
58 0.36981
59 0.37336
60 0.38493
61 0.39006
62 0.39324
63 0.40722
64 0.42081
65 0.43918
66 0.44275
67 0.44787
68 0.45507
69 0.45809
70 0.47965
71 0.53553
72 0.54439
73 0.54638
74 0.55406
75 0.55563
76 0.56122
77 0.57605
78 0.58236
79 0.58614
80 0.58908
81 0.59122
82 0.59669
83 0.59811
84 0.60493
85 0.61533
86 0.61851
87 0.62309
88 0.63533
89 0.64039
90 0.64158
91 0.64878
92 0.66374
93 0.66707
94 0.66924
95 0.67239
96 0.68069
97 0.69023
98 0.70353
99 0.72113
100 0.72648
101 0.72814
102 0.75228
103 0.7686
104 0.77088
105 0.78331
106 0.7864
107 0.78998
108 0.79215
109 0.79427
110 0.79798
111 0.81001
112 0.82836
113 0.83799
114 0.8664
115 0.87825
116 0.88338
117 0.88753
118 0.89022
119 0.89559
120 0.9011
121 0.91336
122 0.91628
123 0.91867
124 0.9318
125 0.94423
126 0.94994
127 0.95194
128 0.95626
129 0.96209
130 0.96428
131 0.9722
132 0.97333
133 0.97672
134 0.98923
135 0.99083
136 1.02211
137 1.03723
138 1.04091
139 1.04247
140 1.04812
141 1.04943
142 1.05452
143 1.06339
144 1.07758
145 1.08028
146 1.08502
147 1.09155
148 1.10232
149 1.12962
150 1.13467
151 1.14464
152 1.14732
153 1.16163
154 1.16776
155 1.17085
156 1.18159
157 1.18623
158 1.19347
159 1.19825
160 1.20419
161 1.21077
162 1.22
163 1.22234
164 1.22698
165 1.22871
166 1.23287
167 1.25734
168 1.26136
169 1.26652
170 1.27318
171 1.28527
172 1.28808
173 1.28973
174 1.2931
175 1.2947
176 1.31131
177 1.32157
178 1.33038
179 1.33627
180 1.34372
181 1.36341
182 1.36548
183 1.38338
184 1.38491
185 1.39092
186 1.40596
187 1.40818
188 1.4167
189 1.42924
190 1.43212
191 1.43648
192 1.43983
193 1.44228
194 1.4441
195 1.44543
196 1.45088
197 1.46208
198 1.46684
199 1.47331
200 1.47759
201 1.53261
202 1.53795
203 1.53964
204 1.55072
205 1.55451
206 1.56048
207 1.57546
208 1.58523
209 1.60358
210 1.61812
211 1.62232
212 1.6236
213 1.64192
214 1.64563
215 1.66062
216 1.66671
217 1.66956
218 1.68058
219 1.68468
220 1.68897
221 1.70002
222 1.70264
223 1.70534
224 1.71191
225 1.71892
226 1.729
227 1.73347
228 1.73476
229 1.77076
230 1.77976
231 1.78107
232 1.78665
233 1.79063
234 1.79533
235 1.79909
236 1.80305
237 1.81119
238 1.82036
239 1.82262
240 1.84116
241 1.84536
242 1.84659
243 1.85235
244 1.86738
245 1.87221
246 1.8886
247 1.89174
248 1.89396
249 1.91339
250 1.91634
251 1.91855
252 1.92411
253 1.92749
254 1.93934
255 1.94761
256 1.96552
257 1.97503
258 1.97912
259 1.99095
260 2.01092
261 2.03589
262 2.04455
263 2.049
264 2.05449
265 2.07764
266 2.07923
267 2.0841
268 2.09281
269 2.10198
270 2.1132
271 2.11774
272 2.12229
273 2.12627
274 2.13735
275 2.14236
276 2.14913
277 2.16568
278 2.16942
279 2.17191
280 2.18261
281 2.19929
282 2.20057
283 2.20868
284 2.21193
285 2.21896
286 2.2224
287 2.22513
288 2.24043
289 2.25927
290 2.26257
291 2.2643
292 2.28921
293 2.29597
294 2.29996
295 2.30136
296 2.30433
297 2.31319
298 2.33075
299 2.33629
300 2.33854
301 2.34496
302 2.34761
303 2.36504
304 2.37227
305 2.37735
306 2.39391
307 2.40084
308 2.41856
309 2.42125
310 2.44174
311 2.44889
312 2.45569
313 2.45859
314 2.47296
315 2.4753
316 2.48139
317 2.49149
318 2.51405
319 2.52458
320 2.53615
321 2.53959
322 2.54572
323 2.54895
324 2.55094
325 2.56426
326 2.57373
327 2.58348
328 2.58859
329 2.5942
330 2.59927
331 2.6175
332 2.62192
333 2.62327
334 2.6342
335 2.64024
336 2.66077
337 2.66453
338 2.67757
339 2.68543
340 2.68704
341 2.69261
342 2.69485
343 2.69671
344 2.70378
345 2.70632
346 2.70928
347 2.7308
348 2.73638
349 2.73858
350 2.74773
351 2.76493
352 2.78453
353 2.79067
354 2.7973
355 2.80917
356 2.83495
357 2.83748
358 2.84663
359 2.85077
360 2.86714
361 2.87097
362 2.88232
363 2.88676
364 2.89211
365 2.8968
366 2.91221
367 2.91578
368 2.92301
369 2.9394
370 2.94132
371 2.94657
372 2.95092
373 2.95248
374 2.95659
375 2.96769
376 2.97155
377 2.9754
378 2.97779
379 2.98106
380 2.98609
