1 0.0016
2 0.00702
3 0.0104
4 0.01308
5 0.02029
6 0.02307
7 0.02983
8 0.03339
9 0.03517
10 0.04346
11 0.05084
12 0.05291
13 0.05744
14 0.05872
15 0.06221
16 0.07039
17 0.07384
18 0.08968
19 0.09254
20 0.10743
21 0.12404
22 0.13181
23 0.14582
24 0.1495
25 0.15247
26 0.16316
27 0.16645
28 0.18018
29 0.18507
30 0.1881
31 0.19784
32 0.20653
33 0.20854
34 0.21175
35 0.21325
36 0.22247
37 0.22423
38 0.22791
39 0.23938
40 0.25141
41 0.25444
42 0.25636
43 0.26104
44 0.27151
45 0.28112
46 0.29337
47 0.30024
48 0.30261
49 0.3064
50 0.30949
51 0.32339
52 0.33578
53 0.33837
54 0.34419
55 0.35163
56 0.36242
57 0.37196
58 0.38038
59 0.41064
60 0.41745
61 0.42199
62 0.4267
63 0.43333
64 0.43656
65 0.44228
66 0.4486
67 0.45327
68 0.45708
69 0.46453
70 0.46775
71 0.47625
72 0.48983
73 0.50457
74 0.50779
75 0.51557
76 0.51978
77 0.52905
78 0.53478
79 0.55278
80 0.55559
81 0.55729
82 0.55879
83 0.56575
84 0.56835
85 0.57398
86 0.58891
87 0.59825
88 0.60418
89 0.61299
90 0.62741
91 0.64077
92 0.646
93 0.64951
94 0.65904
95 0.66064
96 0.66497
97 0.67803
98 0.68179
99 0.68286
100 0.68551
101 0.68977
102 0.69962
103 0.70158
104 0.707
105 0.71784
106 0.72171
107 0.73107
108 0.74045
109 0.75275
110 0.76258
111 0.76427
112 0.78468
113 0.79875
114 0.80144
115 0.80337
116 0.80529
117 0.80988
118 0.83196
119 0.83889
120 0.8423
121 0.84685
122 0.85228
123 0.86058
124 0.87938
125 0.89952
126 0.90834
127 0.916
128 0.91735
129 0.92482
130 0.92995
131 0.93462
132 0.94882
133 0.95325
134 0.95731
135 0.95968
136 0.96323
137 0.9732
138 0.98506
139 0.99528
140 0.99966
141 1.00398
142 1.01156
143 1.02071
144 1.02306
145 1.03853
146 1.04291
147 1.05365
148 1.05916
149 1.06525
150 1.07621
151 1.08676
152 1.08965
153 1.09274
154 1.10131
155 1.1079
156 1.11122
157 1.12109
158 1.13429
159 1.15169
160 1.15284
161 1.15848
162 1.16384
163 1.16662
164 1.17896
165 1.18536
166 1.19103
167 1.20168
168 1.20387
169 1.21252
170 1.2219
171 1.25074
172 1.25538
173 1.26213
174 1.2651
175 1.26915
176 1.27281
177 1.28085
178 1.28544
179 1.28741
180 1.29181
181 1.30674
182 1.31979
183 1.33696
184 1.34471
185 1.34683
186 1.35224
187 1.35726
188 1.36444
189 1.37175
190 1.38271
191 1.38832
192 1.40553
193 1.41192
194 1.41656
195 1.4202
196 1.43818
197 1.45772
198 1.46269
199 1.46675
200 1.47633
201 1.49766
202 1.50735
203 1.51074
204 1.52043
205 1.5257
206 1.52794
207 1.54017
208 1.54674
209 1.549
210 1.55158
211 1.55729
212 1.56217
213 1.56315
214 1.56558
215 1.57388
216 1.5763
217 1.58146
218 1.58363
219 1.58784
220 1.59162
221 1.60274
222 1.60608
223 1.61418
224 1.61719
225 1.62078
226 1.62805
227 1.63978
228 1.64923
229 1.65364
230 1.65786
231 1.66657
232 1.66951
233 1.67167
234 1.68168
235 1.69402
236 1.70149
237 1.71332
238 1.71686
239 1.72058
240 1.73169
241 1.7341
242 1.74722
243 1.7531
244 1.75823
245 1.76275
246 1.76917
247 1.77845
248 1.78907
249 1.79977
250 1.81297
251 1.83665
252 1.83846
253 1.84375
254 1.8559
255 1.85869
256 1.86217
257 1.86696
258 1.87196
259 1.87671
260 1.88783
261 1.89563
262 1.90364
263 1.91264
264 1.91814
265 1.9309
266 1.93238
267 1.94443
268 1.95153
269 1.95612
270 1.95861
271 1.97746
272 1.98163
273 2.00007
274 2.00624
275 2.01307
276 2.01666
277 2.02559
278 2.02708
279 2.04256
280 2.04507
281 2.0472
282 2.05006
283 2.05473
284 2.06457
285 2.06856
286 2.08116
287 2.09945
288 2.10391
289 2.10943
290 2.11931
291 2.1283
292 2.13246
293 2.1549
294 2.16017
295 2.16955
296 2.17601
297 2.17803
298 2.19866
299 2.20694
300 2.20838
301 2.229
302 2.23268
303 2.23747
304 2.24697
305 2.25082
306 2.25622
307 2.26551
308 2.26728
309 2.27004
310 2.27705
311 2.28138
312 2.28845
313 2.30025
314 2.32597
315 2.33362
316 2.33713
317 2.33988
318 2.34862
319 2.35849
320 2.37316
321 2.38215
322 2.38831
323 2.40167
324 2.40505
325 2.41124
326 2.41475
327 2.41692
328 2.42069
329 2.42353
330 2.42478
331 2.42841
332 2.43231
333 2.43674
334 2.4426
335 2.45387
336 2.46018
337 2.46507
338 2.46688
339 2.46878
340 2.47221
341 2.47511
342 2.47978
343 2.48205
344 2.48999
345 2.50016
346 2.50872
347 2.52192
348 2.52448
349 2.53187
350 2.53862
351 2.54232
352 2.54866
353 2.55772
354 2.56472
355 2.573
356 2.58821
357 2.59115
358 2.59851
359 2.6056
360 2.61354
361 2.62353
362 2.63263
363 2.65837
364 2.66367
365 2.67049
366 2.68683
367 2.70073
368 2.70837
369 2.71113
370 2.71726
371 2.72656
372 2.73174
373 2.73436
374 2.74424
375 2.75213
376 2.75682
377 2.76866
378 2.7813
379 2.79086
380 2.79532
381 2.79693
382 2.80064
383 2.80553
384 2.81883
385 2.83864
386 2.84395
387 2.8467
388 2.85117
389 2.85366
390 2.85815
391 2.86043
392 2.87947
393 2.90005
394 2.9102
395 2.92349
396 2.93269
397 2.93597
398 2.9515
399 2.96156
400 2.97534
401 2.99872
