1 0.00637
2 0.01421
3 0.01868
4 0.02438
5 0.02637
6 0.03222
7 0.04562
8 0.04804
9 0.05294
10 0.06881
11 0.07754
12 0.10852
13 0.11596
14 0.1231
15 0.12785
16 0.12895
17 0.14318
18 0.14464
19 0.15038
20 0.15941
21 0.17519
22 0.17615
23 0.18642
24 0.20958
25 0.21889
26 0.22914
27 0.23996
28 0.26149
29 0.26457
30 0.26779
31 0.27255
32 0.27528
33 0.28229
34 0.28616
35 0.29653
36 0.31816
37 0.32353
38 0.33528
39 0.3483
40 0.35081
41 0.36251
42 0.37053
43 0.39498
44 0.41622
45 0.42119
46 0.42675
47 0.45028
48 0.45845
49 0.47229
50 0.48286
51 0.50002
52 0.51391
53 0.52447
54 0.53325
55 0.54316
56 0.55007
57 0.55557
58 0.56445
59 0.56822
60 0.5924
61 0.61401
62 0.62846
63 0.63311
64 0.641
65 0.64308
66 0.67229
67 0.68392
68 0.68621
69 0.69082
70 0.7078
71 0.71288
72 0.71473
73 0.71697
74 0.72092
75 0.75568
76 0.77427
77 0.78765
78 0.79348
79 0.79725
80 0.79956
81 0.80578
82 0.81923
83 0.84225
84 0.84502
85 0.84623
86 0.86313
87 0.86578
88 0.87354
89 0.88129
90 0.88636
91 0.91127
92 0.92061
93 0.92496
94 0.93176
95 0.9417
96 0.95477
97 0.95781
98 0.96823
99 0.99501
100 1.00268
101 1.01147
102 1.0171
103 1.02124
104 1.02537
105 1.02946
106 1.03228
107 1.04843
108 1.0571
109 1.08941
110 1.09267
111 1.10406
112 1.1202
113 1.12538
114 1.13153
115 1.14778
116 1.15783
117 1.16706
118 1.19499
119 1.20425
120 1.21679
121 1.2348
122 1.23824
123 1.25184
124 1.25336
125 1.27404
126 1.28197
127 1.28881
128 1.29501
129 1.31366
130 1.33002
131 1.34585
132 1.3489
133 1.35255
134 1.36481
135 1.37401
136 1.38497
137 1.38784
138 1.3938
139 1.39918
140 1.4177
141 1.42686
142 1.45107
143 1.46128
144 1.4651
145 1.46664
146 1.4686
147 1.48196
148 1.50867
149 1.51449
150 1.52355
151 1.53306
152 1.53989
153 1.57462
154 1.60136
155 1.605
156 1.6063
157 1.61247
158 1.61724
159 1.63611
160 1.64346
161 1.65364
162 1.6565
163 1.6606
164 1.66925
165 1.67733
166 1.68294
167 1.70311
168 1.71214
169 1.7197
170 1.72598
171 1.72926
172 1.73151
173 1.74606
174 1.75549
175 1.76109
176 1.76737
177 1.76883
178 1.77013
179 1.77495
180 1.79489
181 1.79628
182 1.80123
183 1.84138
184 1.84536
185 1.86689
186 1.88017
187 1.89147
188 1.89827
189 1.91692
190 1.9184
191 1.92314
192 1.92427
193 1.93889
194 1.9509
195 1.96221
196 1.97819
197 1.98488
198 1.99183
199 2.00121
200 2.003
201 2.01398
202 2.01736
203 2.03343
204 2.04315
205 2.05347
206 2.06756
207 2.09235
208 2.0953
209 2.10398
210 2.12213
211 2.12384
212 2.13301
213 2.13534
214 2.14412
215 2.15342
216 2.162
217 2.1764
218 2.21499
219 2.22124
220 2.2424
221 2.24754
222 2.25499
223 2.26417
224 2.2797
225 2.29143
226 2.29604
227 2.30328
228 2.31257
229 2.3215
230 2.33452
231 2.33781
232 2.34282
233 2.35134
234 2.35392
235 2.36248
236 2.37297
237 2.39042
238 2.39651
239 2.39866
240 2.40606
241 2.41862
242 2.42815
243 2.45707
244 2.46614
245 2.46943
246 2.47345
247 2.48045
248 2.49305
249 2.49524
250 2.49891
251 2.50483
252 2.51002
253 2.5195
254 2.54083
255 2.54607
256 2.57484
257 2.59275
258 2.59624
259 2.59988
260 2.60783
261 2.62061
262 2.62471
263 2.63583
264 2.6381
265 2.65171
266 2.6556
267 2.66118
268 2.67446
269 2.67996
270 2.68336
271 2.693
272 2.70919
273 2.72185
274 2.73082
275 2.76045
276 2.76738
277 2.78054
278 2.78821
279 2.79548
280 2.80053
281 2.80205
282 2.80441
283 2.81754
284 2.8289
285 2.8409
286 2.85185
287 2.86289
288 2.87531
289 2.88322
290 2.88604
291 2.89409
292 2.91129
293 2.91804
294 2.93483
295 2.9378
296 2.93999
297 2.9586
298 2.96721
299 2.98295
