1 0.00407
2 0.01015
3 0.01646
4 0.01861
5 0.03359
6 0.03646
7 0.03841
8 0.04524
9 0.05015
10 0.05804
11 0.06311
12 0.06703
13 0.07941
14 0.09737
15 0.10562
16 0.11021
17 0.12019
18 0.12388
19 0.12972
20 0.13591
21 0.15107
22 0.15267
23 0.16487
24 0.17837
25 0.19064
26 0.21239
27 0.21491
28 0.22099
29 0.22213
30 0.22996
31 0.23257
32 0.26288
33 0.26875
34 0.27432
35 0.29279
36 0.3089
37 0.32548
38 0.32945
39 0.33581
40 0.33822
41 0.35802
42 0.36308
43 0.3643
44 0.38223
45 0.38357
46 0.39211
47 0.41196
48 0.43161
49 0.43744
50 0.45363
51 0.46171
52 0.46515
53 0.4837
54 0.48816
55 0.50301
56 0.50471
57 0.50785
58 0.51039
59 0.52391
60 0.54051
61 0.54414
62 0.54594
63 0.54967
64 0.55408
65 0.56637
66 0.57378
67 0.60765
68 0.61638
69 0.62482
70 0.63489
71 0.63902
72 0.64385
73 0.64748
74 0.6501
75 0.65419
76 0.66664
77 0.67887
78 0.72017
79 0.74012
80 0.75669
81 0.76018
82 0.77902
83 0.78616
84 0.79907
85 0.80003
86 0.81177
87 0.81731
88 0.82718
89 0.84014
90 0.86123
91 0.86824
92 0.89481
93 0.89745
94 0.92375
95 0.94988
96 0.96718
97 0.97701
98 0.97808
99 0.9874
100 0.9903
101 1.00016
102 1.00419
103 1.0112
104 1.01367
105 1.01849
106 1.02116
107 1.03922
108 1.04224
109 1.06771
110 1.0728
111 1.08425
112 1.08608
113 1.08924
114 1.09874
115 1.11198
116 1.11423
117 1.11984
118 1.13336
119 1.13726
120 1.15195
121 1.15358
122 1.15802
123 1.15971
124 1.16268
125 1.17442
126 1.1935
127 1.22196
128 1.23619
129 1.24226
130 1.25429
131 1.25814
132 1.26197
133 1.2785
134 1.28594
135 1.28837
136 1.29853
137 1.30608
138 1.30899
139 1.31479
140 1.32544
141 1.33944
142 1.34093
143 1.34525
144 1.35718
145 1.36479
146 1.37812
147 1.38572
148 1.38869
149 1.4014
150 1.41489
151 1.41831
152 1.42404
153 1.43909
154 1.44416
155 1.45306
156 1.45946
157 1.51165
158 1.51838
159 1.53361
160 1.54025
161 1.54463
162 1.55718
163 1.56065
164 1.57013
165 1.57825
166 1.57943
167 1.59781
168 1.61479
169 1.6172
170 1.62484
171 1.66554
172 1.68986
173 1.70442
174 1.70902
175 1.72448
176 1.73687
177 1.7423
178 1.76752
179 1.77262
180 1.81592
181 1.84409
182 1.87326
183 1.87665
184 1.89271
185 1.90233
186 1.90635
187 1.91261
188 1.91629
189 1.9267
190 1.93516
191 1.93639
192 1.94772
193 1.95582
194 1.96353
195 1.99728
196 2.00475
197 2.02931
198 2.03804
199 2.0437
200 2.05099
201 2.05923
202 2.06385
203 2.07081
204 2.0748
205 2.08188
206 2.08994
207 2.1063
208 2.12129
209 2.1244
210 2.1419
211 2.16484
212 2.17591
213 2.18069
214 2.18467
215 2.1872
216 2.20505
217 2.21057
218 2.2176
219 2.2459
220 2.25484
221 2.25835
222 2.28614
223 2.30531
224 2.31947
225 2.32683
226 2.33955
227 2.35702
228 2.36676
229 2.37169
230 2.38071
231 2.38502
232 2.40196
233 2.43803
234 2.45796
235 2.46231
236 2.47097
237 2.47352
238 2.47951
239 2.48277
240 2.49875
241 2.50714
242 2.52754
243 2.53369
244 2.55209
245 2.55939
246 2.56563
247 2.57239
248 2.58405
249 2.6125
250 2.61972
251 2.62187
252 2.62542
253 2.64419
254 2.65325
255 2.69893
256 2.70136
257 2.71214
258 2.71646
259 2.74136
260 2.74782
261 2.75166
262 2.76309
263 2.77937
264 2.78203
265 2.79482
266 2.83095
267 2.83395
268 2.83512
269 2.8374
270 2.85762
271 2.86659
272 2.87482
273 2.89663
274 2.90365
275 2.9067
276 2.91313
277 2.91904
278 2.9242
279 2.92966
280 2.93658
281 2.9438
282 2.95041
283 2.96596
284 2.98195
