1 0.00303
2 0.00561
3 0.01701
4 0.01868
5 0.02319
6 0.03174
7 0.03348
8 0.03721
9 0.06162
10 0.06582
11 0.07699
12 0.07983
13 0.09926
14 0.11145
15 0.11422
16 0.12326
17 0.12926
18 0.13028
19 0.14248
20 0.1455
21 0.14848
22 0.15499
23 0.15905
24 0.16137
25 0.19047
26 0.19311
27 0.19508
28 0.20247
29 0.20753
30 0.21214
31 0.21876
32 0.22991
33 0.24441
34 0.25313
35 0.26144
36 0.27881
37 0.28359
38 0.30883
39 0.32225
40 0.33075
41 0.33597
42 0.34105
43 0.34886
44 0.36292
45 0.36661
46 0.37499
47 0.37843
48 0.37941
49 0.38063
50 0.39171
51 0.42022
52 0.42839
53 0.45836
54 0.46357
55 0.46939
56 0.47417
57 0.49316
58 0.5046
59 0.51597
60 0.52973
61 0.53878
62 0.54069
63 0.54338
64 0.55406
65 0.5599
66 0.56462
67 0.5666
68 0.57074
69 0.58168
70 0.58866
71 0.59797
72 0.60137
73 0.60416
74 0.61127
75 0.61779
76 0.6288
77 0.63214
78 0.65616
79 0.66467
80 0.66793
81 0.6802
82 0.68839
83 0.69458
84 0.69889
85 0.70093
86 0.70311
87 0.70453
88 0.71094
89 0.71384
90 0.71788
91 0.72089
92 0.73535
93 0.74852
94 0.75612
95 0.76288
96 0.76859
97 0.77214
98 0.77658
99 0.80567
100 0.80722
101 0.81419
102 0.81972
103 0.83178
104 0.8356
105 0.85653
106 0.87359
107 0.88114
108 0.88912
109 0.90013
110 0.90472
111 0.9149
112 0.91853
113 0.92131
114 0.92485
115 0.93283
116 0.94706
117 0.95548
118 0.96173
119 0.97126
120 0.97419
121 0.98234
122 0.98511
123 1.00275
124 1.01423
125 1.019
126 1.02224
127 1.03462
128 1.04177
129 1.06432
130 1.07243
131 1.08053
132 1.08291
133 1.08746
134 1.09168
135 1.09836
136 1.10317
137 1.10706
138 1.12771
139 1.13847
140 1.14486
141 1.15382
142 1.15515
143 1.15873
144 1.17071
145 1.18377
146 1.19004
147 1.19476
148 1.20801
149 1.21533
150 1.21955
151 1.22929
152 1.25061
153 1.25929
154 1.26567
155 1.27205
156 1.2759
157 1.27859
158 1.28358
159 1.28529
160 1.28821
161 1.29335
162 1.31708
163 1.32674
164 1.33593
165 1.34411
166 1.35024
167 1.35424
168 1.37416
169 1.38058
170 1.38858
171 1.39637
172 1.40171
173 1.40715
174 1.41156
175 1.41999
176 1.43625
177 1.44574
178 1.45872
179 1.46536
180 1.46682
181 1.4809
182 1.48869
183 1.49045
184 1.50363
185 1.50701
186 1.51781
187 1.52224
188 1.52742
189 1.53576
190 1.54344
191 1.55254
192 1.57027
193 1.57589
194 1.58183
195 1.59228
196 1.60212
197 1.61146
198 1.61634
199 1.62206
200 1.62356
201 1.64956
202 1.65857
203 1.67489
204 1.68738
205 1.68832
206 1.69245
207 1.70561
208 1.71592
209 1.72423
210 1.73917
211 1.7507
212 1.76173
213 1.76644
214 1.77123
215 1.77335
216 1.77863
217 1.79135
218 1.79874
219 1.80732
220 1.814
221 1.81722
222 1.81996
223 1.83071
224 1.83944
225 1.84784
226 1.85261
227 1.8604
228 1.86313
229 1.86566
230 1.87127
231 1.88293
232 1.88799
233 1.89226
234 1.90375
235 1.90981
236 1.91497
237 1.91966
238 1.92251
239 1.92939
240 1.94846
241 1.95399
242 1.95875
243 1.96784
244 1.97103
245 1.97304
246 1.97466
247 1.97829
248 1.98032
249 1.99358
250 2.00193
251 2.00885
252 2.01416
253 2.02347
254 2.02609
255 2.0275
256 2.0293
257 2.03643
258 2.04411
259 2.05682
260 2.06255
261 2.07605
262 2.07807
263 2.08208
264 2.0841
265 2.09043
266 2.09998
267 2.10411
268 2.123
269 2.12488
270 2.13511
271 2.15171
272 2.16025
273 2.16958
274 2.17163
275 2.17702
276 2.194
277 2.20656
278 2.20805
279 2.21724
280 2.22125
281 2.22515
282 2.22785
283 2.23792
284 2.26018
285 2.26445
286 2.26702
287 2.27926
288 2.28193
289 2.28691
290 2.30032
291 2.31596
292 2.3199
293 2.33622
294 2.34726
295 2.36208
296 2.36936
297 2.37475
298 2.39384
299 2.39765
300 2.40426
301 2.40799
302 2.41518
303 2.42002
304 2.43425
305 2.44183
306 2.44675
307 2.46528
308 2.47378
309 2.48097
310 2.48565
311 2.50659
312 2.51986
313 2.52939
314 2.54054
315 2.54494
316 2.56061
317 2.58372
318 2.58966
319 2.60243
320 2.60724
321 2.62755
322 2.63913
323 2.65943
324 2.6739
325 2.67631
326 2.67961
327 2.68765
328 2.69584
329 2.70804
330 2.72215
331 2.72529
332 2.74511
333 2.75346
334 2.76097
335 2.77506
336 2.78049
337 2.78659
338 2.79486
339 2.79913
340 2.80824
341 2.81054
342 2.82125
343 2.83291
344 2.85472
345 2.86851
346 2.88231
347 2.88503
348 2.89679
349 2.91581
350 2.92459
351 2.9319
352 2.93284
353 2.93883
354 2.94313
355 2.95121
356 2.96492
357 2.97064
358 2.97182
359 2.97341
360 2.97665
361 2.99598
