1 0.00247
2 0.00691
3 0.00877
4 0.01734
5 0.02403
6 0.02747
7 0.03969
8 0.04217
9 0.04453
10 0.05008
11 0.05672
12 0.0591
13 0.06434
14 0.06609
15 0.07042
16 0.07811
17 0.09128
18 0.10175
19 0.10541
20 0.11318
21 0.11737
22 0.12002
23 0.12705
24 0.12853
25 0.13176
26 0.14126
27 0.14473
28 0.14753
29 0.17294
30 0.17639
31 0.1791
32 0.19496
33 0.20563
34 0.21209
35 0.2156
36 0.21737
37 0.22247
38 0.22478
39 0.23612
40 0.25403
41 0.25715
42 0.27329
43 0.28657
44 0.29066
45 0.30757
46 0.31298
47 0.32257
48 0.32465
49 0.34392
50 0.35303
51 0.37047
52 0.37962
53 0.38255
54 0.39131
55 0.39893
56 0.40219
57 0.40461
58 0.40803
59 0.41313
60 0.42492
61 0.43201
62 0.4382
63 0.44083
64 0.44544
65 0.44811
66 0.4575
67 0.46925
68 0.47166
69 0.47425
70 0.47986
71 0.4822
72 0.49057
73 0.49607
74 0.50305
75 0.52285
76 0.53026
77 0.53421
78 0.5413
79 0.54624
80 0.55757
81 0.56479
82 0.56915
83 0.57599
84 0.58202
85 0.59342
86 0.60985
87 0.61865
88 0.6242
89 0.62721
90 0.63179
91 0.63579
92 0.65492
93 0.66634
94 0.66989
95 0.67437
96 0.67673
97 0.68568
98 0.70096
99 0.70517
100 0.72648
101 0.73983
102 0.74698
103 0.76064
104 0.773
105 0.77501
106 0.77939
107 0.79366
108 0.79689
109 0.81115
110 0.82338
111 0.82731
112 0.83612
113 0.84913
114 0.85468
115 0.86026
116 0.86969
117 0.87396
118 0.87812
119 0.88061
120 0.89326
121 0.90077
122 0.90275
123 0.91966
124 0.93042
125 0.93213
126 0.93955
127 0.94674
128 0.95464
129 0.95782
130 0.95997
131 0.97109
132 0.98334
133 0.99084
134 0.99417
135 1.00003
136 1.01304
137 1.02065
138 1.02339
139 1.03159
140 1.03678
141 1.04214
142 1.0438
143 1.05133
144 1.06789
145 1.07152
146 1.08564
147 1.1063
148 1.11197
149 1.12747
150 1.13415
151 1.14651
152 1.15815
153 1.17012
154 1.19633
155 1.2206
156 1.24674
157 1.25075
158 1.25442
159 1.25583
160 1.26515
161 1.27054
162 1.30107
163 1.30257
164 1.30953
165 1.32537
166 1.34234
167 1.34833
168 1.34972
169 1.35609
170 1.35904
171 1.3629
172 1.36655
173 1.36937
174 1.37498
175 1.38253
176 1.3848
177 1.41638
178 1.42781
179 1.436
180 1.44402
181 1.44597
182 1.45011
183 1.45478
184 1.46416
185 1.47425
186 1.47915
187 1.48703
188 1.49681
189 1.52291
190 1.53405
191 1.53787
192 1.54511
193 1.56055
194 1.56377
195 1.57433
196 1.5781
197 1.58661
198 1.59927
199 1.6061
200 1.6114
201 1.6146
202 1.62096
203 1.62853
204 1.63887
205 1.66506
206 1.67979
207 1.68336
208 1.685
209 1.69208
210 1.70577
211 1.73431
212 1.74565
213 1.75757
214 1.761
215 1.77961
216 1.78227
217 1.80775
218 1.81704
219 1.82042
220 1.82682
221 1.83812
222 1.84515
223 1.84718
224 1.85756
225 1.85972
226 1.87297
227 1.87468
228 1.88054
229 1.89331
230 1.92656
231 1.93075
232 1.94718
233 1.95295
234 1.95903
235 1.96335
236 1.97625
237 1.99378
238 2.00449
239 2.02045
240 2.05066
241 2.05337
242 2.06527
243 2.07477
244 2.08809
245 2.10168
246 2.1088
247 2.11488
248 2.13082
249 2.14526
250 2.15094
251 2.15261
252 2.16771
253 2.18561
254 2.19295
255 2.20664
256 2.21314
257 2.21881
258 2.23333
259 2.24293
260 2.25564
261 2.25828
262 2.27746
263 2.31548
264 2.31913
265 2.32579
266 2.32919
267 2.3354
268 2.35274
269 2.35974
270 2.37109
271 2.38532
272 2.39252
273 2.39921
274 2.40269
275 2.41847
276 2.42064
277 2.43681
278 2.44479
279 2.44809
280 2.46481
281 2.46716
282 2.46913
283 2.47128
284 2.47501
285 2.47733
286 2.48142
287 2.48783
288 2.49059
289 2.50778
290 2.52954
291 2.53427
292 2.54273
293 2.54621
294 2.55263
295 2.56706
296 2.57168
297 2.57327
298 2.5823
299 2.59535
300 2.60402
301 2.63598
302 2.64822
303 2.66069
304 2.665
305 2.67399
306 2.68673
307 2.69583
308 2.70231
309 2.70337
310 2.72028
311 2.72321
312 2.72732
313 2.7297
314 2.74166
315 2.74441
316 2.7508
317 2.75393
318 2.75751
319 2.76568
320 2.78158
321 2.80705
322 2.8238
323 2.84605
324 2.86728
325 2.87374
326 2.87608
327 2.88365
328 2.89
329 2.89272
330 2.89805
331 2.90024
332 2.90578
333 2.91021
334 2.91956
335 2.92362
336 2.92781
337 2.93218
338 2.94885
339 2.95463
340 2.95645
341 2.97309
342 2.97736
343 2.98235
344 2.98644
345 2.99682
