1 0.00324
2 0.01223
3 0.01643
4 0.02517
5 0.03115
6 0.03298
7 0.03789
8 0.05389
9 0.06014
10 0.0625
11 0.06801
12 0.08094
13 0.08926
14 0.09186
15 0.09587
16 0.11085
17 0.12292
18 0.12643
19 0.14207
20 0.14332
21 0.14698
22 0.14994
23 0.16479
24 0.16647
25 0.17358
26 0.18063
27 0.18439
28 0.19406
29 0.19804
30 0.20611
31 0.20836
32 0.21009
33 0.21425
34 0.22254
35 0.23122
36 0.24576
37 0.252
38 0.26291
39 0.27112
40 0.28319
41 0.28783
42 0.29172
43 0.29352
44 0.29904
45 0.30995
46 0.32432
47 0.33569
48 0.34739
49 0.35077
50 0.36338
51 0.37489
52 0.37775
53 0.38185
54 0.38961
55 0.39324
56 0.39564
57 0.39718
58 0.40167
59 0.41565
60 0.42869
61 0.434
62 0.43766
63 0.44443
64 0.44771
65 0.45271
66 0.45589
67 0.4631
68 0.47465
69 0.48028
70 0.49771
71 0.50851
72 0.51414
73 0.53517
74 0.54526
75 0.5614
76 0.57596
77 0.58476
78 0.60627
79 0.61561
80 0.62076
81 0.62764
82 0.63861
83 0.64772
84 0.65433
85 0.66451
86 0.68087
87 0.68544
88 0.69351
89 0.70172
90 0.71166
91 0.72735
92 0.73956
93 0.74676
94 0.75181
95 0.7532
96 0.75755
97 0.76315
98 0.78182
99 0.79288
100 0.80048
101 0.80897
102 0.81186
103 0.82827
104 0.8322
105 0.83495
106 0.84432
107 0.85232
108 0.87176
109 0.88539
110 0.89226
111 0.89707
112 0.89977
113 0.9074
114 0.92303
115 0.93129
116 0.93521
117 0.95787
118 0.96452
119 0.97431
120 0.99554
121 0.9982
122 1.01708
123 1.02211
124 1.03716
125 1.0443
126 1.05477
127 1.06143
128 1.07768
129 1.08034
130 1.08638
131 1.0988
132 1.10627
133 1.12123
134 1.13158
135 1.13308
136 1.14582
137 1.15799
138 1.1605
139 1.18087
140 1.19972
141 1.21267
142 1.22651
143 1.23904
144 1.24903
145 1.25231
146 1.26048
147 1.27194
148 1.27458
149 1.28826
150 1.28992
151 1.29662
152 1.30235
153 1.30387
154 1.31113
155 1.33342
156 1.33473
157 1.34019
158 1.34412
159 1.34816
160 1.35519
161 1.35867
162 1.3783
163 1.38554
164 1.39168
165 1.39526
166 1.39956
167 1.41397
168 1.42366
169 1.43785
170 1.45779
171 1.46912
172 1.495
173 1.51135
174 1.51296
175 1.51447
176 1.51859
177 1.52014
178 1.52253
179 1.53727
180 1.54521
181 1.55302
182 1.55712
183 1.5587
184 1.5626
185 1.57773
186 1.58829
187 1.59235
188 1.60874
189 1.61617
190 1.63537
191 1.64151
192 1.65403
193 1.66663
194 1.67729
195 1.68004
196 1.68263
197 1.68528
198 1.69358
199 1.7041
200 1.70655
201 1.70944
202 1.71895
203 1.72205
204 1.7435
205 1.74633
206 1.75059
207 1.75244
208 1.76408
209 1.77121
210 1.78346
211 1.79224
212 1.79523
213 1.80218
214 1.80942
215 1.82535
216 1.83171
217 1.8331
218 1.83616
219 1.85086
220 1.86227
221 1.88446
222 1.89939
223 1.90409
224 1.92608
225 1.93271
226 1.93761
227 1.94067
228 1.94732
229 1.95472
230 1.96338
231 1.96809
232 1.9845
233 1.99378
234 2.00467
235 2.01066
236 2.01745
237 2.01982
238 2.04153
239 2.06002
240 2.06695
241 2.08044
242 2.08233
243 2.09109
244 2.11376
245 2.11749
246 2.12237
247 2.13542
248 2.14067
249 2.14753
250 2.1634
251 2.17418
252 2.17708
253 2.18708
254 2.18981
255 2.2045
256 2.20905
257 2.22488
258 2.22749
259 2.24211
260 2.24915
261 2.25443
262 2.25841
263 2.26086
264 2.26845
265 2.28669
266 2.2933
267 2.30644
268 2.30877
269 2.32571
270 2.32799
271 2.33868
272 2.34381
273 2.35519
274 2.36911
275 2.37332
276 2.39374
277 2.40136
278 2.40863
279 2.42192
280 2.42868
281 2.43549
282 2.4418
283 2.47198
284 2.47818
285 2.50165
286 2.50858
287 2.51144
288 2.51276
289 2.51508
290 2.51754
291 2.522
292 2.53691
293 2.5605
294 2.56679
295 2.57294
296 2.57474
297 2.577
298 2.59977
299 2.60351
300 2.60762
301 2.62078
302 2.64262
303 2.64939
304 2.66112
305 2.6698
306 2.67612
307 2.68632
308 2.69259
309 2.70217
310 2.70358
311 2.70758
312 2.73276
313 2.74716
314 2.75155
315 2.76109
316 2.76482
317 2.77194
318 2.78434
319 2.79224
320 2.80652
321 2.82085
322 2.82764
323 2.83244
324 2.83913
325 2.84833
326 2.85809
327 2.89345
328 2.89856
329 2.90442
330 2.92223
331 2.93167
332 2.94052
333 2.94976
334 2.95264
335 2.96276
336 2.96549
337 2.98267
338 2.99971
