1 0.00489
2 0.00659
3 0.01706
4 0.03139
5 0.04071
6 0.05433
7 0.07078
8 0.07497
9 0.08809
10 0.0902
11 0.10816
12 0.11411
13 0.13397
14 0.14321
15 0.14445
16 0.17821
17 0.20522
18 0.21387
19 0.22276
20 0.23902
21 0.24636
22 0.25416
23 0.25808
24 0.26625
25 0.28742
26 0.29952
27 0.32265
28 0.32876
29 0.33671
30 0.36261
31 0.3887
32 0.40036
33 0.40902
34 0.42039
35 0.42606
36 0.44568
37 0.45196
38 0.46927
39 0.47319
40 0.47523
41 0.47721
42 0.50694
43 0.51459
44 0.53085
45 0.54153
46 0.54415
47 0.55041
48 0.56333
49 0.58877
50 0.59837
51 0.60323
52 0.61227
53 0.61367
54 0.61823
55 0.62544
56 0.62805
57 0.62919
58 0.63267
59 0.64589
60 0.65872
61 0.66097
62 0.67952
63 0.68463
64 0.70158
65 0.70909
66 0.71744
67 0.74542
68 0.75833
69 0.76644
70 0.7857
71 0.79017
72 0.80992
73 0.81899
74 0.83734
75 0.8538
76 0.86127
77 0.88159
78 0.88285
79 0.89118
80 0.89256
81 0.8945
82 0.90998
83 0.9256
84 0.94448
85 0.95547
86 0.97451
87 0.98066
88 0.99235
89 0.99598
90 0.99836
91 1.01772
92 1.0285
93 1.03372
94 1.03949
95 1.0435
96 1.05181
97 1.06162
98 1.08717
99 1.09064
100 1.09419
101 1.1021
102 1.1254
103 1.13171
104 1.13327
105 1.14033
106 1.1437
107 1.16472
108 1.16844
109 1.17231
110 1.18585
111 1.19232
112 1.2067
113 1.21064
114 1.23085
115 1.25422
116 1.26076
117 1.26643
118 1.27259
119 1.28448
120 1.31468
121 1.318
122 1.328
123 1.3406
124 1.34392
125 1.35745
126 1.36076
127 1.3637
128 1.36893
129 1.37215
130 1.3893
131 1.39962
132 1.40112
133 1.40463
134 1.40995
135 1.42037
136 1.43143
137 1.44492
138 1.45216
139 1.47072
140 1.47301
141 1.47823
142 1.49533
143 1.51475
144 1.52786
145 1.53444
146 1.5566
147 1.56619
148 1.59981
149 1.60129
150 1.61973
151 1.62243
152 1.62658
153 1.63351
154 1.63963
155 1.64904
156 1.67312
157 1.69388
158 1.7038
159 1.70619
160 1.71299
161 1.72689
162 1.73204
163 1.73819
164 1.73952
165 1.74515
166 1.75236
167 1.76174
168 1.77576
169 1.77904
170 1.78497
171 1.79666
172 1.81038
173 1.81814
174 1.84045
175 1.84803
176 1.85136
177 1.85455
178 1.86083
179 1.86538
180 1.87037
181 1.87219
182 1.87391
183 1.87958
184 1.88735
185 1.90486
186 1.9098
187 1.91345
188 1.91977
189 1.92389
190 1.93068
191 1.94858
192 1.95492
193 1.96106
194 1.9709
195 1.97576
196 1.98547
197 1.99349
198 1.99489
199 2.01511
200 2.05502
201 2.05889
202 2.07211
203 2.0771
204 2.07917
205 2.08661
206 2.09339
207 2.09897
208 2.10864
209 2.11541
210 2.12751
211 2.12882
212 2.13554
213 2.15695
214 2.16442
215 2.16726
216 2.17856
217 2.18868
218 2.19162
219 2.20814
220 2.2114
221 2.23339
222 2.23622
223 2.27763
224 2.30284
225 2.31063
226 2.32071
227 2.35804
228 2.36333
229 2.37927
230 2.3872
231 2.41986
232 2.42489
233 2.43275
234 2.44677
235 2.4567
236 2.47317
237 2.48388
238 2.49409
239 2.50635
240 2.52769
241 2.53694
242 2.54006
243 2.54345
244 2.5644
245 2.57137
246 2.57507
247 2.57682
248 2.59678
249 2.60001
250 2.60728
251 2.61412
252 2.62943
253 2.63102
254 2.64317
255 2.64614
256 2.64781
257 2.66007
258 2.66877
259 2.67248
260 2.67877
261 2.6867
262 2.69615
263 2.71366
264 2.72279
265 2.73434
266 2.75899
267 2.76292
268 2.78072
269 2.80218
270 2.80875
271 2.8137
272 2.8216
273 2.83272
274 2.83863
275 2.85798
276 2.8663
277 2.87856
278 2.88327
279 2.89545
280 2.90321
281 2.90764
282 2.91793
283 2.9245
284 2.93093
285 2.94263
286 2.94415
287 2.95449
288 2.9589
289 2.97047
290 2.9843
