1 0.0067
2 0.01494
3 0.02399
4 0.03111
5 0.03779
6 0.04068
7 0.04848
8 0.05125
9 0.05491
10 0.05653
11 0.07048
12 0.08342
13 0.0888
14 0.09311
15 0.09831
16 0.10521
17 0.1192
18 0.12757
19 0.13232
20 0.13722
21 0.1395
22 0.14874
23 0.15077
24 0.1532
25 0.16429
26 0.17296
27 0.18726
28 0.19868
29 0.20503
30 0.21255
31 0.22993
32 0.23716
33 0.24245
34 0.24362
35 0.24986
36 0.2527
37 0.25864
38 0.26207
39 0.27901
40 0.28533
41 0.28927
42 0.29582
43 0.30174
44 0.30746
45 0.32502
46 0.32715
47 0.33852
48 0.34596
49 0.34803
50 0.35729
51 0.36152
52 0.3697
53 0.37425
54 0.38004
55 0.38674
56 0.4008
57 0.40709
58 0.41826
59 0.42113
60 0.42446
61 0.42731
62 0.43158
63 0.44478
64 0.4652
65 0.46824
66 0.47487
67 0.47778
68 0.48106
69 0.49772
70 0.50094
71 0.50472
72 0.5066
73 0.51416
74 0.52852
75 0.54608
76 0.55024
77 0.55592
78 0.55868
79 0.56409
80 0.58643
81 0.59447
82 0.60445
83 0.61052
84 0.61389
85 0.61725
86 0.62666
87 0.62878
88 0.63295
89 0.63872
90 0.6491
91 0.65147
92 0.69022
93 0.7118
94 0.72377
95 0.74328
96 0.75603
97 0.76876
98 0.77414
99 0.79531
100 0.80536
101 0.80811
102 0.81292
103 0.82073
104 0.8261
105 0.83738
106 0.84552
107 0.84917
108 0.85531
109 0.8635
110 0.89159
111 0.90713
112 0.91968
113 0.94326
114 0.94726
115 0.95028
116 0.96092
117 0.96487
118 0.96911
119 0.97478
120 0.98806
121 0.99017
122 0.99447
123 1.00616
124 1.01177
125 1.0284
126 1.0402
127 1.04145
128 1.04925
129 1.06372
130 1.08272
131 1.08723
132 1.0932
133 1.09648
134 1.09959
135 1.10073
136 1.1037
137 1.10499
138 1.11013
139 1.11511
140 1.12256
141 1.13717
142 1.14127
143 1.14431
144 1.14769
145 1.15385
146 1.16266
147 1.17467
148 1.1771
149 1.17978
150 1.18274
151 1.18729
152 1.20281
153 1.20622
154 1.21654
155 1.22002
156 1.22941
157 1.23317
158 1.23874
159 1.24937
160 1.25732
161 1.26772
162 1.28216
163 1.30955
164 1.31649
165 1.31924
166 1.32401
167 1.32738
168 1.34926
169 1.35185
170 1.37834
171 1.38174
172 1.38718
173 1.41006
174 1.41978
175 1.43566
176 1.4408
177 1.44609
178 1.45705
179 1.46134
180 1.46468
181 1.46783
182 1.47335
183 1.47756
184 1.48224
185 1.48369
186 1.49051
187 1.52069
188 1.52291
189 1.52747
190 1.53902
191 1.54109
192 1.56193
193 1.57047
194 1.59188
195 1.59894
196 1.60092
197 1.60213
198 1.60626
199 1.6116
200 1.61413
201 1.62152
202 1.62747
203 1.63359
204 1.63578
205 1.65471
206 1.65859
207 1.67152
208 1.6744
209 1.67764
210 1.67918
211 1.70258
212 1.72142
213 1.72576
214 1.73519
215 1.73973
216 1.74126
217 1.74397
218 1.75254
219 1.75363
220 1.76481
221 1.7692
222 1.77994
223 1.78811
224 1.79697
225 1.80011
226 1.80679
227 1.81364
228 1.81572
229 1.82285
230 1.83027
231 1.83458
232 1.84257
233 1.84798
234 1.85962
235 1.8649
236 1.87005
237 1.88182
238 1.88988
239 1.89517
240 1.90545
241 1.91498
242 1.93067
243 1.93579
244 1.9378
245 1.95665
246 1.96604
247 1.96983
248 1.98501
249 1.99883
250 2.0009
251 2.01794
252 2.01915
253 2.02436
254 2.02822
255 2.0332
256 2.03814
257 2.04378
258 2.05075
259 2.05962
260 2.06217
261 2.08456
262 2.10122
263 2.10978
264 2.11586
265 2.12623
266 2.14361
267 2.14626
268 2.14904
269 2.16423
270 2.18087
271 2.18507
272 2.19613
273 2.20243
274 2.20449
275 2.21071
276 2.22038
277 2.22529
278 2.2308
279 2.23837
280 2.24128
281 2.24445
282 2.25585
283 2.26316
284 2.27174
285 2.27438
286 2.30267
287 2.30656
288 2.32922
289 2.34367
290 2.36741
291 2.37264
292 2.38289
293 2.40273
294 2.41023
295 2.41668
296 2.42289
297 2.42802
298 2.43302
299 2.44193
300 2.44419
301 2.44746
302 2.45952
303 2.46427
304 2.4678
305 2.47031
306 2.48926
307 2.49448
308 2.50036
309 2.50244
310 2.50841
311 2.51322
312 2.53401
313 2.54354
314 2.54498
315 2.55062
316 2.55759
317 2.56134
318 2.5658
319 2.58292
320 2.59281
321 2.59942
322 2.61842
323 2.63172
324 2.63743
325 2.65944
326 2.66224
327 2.67274
328 2.675
329 2.68814
330 2.69261
331 2.70183
332 2.71271
333 2.72647
334 2.72991
335 2.73343
336 2.74599
337 2.7513
338 2.75371
339 2.76116
340 2.77688
341 2.77802
342 2.78059
343 2.78337
344 2.80338
345 2.81379
346 2.82261
347 2.83069
348 2.8352
349 2.84325
350 2.84842
351 2.86045
352 2.86307
353 2.87177
354 2.88113
355 2.88662
356 2.91157
357 2.91669
358 2.92296
359 2.93577
360 2.95281
361 2.95908
362 2.96442
363 2.96662
364 2.97466
365 2.98023
366 2.98603
367 2.99878
