1 0.00389
2 0.00909
3 0.01312
4 0.01889
5 0.0255
6 0.02906
7 0.03123
8 0.03602
9 0.03784
10 0.04158
11 0.04681
12 0.04969
13 0.05702
14 0.05973
15 0.06301
16 0.06552
17 0.06885
18 0.08707
19 0.09723
20 0.10195
21 0.12003
22 0.12487
23 0.12911
24 0.13934
25 0.14236
26 0.16176
27 0.16743
28 0.17611
29 0.17845
30 0.18271
31 0.18817
32 0.19448
33 0.19952
34 0.21173
35 0.21318
36 0.21685
37 0.23664
38 0.23982
39 0.25122
40 0.2571
41 0.26096
42 0.26588
43 0.27173
44 0.28542
45 0.30855
46 0.31235
47 0.31385
48 0.31765
49 0.32042
50 0.33809
51 0.34023
52 0.34542
53 0.34979
54 0.35543
55 0.36189
56 0.36397
57 0.36888
58 0.37451
59 0.37749
60 0.40033
61 0.40229
62 0.41431
63 0.41969
64 0.42865
65 0.43132
66 0.44248
67 0.44516
68 0.4592
69 0.46538
70 0.47324
71 0.47768
72 0.48658
73 0.49111
74 0.49305
75 0.49665
76 0.5098
77 0.51166
78 0.51764
79 0.52037
80 0.5268
81 0.53112
82 0.54133
83 0.55455
84 0.56038
85 0.56466
86 0.57093
87 0.58757
88 0.59789
89 0.61089
90 0.61497
91 0.61674
92 0.61958
93 0.63853
94 0.64987
95 0.65711
96 0.66174
97 0.67083
98 0.6804
99 0.68169
100 0.68711
101 0.69085
102 0.71894
103 0.7266
104 0.73783
105 0.74358
106 0.75102
107 0.75688
108 0.76572
109 0.76957
110 0.77412
111 0.77938
112 0.7833
113 0.78636
114 0.80199
115 0.80881
116 0.81384
117 0.82077
118 0.83874
119 0.84673
120 0.86507
121 0.86909
122 0.8742
123 0.87814
124 0.88361
125 0.89243
126 0.89685
127 0.90602
128 0.91175
129 0.92393
130 0.92721
131 0.92903
132 0.93994
133 0.95187
134 0.96615
135 0.97472
136 0.97742
137 0.98022
138 0.9858
139 0.98905
140 0.99497
141 1.01219
142 1.01833
143 1.02163
144 1.02515
145 1.02808
146 1.03214
147 1.03447
148 1.03709
149 1.03904
150 1.04136
151 1.04429
152 1.04621
153 1.05581
154 1.06006
155 1.0712
156 1.0849
157 1.08744
158 1.08991
159 1.1084
160 1.11314
161 1.1222
162 1.12401
163 1.13057
164 1.14096
165 1.14794
166 1.16533
167 1.18017
168 1.1888
169 1.19604
170 1.20253
171 1.22239
172 1.24165
173 1.25117
174 1.25981
175 1.26397
176 1.2687
177 1.27105
178 1.27436
179 1.27803
180 1.28334
181 1.28551
182 1.30655
183 1.33713
184 1.34334
185 1.34661
186 1.34925
187 1.35202
188 1.36162
189 1.36775
190 1.37782
191 1.38089
192 1.39588
193 1.42136
194 1.4239
195 1.43122
196 1.43642
197 1.44416
198 1.47237
199 1.47428
200 1.47736
201 1.4818
202 1.48842
203 1.49051
204 1.49351
205 1.50845
206 1.5158
207 1.51897
208 1.52263
209 1.5273
210 1.5381
211 1.54112
212 1.55716
213 1.55834
214 1.56513
215 1.56906
216 1.59032
217 1.59269
218 1.59678
219 1.61203
220 1.62433
221 1.63051
222 1.64355
223 1.64512
224 1.64851
225 1.66116
226 1.6656
227 1.66765
228 1.67596
229 1.6848
230 1.69512
231 1.70218
232 1.71963
233 1.74164
234 1.7435
235 1.75787
236 1.76154
237 1.76561
238 1.76974
239 1.77086
240 1.77925
241 1.78921
242 1.79381
243 1.80425
244 1.8081
245 1.81416
246 1.81726
247 1.84216
248 1.84534
249 1.85029
250 1.85339
251 1.85967
252 1.86758
253 1.87347
254 1.88211
255 1.90759
256 1.91479
257 1.92445
258 1.93662
259 1.94534
260 1.96518
261 1.96943
262 1.97822
263 1.98707
264 1.9917
265 2.00887
266 2.01383
267 2.02173
268 2.02932
269 2.03116
270 2.0369
271 2.05471
272 2.05754
273 2.074
274 2.09193
275 2.09509
276 2.09952
277 2.10798
278 2.11227
279 2.11527
280 2.12846
281 2.12997
282 2.15104
283 2.17154
284 2.17722
285 2.18648
286 2.19391
287 2.19953
288 2.21149
289 2.21659
290 2.21835
291 2.22192
292 2.22531
293 2.23304
294 2.24602
295 2.25545
296 2.26
297 2.26413
298 2.26691
299 2.2797
300 2.28459
301 2.28757
302 2.30912
303 2.31093
304 2.31407
305 2.34373
306 2.35746
307 2.35995
308 2.36095
309 2.37041
310 2.37322
311 2.37586
312 2.37794
313 2.38434
314 2.39112
315 2.40048
316 2.4049
317 2.42457
318 2.43497
319 2.44396
320 2.45255
321 2.46783
322 2.47196
323 2.47682
324 2.48107
325 2.48947
326 2.49883
327 2.50837
328 2.51655
329 2.53566
330 2.54574
331 2.56121
332 2.58949
333 2.61789
334 2.62177
335 2.62484
336 2.6275
337 2.63152
338 2.63631
339 2.64002
340 2.64593
341 2.65142
342 2.66147
343 2.68053
344 2.68328
345 2.71029
346 2.7173
347 2.71877
348 2.72111
349 2.73747
350 2.74639
351 2.75583
352 2.76136
353 2.76341
354 2.76517
355 2.76976
356 2.77659
357 2.78026
358 2.80325
359 2.81229
360 2.83709
361 2.84244
362 2.84448
363 2.85385
364 2.85601
365 2.85849
366 2.86505
367 2.87439
368 2.87814
369 2.88415
370 2.88664
371 2.8996
372 2.91161
373 2.92038
374 2.92495
375 2.92723
376 2.92893
377 2.93454
378 2.93921
379 2.96365
380 2.9664
381 2.96769
382 2.97697
383 2.9818
