1 0.00738
2 0.01409
3 0.02397
4 0.03866
5 0.07573
6 0.08323
7 0.08672
8 0.09054
9 0.096
10 0.11014
11 0.11477
12 0.11611
13 0.12493
14 0.14959
15 0.15251
16 0.15815
17 0.16793
18 0.17403
19 0.18474
20 0.18969
21 0.20885
22 0.21642
23 0.22203
24 0.24809
25 0.25334
26 0.25927
27 0.264
28 0.28332
29 0.30552
30 0.32051
31 0.32567
32 0.32993
33 0.34246
34 0.3478
35 0.35585
36 0.36104
37 0.36435
38 0.37777
39 0.40035
40 0.41861
41 0.42718
42 0.43167
43 0.43737
44 0.45377
45 0.45955
46 0.46554
47 0.46759
48 0.47334
49 0.47449
50 0.48326
51 0.48875
52 0.4905
53 0.50009
54 0.51317
55 0.52974
56 0.53454
57 0.54003
58 0.54263
59 0.54845
60 0.56472
61 0.5709
62 0.57849
63 0.58558
64 0.61546
65 0.63376
66 0.65401
67 0.65574
68 0.66208
69 0.67533
70 0.68296
71 0.69514
72 0.70675
73 0.71253
74 0.71867
75 0.72048
76 0.72371
77 0.72512
78 0.72902
79 0.76134
80 0.83176
81 0.83862
82 0.85496
83 0.86806
84 0.874
85 0.88006
86 0.88865
87 0.90216
88 0.91519
89 0.91774
90 0.93127
91 0.93783
92 0.96234
93 0.96599
94 0.97283
95 0.98378
96 0.98589
97 1.0014
98 1.01237
99 1.01994
100 1.02667
101 1.03273
102 1.05135
103 1.05532
104 1.07122
105 1.08073
106 1.09494
107 1.10111
108 1.11384
109 1.11513
110 1.14471
111 1.15649
112 1.15956
113 1.1692
114 1.17393
115 1.17865
116 1.18272
117 1.18668
118 1.20769
119 1.21664
120 1.22091
121 1.22895
122 1.23615
123 1.24428
124 1.25829
125 1.27703
126 1.28681
127 1.31629
128 1.32362
129 1.35709
130 1.36247
131 1.36703
132 1.36882
133 1.40013
134 1.41132
135 1.41295
136 1.41676
137 1.43658
138 1.44017
139 1.46057
140 1.46559
141 1.47071
142 1.48456
143 1.50109
144 1.50503
145 1.51268
146 1.52217
147 1.53853
148 1.58149
149 1.58837
150 1.59402
151 1.61011
152 1.61142
153 1.61469
154 1.61723
155 1.62378
156 1.63056
157 1.64763
158 1.659
159 1.66899
160 1.68072
161 1.70437
162 1.7055
163 1.70862
164 1.72141
165 1.72504
166 1.74548
167 1.75808
168 1.77255
169 1.8124
170 1.82498
171 1.8339
172 1.84036
173 1.84831
174 1.85417
175 1.87769
176 1.88169
177 1.89116
178 1.91297
179 1.92113
180 1.92554
181 1.94196
182 1.95319
183 1.95634
184 1.96334
185 1.96501
186 1.98424
187 1.99828
188 2.02068
189 2.0247
190 2.04415
191 2.07077
192 2.07628
193 2.10496
194 2.12333
195 2.12602
196 2.135
197 2.15506
198 2.16575
199 2.16694
200 2.17152
201 2.17282
202 2.17822
203 2.18186
204 2.20329
205 2.21786
206 2.23617
207 2.25114
208 2.25427
209 2.25697
210 2.2609
211 2.26334
212 2.26708
213 2.27133
214 2.27291
215 2.27777
216 2.28185
217 2.3286
218 2.33332
219 2.34769
220 2.36573
221 2.38066
222 2.40178
223 2.42455
224 2.44403
225 2.45784
226 2.46307
227 2.47827
228 2.5085
229 2.56451
230 2.57186
231 2.57367
232 2.59097
233 2.5925
234 2.60141
235 2.60566
236 2.60784
237 2.62296
238 2.65298
239 2.65984
240 2.66287
241 2.67233
242 2.6811
243 2.69112
244 2.69297
245 2.70028
246 2.7041
247 2.71504
248 2.71623
249 2.72234
250 2.72377
251 2.72631
252 2.73503
253 2.7517
254 2.76104
255 2.76567
256 2.7676
257 2.76984
258 2.77792
259 2.78042
260 2.81633
261 2.81963
262 2.82459
263 2.83155
264 2.83282
265 2.84963
266 2.87587
267 2.88413
268 2.89946
269 2.91007
270 2.91727
271 2.924
272 2.92521
273 2.93251
274 2.94471
275 2.95597
276 2.96363
277 2.97907
