1 0.00246
2 0.00425
3 0.01132
4 0.01274
5 0.01526
6 0.01783
7 0.02099
8 0.02543
9 0.02897
10 0.03648
11 0.04298
12 0.04998
13 0.05408
14 0.05933
15 0.06567
16 0.06978
17 0.07605
18 0.07834
19 0.08291
20 0.08585
21 0.08964
22 0.10006
23 0.11471
24 0.12854
25 0.14059
26 0.14989
27 0.15073
28 0.15592
29 0.15757
30 0.16437
31 0.16831
32 0.17736
33 0.18547
34 0.19464
35 0.21058
36 0.21832
37 0.22062
38 0.22529
39 0.23232
40 0.23439
41 0.26205
42 0.27792
43 0.28518
44 0.29438
45 0.30141
46 0.30367
47 0.31844
48 0.31976
49 0.32608
50 0.33488
51 0.34053
52 0.34304
53 0.34758
54 0.35788
55 0.36605
56 0.36992
57 0.37331
58 0.37514
59 0.38237
60 0.39019
61 0.39608
62 0.40406
63 0.4069
64 0.41393
65 0.44828
66 0.45456
67 0.45711
68 0.46399
69 0.4722
70 0.48687
71 0.48927
72 0.50724
73 0.51066
74 0.51211
75 0.53391
76 0.53545
77 0.53841
78 0.55006
79 0.55613
80 0.56135
81 0.57056
82 0.58066
83 0.58958
84 0.5915
85 0.59653
86 0.60356
87 0.61226
88 0.62088
89 0.62338
90 0.62777
91 0.62973
92 0.63105
93 0.63981
94 0.64645
95 0.66482
96 0.66832
97 0.66948
98 0.67336
99 0.69051
100 0.69551
101 0.70396
102 0.70919
103 0.72577
104 0.73446
105 0.7442
106 0.75953
107 0.76189
108 0.76347
109 0.76469
110 0.77546
111 0.77756
112 0.78246
113 0.79069
114 0.80825
115 0.81707
116 0.82083
117 0.83478
118 0.8397
119 0.84145
120 0.84854
121 0.85319
122 0.86592
123 0.87158
124 0.8786
125 0.88194
126 0.89292
127 0.90163
128 0.90525
129 0.9083
130 0.92289
131 0.94265
132 0.94568
133 0.95356
134 0.9594
135 0.96289
136 0.97063
137 0.97555
138 0.98779
139 0.99152
140 1.00798
141 1.01357
142 1.01908
143 1.02653
144 1.03904
145 1.04776
146 1.05037
147 1.05628
148 1.06055
149 1.07271
150 1.0866
151 1.09081
152 1.09275
153 1.09649
154 1.09839
155 1.10962
156 1.11569
157 1.12089
158 1.12567
159 1.13087
160 1.13395
161 1.13535
162 1.1411
163 1.14609
164 1.15003
165 1.1557
166 1.15796
167 1.16989
168 1.18852
169 1.1969
170 1.20353
171 1.21273
172 1.21877
173 1.2238
174 1.22945
175 1.24383
176 1.25898
177 1.26376
178 1.26998
179 1.27217
180 1.27536
181 1.27924
182 1.2873
183 1.29476
184 1.29801
185 1.29963
186 1.30363
187 1.3051
188 1.30843
189 1.3203
190 1.33046
191 1.3363
192 1.34091
193 1.34647
194 1.34944
195 1.36007
196 1.36583
197 1.37054
198 1.37568
199 1.38796
200 1.39072
201 1.39667
202 1.4033
203 1.40694
204 1.41231
205 1.43239
206 1.45634
207 1.45955
208 1.46344
209 1.46548
210 1.47567
211 1.48057
212 1.50708
213 1.52691
214 1.53514
215 1.54257
216 1.5495
217 1.55107
218 1.56169
219 1.56807
220 1.58292
221 1.58433
222 1.58722
223 1.59474
224 1.59842
225 1.6018
226 1.60566
227 1.60691
228 1.62282
229 1.62696
230 1.6445
231 1.65515
232 1.67654
233 1.69059
234 1.69772
235 1.70355
236 1.72081
237 1.72255
238 1.73264
239 1.73395
240 1.75813
241 1.76355
242 1.7711
243 1.77283
244 1.77593
245 1.78233
246 1.79409
247 1.79742
248 1.80912
249 1.81159
250 1.81973
251 1.8226
252 1.82843
253 1.835
254 1.83764
255 1.84244
256 1.84525
257 1.84882
258 1.85274
259 1.85811
260 1.86913
261 1.87586
262 1.88049
263 1.88474
264 1.89032
265 1.89217
266 1.89535
267 1.89962
268 1.90671
269 1.91229
270 1.92175
271 1.92466
272 1.94181
273 1.94935
274 1.95291
275 1.96809
276 1.97619
277 1.97807
278 1.98238
279 1.98964
280 2.01099
281 2.01313
282 2.0188
283 2.02233
284 2.02453
285 2.02631
286 2.02986
287 2.03343
288 2.03841
289 2.05474
290 2.06221
291 2.06777
292 2.07641
293 2.09083
294 2.09825
295 2.10427
296 2.11294
297 2.12651
298 2.14466
299 2.14995
300 2.15227
301 2.16008
302 2.16168
303 2.1671
304 2.20447
305 2.21235
306 2.22094
307 2.22583
308 2.23361
309 2.24232
310 2.25063
311 2.25807
312 2.2686
313 2.28081
314 2.28485
315 2.28898
316 2.29329
317 2.29563
318 2.30337
319 2.30566
320 2.30844
321 2.31617
322 2.3202
323 2.33355
324 2.354
325 2.35797
326 2.36264
327 2.37212
328 2.37669
329 2.38006
330 2.39298
331 2.41188
332 2.41982
333 2.43806
334 2.44889
335 2.45535
336 2.46449
337 2.47116
338 2.47914
339 2.49137
340 2.51394
341 2.51833
342 2.52163
343 2.52382
344 2.53269
345 2.544
346 2.55278
347 2.55559
348 2.55811
349 2.56529
350 2.57621
351 2.59624
352 2.60142
353 2.60571
354 2.61442
355 2.61617
356 2.62272
357 2.62897
358 2.63997
359 2.64127
360 2.646
361 2.64956
362 2.65531
363 2.66529
364 2.69186
365 2.69573
366 2.70167
367 2.70579
368 2.71033
369 2.71442
370 2.72016
371 2.72144
372 2.72531
373 2.72868
374 2.74663
375 2.76616
376 2.77585
377 2.78523
378 2.79673
379 2.80285
380 2.8044
381 2.80841
382 2.81126
383 2.81472
384 2.82041
385 2.83148
386 2.83924
387 2.84109
388 2.84418
389 2.84637
390 2.85213
391 2.85849
392 2.86456
393 2.88322
394 2.88952
395 2.90517
396 2.91008
397 2.91314
398 2.95644
399 2.96448
400 2.96683
401 2.97004
402 2.97787
403 2.9796
404 2.99034
