1 0.00299
2 0.00577
3 0.00909
4 0.01961
5 0.02504
6 0.03891
7 0.04713
8 0.04962
9 0.06644
10 0.08043
11 0.08609
12 0.09853
13 0.10168
14 0.11592
15 0.13259
16 0.13773
17 0.14739
18 0.15659
19 0.16931
20 0.18363
21 0.1889
22 0.19042
23 0.19307
24 0.19473
25 0.21121
26 0.22888
27 0.23761
28 0.24366
29 0.24753
30 0.25839
31 0.27008
32 0.2744
33 0.28464
34 0.28784
35 0.30151
36 0.3064
37 0.33264
38 0.33371
39 0.34055
40 0.34889
41 0.36452
42 0.36852
43 0.37641
44 0.37899
45 0.38829
46 0.40139
47 0.416
48 0.41897
49 0.42361
50 0.42454
51 0.42959
52 0.43103
53 0.43657
54 0.44192
55 0.46115
56 0.46803
57 0.47347
58 0.48037
59 0.4817
60 0.50236
61 0.50723
62 0.52251
63 0.54066
64 0.55838
65 0.56235
66 0.57035
67 0.58869
68 0.5927
69 0.59958
70 0.60684
71 0.61418
72 0.62783
73 0.6368
74 0.65875
75 0.67739
76 0.70097
77 0.70513
78 0.71611
79 0.72349
80 0.72547
81 0.73204
82 0.74297
83 0.74704
84 0.75639
85 0.76167
86 0.76849
87 0.77105
88 0.78412
89 0.78978
90 0.80346
91 0.82057
92 0.83192
93 0.84046
94 0.86033
95 0.86587
96 0.86948
97 0.87923
98 0.88188
99 0.88939
100 0.89487
101 0.9145
102 0.92559
103 0.93492
104 0.94637
105 0.9554
106 0.95749
107 0.96275
108 0.96504
109 0.97118
110 0.97563
111 0.98478
112 1.00658
113 1.00908
114 1.01046
115 1.02516
116 1.04128
117 1.05385
118 1.05512
119 1.06035
120 1.06934
121 1.07967
122 1.09005
123 1.10715
124 1.1172
125 1.12363
126 1.13007
127 1.1421
128 1.15235
129 1.15847
130 1.17221
131 1.1851
132 1.19386
133 1.20654
134 1.21486
135 1.21783
136 1.23001
137 1.25194
138 1.25675
139 1.27009
140 1.27372
141 1.28593
142 1.29172
143 1.2939
144 1.30745
145 1.35307
146 1.36013
147 1.36992
148 1.37747
149 1.38939
150 1.41326
151 1.42028
152 1.44001
153 1.44846
154 1.45229
155 1.46754
156 1.47498
157 1.4761
158 1.48424
159 1.49933
160 1.50406
161 1.51451
162 1.5218
163 1.54066
164 1.54446
165 1.57212
166 1.5863
167 1.59718
168 1.60861
169 1.61643
170 1.61982
171 1.6272
172 1.66787
173 1.67764
174 1.68721
175 1.69036
176 1.7119
177 1.72669
178 1.7303
179 1.74035
180 1.74836
181 1.76337
182 1.77426
183 1.7855
184 1.78809
185 1.79673
186 1.80571
187 1.81039
188 1.83443
189 1.8452
190 1.88115
191 1.90105
192 1.92022
193 1.9359
194 1.95889
195 1.96227
196 1.97113
197 1.97766
198 1.98323
199 2.00029
200 2.02259
201 2.02929
202 2.03436
203 2.06218
204 2.07256
205 2.09005
206 2.1077
207 2.10901
208 2.11146
209 2.12057
210 2.12788
211 2.13633
212 2.16332
213 2.18759
214 2.22083
215 2.22876
216 2.23398
217 2.25434
218 2.26088
219 2.27627
220 2.27964
221 2.2871
222 2.30566
223 2.31493
224 2.33105
225 2.34322
226 2.35518
227 2.36206
228 2.36738
229 2.3743
230 2.37702
231 2.38096
232 2.41987
233 2.43845
234 2.4457
235 2.4502
236 2.47485
237 2.48221
238 2.48621
239 2.50606
240 2.52965
241 2.5446
242 2.55705
243 2.56665
244 2.57536
245 2.58593
246 2.60571
247 2.62295
248 2.63928
249 2.64223
250 2.65914
251 2.66632
252 2.67812
253 2.68941
254 2.70434
255 2.7143
256 2.72463
257 2.74545
258 2.76014
259 2.77539
260 2.78211
261 2.78487
262 2.79658
263 2.81191
264 2.84119
265 2.86183
266 2.86662
267 2.88219
268 2.88794
269 2.8918
270 2.91512
271 2.91844
272 2.92928
273 2.94242
274 2.95836
275 2.96538
276 2.98566
