1 0.00965
2 0.01154
3 0.01245
4 0.01678
5 0.02029
6 0.02442
7 0.02796
8 0.0406
9 0.04338
10 0.04473
11 0.04668
12 0.04963
13 0.06106
14 0.06328
15 0.07405
16 0.08142
17 0.08711
18 0.09237
19 0.10409
20 0.11229
21 0.11746
22 0.1196
23 0.12557
24 0.12781
25 0.14161
26 0.14558
27 0.14744
28 0.14989
29 0.15211
30 0.15564
31 0.16128
32 0.16423
33 0.16604
34 0.17568
35 0.17887
36 0.18216
37 0.18562
38 0.19895
39 0.20826
40 0.21124
41 0.21312
42 0.215
43 0.21946
44 0.22136
45 0.22594
46 0.22961
47 0.23841
48 0.2489
49 0.25403
50 0.26251
51 0.2639
52 0.26701
53 0.26799
54 0.27106
55 0.27463
56 0.28192
57 0.29045
58 0.29333
59 0.30028
60 0.31313
61 0.32065
62 0.32239
63 0.33519
64 0.3391
65 0.34558
66 0.36674
67 0.37381
68 0.37607
69 0.39465
70 0.40233
71 0.40874
72 0.41051
73 0.41215
74 0.41347
75 0.41798
76 0.42224
77 0.43213
78 0.44097
79 0.45892
80 0.46295
81 0.46544
82 0.46638
83 0.47187
84 0.4769
85 0.48684
86 0.49302
87 0.51508
88 0.51822
89 0.52408
90 0.53322
91 0.54175
92 0.55154
93 0.56653
94 0.58639
95 0.59281
96 0.60341
97 0.6125
98 0.61602
99 0.6219
100 0.62502
101 0.62667
102 0.63026
103 0.63565
104 0.63857
105 0.64969
106 0.65112
107 0.65372
108 0.66801
109 0.68128
110 0.6832
111 0.68855
112 0.69269
113 0.71222
114 0.73116
115 0.73776
116 0.74261
117 0.74615
118 0.75102
119 0.76409
120 0.76746
121 0.77263
122 0.77506
123 0.78614
124 0.7939
125 0.79563
126 0.8107
127 0.83822
128 0.84423
129 0.85047
130 0.85479
131 0.85676
132 0.86158
133 0.8636
134 0.86974
135 0.87359
136 0.88269
137 0.89296
138 0.90279
139 0.91041
140 0.93322
141 0.94206
142 0.96055
143 0.9621
144 0.96393
145 0.9697
146 0.97395
147 0.98331
148 0.98863
149 0.99369
150 0.99797
151 1.01469
152 1.01582
153 1.02054
154 1.02652
155 1.03081
156 1.04347
157 1.04889
158 1.0529
159 1.06212
160 1.06448
161 1.06743
162 1.07029
163 1.07211
164 1.07571
165 1.08496
166 1.08894
167 1.09461
168 1.10879
169 1.11344
170 1.12586
171 1.13441
172 1.13765
173 1.14136
174 1.14427
175 1.1519
176 1.19294
177 1.1967
178 1.20854
179 1.21229
180 1.21388
181 1.22699
182 1.23786
183 1.2401
184 1.24209
185 1.24496
186 1.26084
187 1.26685
188 1.26976
189 1.27204
190 1.27768
191 1.28544
192 1.29432
193 1.31294
194 1.31525
195 1.3189
196 1.32072
197 1.33659
198 1.33792
199 1.33895
200 1.35492
201 1.35844
202 1.36619
203 1.3784
204 1.37948
205 1.38249
206 1.38928
207 1.40364
208 1.42342
209 1.43658
210 1.43999
211 1.45841
212 1.46272
213 1.47241
214 1.47579
215 1.47817
216 1.48337
217 1.48757
218 1.49244
219 1.51203
220 1.51791
221 1.52288
222 1.52562
223 1.54293
224 1.56433
225 1.58461
226 1.58766
227 1.61508
228 1.61979
229 1.62273
230 1.63259
231 1.6376
232 1.64132
233 1.65084
234 1.65313
235 1.65772
236 1.6609
237 1.66971
238 1.67934
239 1.68718
240 1.69023
241 1.69807
242 1.71214
243 1.71611
244 1.72458
245 1.7517
246 1.7634
247 1.7678
248 1.77112
249 1.77288
250 1.78163
251 1.78976
252 1.79218
253 1.81555
254 1.82545
255 1.8343
256 1.83858
257 1.84176
258 1.84547
259 1.8534
260 1.86915
261 1.87721
262 1.88053
263 1.89036
264 1.89892
265 1.90774
266 1.91176
267 1.91392
268 1.91637
269 1.93411
270 1.94414
271 1.94635
272 1.96139
273 1.96482
274 1.96736
275 1.97144
276 1.97738
277 1.98216
278 1.98519
279 2.01156
280 2.01313
281 2.0171
282 2.01836
283 2.03619
284 2.04482
285 2.06258
286 2.0826
287 2.08466
288 2.09446
289 2.10792
290 2.11999
291 2.12301
292 2.13528
293 2.13722
294 2.13842
295 2.14507
296 2.14736
297 2.15204
298 2.15468
299 2.16123
300 2.16351
301 2.17868
302 2.18145
303 2.18403
304 2.18763
305 2.19447
306 2.21171
307 2.21373
308 2.22024
309 2.22909
310 2.23368
311 2.24542
312 2.26825
313 2.27385
314 2.27867
315 2.28212
316 2.29355
317 2.29706
318 2.31668
319 2.32324
320 2.33774
321 2.34201
322 2.34319
323 2.35837
324 2.35995
325 2.36442
326 2.3704
327 2.37937
328 2.38835
329 2.39706
330 2.40334
331 2.41237
332 2.41481
333 2.43272
334 2.43502
335 2.43804
336 2.46029
337 2.46426
338 2.47197
339 2.47679
340 2.48952
341 2.49845
342 2.51579
343 2.51944
344 2.53931
345 2.54986
346 2.56239
347 2.57231
348 2.58484
349 2.588
350 2.60038
351 2.61755
352 2.62221
353 2.63012
354 2.63481
355 2.63897
356 2.64055
357 2.64542
358 2.65588
359 2.65759
360 2.65908
361 2.66174
362 2.68117
363 2.6864
364 2.69028
365 2.69191
366 2.70743
367 2.71055
368 2.718
369 2.72724
370 2.73174
371 2.74618
372 2.74987
373 2.76617
374 2.76964
375 2.77531
376 2.79043
377 2.79807
378 2.81928
379 2.84138
380 2.84736
381 2.85316
382 2.85552
383 2.86063
384 2.86635
385 2.88121
386 2.89195
387 2.89755
388 2.90732
389 2.90881
390 2.93346
391 2.93631
392 2.9417
393 2.94484
394 2.96047
395 2.96377
396 2.9692
397 2.97127
398 2.98184
399 2.98507
400 2.99141
