1 0.00163
2 0.01291
3 0.01544
4 0.0187
5 0.02547
6 0.02989
7 0.03552
8 0.03851
9 0.03982
10 0.04104
11 0.04673
12 0.05234
13 0.05503
14 0.06797
15 0.07438
16 0.08225
17 0.08459
18 0.09532
19 0.10047
20 0.10396
21 0.11424
22 0.11567
23 0.12003
24 0.12306
25 0.12679
26 0.1474
27 0.16172
28 0.16313
29 0.16659
30 0.1709
31 0.17705
32 0.18038
33 0.19281
34 0.20173
35 0.20867
36 0.21069
37 0.21199
38 0.21995
39 0.22697
40 0.23246
41 0.2365
42 0.24491
43 0.24779
44 0.25391
45 0.25644
46 0.26927
47 0.27208
48 0.28201
49 0.29283
50 0.30469
51 0.32299
52 0.32596
53 0.33058
54 0.33684
55 0.36904
56 0.37299
57 0.37762
58 0.39623
59 0.39991
60 0.40725
61 0.41384
62 0.41656
63 0.4195
64 0.42498
65 0.42676
66 0.43746
67 0.44298
68 0.44642
69 0.45207
70 0.48322
71 0.48455
72 0.49165
73 0.49529
74 0.49857
75 0.50493
76 0.50881
77 0.5098
78 0.51349
79 0.51474
80 0.52296
81 0.53354
82 0.53573
83 0.54314
84 0.56584
85 0.56834
86 0.57305
87 0.58096
88 0.59153
89 0.61096
90 0.61854
91 0.62146
92 0.62342
93 0.63084
94 0.65323
95 0.67415
96 0.6781
97 0.68323
98 0.69572
99 0.70312
100 0.70564
101 0.71201
102 0.72662
103 0.74711
104 0.75202
105 0.75812
106 0.76539
107 0.77424
108 0.77918
109 0.78753
110 0.81291
111 0.81502
112 0.82016
113 0.82346
114 0.82915
115 0.83369
116 0.8467
117 0.86776
118 0.86984
119 0.87353
120 0.87484
121 0.89137
122 0.89978
123 0.90889
124 0.91212
125 0.92134
126 0.92973
127 0.94631
128 0.95605
129 0.96673
130 0.97438
131 0.98409
132 0.98976
133 0.99638
134 1.00205
135 1.01207
136 1.01889
137 1.02292
138 1.03719
139 1.04023
140 1.05269
141 1.06318
142 1.06851
143 1.07074
144 1.07624
145 1.08153
146 1.08907
147 1.11668
148 1.12256
149 1.14601
150 1.15637
151 1.16517
152 1.1678
153 1.16987
154 1.17698
155 1.17889
156 1.18601
157 1.1886
158 1.19237
159 1.202
160 1.2071
161 1.2131
162 1.22039
163 1.22479
164 1.23372
165 1.24072
166 1.25207
167 1.25824
168 1.26438
169 1.2655
170 1.27131
171 1.27657
172 1.27928
173 1.28624
174 1.28992
175 1.29307
176 1.2947
177 1.30676
178 1.3125
179 1.31817
180 1.32732
181 1.33449
182 1.34684
183 1.35995
184 1.36923
185 1.37924
186 1.40203
187 1.41565
188 1.41906
189 1.42515
190 1.42776
191 1.42956
192 1.43481
193 1.44185
194 1.44603
195 1.45321
196 1.49216
197 1.49933
198 1.51475
199 1.52548
200 1.52807
201 1.53102
202 1.54735
203 1.5539
204 1.55854
205 1.56413
206 1.56931
207 1.57714
208 1.58033
209 1.58431
210 1.59374
211 1.61703
212 1.6205
213 1.64585
214 1.64858
215 1.66365
216 1.67311
217 1.67657
218 1.68037
219 1.68323
220 1.69437
221 1.7031
222 1.7045
223 1.712
224 1.72204
225 1.72982
226 1.74578
227 1.74811
228 1.753
229 1.75611
230 1.75823
231 1.76482
232 1.76987
233 1.78067
234 1.80687
235 1.81458
236 1.81919
237 1.83186
238 1.84905
239 1.86598
240 1.89206
241 1.89573
242 1.90485
243 1.91096
244 1.91329
245 1.91685
246 1.92009
247 1.92425
248 1.92621
249 1.93322
250 1.93983
251 1.95025
252 1.97032
253 1.98098
254 1.98925
255 2.0011
256 2.00784
257 2.01452
258 2.03442
259 2.05215
260 2.06016
261 2.1018
262 2.11564
263 2.11783
264 2.1226
265 2.13285
266 2.16254
267 2.16473
268 2.16848
269 2.18249
270 2.18518
271 2.18771
272 2.19635
273 2.20227
274 2.21938
275 2.22504
276 2.25407
277 2.25862
278 2.2707
279 2.27989
280 2.28131
281 2.28481
282 2.30578
283 2.3203
284 2.32607
285 2.33982
286 2.36595
287 2.36893
288 2.39886
289 2.41054
290 2.41423
291 2.42505
292 2.43247
293 2.44262
294 2.46207
295 2.46742
296 2.47152
297 2.48299
298 2.4934
299 2.5014
300 2.51204
301 2.51937
302 2.53136
303 2.55723
304 2.56809
305 2.58082
306 2.61693
307 2.64218
308 2.65236
309 2.65917
310 2.66538
311 2.6894
312 2.69144
313 2.69512
314 2.69671
315 2.71197
316 2.73521
317 2.73704
318 2.74215
319 2.75005
320 2.7532
321 2.75799
322 2.7694
323 2.77953
324 2.78572
325 2.80433
326 2.80933
327 2.81389
328 2.81832
329 2.8249
330 2.83306
331 2.84547
332 2.86683
333 2.86832
334 2.87538
335 2.89368
336 2.90136
337 2.91287
338 2.92062
339 2.92582
340 2.93251
341 2.93537
342 2.94242
343 2.95473
344 2.96226
345 2.96564
346 2.97527
347 2.98083
348 2.98911
349 2.99505
