1 0.00344
2 0.00865
3 0.02404
4 0.03648
5 0.04598
6 0.0568
7 0.07085
8 0.07604
9 0.08381
10 0.08943
11 0.10656
12 0.10993
13 0.11614
14 0.12391
15 0.13234
16 0.13866
17 0.1445
18 0.15266
19 0.17853
20 0.19552
21 0.20913
22 0.21276
23 0.21894
24 0.22549
25 0.23709
26 0.25756
27 0.2622
28 0.28007
29 0.2823
30 0.28822
31 0.29431
32 0.31078
33 0.33574
34 0.34127
35 0.34785
36 0.37075
37 0.37742
38 0.40328
39 0.41708
40 0.43099
41 0.43522
42 0.4408
43 0.45246
44 0.46131
45 0.46928
46 0.47745
47 0.48554
48 0.50057
49 0.50204
50 0.50472
51 0.50957
52 0.54037
53 0.54309
54 0.568
55 0.57706
56 0.60276
57 0.6066
58 0.62219
59 0.6474
60 0.65274
61 0.65563
62 0.66173
63 0.66597
64 0.6766
65 0.68597
66 0.69027
67 0.697
68 0.7013
69 0.70527
70 0.7095
71 0.71741
72 0.73692
73 0.74302
74 0.75535
75 0.76415
76 0.77068
77 0.7828
78 0.80062
79 0.80315
80 0.81181
81 0.83775
82 0.85599
83 0.86003
84 0.87066
85 0.87701
86 0.88461
87 0.88875
88 0.90348
89 0.90598
90 0.91224
91 0.93705
92 0.94619
93 0.95216
94 0.95435
95 0.96564
96 0.97061
97 0.97804
98 0.98921
99 0.9954
100 0.99846
101 1.03261
102 1.0384
103 1.04876
104 1.05918
105 1.06949
106 1.07103
107 1.07584
108 1.09521
109 1.10859
110 1.10969
111 1.14009
112 1.14931
113 1.15352
114 1.16598
115 1.18154
116 1.19465
117 1.19974
118 1.20076
119 1.20812
120 1.23221
121 1.24085
122 1.24804
123 1.26791
124 1.28976
125 1.29111
126 1.29325
127 1.30413
128 1.31152
129 1.3203
130 1.32994
131 1.351
132 1.35608
133 1.35843
134 1.36479
135 1.3783
136 1.41125
137 1.42722
138 1.4332
139 1.43538
140 1.44829
141 1.45181
142 1.46416
143 1.46922
144 1.48574
145 1.50469
146 1.50936
147 1.51677
148 1.52501
149 1.52634
150 1.52835
151 1.53125
152 1.54131
153 1.54457
154 1.5517
155 1.56177
156 1.56551
157 1.56815
158 1.57825
159 1.58666
160 1.59278
161 1.60164
162 1.61135
163 1.61485
164 1.61728
165 1.62501
166 1.62619
167 1.64159
168 1.64525
169 1.66717
170 1.67408
171 1.69128
172 1.70296
173 1.71636
174 1.72326
175 1.72903
176 1.73381
177 1.74535
178 1.75434
179 1.77208
180 1.77568
181 1.77781
182 1.79497
183 1.79804
184 1.80236
185 1.82013
186 1.84715
187 1.85174
188 1.87424
189 1.91287
190 1.9221
191 1.93513
192 1.93896
193 1.94217
194 1.94899
195 1.96917
196 1.97416
197 1.98291
198 1.98537
199 2.03524
200 2.04416
201 2.04842
202 2.05209
203 2.05922
204 2.07904
205 2.08708
206 2.10644
207 2.10845
208 2.11218
209 2.11543
210 2.1261
211 2.13172
212 2.13819
213 2.15024
214 2.17373
215 2.18951
216 2.19334
217 2.19707
218 2.21917
219 2.22436
220 2.24133
221 2.24738
222 2.2533
223 2.26735
224 2.26907
225 2.27746
226 2.27847
227 2.27979
228 2.28518
229 2.29819
230 2.30788
231 2.31665
232 2.32044
233 2.33844
234 2.34684
235 2.35046
236 2.36559
237 2.37178
238 2.38199
239 2.38496
240 2.39242
241 2.40227
242 2.4451
243 2.45224
244 2.45977
245 2.46471
246 2.49768
247 2.50221
248 2.50885
249 2.51439
250 2.5313
251 2.53387
252 2.5427
253 2.54743
254 2.6025
255 2.61412
256 2.61877
257 2.62417
258 2.6265
259 2.6518
260 2.65969
261 2.67196
262 2.68195
263 2.69009
264 2.69124
265 2.70019
266 2.70263
267 2.7097
268 2.71897
269 2.72981
270 2.74
271 2.74545
272 2.75269
273 2.76101
274 2.77821
275 2.78054
276 2.784
277 2.7876
278 2.79359
279 2.80766
280 2.81488
281 2.81712
282 2.8292
283 2.83524
284 2.84958
285 2.85201
286 2.85526
287 2.85942
288 2.86319
289 2.87396
290 2.87978
291 2.89391
292 2.90231
293 2.92409
294 2.93765
295 2.94386
296 2.95869
297 2.96604
298 2.98005
299 2.98324
300 2.99741
