1 0.00656
2 0.01167
3 0.01354
4 0.01849
5 0.02696
6 0.04566
7 0.04741
8 0.05435
9 0.05982
10 0.065
11 0.0664
12 0.07484
13 0.07677
14 0.08424
15 0.08678
16 0.08803
17 0.09207
18 0.09434
19 0.10045
20 0.11356
21 0.11786
22 0.13804
23 0.15031
24 0.16289
25 0.16779
26 0.1692
27 0.17525
28 0.18193
29 0.19227
30 0.19531
31 0.20002
32 0.21092
33 0.21558
34 0.22631
35 0.25273
36 0.2586
37 0.2827
38 0.2929
39 0.29658
40 0.31141
41 0.33567
42 0.35868
43 0.36365
44 0.36655
45 0.37072
46 0.3808
47 0.3824
48 0.38513
49 0.40048
50 0.40648
51 0.43333
52 0.44056
53 0.45461
54 0.46904
55 0.47414
56 0.47867
57 0.48175
58 0.4928
59 0.50101
60 0.50588
61 0.50746
62 0.52312
63 0.52788
64 0.54851
65 0.55053
66 0.57531
67 0.58164
68 0.59596
69 0.60765
70 0.63261
71 0.63634
72 0.65299
73 0.6692
74 0.67367
75 0.67795
76 0.68324
77 0.6871
78 0.6932
79 0.70227
80 0.71081
81 0.713
82 0.72115
83 0.72763
84 0.73583
85 0.73776
86 0.74012
87 0.74517
88 0.7614
89 0.76434
90 0.77448
91 0.7852
92 0.79494
93 0.8002
94 0.8021
95 0.80726
96 0.81204
97 0.82231
98 0.82727
99 0.83073
100 0.8357
101 0.85008
102 0.85408
103 0.87281
104 0.88489
105 0.88739
106 0.89058
107 0.89703
108 0.9058
109 0.90905
110 0.91397
111 0.9159
112 0.91796
113 0.92418
114 0.93136
115 0.9393
116 0.94121
117 0.94494
118 0.95112
119 0.9595
120 0.9664
121 0.98218
122 0.99432
123 0.99863
124 1.00207
125 1.01389
126 1.01789
127 1.02484
128 1.02878
129 1.03707
130 1.04314
131 1.06446
132 1.07014
133 1.07643
134 1.08129
135 1.08445
136 1.08656
137 1.0878
138 1.08946
139 1.09441
140 1.10331
141 1.11189
142 1.12153
143 1.1435
144 1.14512
145 1.15152
146 1.16577
147 1.17038
148 1.18416
149 1.18977
150 1.19865
151 1.20398
152 1.20571
153 1.20847
154 1.21789
155 1.22396
156 1.22855
157 1.23667
158 1.24136
159 1.2498
160 1.26118
161 1.26461
162 1.279
163 1.2855
164 1.29404
165 1.29692
166 1.30036
167 1.30858
168 1.31341
169 1.32517
170 1.34158
171 1.34478
172 1.35098
173 1.35768
174 1.36405
175 1.36704
176 1.37141
177 1.38067
178 1.39843
179 1.40509
180 1.41537
181 1.42222
182 1.42502
183 1.42628
184 1.43071
185 1.43645
186 1.44762
187 1.45894
188 1.46155
189 1.47355
190 1.47777
191 1.49184
192 1.49531
193 1.50299
194 1.52341
195 1.53412
196 1.53833
197 1.55635
198 1.56294
199 1.57231
200 1.57993
201 1.58202
202 1.58578
203 1.58908
204 1.59032
205 1.59685
206 1.59873
207 1.60704
208 1.61349
209 1.62038
210 1.6232
211 1.62998
212 1.63334
213 1.64456
214 1.66249
215 1.67044
216 1.70102
217 1.72853
218 1.73015
219 1.73356
220 1.73888
221 1.74937
222 1.76385
223 1.76673
224 1.78443
225 1.79265
226 1.81318
227 1.82369
228 1.83864
229 1.85128
230 1.85577
231 1.8603
232 1.86194
233 1.88222
234 1.89168
235 1.8962
236 1.89941
237 1.91179
238 1.91671
239 1.94177
240 1.94516
241 1.94847
242 1.96122
243 1.96599
244 1.97991
245 1.99901
246 2.00456
247 2.01323
248 2.02246
249 2.02961
250 2.03811
251 2.05188
252 2.06066
253 2.07663
254 2.07865
255 2.09023
256 2.09128
257 2.09358
258 2.09591
259 2.101
260 2.10618
261 2.1138
262 2.14086
263 2.15723
264 2.16285
265 2.17869
266 2.18198
267 2.18646
268 2.19726
269 2.20281
270 2.21053
271 2.21973
272 2.22589
273 2.23066
274 2.23563
275 2.24843
276 2.25794
277 2.26469
278 2.26751
279 2.27636
280 2.29036
281 2.29289
282 2.3153
283 2.33464
284 2.33734
285 2.35321
286 2.35644
287 2.37112
288 2.37678
289 2.38381
290 2.38848
291 2.3964
292 2.41409
293 2.41863
294 2.43033
295 2.43826
296 2.44405
297 2.44774
298 2.45089
299 2.45276
300 2.46427
301 2.48018
302 2.48641
303 2.49272
304 2.50553
305 2.5107
306 2.51623
307 2.53395
308 2.5459
309 2.55884
310 2.57966
311 2.59044
312 2.59261
313 2.60793
314 2.6109
315 2.61601
316 2.62348
317 2.63033
318 2.6345
319 2.64249
320 2.64773
321 2.65453
322 2.65788
323 2.66249
324 2.66772
325 2.67779
326 2.68101
327 2.68477
328 2.69151
329 2.69826
330 2.71421
331 2.72029
332 2.72742
333 2.74824
334 2.75117
335 2.75266
336 2.76126
337 2.7671
338 2.77226
339 2.77426
340 2.79014
341 2.80427
342 2.81315
343 2.8241
344 2.83206
345 2.83578
346 2.83782
347 2.84461
348 2.85874
349 2.87929
350 2.91054
351 2.91301
352 2.92805
353 2.93267
354 2.93385
355 2.94309
356 2.95534
357 2.95688
358 2.98987
359 2.99472
