1 0.00585
2 0.00763
3 0.0099
4 0.01534
5 0.01675
6 0.0203
7 0.02328
8 0.02518
9 0.02849
10 0.03108
11 0.03707
12 0.04048
13 0.05074
14 0.05379
15 0.0699
16 0.0808
17 0.08403
18 0.08762
19 0.09449
20 0.09591
21 0.10702
22 0.10848
23 0.11251
24 0.11729
25 0.11995
26 0.12251
27 0.12824
28 0.13013
29 0.13675
30 0.138
31 0.14167
32 0.14801
33 0.15374
34 0.15806
35 0.16718
36 0.17405
37 0.17956
38 0.19146
39 0.1931
40 0.19817
41 0.20339
42 0.20617
43 0.20912
44 0.22236
45 0.22642
46 0.23231
47 0.24391
48 0.24798
49 0.25568
50 0.25748
51 0.26113
52 0.26528
53 0.26713
54 0.27321
55 0.27598
56 0.28795
57 0.29554
58 0.30264
59 0.30657
60 0.31123
61 0.31359
62 0.3279
63 0.33013
64 0.33553
65 0.36178
66 0.36748
67 0.37236
68 0.37774
69 0.38311
70 0.38901
71 0.39243
72 0.40357
73 0.40611
74 0.40723
75 0.41393
76 0.42001
77 0.43017
78 0.43325
79 0.43784
80 0.44544
81 0.45087
82 0.45322
83 0.45709
84 0.46022
85 0.47591
86 0.47978
87 0.48801
88 0.49406
89 0.50354
90 0.50808
91 0.51232
92 0.51488
93 0.5204
94 0.52231
95 0.52807
96 0.536
97 0.54036
98 0.55478
99 0.56061
100 0.56223
101 0.56358
102 0.57311
103 0.5777
104 0.58345
105 0.58521
106 0.5897
107 0.60835
108 0.61147
109 0.6288
110 0.63269
111 0.63764
112 0.65497
113 0.6597
114 0.66672
115 0.67268
116 0.67899
117 0.68932
118 0.69473
119 0.69931
120 0.70166
121 0.72065
122 0.72413
123 0.73155
124 0.73613
125 0.7425
126 0.74618
127 0.75096
128 0.7548
129 0.76107
130 0.767
131 0.77154
132 0.78098
133 0.78626
134 0.79141
135 0.80546
136 0.80986
137 0.81533
138 0.82861
139 0.84384
140 0.85784
141 0.86293
142 0.86726
143 0.87094
144 0.87689
145 0.8795
146 0.88455
147 0.89336
148 0.89574
149 0.89964
150 0.91076
151 0.91192
152 0.92457
153 0.92958
154 0.93596
155 0.94167
156 0.94772
157 0.95227
158 0.95812
159 0.95981
160 0.96984
161 0.97683
162 0.9875
163 0.99086
164 0.99815
165 1.00876
166 1.02965
167 1.0323
168 1.03856
169 1.04381
170 1.05157
171 1.05451
172 1.05876
173 1.06262
174 1.07942
175 1.08544
176 1.08657
177 1.08894
178 1.10259
179 1.10647
180 1.11298
181 1.11867
182 1.12015
183 1.13119
184 1.1355
185 1.13918
186 1.14619
187 1.17461
188 1.1771
189 1.18098
190 1.18562
191 1.19844
192 1.20329
193 1.22171
194 1.23454
195 1.23595
196 1.23903
197 1.24647
198 1.25059
199 1.25581
200 1.25962
201 1.26148
202 1.26452
203 1.27028
204 1.28376
205 1.28792
206 1.30654
207 1.33112
208 1.33724
209 1.34329
210 1.35554
211 1.35984
212 1.36072
213 1.36688
214 1.3804
215 1.39026
216 1.39218
217 1.39723
218 1.40627
219 1.41328
220 1.42492
221 1.43302
222 1.43965
223 1.44175
224 1.44605
225 1.44798
226 1.4517
227 1.45325
228 1.4558
229 1.46181
230 1.4709
231 1.4808
232 1.48766
233 1.49058
234 1.50271
235 1.50638
236 1.51085
237 1.51649
238 1.51972
239 1.53535
240 1.5536
241 1.56219
242 1.56313
243 1.57811
244 1.58343
245 1.58864
246 1.60967
247 1.61394
248 1.61816
249 1.62506
250 1.62953
251 1.63052
252 1.63656
253 1.63857
254 1.64305
255 1.64548
256 1.6481
257 1.65016
258 1.65612
259 1.66636
260 1.68322
261 1.68938
262 1.69695
263 1.70248
264 1.70566
265 1.71014
266 1.72293
267 1.72437
268 1.72799
269 1.7388
270 1.74626
271 1.75065
272 1.75215
273 1.7569
274 1.75947
275 1.77135
276 1.78006
277 1.78564
278 1.78956
279 1.80402
280 1.81033
281 1.82491
282 1.83379
283 1.85767
284 1.85931
285 1.86843
286 1.87364
287 1.87967
288 1.88714
289 1.8909
290 1.89287
291 1.8946
292 1.89904
293 1.90237
294 1.90882
295 1.92751
296 1.93537
297 1.94448
298 1.94921
299 1.95503
300 1.9619
301 1.96858
302 1.97478
303 1.97742
304 1.98876
305 1.99734
306 2.00224
307 2.00914
308 2.01524
309 2.01988
310 2.03303
311 2.06101
312 2.08185
313 2.08469
314 2.1085
315 2.11888
316 2.12467
317 2.13179
318 2.13674
319 2.14291
320 2.15381
321 2.15496
322 2.16227
323 2.16633
324 2.1714
325 2.17381
326 2.17736
327 2.1832
328 2.20081
329 2.20727
330 2.22339
331 2.22644
332 2.23256
333 2.23567
334 2.23829
335 2.24289
336 2.25
337 2.25817
338 2.26171
339 2.26271
340 2.26518
341 2.27018
342 2.29476
343 2.30238
344 2.30469
345 2.30802
346 2.32545
347 2.32701
348 2.33159
349 2.34017
350 2.36523
351 2.37884
352 2.39056
353 2.39514
354 2.40532
355 2.40748
356 2.41396
357 2.42675
358 2.44009
359 2.44336
360 2.45227
361 2.45986
362 2.47522
363 2.47945
364 2.48232
365 2.48493
366 2.48673
367 2.49325
368 2.49834
369 2.51696
370 2.52887
371 2.53362
372 2.55822
373 2.5784
374 2.58445
375 2.58925
376 2.60648
377 2.62281
378 2.63594
379 2.6405
380 2.64308
381 2.6455
382 2.65719
383 2.67782
384 2.68334
385 2.69189
386 2.69461
387 2.70135
388 2.71674
389 2.72914
390 2.7355
391 2.74186
392 2.74392
393 2.74792
394 2.75122
395 2.76066
396 2.76376
397 2.77414
398 2.77932
399 2.78437
400 2.78816
401 2.8048
402 2.8095
403 2.81524
404 2.82811
405 2.83087
406 2.84029
407 2.86791
408 2.87324
409 2.8767
410 2.88295
411 2.88543
412 2.89966
413 2.90627
414 2.91193
415 2.92818
416 2.93003
417 2.93513
418 2.94031
419 2.94188
420 2.94609
421 2.94713
422 2.94918
423 2.98104
424 2.98404
425 2.99199
