1 0.00532
2 0.0233
3 0.03029
4 0.0399
5 0.04183
6 0.05511
7 0.06616
8 0.06776
9 0.07447
10 0.08409
11 0.08577
12 0.08921
13 0.09637
14 0.10149
15 0.11522
16 0.12812
17 0.13262
18 0.13385
19 0.1409
20 0.15038
21 0.15285
22 0.15466
23 0.15602
24 0.16033
25 0.1677
26 0.17422
27 0.18765
28 0.19736
29 0.20366
30 0.20772
31 0.2152
32 0.22454
33 0.22773
34 0.23255
35 0.25048
36 0.25514
37 0.29187
38 0.29586
39 0.31125
40 0.32972
41 0.34469
42 0.34994
43 0.35385
44 0.38515
45 0.39109
46 0.4008
47 0.43592
48 0.4379
49 0.45052
50 0.46154
51 0.47151
52 0.48548
53 0.49349
54 0.4967
55 0.49945
56 0.50389
57 0.51899
58 0.52811
59 0.53264
60 0.53816
61 0.54704
62 0.55483
63 0.56855
64 0.5796
65 0.594
66 0.61469
67 0.62046
68 0.62761
69 0.63538
70 0.63837
71 0.64938
72 0.66799
73 0.68955
74 0.70551
75 0.70978
76 0.71921
77 0.72541
78 0.74212
79 0.76161
80 0.77542
81 0.78703
82 0.79258
83 0.80345
84 0.83281
85 0.83975
86 0.8641
87 0.86706
88 0.86873
89 0.88506
90 0.88935
91 0.90292
92 0.91079
93 0.9235
94 0.96445
95 0.97431
96 0.98942
97 1.00035
98 1.02403
99 1.02764
100 1.04204
101 1.05583
102 1.08103
103 1.08645
104 1.0981
105 1.10146
106 1.10294
107 1.11338
108 1.12721
109 1.13376
110 1.14362
111 1.14837
112 1.15443
113 1.16063
114 1.17936
115 1.20311
116 1.20606
117 1.22014
118 1.22922
119 1.23262
120 1.23534
121 1.24269
122 1.24591
123 1.24966
124 1.25599
125 1.26582
126 1.28843
127 1.30183
128 1.30516
129 1.31375
130 1.33168
131 1.33531
132 1.34987
133 1.35858
134 1.37084
135 1.37367
136 1.37734
137 1.38601
138 1.40038
139 1.46441
140 1.46807
141 1.47131
142 1.48847
143 1.50175
144 1.53799
145 1.54366
146 1.56438
147 1.58379
148 1.59047
149 1.59816
150 1.61385
151 1.62969
152 1.63588
153 1.64101
154 1.65238
155 1.66828
156 1.6915
157 1.70783
158 1.72489
159 1.72938
160 1.73097
161 1.73384
162 1.74034
163 1.74186
164 1.74894
165 1.75458
166 1.77045
167 1.78497
168 1.79137
169 1.79345
170 1.80454
171 1.80774
172 1.81425
173 1.83294
174 1.83624
175 1.84856
176 1.84998
177 1.85671
178 1.86357
179 1.87951
180 1.88718
181 1.89438
182 1.90708
183 1.90964
184 1.94214
185 1.96044
186 1.96553
187 1.96719
188 1.97597
189 1.97775
190 1.98277
191 1.99408
192 2.01432
193 2.02924
194 2.04045
195 2.04213
196 2.0454
197 2.05427
198 2.06164
199 2.07925
200 2.08686
201 2.08857
202 2.09037
203 2.09697
204 2.09904
205 2.10785
206 2.12035
207 2.13481
208 2.14246
209 2.14518
210 2.14925
211 2.15179
212 2.15675
213 2.18771
214 2.20575
215 2.20761
216 2.21991
217 2.22505
218 2.25905
219 2.2635
220 2.27617
221 2.29192
222 2.30411
223 2.31004
224 2.3357
225 2.3423
226 2.34948
227 2.36208
228 2.3709
229 2.38232
230 2.38397
231 2.3857
232 2.39456
233 2.39894
234 2.40399
235 2.44233
236 2.47555
237 2.47744
238 2.47902
239 2.4819
240 2.49159
241 2.50934
242 2.51193
243 2.51744
244 2.53842
245 2.54035
246 2.55195
247 2.5681
248 2.58929
249 2.59327
250 2.59773
251 2.60487
252 2.60999
253 2.63147
254 2.63986
255 2.64326
256 2.66653
257 2.67372
258 2.68497
259 2.7024
260 2.71217
261 2.71738
262 2.74054
263 2.74198
264 2.74337
265 2.75981
266 2.76577
267 2.78731
268 2.79697
269 2.79835
270 2.80309
271 2.80959
272 2.84668
273 2.85558
274 2.86449
275 2.87422
276 2.88141
277 2.8869
278 2.88904
279 2.89603
280 2.91248
281 2.92539
282 2.93694
283 2.97356
284 2.9824
285 2.98759
286 2.99539
