1 0.00325
2 0.00785
3 0.00969
4 0.01334
5 0.0174
6 0.03115
7 0.03512
8 0.04231
9 0.05167
10 0.0529
11 0.0692
12 0.08065
13 0.08328
14 0.09738
15 0.10557
16 0.11531
17 0.1187
18 0.12466
19 0.13422
20 0.13678
21 0.15091
22 0.15545
23 0.16359
24 0.17349
25 0.17896
26 0.1891
27 0.19612
28 0.19825
29 0.20228
30 0.22228
31 0.23905
32 0.24203
33 0.24871
34 0.2565
35 0.27546
36 0.2795
37 0.29285
38 0.30298
39 0.30708
40 0.32343
41 0.32983
42 0.34045
43 0.35568
44 0.35989
45 0.36382
46 0.36836
47 0.37802
48 0.38125
49 0.38586
50 0.3877
51 0.39235
52 0.39647
53 0.40581
54 0.41974
55 0.4228
56 0.42649
57 0.431
58 0.43584
59 0.43999
60 0.4477
61 0.45963
62 0.46425
63 0.46873
64 0.47961
65 0.4804
66 0.48244
67 0.48454
68 0.48712
69 0.49006
70 0.49234
71 0.50704
72 0.51001
73 0.51369
74 0.5182
75 0.53641
76 0.54345
77 0.55017
78 0.56609
79 0.5691
80 0.57434
81 0.5786
82 0.58318
83 0.59544
84 0.60575
85 0.60915
86 0.6129
87 0.61887
88 0.62487
89 0.62808
90 0.62968
91 0.63678
92 0.64155
93 0.64362
94 0.64586
95 0.65297
96 0.65931
97 0.6706
98 0.67307
99 0.67483
100 0.68606
101 0.69152
102 0.69364
103 0.69699
104 0.70117
105 0.70699
106 0.71935
107 0.72249
108 0.73993
109 0.75711
110 0.76362
111 0.76866
112 0.7783
113 0.78224
114 0.80101
115 0.81078
116 0.82207
117 0.85179
118 0.85774
119 0.86363
120 0.878
121 0.88101
122 0.88448
123 0.89759
124 0.90713
125 0.91105
126 0.92314
127 0.9357
128 0.94304
129 0.94588
130 0.94883
131 0.95072
132 0.95561
133 0.96467
134 0.97151
135 0.97383
136 0.98087
137 0.98756
138 0.98846
139 1.00749
140 1.0116
141 1.02857
142 1.03301
143 1.05179
144 1.05683
145 1.06022
146 1.06414
147 1.0716
148 1.07276
149 1.08571
150 1.08761
151 1.08918
152 1.09971
153 1.10915
154 1.11206
155 1.12117
156 1.12348
157 1.13282
158 1.13734
159 1.14902
160 1.1526
161 1.16235
162 1.17123
163 1.17476
164 1.17843
165 1.18114
166 1.18588
167 1.1913
168 1.19377
169 1.19948
170 1.22006
171 1.22112
172 1.23028
173 1.24976
174 1.2567
175 1.2636
176 1.27006
177 1.2782
178 1.28202
179 1.28633
180 1.3023
181 1.30569
182 1.32549
183 1.32708
184 1.33103
185 1.33941
186 1.35293
187 1.35845
188 1.36469
189 1.37057
190 1.37936
191 1.38164
192 1.38547
193 1.38789
194 1.39362
195 1.40055
196 1.41147
197 1.42277
198 1.42995
199 1.43632
200 1.44552
201 1.46714
202 1.47676
203 1.50248
204 1.50841
205 1.50995
206 1.51408
207 1.53004
208 1.53313
209 1.54868
210 1.55306
211 1.56802
212 1.572
213 1.57433
214 1.57791
215 1.58487
216 1.6003
217 1.60788
218 1.61043
219 1.62021
220 1.628
221 1.6297
222 1.63873
223 1.64188
224 1.65085
225 1.65498
226 1.67326
227 1.67582
228 1.68053
229 1.68302
230 1.69792
231 1.70266
232 1.72603
233 1.73775
234 1.74521
235 1.74763
236 1.75208
237 1.75414
238 1.75961
239 1.76965
240 1.77731
241 1.78239
242 1.79265
243 1.80619
244 1.82287
245 1.83953
246 1.85361
247 1.8596
248 1.86789
249 1.88012
250 1.88684
251 1.89218
252 1.89982
253 1.91965
254 1.9239
255 1.93967
256 1.94239
257 1.94662
258 1.94968
259 1.9708
260 1.97721
261 1.98581
262 2.00538
263 2.00921
264 2.01172
265 2.01927
266 2.02872
267 2.03848
268 2.04422
269 2.05461
270 2.05988
271 2.06124
272 2.0737
273 2.07838
274 2.08018
275 2.1011
276 2.10818
277 2.10939
278 2.11527
279 2.11865
280 2.12637
281 2.13137
282 2.1356
283 2.14097
284 2.14374
285 2.14879
286 2.15612
287 2.17013
288 2.18341
289 2.19044
290 2.19648
291 2.20023
292 2.20239
293 2.20491
294 2.21724
295 2.22127
296 2.22506
297 2.22635
298 2.2337
299 2.23824
300 2.26118
301 2.27748
302 2.28228
303 2.2842
304 2.28945
305 2.30986
306 2.32185
307 2.33163
308 2.34527
309 2.35089
310 2.35355
311 2.36365
312 2.36995
313 2.3747
314 2.38406
315 2.38846
316 2.39117
317 2.39408
318 2.40361
319 2.41025
320 2.42225
321 2.42929
322 2.43116
323 2.4464
324 2.45705
325 2.47036
326 2.4818
327 2.50939
328 2.51178
329 2.51447
330 2.52189
331 2.52954
332 2.5373
333 2.54179
334 2.55422
335 2.57221
336 2.60159
337 2.60876
338 2.61357
339 2.61728
340 2.62105
341 2.63135
342 2.63683
343 2.63934
344 2.64747
345 2.65389
346 2.66145
347 2.67075
348 2.67517
349 2.67929
350 2.68478
351 2.7027
352 2.70561
353 2.72253
354 2.73076
355 2.73526
356 2.73762
357 2.74245
358 2.75502
359 2.76337
360 2.76775
361 2.78232
362 2.80385
363 2.80842
364 2.8129
365 2.82367
366 2.82725
367 2.83599
368 2.85333
369 2.86271
370 2.8678
371 2.8714
372 2.88247
373 2.88783
374 2.89335
375 2.92947
376 2.93753
377 2.94764
378 2.95445
379 2.95935
380 2.96146
381 2.97079
382 2.97574
383 2.98007
384 2.98226
385 2.98813
