1 0.00914
2 0.01089
3 0.01272
4 0.01759
5 0.0218
6 0.02796
7 0.03272
8 0.04074
9 0.05308
10 0.05657
11 0.06213
12 0.0644
13 0.06641
14 0.07132
15 0.08377
16 0.0911
17 0.0931
18 0.10098
19 0.11795
20 0.11908
21 0.12069
22 0.12917
23 0.13815
24 0.14779
25 0.16454
26 0.1679
27 0.17232
28 0.17495
29 0.18285
30 0.18722
31 0.19612
32 0.2039
33 0.20977
34 0.21976
35 0.22189
36 0.22485
37 0.23769
38 0.23993
39 0.24304
40 0.25923
41 0.26758
42 0.28579
43 0.28793
44 0.29084
45 0.29379
46 0.29918
47 0.30307
48 0.30521
49 0.3073
50 0.31156
51 0.315
52 0.31662
53 0.31926
54 0.33989
55 0.34817
56 0.35453
57 0.35561
58 0.36501
59 0.3715
60 0.37715
61 0.38376
62 0.40119
63 0.41169
64 0.41347
65 0.41912
66 0.42664
67 0.43034
68 0.43619
69 0.4412
70 0.44878
71 0.4544
72 0.45688
73 0.48792
74 0.4978
75 0.51272
76 0.51794
77 0.51993
78 0.52998
79 0.53457
80 0.53864
81 0.5506
82 0.55365
83 0.56266
84 0.56906
85 0.5721
86 0.57526
87 0.59012
88 0.59844
89 0.6003
90 0.60307
91 0.6228
92 0.6468
93 0.66251
94 0.66807
95 0.68251
96 0.68677
97 0.69476
98 0.70366
99 0.70481
100 0.70964
101 0.71913
102 0.72233
103 0.7314
104 0.73396
105 0.74046
106 0.74649
107 0.76124
108 0.76495
109 0.76689
110 0.7704
111 0.7843
112 0.80551
113 0.81024
114 0.84269
115 0.85101
116 0.86563
117 0.86847
118 0.87138
119 0.87611
120 0.89706
121 0.9086
122 0.91484
123 0.91684
124 0.92074
125 0.92793
126 0.9323
127 0.9401
128 0.94964
129 0.96066
130 0.96436
131 0.96971
132 0.97866
133 0.9849
134 0.98877
135 0.99237
136 1.01105
137 1.01426
138 1.0357
139 1.03856
140 1.04076
141 1.04497
142 1.05316
143 1.05615
144 1.05919
145 1.0724
146 1.07471
147 1.08093
148 1.09807
149 1.101
150 1.10407
151 1.11601
152 1.11838
153 1.12311
154 1.1257
155 1.14005
156 1.14435
157 1.14638
158 1.16521
159 1.17174
160 1.17427
161 1.17733
162 1.18156
163 1.18671
164 1.18975
165 1.19289
166 1.19555
167 1.20001
168 1.2093
169 1.21344
170 1.21634
171 1.22058
172 1.2232
173 1.22846
174 1.23015
175 1.23875
176 1.24213
177 1.24566
178 1.25825
179 1.26887
180 1.27697
181 1.28168
182 1.28774
183 1.30234
184 1.32691
185 1.33961
186 1.3484
187 1.35248
188 1.36355
189 1.37056
190 1.37227
191 1.37556
192 1.38104
193 1.38627
194 1.39477
195 1.39917
196 1.40632
197 1.41314
198 1.42139
199 1.42311
200 1.42936
201 1.43197
202 1.43917
203 1.45741
204 1.46435
205 1.46901
206 1.47865
207 1.48549
208 1.48705
209 1.4941
210 1.51127
211 1.51891
212 1.5409
213 1.55019
214 1.55188
215 1.55717
216 1.55987
217 1.56587
218 1.59048
219 1.59523
220 1.59695
221 1.61467
222 1.61791
223 1.62266
224 1.62482
225 1.63702
226 1.65676
227 1.66075
228 1.66485
229 1.67029
230 1.67869
231 1.68831
232 1.69232
233 1.69423
234 1.70213
235 1.70705
236 1.71059
237 1.72486
238 1.74119
239 1.7597
240 1.76693
241 1.77333
242 1.78923
243 1.79777
244 1.80053
245 1.80891
246 1.81653
247 1.82391
248 1.84216
249 1.84496
250 1.85616
251 1.8611
252 1.86957
253 1.87337
254 1.89707
255 1.91397
256 1.91857
257 1.92323
258 1.93275
259 1.93893
260 1.94114
261 1.9429
262 1.94407
263 1.95236
264 1.96016
265 1.96288
266 1.97451
267 1.99017
268 1.99398
269 2.01112
270 2.01258
271 2.01593
272 2.02068
273 2.02657
274 2.0393
275 2.05789
276 2.06396
277 2.06735
278 2.09238
279 2.09609
280 2.0983
281 2.10198
282 2.11717
283 2.12216
284 2.12496
285 2.14366
286 2.15957
287 2.1692
288 2.17625
289 2.18045
290 2.1848
291 2.18746
292 2.18966
293 2.1952
294 2.20868
295 2.21307
296 2.2148
297 2.21959
298 2.22486
299 2.24186
300 2.25088
301 2.26027
302 2.26811
303 2.27285
304 2.30073
305 2.30412
306 2.31359
307 2.31463
308 2.32834
309 2.34172
310 2.34588
311 2.35149
312 2.35577
313 2.37483
314 2.3791
315 2.39114
316 2.40737
317 2.41239
318 2.4155
319 2.41817
320 2.42823
321 2.43418
322 2.44025
323 2.44299
324 2.4467
325 2.45606
326 2.47227
327 2.47691
328 2.48008
329 2.48426
330 2.49161
331 2.4954
332 2.51154
333 2.52006
334 2.52618
335 2.53543
336 2.54255
337 2.55179
338 2.56116
339 2.56265
340 2.57296
341 2.5786
342 2.5947
343 2.59983
344 2.60389
345 2.60945
346 2.61859
347 2.62444
348 2.63173
349 2.63423
350 2.64676
351 2.66033
352 2.66904
353 2.67576
354 2.67961
355 2.68536
356 2.68655
357 2.69404
358 2.69951
359 2.70399
360 2.70709
361 2.71226
362 2.71511
363 2.73479
364 2.74336
365 2.75026
366 2.76021
367 2.7625
368 2.76472
369 2.76846
370 2.77067
371 2.77522
372 2.78148
373 2.78928
374 2.80015
375 2.80715
376 2.81061
377 2.82743
378 2.84115
379 2.84433
380 2.8624
381 2.87189
382 2.87627
383 2.88112
384 2.89047
385 2.908
386 2.91456
387 2.92511
388 2.93366
389 2.93564
390 2.94094
391 2.94574
392 2.95489
393 2.9571
394 2.96427
395 2.97708
396 2.9902
