1 0.008
2 0.01636
3 0.01911
4 0.03166
5 0.03484
6 0.03787
7 0.0398
8 0.04101
9 0.05022
10 0.05456
11 0.06309
12 0.06751
13 0.06961
14 0.08102
15 0.09285
16 0.09908
17 0.10297
18 0.111
19 0.12513
20 0.12913
21 0.1399
22 0.1518
23 0.15332
24 0.17566
25 0.19234
26 0.19469
27 0.2098
28 0.23221
29 0.24759
30 0.25199
31 0.26015
32 0.26334
33 0.2742
34 0.27596
35 0.29234
36 0.30006
37 0.30777
38 0.31532
39 0.32265
40 0.33239
41 0.34969
42 0.36954
43 0.38649
44 0.41179
45 0.4139
46 0.4206
47 0.42915
48 0.43517
49 0.43711
50 0.45857
51 0.46348
52 0.46665
53 0.46963
54 0.48055
55 0.49033
56 0.50276
57 0.50674
58 0.5141
59 0.51974
60 0.52384
61 0.52724
62 0.54891
63 0.55825
64 0.56711
65 0.5727
66 0.57804
67 0.58917
68 0.59367
69 0.5989
70 0.60001
71 0.61651
72 0.62938
73 0.63927
74 0.65601
75 0.65753
76 0.6686
77 0.68798
78 0.69892
79 0.70957
80 0.72063
81 0.74105
82 0.74675
83 0.75063
84 0.76342
85 0.77058
86 0.79131
87 0.79599
88 0.80396
89 0.81792
90 0.81947
91 0.82196
92 0.82924
93 0.83121
94 0.83921
95 0.84703
96 0.85325
97 0.85893
98 0.88588
99 0.88997
100 0.89641
101 0.90011
102 0.90826
103 0.90984
104 0.92622
105 0.93803
106 0.95207
107 0.95937
108 0.96122
109 0.96968
110 0.98744
111 0.99021
112 0.99841
113 1.00598
114 1.01562
115 1.02038
116 1.02311
117 1.02879
118 1.04135
119 1.04247
120 1.0454
121 1.0596
122 1.07416
123 1.09086
124 1.09397
125 1.09985
126 1.10625
127 1.11442
128 1.12119
129 1.12525
130 1.14111
131 1.14598
132 1.15014
133 1.15597
134 1.16312
135 1.16571
136 1.17069
137 1.17949
138 1.19528
139 1.20171
140 1.22101
141 1.2319
142 1.25001
143 1.25618
144 1.2597
145 1.26274
146 1.26894
147 1.27394
148 1.28318
149 1.28988
150 1.30203
151 1.30989
152 1.32463
153 1.33118
154 1.3325
155 1.34445
156 1.34971
157 1.3597
158 1.36496
159 1.38877
160 1.39318
161 1.39522
162 1.40165
163 1.43281
164 1.4502
165 1.45803
166 1.46349
167 1.46498
168 1.50694
169 1.51955
170 1.53597
171 1.54502
172 1.55705
173 1.5606
174 1.56251
175 1.57272
176 1.58356
177 1.5947
178 1.60477
179 1.62873
180 1.63473
181 1.64106
182 1.65056
183 1.6616
184 1.6746
185 1.68536
186 1.68868
187 1.69395
188 1.69831
189 1.70775
190 1.71647
191 1.72809
192 1.73985
193 1.74595
194 1.74894
195 1.77071
196 1.77266
197 1.77889
198 1.78792
199 1.79083
200 1.79684
201 1.80827
202 1.81586
203 1.81753
204 1.82378
205 1.83093
206 1.84221
207 1.84512
208 1.84715
209 1.85674
210 1.86934
211 1.88277
212 1.89893
213 1.91774
214 1.92221
215 1.92797
216 1.94184
217 1.95089
218 1.9615
219 1.96666
220 1.96837
221 1.97116
222 1.97868
223 1.99204
224 2.00173
225 2.03661
226 2.03952
227 2.04401
228 2.05631
229 2.05782
230 2.06244
231 2.07496
232 2.08582
233 2.0876
234 2.09506
235 2.09913
236 2.10272
237 2.11185
238 2.12665
239 2.13921
240 2.15441
241 2.15551
242 2.16288
243 2.18015
244 2.18276
245 2.18933
246 2.20046
247 2.2033
248 2.21292
249 2.22159
250 2.23487
251 2.24598
252 2.25016
253 2.25499
254 2.25744
255 2.26062
256 2.26633
257 2.27889
258 2.28547
259 2.28764
260 2.30074
261 2.31977
262 2.33139
263 2.3356
264 2.34721
265 2.3512
266 2.36467
267 2.38307
268 2.38736
269 2.39655
270 2.40225
271 2.40992
272 2.42765
273 2.45075
274 2.45506
275 2.46292
276 2.47086
277 2.47747
278 2.48324
279 2.48722
280 2.49216
281 2.49844
282 2.5013
283 2.51201
284 2.51679
285 2.54146
286 2.56288
287 2.5653
288 2.57007
289 2.57914
290 2.58573
291 2.58901
292 2.59397
293 2.5988
294 2.6196
295 2.65206
296 2.65989
297 2.66166
298 2.6628
299 2.66982
300 2.68138
301 2.70018
302 2.70465
303 2.71697
304 2.72127
305 2.7297
306 2.73881
307 2.7429
308 2.74697
309 2.75257
310 2.75934
311 2.77832
312 2.78846
313 2.79421
314 2.79785
315 2.80655
316 2.81977
317 2.8216
318 2.8397
319 2.85009
320 2.85816
321 2.88045
322 2.88771
323 2.89199
324 2.91033
325 2.92316
326 2.92599
327 2.92739
328 2.93788
329 2.94876
330 2.95677
331 2.96682
332 2.96918
333 2.97498
334 2.99164
335 2.99787
