1 0.01383
2 0.01828
3 0.02369
4 0.03734
5 0.04731
6 0.05447
7 0.0749
8 0.08325
9 0.08576
10 0.09029
11 0.09496
12 0.11692
13 0.12161
14 0.12426
15 0.12683
16 0.14526
17 0.14944
18 0.16497
19 0.19915
20 0.20073
21 0.20447
22 0.2099
23 0.21317
24 0.21745
25 0.2246
26 0.2273
27 0.24779
28 0.24974
29 0.25932
30 0.27281
31 0.27852
32 0.28148
33 0.28929
34 0.30476
35 0.3154
36 0.33764
37 0.35259
38 0.35858
39 0.38942
40 0.39471
41 0.39942
42 0.41732
43 0.42652
44 0.44409
45 0.4467
46 0.45518
47 0.4643
48 0.46981
49 0.47088
50 0.47765
51 0.5149
52 0.51874
53 0.52017
54 0.52378
55 0.53452
56 0.53988
57 0.55308
58 0.58296
59 0.59666
60 0.62612
61 0.64734
62 0.65578
63 0.66351
64 0.67615
65 0.69584
66 0.69967
67 0.70215
68 0.70729
69 0.73017
70 0.74032
71 0.75374
72 0.75513
73 0.75734
74 0.76352
75 0.76932
76 0.77932
77 0.79151
78 0.80598
79 0.81066
80 0.81338
81 0.83177
82 0.83341
83 0.83477
84 0.84222
85 0.85239
86 0.85738
87 0.85929
88 0.86144
89 0.86968
90 0.89887
91 0.90512
92 0.90763
93 0.92623
94 0.92865
95 0.93705
96 0.94902
97 0.96357
98 0.9892
99 0.99089
100 1.00122
101 1.01267
102 1.01527
103 1.01792
104 1.04189
105 1.0594
106 1.08046
107 1.08742
108 1.09095
109 1.09644
110 1.09962
111 1.11862
112 1.1246
113 1.13365
114 1.13619
115 1.13889
116 1.14957
117 1.15073
118 1.16382
119 1.16906
120 1.18992
121 1.20508
122 1.20763
123 1.21918
124 1.22962
125 1.23567
126 1.24676
127 1.25483
128 1.25892
129 1.26761
130 1.27121
131 1.27423
132 1.28414
133 1.29958
134 1.30288
135 1.31079
136 1.31816
137 1.32868
138 1.33802
139 1.35152
140 1.36937
141 1.37956
142 1.3925
143 1.39492
144 1.4085
145 1.41699
146 1.42705
147 1.43943
148 1.45198
149 1.45405
150 1.46165
151 1.46376
152 1.48016
153 1.52026
154 1.52644
155 1.53218
156 1.53458
157 1.55682
158 1.56831
159 1.58175
160 1.58814
161 1.5925
162 1.59463
163 1.60943
164 1.62049
165 1.62555
166 1.64638
167 1.65098
168 1.66394
169 1.66754
170 1.67005
171 1.69537
172 1.71522
173 1.73228
174 1.73825
175 1.74787
176 1.7522
177 1.75694
178 1.76027
179 1.76696
180 1.77676
181 1.78074
182 1.79774
183 1.80077
184 1.82566
185 1.83291
186 1.88941
187 1.89789
188 1.91758
189 1.9429
190 1.9538
191 1.98104
192 1.99043
193 2.01435
194 2.02949
195 2.03863
196 2.05405
197 2.05562
198 2.06127
199 2.08066
200 2.08536
201 2.09283
202 2.09567
203 2.09794
204 2.10061
205 2.10477
206 2.12008
207 2.13982
208 2.14241
209 2.14878
210 2.15136
211 2.16332
212 2.1928
213 2.19698
214 2.2055
215 2.21035
216 2.23271
217 2.23848
218 2.26566
219 2.26781
220 2.27045
221 2.29615
222 2.3069
223 2.3274
224 2.34269
225 2.35776
226 2.38135
227 2.40012
228 2.40588
229 2.41843
230 2.44746
231 2.45117
232 2.45315
233 2.47805
234 2.49022
235 2.49311
236 2.50219
237 2.5175
238 2.52791
239 2.53464
240 2.54211
241 2.54452
242 2.55033
243 2.55367
244 2.55546
245 2.57619
246 2.57902
247 2.58723
248 2.59697
249 2.62853
250 2.64467
251 2.65784
252 2.66333
253 2.66772
254 2.69829
255 2.73097
256 2.73762
257 2.74699
258 2.74947
259 2.7613
260 2.76505
261 2.76762
262 2.76953
263 2.77552
264 2.78519
265 2.81455
266 2.82435
267 2.83748
268 2.84126
269 2.85768
270 2.8717
271 2.88325
272 2.89307
273 2.90326
274 2.91355
275 2.91927
276 2.9247
277 2.94367
278 2.94704
279 2.97045
280 2.97404
