1 0.00659
2 0.01478
3 0.01799
4 0.01979
5 0.03119
6 0.03801
7 0.0467
8 0.0554
9 0.05827
10 0.06031
11 0.06599
12 0.07218
13 0.08299
14 0.08497
15 0.08955
16 0.0963
17 0.10256
18 0.13208
19 0.13763
20 0.1497
21 0.16186
22 0.17569
23 0.18672
24 0.19391
25 0.20254
26 0.21565
27 0.21753
28 0.22031
29 0.22625
30 0.24725
31 0.25278
32 0.25579
33 0.25747
34 0.27175
35 0.27863
36 0.28421
37 0.29818
38 0.30502
39 0.31794
40 0.32091
41 0.32881
42 0.33522
43 0.3379
44 0.35028
45 0.36454
46 0.37259
47 0.38064
48 0.39231
49 0.41149
50 0.4157
51 0.4243
52 0.42684
53 0.42961
54 0.4345
55 0.44322
56 0.4476
57 0.45968
58 0.46736
59 0.47417
60 0.47602
61 0.48946
62 0.49113
63 0.49399
64 0.49766
65 0.52169
66 0.52337
67 0.54655
68 0.5514
69 0.56069
70 0.56817
71 0.5729
72 0.57624
73 0.58995
74 0.59859
75 0.61289
76 0.61404
77 0.62688
78 0.64946
79 0.65351
80 0.66536
81 0.66795
82 0.6852
83 0.69089
84 0.7106
85 0.71262
86 0.73216
87 0.73843
88 0.74186
89 0.75705
90 0.76046
91 0.76487
92 0.76889
93 0.7719
94 0.78103
95 0.78445
96 0.79461
97 0.7993
98 0.80749
99 0.8246
100 0.82708
101 0.82943
102 0.832
103 0.83564
104 0.84065
105 0.86314
106 0.87812
107 0.88276
108 0.88469
109 0.90715
110 0.91737
111 0.92144
112 0.93478
113 0.94425
114 0.95853
115 0.96107
116 0.96509
117 0.96815
118 0.97049
119 0.99691
120 1.00536
121 1.01132
122 1.01318
123 1.01734
124 1.03016
125 1.03484
126 1.04296
127 1.05836
128 1.07159
129 1.07581
130 1.07955
131 1.08287
132 1.08408
133 1.0877
134 1.11283
135 1.11746
136 1.11852
137 1.12706
138 1.13703
139 1.14866
140 1.15749
141 1.16332
142 1.17098
143 1.17685
144 1.18305
145 1.20106
146 1.20674
147 1.20877
148 1.21347
149 1.23667
150 1.25011
151 1.27014
152 1.28229
153 1.29265
154 1.30114
155 1.31121
156 1.3148
157 1.32004
158 1.32405
159 1.32683
160 1.33889
161 1.37174
162 1.37299
163 1.38958
164 1.39989
165 1.41128
166 1.4169
167 1.42494
168 1.43399
169 1.44163
170 1.46344
171 1.46741
172 1.47484
173 1.47849
174 1.48441
175 1.49885
176 1.51415
177 1.51626
178 1.52292
179 1.53128
180 1.53379
181 1.54126
182 1.55142
183 1.56946
184 1.57384
185 1.58057
186 1.58256
187 1.58621
188 1.59303
189 1.59995
190 1.61027
191 1.61721
192 1.62292
193 1.6263
194 1.63263
195 1.63864
196 1.65275
197 1.65759
198 1.6642
199 1.68038
200 1.71015
201 1.71497
202 1.71901
203 1.7234
204 1.72768
205 1.74139
206 1.75393
207 1.75927
208 1.76333
209 1.77182
210 1.78293
211 1.80596
212 1.8104
213 1.82054
214 1.82506
215 1.82752
216 1.83047
217 1.84405
218 1.85175
219 1.86821
220 1.88573
221 1.89266
222 1.90397
223 1.90933
224 1.92769
225 1.93528
226 1.94998
227 1.97157
228 1.98579
229 1.98996
230 2.00284
231 2.00647
232 2.00988
233 2.01436
234 2.0234
235 2.03607
236 2.03772
237 2.04393
238 2.05118
239 2.06128
240 2.07121
241 2.07434
242 2.08053
243 2.09211
244 2.10532
245 2.11241
246 2.14163
247 2.16157
248 2.16405
249 2.17266
250 2.17623
251 2.1791
252 2.18118
253 2.19291
254 2.19621
255 2.20232
256 2.21129
257 2.21583
258 2.22728
259 2.23618
260 2.23896
261 2.26037
262 2.26945
263 2.27804
264 2.2799
265 2.28829
266 2.29294
267 2.29478
268 2.3071
269 2.31343
270 2.32028
271 2.32794
272 2.34053
273 2.34997
274 2.36441
275 2.37267
276 2.37385
277 2.38796
278 2.39612
279 2.40105
280 2.41097
281 2.41455
282 2.41786
283 2.42842
284 2.43382
285 2.45926
286 2.48129
287 2.49771
288 2.5136
289 2.51945
290 2.52668
291 2.54591
292 2.55099
293 2.56168
294 2.56638
295 2.56964
296 2.57487
297 2.58153
298 2.58967
299 2.59998
300 2.60276
301 2.61435
302 2.63141
303 2.6359
304 2.63904
305 2.64223
306 2.64638
307 2.65064
308 2.65507
309 2.6594
310 2.66569
311 2.67263
312 2.67743
313 2.68047
314 2.68552
315 2.6879
316 2.69125
317 2.70147
318 2.71544
319 2.72484
320 2.73686
321 2.74765
322 2.75993
323 2.76411
324 2.7703
325 2.77824
326 2.78829
327 2.7931
328 2.80567
329 2.81854
330 2.83203
331 2.83909
332 2.86623
333 2.871
334 2.87514
335 2.87687
336 2.90356
337 2.91652
338 2.91752
339 2.92644
340 2.93036
341 2.93615
342 2.95637
343 2.95801
344 2.95945
345 2.96103
346 2.96957
347 2.97684
348 2.97955
349 2.98536
