1 0.00937
2 0.02897
3 0.03465
4 0.05075
5 0.05618
6 0.05837
7 0.07009
8 0.07425
9 0.08145
10 0.09877
11 0.11237
12 0.12038
13 0.13485
14 0.16836
15 0.17609
16 0.17923
17 0.18925
18 0.19394
19 0.20182
20 0.21579
21 0.22165
22 0.22334
23 0.23682
24 0.24261
25 0.25079
26 0.2758
27 0.27775
28 0.28129
29 0.28445
30 0.28668
31 0.31869
32 0.3242
33 0.33852
34 0.34863
35 0.35275
36 0.35815
37 0.37031
38 0.3733
39 0.38251
40 0.38695
41 0.3904
42 0.39409
43 0.39591
44 0.41257
45 0.41867
46 0.43947
47 0.46401
48 0.47563
49 0.48406
50 0.4902
51 0.49422
52 0.50606
53 0.51821
54 0.53318
55 0.54232
56 0.59103
57 0.59269
58 0.59907
59 0.61218
60 0.6292
61 0.63127
62 0.6433
63 0.66283
64 0.6653
65 0.67596
66 0.69285
67 0.70393
68 0.70583
69 0.70755
70 0.71534
71 0.72138
72 0.72939
73 0.73505
74 0.74857
75 0.78439
76 0.79994
77 0.80366
78 0.82439
79 0.84616
80 0.86448
81 0.87793
82 0.88542
83 0.88835
84 0.89566
85 0.90101
86 0.94257
87 0.9785
88 0.98072
89 0.9977
90 1.00884
91 1.01779
92 1.02106
93 1.04238
94 1.04624
95 1.05221
96 1.08288
97 1.08871
98 1.10341
99 1.13082
100 1.13615
101 1.13957
102 1.14423
103 1.14578
104 1.15111
105 1.1569
106 1.17026
107 1.18743
108 1.2074
109 1.21039
110 1.22646
111 1.2318
112 1.2668
113 1.27341
114 1.27546
115 1.28729
116 1.29253
117 1.3087
118 1.32409
119 1.34212
120 1.34863
121 1.35028
122 1.35355
123 1.37283
124 1.37621
125 1.37978
126 1.39302
127 1.40846
128 1.418
129 1.42956
130 1.44531
131 1.46496
132 1.47053
133 1.49091
134 1.50075
135 1.51025
136 1.51379
137 1.51926
138 1.52384
139 1.53521
140 1.54047
141 1.5767
142 1.57942
143 1.61024
144 1.62014
145 1.62339
146 1.62483
147 1.62867
148 1.63953
149 1.66441
150 1.66904
151 1.67206
152 1.68681
153 1.71719
154 1.72584
155 1.75098
156 1.77322
157 1.78017
158 1.79365
159 1.79969
160 1.80701
161 1.85688
162 1.87059
163 1.88247
164 1.8964
165 1.90604
166 1.92654
167 1.945
168 1.95138
169 1.95731
170 1.95871
171 1.96652
172 1.968
173 1.97348
174 1.97832
175 1.98345
176 2.01509
177 2.02586
178 2.03108
179 2.04524
180 2.04675
181 2.06433
182 2.08196
183 2.09416
184 2.10728
185 2.11207
186 2.11618
187 2.13055
188 2.14704
189 2.15232
190 2.15676
191 2.16941
192 2.17098
193 2.1724
194 2.1917
195 2.19526
196 2.20302
197 2.20448
198 2.21526
199 2.21666
200 2.22189
201 2.22407
202 2.227
203 2.24089
204 2.27416
205 2.28684
206 2.30046
207 2.30432
208 2.31335
209 2.32798
210 2.33646
211 2.34655
212 2.35018
213 2.37356
214 2.37736
215 2.38438
216 2.38788
217 2.41504
218 2.43009
219 2.44336
220 2.44932
221 2.46031
222 2.46546
223 2.47078
224 2.47292
225 2.47455
226 2.4865
227 2.5135
228 2.52631
229 2.5626
230 2.57823
231 2.58675
232 2.59401
233 2.59679
234 2.60109
235 2.61472
236 2.63171
237 2.63328
238 2.63533
239 2.6656
240 2.67696
241 2.69144
242 2.7036
243 2.7077
244 2.71447
245 2.72008
246 2.72887
247 2.73087
248 2.7326
249 2.74228
250 2.76023
251 2.76769
252 2.77679
253 2.77805
254 2.78743
255 2.79313
256 2.80033
257 2.82388
258 2.83632
259 2.84111
260 2.85471
261 2.87737
262 2.87921
263 2.88745
264 2.89099
265 2.89646
266 2.90439
267 2.92273
268 2.93223
269 2.9516
270 2.96184
271 2.97557
272 2.97747
273 2.98142
