1 0.00964
2 0.01835
3 0.02083
4 0.03216
5 0.03886
6 0.04896
7 0.0664
8 0.08765
9 0.10284
10 0.10647
11 0.10939
12 0.12052
13 0.14392
14 0.1585
15 0.16738
16 0.17089
17 0.18396
18 0.18834
19 0.19206
20 0.19757
21 0.20651
22 0.21029
23 0.21859
24 0.22101
25 0.23033
26 0.23175
27 0.23316
28 0.25501
29 0.26149
30 0.28886
31 0.29771
32 0.32555
33 0.33523
34 0.33848
35 0.34363
36 0.35139
37 0.36362
38 0.37259
39 0.37512
40 0.38786
41 0.40185
42 0.40311
43 0.42719
44 0.435
45 0.44465
46 0.46229
47 0.46568
48 0.46743
49 0.49743
50 0.5048
51 0.506
52 0.51455
53 0.51796
54 0.53984
55 0.55401
56 0.55783
57 0.56603
58 0.57673
59 0.57904
60 0.58549
61 0.60247
62 0.61328
63 0.63207
64 0.63298
65 0.63837
66 0.6466
67 0.65468
68 0.66357
69 0.68186
70 0.6889
71 0.69184
72 0.69865
73 0.71664
74 0.72054
75 0.7276
76 0.7334
77 0.73449
78 0.73843
79 0.75377
80 0.77539
81 0.77797
82 0.79799
83 0.79963
84 0.82117
85 0.82283
86 0.82802
87 0.83468
88 0.85788
89 0.86531
90 0.87557
91 0.87692
92 0.8807
93 0.88741
94 0.8954
95 0.90115
96 0.90372
97 0.9058
98 0.93202
99 0.93827
100 0.94836
101 0.95475
102 0.96789
103 0.97266
104 0.98377
105 0.99309
106 1.00945
107 1.01404
108 1.03041
109 1.0375
110 1.04787
111 1.06661
112 1.08019
113 1.08152
114 1.09882
115 1.10954
116 1.11784
117 1.12198
118 1.13697
119 1.14014
120 1.15155
121 1.17381
122 1.18883
123 1.20272
124 1.21465
125 1.22613
126 1.23012
127 1.23775
128 1.24105
129 1.25679
130 1.2618
131 1.27123
132 1.28206
133 1.28575
134 1.29149
135 1.31271
136 1.32262
137 1.34458
138 1.36228
139 1.39499
140 1.41453
141 1.42985
142 1.43782
143 1.44733
144 1.4585
145 1.464
146 1.46893
147 1.48148
148 1.5133
149 1.54479
150 1.56096
151 1.56978
152 1.58099
153 1.59696
154 1.60492
155 1.60636
156 1.61611
157 1.61879
158 1.62201
159 1.62556
160 1.63172
161 1.64952
162 1.65121
163 1.65249
164 1.65739
165 1.69297
166 1.71465
167 1.72842
168 1.73058
169 1.73947
170 1.79312
171 1.80144
172 1.81383
173 1.83201
174 1.85147
175 1.85483
176 1.86557
177 1.90586
178 1.93781
179 1.94459
180 1.95159
181 1.96032
182 1.96912
183 1.97699
184 1.98605
185 1.99004
186 2.00547
187 2.01192
188 2.0143
189 2.02183
190 2.02836
191 2.03051
192 2.09771
193 2.12377
194 2.13199
195 2.14255
196 2.15272
197 2.16157
198 2.17555
199 2.20042
200 2.20788
201 2.21766
202 2.22086
203 2.23108
204 2.24107
205 2.25876
206 2.2749
207 2.30634
208 2.31437
209 2.32226
210 2.33477
211 2.342
212 2.3518
213 2.37515
214 2.38859
215 2.39655
216 2.42835
217 2.42975
218 2.4403
219 2.45804
220 2.45988
221 2.47828
222 2.48153
223 2.49217
224 2.5144
225 2.52383
226 2.529
227 2.56415
228 2.58836
229 2.59193
230 2.62851
231 2.63603
232 2.6426
233 2.64839
234 2.65379
235 2.65546
236 2.66885
237 2.68307
238 2.70595
239 2.71095
240 2.71688
241 2.7206
242 2.73671
243 2.74217
244 2.75823
245 2.75956
246 2.76641
247 2.77042
248 2.77576
249 2.77948
250 2.78071
251 2.78376
252 2.79476
253 2.81299
254 2.81935
255 2.8242
256 2.84906
257 2.8518
258 2.85605
259 2.86795
260 2.87855
261 2.88342
262 2.90101
263 2.91652
264 2.93788
265 2.96427
266 2.97401
