1 0.00376
2 0.0101
3 0.01949
4 0.03246
5 0.03423
6 0.04119
7 0.04261
8 0.04433
9 0.06423
10 0.08759
11 0.08912
12 0.10878
13 0.11952
14 0.13066
15 0.14638
16 0.15141
17 0.15916
18 0.16727
19 0.18222
20 0.18346
21 0.19443
22 0.19591
23 0.20267
24 0.20787
25 0.23301
26 0.24081
27 0.24722
28 0.25061
29 0.2537
30 0.25655
31 0.25953
32 0.26493
33 0.27014
34 0.27456
35 0.28647
36 0.28813
37 0.29326
38 0.30078
39 0.3228
40 0.33592
41 0.33886
42 0.34398
43 0.36455
44 0.36699
45 0.37499
46 0.3806
47 0.39665
48 0.39892
49 0.41772
50 0.43714
51 0.45091
52 0.45614
53 0.46177
54 0.4778
55 0.47938
56 0.49756
57 0.53452
58 0.53894
59 0.54229
60 0.54393
61 0.56243
62 0.56516
63 0.56862
64 0.56978
65 0.57871
66 0.58388
67 0.58785
68 0.59066
69 0.59419
70 0.61894
71 0.62212
72 0.62613
73 0.64477
74 0.65149
75 0.65311
76 0.65672
77 0.66261
78 0.68244
79 0.6899
80 0.70177
81 0.70974
82 0.71356
83 0.7253
84 0.73916
85 0.74408
86 0.74978
87 0.75574
88 0.75874
89 0.77111
90 0.77614
91 0.80199
92 0.81058
93 0.81975
94 0.83096
95 0.83428
96 0.83971
97 0.84114
98 0.84749
99 0.85108
100 0.85832
101 0.87069
102 0.89034
103 0.90526
104 0.90901
105 0.91262
106 0.93458
107 0.94007
108 0.94461
109 0.94628
110 0.97567
111 0.98004
112 0.98349
113 0.98631
114 0.99153
115 0.99499
116 0.99886
117 1.00842
118 1.01113
119 1.01281
120 1.01672
121 1.03648
122 1.04054
123 1.05394
124 1.07334
125 1.07575
126 1.0794
127 1.09374
128 1.11454
129 1.14606
130 1.14884
131 1.1528
132 1.15756
133 1.16439
134 1.17219
135 1.17787
136 1.18039
137 1.18302
138 1.1981
139 1.20775
140 1.22882
141 1.23206
142 1.23585
143 1.26718
144 1.27752
145 1.28127
146 1.28455
147 1.28832
148 1.29429
149 1.29944
150 1.31009
151 1.31721
152 1.33743
153 1.34028
154 1.37261
155 1.37857
156 1.39872
157 1.40132
158 1.41018
159 1.41165
160 1.41363
161 1.44103
162 1.4428
163 1.44797
164 1.45819
165 1.46312
166 1.48247
167 1.4888
168 1.5004
169 1.51453
170 1.52828
171 1.53917
172 1.54749
173 1.56442
174 1.56953
175 1.59052
176 1.59297
177 1.6077
178 1.61515
179 1.6184
180 1.62598
181 1.6333
182 1.63601
183 1.64386
184 1.65451
185 1.66853
186 1.67982
187 1.70366
188 1.7074
189 1.73313
190 1.73942
191 1.74239
192 1.74591
193 1.75714
194 1.76356
195 1.77062
196 1.77365
197 1.78576
198 1.7985
199 1.80488
200 1.81164
201 1.82531
202 1.83257
203 1.83509
204 1.84846
205 1.86348
206 1.87613
207 1.88551
208 1.89245
209 1.89595
210 1.90061
211 1.90296
212 1.90906
213 1.9297
214 1.93344
215 1.93913
216 1.94167
217 1.94698
218 1.96167
219 1.96339
220 1.97833
221 1.99053
222 1.99335
223 1.99614
224 2.01681
225 2.02099
226 2.02594
227 2.03888
228 2.05033
229 2.05884
230 2.07425
231 2.07654
232 2.08635
233 2.10811
234 2.11285
235 2.11808
236 2.13961
237 2.14366
238 2.14777
239 2.14905
240 2.15961
241 2.16638
242 2.17261
243 2.18418
244 2.19392
245 2.19943
246 2.20858
247 2.21899
248 2.23597
249 2.25988
250 2.27288
251 2.28403
252 2.28774
253 2.30572
254 2.32303
255 2.3308
256 2.35152
257 2.36422
258 2.38503
259 2.39393
260 2.40018
261 2.40175
262 2.41179
263 2.41485
264 2.42967
265 2.4394
266 2.45432
267 2.45917
268 2.46445
269 2.46634
270 2.46968
271 2.48361
272 2.48917
273 2.50436
274 2.51559
275 2.52432
276 2.53444
277 2.53961
278 2.54119
279 2.55874
280 2.56307
281 2.5712
282 2.57627
283 2.57859
284 2.58532
285 2.59525
286 2.61241
287 2.62417
288 2.64453
289 2.65387
290 2.65538
291 2.65872
292 2.66507
293 2.66696
294 2.68007
295 2.68983
296 2.69626
297 2.70008
298 2.73108
299 2.73328
300 2.74616
301 2.75994
302 2.76879
303 2.789
304 2.79407
305 2.81448
306 2.8163
307 2.83064
308 2.83498
309 2.83654
310 2.83951
311 2.86631
312 2.87707
313 2.88939
314 2.90094
315 2.90565
316 2.90736
317 2.90943
318 2.91104
319 2.92057
320 2.93476
321 2.94218
322 2.9485
323 2.95469
324 2.96411
325 2.97184
326 2.98382
327 2.98988
328 2.99897
