1 0.00158
2 0.00392
3 0.01109
4 0.03026
5 0.03875
6 0.04385
7 0.0458
8 0.05133
9 0.05607
10 0.07559
11 0.08197
12 0.09076
13 0.09893
14 0.10498
15 0.10978
16 0.11666
17 0.12444
18 0.12714
19 0.13167
20 0.14005
21 0.14759
22 0.16406
23 0.16921
24 0.17558
25 0.17678
26 0.18534
27 0.19048
28 0.19471
29 0.2009
30 0.21126
31 0.21643
32 0.22072
33 0.23155
34 0.23809
35 0.24284
36 0.24578
37 0.25088
38 0.27813
39 0.29456
40 0.30116
41 0.30649
42 0.33115
43 0.33293
44 0.334
45 0.34124
46 0.34358
47 0.34821
48 0.35443
49 0.36336
50 0.36956
51 0.37069
52 0.37436
53 0.37815
54 0.3812
55 0.38371
56 0.41183
57 0.42219
58 0.4259
59 0.4303
60 0.44201
61 0.44543
62 0.45838
63 0.46432
64 0.46684
65 0.46894
66 0.48331
67 0.48441
68 0.49591
69 0.49864
70 0.51292
71 0.53042
72 0.54452
73 0.55032
74 0.55579
75 0.56901
76 0.57663
77 0.57757
78 0.5846
79 0.58934
80 0.59645
81 0.60303
82 0.60577
83 0.61666
84 0.64253
85 0.6591
86 0.67285
87 0.67449
88 0.68611
89 0.69096
90 0.69678
91 0.70031
92 0.70685
93 0.72289
94 0.72721
95 0.73462
96 0.74348
97 0.7506
98 0.7544
99 0.79002
100 0.79556
101 0.79696
102 0.80037
103 0.8067
104 0.82857
105 0.83364
106 0.83702
107 0.83881
108 0.85623
109 0.87344
110 0.87833
111 0.88951
112 0.8921
113 0.89595
114 0.89881
115 0.9083
116 0.92983
117 0.93666
118 0.93881
119 0.94746
120 0.95063
121 0.96639
122 0.96822
123 0.97858
124 0.98798
125 0.99545
126 0.99967
127 1.00237
128 1.01015
129 1.01255
130 1.02588
131 1.03941
132 1.05187
133 1.05615
134 1.05994
135 1.07938
136 1.09039
137 1.10047
138 1.10572
139 1.11114
140 1.12161
141 1.12494
142 1.13639
143 1.14218
144 1.14412
145 1.16965
146 1.17376
147 1.18532
148 1.19681
149 1.19935
150 1.20442
151 1.20667
152 1.21201
153 1.2161
154 1.23293
155 1.23947
156 1.24386
157 1.25252
158 1.25538
159 1.2748
160 1.28839
161 1.29797
162 1.30182
163 1.30941
164 1.31315
165 1.33003
166 1.33217
167 1.33444
168 1.33788
169 1.34481
170 1.34629
171 1.35112
172 1.35767
173 1.36271
174 1.3724
175 1.38273
176 1.39338
177 1.39831
178 1.41916
179 1.42876
180 1.43027
181 1.4352
182 1.44592
183 1.45804
184 1.466
185 1.4706
186 1.48207
187 1.48624
188 1.49083
189 1.49175
190 1.49426
191 1.49699
192 1.50126
193 1.50538
194 1.51328
195 1.52968
196 1.53244
197 1.54318
198 1.54819
199 1.55338
200 1.56043
201 1.57968
202 1.58915
203 1.59345
204 1.59888
205 1.60597
206 1.61808
207 1.62461
208 1.62874
209 1.63006
210 1.63394
211 1.64106
212 1.64597
213 1.66027
214 1.67148
215 1.67544
216 1.69027
217 1.69605
218 1.70377
219 1.70496
220 1.70956
221 1.74018
222 1.75208
223 1.75966
224 1.77599
225 1.79797
226 1.80021
227 1.81874
228 1.83568
229 1.83834
230 1.84714
231 1.85255
232 1.86166
233 1.86867
234 1.87414
235 1.88431
236 1.88726
237 1.93344
238 1.93843
239 1.94097
240 1.95054
241 1.95673
242 1.96765
243 1.97222
244 1.99016
245 1.99374
246 2.02797
247 2.04391
248 2.04878
249 2.05053
250 2.0541
251 2.07905
252 2.12096
253 2.1305
254 2.13187
255 2.13689
256 2.17042
257 2.17534
258 2.17929
259 2.18533
260 2.19013
261 2.20175
262 2.20374
263 2.20581
264 2.20817
265 2.21116
266 2.2171
267 2.22932
268 2.23665
269 2.24816
270 2.25134
271 2.25746
272 2.26394
273 2.27545
274 2.27725
275 2.29334
276 2.29641
277 2.29859
278 2.33084
279 2.33255
280 2.34309
281 2.35136
282 2.35901
283 2.3645
284 2.37164
285 2.3787
286 2.38522
287 2.38946
288 2.39087
289 2.39917
290 2.41083
291 2.4389
292 2.44554
293 2.45048
294 2.45398
295 2.45599
296 2.4577
297 2.46286
298 2.47337
299 2.48045
300 2.48307
301 2.49741
302 2.50116
303 2.5128
304 2.5249
305 2.5437
306 2.58375
307 2.59302
308 2.60015
309 2.60189
310 2.60288
311 2.60645
312 2.6097
313 2.61427
314 2.62499
315 2.6295
316 2.64725
317 2.67856
318 2.69683
319 2.70415
320 2.70851
321 2.72176
322 2.72525
323 2.73137
324 2.74557
325 2.74779
326 2.75169
327 2.7567
328 2.7663
329 2.77486
330 2.77886
331 2.80994
332 2.82766
333 2.83859
334 2.84679
335 2.85944
336 2.86999
337 2.8727
338 2.87664
339 2.88203
340 2.887
341 2.89305
342 2.92389
343 2.9256
344 2.93844
345 2.94112
346 2.94874
347 2.95338
348 2.95582
349 2.95992
350 2.96494
351 2.97208
352 2.97675
353 2.98364
354 2.98662
355 2.99692
