1 0.00179
2 0.01199
3 0.0171
4 0.02175
5 0.03612
6 0.04026
7 0.04895
8 0.06313
9 0.08152
10 0.08627
11 0.09062
12 0.09549
13 0.1043
14 0.11172
15 0.11449
16 0.11741
17 0.12313
18 0.13636
19 0.14094
20 0.15002
21 0.1552
22 0.16797
23 0.17213
24 0.17413
25 0.18503
26 0.188
27 0.19121
28 0.19413
29 0.20104
30 0.20327
31 0.22738
32 0.2292
33 0.23316
34 0.2402
35 0.24215
36 0.2498
37 0.25167
38 0.2672
39 0.27073
40 0.27346
41 0.28575
42 0.2929
43 0.2986
44 0.31681
45 0.33516
46 0.34945
47 0.35369
48 0.35925
49 0.36298
50 0.36527
51 0.3738
52 0.37994
53 0.3832
54 0.38565
55 0.38938
56 0.39204
57 0.39595
58 0.39856
59 0.40471
60 0.40707
61 0.41739
62 0.42148
63 0.42374
64 0.43527
65 0.43949
66 0.44169
67 0.44881
68 0.45377
69 0.4795
70 0.48143
71 0.48843
72 0.4949
73 0.49814
74 0.50246
75 0.50943
76 0.54245
77 0.56277
78 0.57026
79 0.58799
80 0.6065
81 0.6219
82 0.62541
83 0.63398
84 0.63633
85 0.63841
86 0.64829
87 0.66715
88 0.67037
89 0.68424
90 0.69346
91 0.6978
92 0.70249
93 0.7087
94 0.71709
95 0.73301
96 0.74337
97 0.75172
98 0.76051
99 0.76297
100 0.76659
101 0.77129
102 0.79079
103 0.80844
104 0.83498
105 0.84602
106 0.85413
107 0.85766
108 0.86356
109 0.86597
110 0.86908
111 0.87299
112 0.8788
113 0.88291
114 0.8889
115 0.89713
116 0.89862
117 0.90063
118 0.90655
119 0.90856
120 0.9206
121 0.92459
122 0.93557
123 0.95215
124 0.97863
125 0.98385
126 0.99517
127 1.01203
128 1.01556
129 1.02124
130 1.02749
131 1.03993
132 1.06886
133 1.08486
134 1.10247
135 1.11241
136 1.11567
137 1.11755
138 1.12669
139 1.12892
140 1.13247
141 1.13805
142 1.13963
143 1.14878
144 1.16607
145 1.17244
146 1.18565
147 1.19053
148 1.19451
149 1.19746
150 1.20244
151 1.21045
152 1.23344
153 1.2394
154 1.24354
155 1.24853
156 1.25216
157 1.26555
158 1.26713
159 1.26983
160 1.28583
161 1.28848
162 1.29441
163 1.31583
164 1.32067
165 1.34226
166 1.35445
167 1.36062
168 1.37954
169 1.38898
170 1.39822
171 1.40514
172 1.41684
173 1.42194
174 1.43738
175 1.43912
176 1.45258
177 1.4792
178 1.4817
179 1.50943
180 1.52162
181 1.53985
182 1.58251
183 1.59292
184 1.60319
185 1.60865
186 1.61542
187 1.6182
188 1.62145
189 1.62562
190 1.62812
191 1.63067
192 1.63674
193 1.64158
194 1.64368
195 1.64658
196 1.64952
197 1.655
198 1.66559
199 1.675
200 1.68592
201 1.68961
202 1.69216
203 1.6985
204 1.73178
205 1.73875
206 1.74126
207 1.76491
208 1.76931
209 1.77581
210 1.79177
211 1.81006
212 1.83538
213 1.83967
214 1.8532
215 1.8563
216 1.85959
217 1.86273
218 1.87309
219 1.89106
220 1.8978
221 1.90261
222 1.90984
223 1.9171
224 1.92102
225 1.9344
226 1.93971
227 1.94883
228 1.95541
229 1.98123
230 1.98641
231 1.99607
232 2.01412
233 2.02811
234 2.03794
235 2.06536
236 2.06886
237 2.09328
238 2.10265
239 2.10584
240 2.10813
241 2.11733
242 2.12454
243 2.12625
244 2.1291
245 2.1499
246 2.15404
247 2.15595
248 2.17221
249 2.17564
250 2.184
251 2.18615
252 2.1942
253 2.19928
254 2.20241
255 2.20906
256 2.22755
257 2.2297
258 2.23235
259 2.23558
260 2.2389
261 2.24763
262 2.2504
263 2.252
264 2.2594
265 2.28683
266 2.29667
267 2.33169
268 2.3411
269 2.3507
270 2.3645
271 2.36698
272 2.37522
273 2.38973
274 2.39526
275 2.40021
276 2.42007
277 2.42405
278 2.43324
279 2.44509
280 2.44822
281 2.45022
282 2.46037
283 2.48547
284 2.48682
285 2.48767
286 2.4947
287 2.50553
288 2.51458
289 2.54053
290 2.54269
291 2.56081
292 2.58667
293 2.58896
294 2.60907
295 2.61388
296 2.62262
297 2.63214
298 2.63338
299 2.64881
300 2.65096
301 2.66799
302 2.67264
303 2.68768
304 2.69196
305 2.70955
306 2.72798
307 2.73064
308 2.73804
309 2.74316
310 2.76792
311 2.77503
312 2.81451
313 2.82086
314 2.83084
315 2.83901
316 2.85619
317 2.85851
318 2.86653
319 2.87231
320 2.87352
321 2.87667
322 2.88429
323 2.90338
324 2.91816
325 2.93713
326 2.93953
327 2.94312
328 2.94889
329 2.95081
330 2.96776
331 2.97668
332 2.98031
333 2.98946
334 2.99202
