1 0.00832
2 0.0145
3 0.03227
4 0.04097
5 0.04209
6 0.04297
7 0.04856
8 0.06704
9 0.07139
10 0.0833
11 0.08438
12 0.08625
13 0.09653
14 0.10147
15 0.10692
16 0.11314
17 0.11881
18 0.12737
19 0.12959
20 0.13784
21 0.14018
22 0.14926
23 0.15692
24 0.16
25 0.17123
26 0.18334
27 0.19788
28 0.24124
29 0.2447
30 0.25403
31 0.25768
32 0.26023
33 0.26441
34 0.26772
35 0.2761
36 0.27777
37 0.2818
38 0.28381
39 0.28804
40 0.29239
41 0.29483
42 0.29801
43 0.3053
44 0.31521
45 0.31726
46 0.32549
47 0.32812
48 0.33516
49 0.34934
50 0.35387
51 0.36387
52 0.36899
53 0.3784
54 0.38024
55 0.39982
56 0.40384
57 0.41993
58 0.42192
59 0.42866
60 0.44166
61 0.44479
62 0.45421
63 0.46621
64 0.4672
65 0.47675
66 0.48751
67 0.4917
68 0.49886
69 0.52926
70 0.53609
71 0.53993
72 0.5485
73 0.56158
74 0.56932
75 0.59238
76 0.60011
77 0.60623
78 0.61615
79 0.62194
80 0.63608
81 0.64362
82 0.65036
83 0.67228
84 0.67633
85 0.68357
86 0.69114
87 0.70272
88 0.72209
89 0.72575
90 0.72974
91 0.73424
92 0.75219
93 0.77388
94 0.77622
95 0.78312
96 0.81015
97 0.81729
98 0.83364
99 0.8449
100 0.85266
101 0.87372
102 0.88301
103 0.88958
104 0.90944
105 0.91285
106 0.93066
107 0.95863
108 0.97326
109 0.98111
110 1.01625
111 1.02432
112 1.03626
113 1.04166
114 1.05842
115 1.06456
116 1.07238
117 1.07552
118 1.08249
119 1.0894
120 1.10794
121 1.1169
122 1.11846
123 1.12642
124 1.12981
125 1.13872
126 1.14957
127 1.15395
128 1.1705
129 1.18
130 1.18999
131 1.19696
132 1.20579
133 1.21167
134 1.21288
135 1.22017
136 1.22375
137 1.23577
138 1.24767
139 1.25002
140 1.26877
141 1.27675
142 1.27845
143 1.2858
144 1.29664
145 1.30755
146 1.31878
147 1.33283
148 1.33542
149 1.33707
150 1.3416
151 1.35477
152 1.36202
153 1.36745
154 1.37258
155 1.37903
156 1.38559
157 1.4082
158 1.41007
159 1.41261
160 1.41892
161 1.42248
162 1.43364
163 1.43865
164 1.4514
165 1.45915
166 1.47478
167 1.49126
168 1.49344
169 1.49578
170 1.49949
171 1.50792
172 1.53621
173 1.53897
174 1.54676
175 1.5574
176 1.56051
177 1.56234
178 1.57158
179 1.59588
180 1.59912
181 1.60707
182 1.61308
183 1.61699
184 1.61892
185 1.63482
186 1.64228
187 1.65116
188 1.66501
189 1.67471
190 1.68376
191 1.68948
192 1.69664
193 1.72288
194 1.73361
195 1.74315
196 1.75923
197 1.76098
198 1.76802
199 1.78198
200 1.78433
201 1.79215
202 1.79462
203 1.80045
204 1.80885
205 1.82083
206 1.8237
207 1.84135
208 1.85247
209 1.85806
210 1.86265
211 1.86662
212 1.87722
213 1.88731
214 1.89507
215 1.9236
216 1.92639
217 1.92739
218 1.96062
219 1.96374
220 1.97593
221 1.98567
222 1.99416
223 1.99546
224 1.99789
225 2.0057
226 2.02037
227 2.03011
228 2.03471
229 2.03639
230 2.05421
231 2.0597
232 2.06702
233 2.086
234 2.09257
235 2.10071
236 2.10333
237 2.11851
238 2.13035
239 2.13647
240 2.14659
241 2.1497
242 2.1573
243 2.15893
244 2.16521
245 2.1691
246 2.17415
247 2.1832
248 2.19398
249 2.20671
250 2.20927
251 2.22946
252 2.24093
253 2.25648
254 2.26064
255 2.26672
256 2.27292
257 2.27723
258 2.28304
259 2.30634
260 2.31576
261 2.31844
262 2.32019
263 2.33987
264 2.34277
265 2.34526
266 2.35231
267 2.36533
268 2.37678
269 2.39841
270 2.4007
271 2.4078
272 2.4137
273 2.42421
274 2.4388
275 2.44907
276 2.45267
277 2.45725
278 2.46104
279 2.47511
280 2.48474
281 2.49952
282 2.5046
283 2.51391
284 2.51837
285 2.52143
286 2.55739
287 2.5691
288 2.57609
289 2.57701
290 2.59963
291 2.60511
292 2.61718
293 2.62258
294 2.63706
295 2.64537
296 2.64985
297 2.66254
298 2.66442
299 2.67953
300 2.6851
301 2.68975
302 2.71309
303 2.7256
304 2.75358
305 2.76395
306 2.77345
307 2.7872
308 2.8062
309 2.81361
310 2.82142
311 2.83364
312 2.84931
313 2.8538
314 2.86004
315 2.8683
316 2.88339
317 2.88818
318 2.90322
319 2.9096
320 2.92255
321 2.92375
322 2.93122
323 2.94264
324 2.95028
325 2.95355
326 2.95937
327 2.96995
328 2.97951
329 2.9958
