1 0.01206
2 0.01459
3 0.01669
4 0.01941
5 0.02119
6 0.02664
7 0.02819
8 0.03047
9 0.03801
10 0.04607
11 0.06328
12 0.06773
13 0.08704
14 0.08903
15 0.10122
16 0.10973
17 0.11133
18 0.11783
19 0.11986
20 0.12726
21 0.13736
22 0.1416
23 0.14628
24 0.15505
25 0.1644
26 0.17833
27 0.18207
28 0.18483
29 0.18836
30 0.19146
31 0.19247
32 0.21267
33 0.22091
34 0.228
35 0.23008
36 0.23733
37 0.24076
38 0.24901
39 0.26728
40 0.27002
41 0.27185
42 0.27514
43 0.29127
44 0.29837
45 0.30081
46 0.31537
47 0.31879
48 0.32049
49 0.33582
50 0.33906
51 0.34675
52 0.34885
53 0.35442
54 0.3584
55 0.36641
56 0.36852
57 0.37231
58 0.37394
59 0.37871
60 0.38162
61 0.38335
62 0.39454
63 0.39706
64 0.40713
65 0.41389
66 0.43596
67 0.43991
68 0.44373
69 0.44787
70 0.44968
71 0.45922
72 0.46834
73 0.4739
74 0.47763
75 0.47889
76 0.48158
77 0.49595
78 0.51476
79 0.51758
80 0.52613
81 0.52936
82 0.53947
83 0.54177
84 0.56013
85 0.56259
86 0.56757
87 0.58473
88 0.59387
89 0.60012
90 0.60293
91 0.6066
92 0.60848
93 0.61314
94 0.61533
95 0.61806
96 0.62958
97 0.65
98 0.65441
99 0.66143
100 0.68183
101 0.68489
102 0.68705
103 0.70735
104 0.71127
105 0.71678
106 0.71875
107 0.72172
108 0.72423
109 0.72711
110 0.72812
111 0.73064
112 0.73774
113 0.74692
114 0.76585
115 0.7681
116 0.77401
117 0.78288
118 0.78841
119 0.79254
120 0.79343
121 0.7969
122 0.82056
123 0.83767
124 0.83939
125 0.84144
126 0.84751
127 0.85536
128 0.85721
129 0.85996
130 0.86183
131 0.86536
132 0.87474
133 0.88538
134 0.88818
135 0.89443
136 0.898
137 0.90108
138 0.90716
139 0.91481
140 0.91943
141 0.93011
142 0.934
143 0.93793
144 0.94209
145 0.96088
146 0.965
147 0.96964
148 0.97208
149 0.97911
150 0.98348
151 0.98564
152 0.99825
153 1.00393
154 1.01393
155 1.02547
156 1.02873
157 1.03058
158 1.03983
159 1.04343
160 1.04866
161 1.06123
162 1.06697
163 1.07202
164 1.08425
165 1.08559
166 1.09004
167 1.09518
168 1.09866
169 1.10393
170 1.1186
171 1.12806
172 1.13106
173 1.13511
174 1.13986
175 1.14694
176 1.15188
177 1.16585
178 1.17114
179 1.18574
180 1.19092
181 1.20824
182 1.21104
183 1.22025
184 1.22308
185 1.22963
186 1.23418
187 1.23606
188 1.23814
189 1.23972
190 1.26677
191 1.26936
192 1.28184
193 1.29442
194 1.30047
195 1.31856
196 1.32236
197 1.3242
198 1.33768
199 1.34344
200 1.35016
201 1.35839
202 1.35955
203 1.36432
204 1.37023
205 1.37387
206 1.39111
207 1.39557
208 1.39818
209 1.40432
210 1.41716
211 1.42261
212 1.43478
213 1.44056
214 1.4648
215 1.46659
216 1.4774
217 1.48134
218 1.48355
219 1.48564
220 1.49535
221 1.51408
222 1.51602
223 1.52155
224 1.52738
225 1.52967
226 1.53246
227 1.53909
228 1.54691
229 1.5478
230 1.55928
231 1.56298
232 1.56435
233 1.56806
234 1.56977
235 1.58398
236 1.58864
237 1.59378
238 1.60965
239 1.61424
240 1.62382
241 1.63147
242 1.64697
243 1.65111
244 1.65831
245 1.65982
246 1.66193
247 1.66931
248 1.68545
249 1.68881
250 1.69704
251 1.70693
252 1.71623
253 1.72482
254 1.73442
255 1.75174
256 1.76444
257 1.7663
258 1.76864
259 1.77247
260 1.77726
261 1.77971
262 1.78808
263 1.79379
264 1.79842
265 1.81357
266 1.8157
267 1.81652
268 1.81998
269 1.83594
270 1.83958
271 1.84186
272 1.84487
273 1.84913
274 1.85667
275 1.86287
276 1.86652
277 1.8707
278 1.87248
279 1.87518
280 1.87838
281 1.88049
282 1.88605
283 1.89935
284 1.90155
285 1.91381
286 1.91924
287 1.92025
288 1.93011
289 1.93597
290 1.94376
291 1.96001
292 1.96101
293 1.96471
294 1.96698
295 1.9681
296 1.97743
297 1.98225
298 1.98548
299 1.99956
300 2.01567
301 2.03779
302 2.04487
303 2.0618
304 2.06392
305 2.07123
306 2.07326
307 2.08348
308 2.0879
309 2.08973
310 2.09439
311 2.10399
312 2.11535
313 2.12541
314 2.12856
315 2.13243
316 2.14785
317 2.15949
318 2.16355
319 2.18225
320 2.18557
321 2.18683
322 2.20973
323 2.21395
324 2.22648
325 2.23022
326 2.23252
327 2.23677
328 2.24545
329 2.24702
330 2.25108
331 2.26376
332 2.26688
333 2.27228
334 2.27779
335 2.28709
336 2.29165
337 2.30104
338 2.31024
339 2.3154
340 2.3189
341 2.32344
342 2.33597
343 2.34181
344 2.34382
345 2.35156
346 2.36069
347 2.37077
348 2.37463
349 2.3798
350 2.38415
351 2.3879
352 2.38882
353 2.39238
354 2.39615
355 2.40262
356 2.40672
357 2.41526
358 2.41821
359 2.4422
360 2.44609
361 2.45691
362 2.45886
363 2.47004
364 2.47938
365 2.48722
366 2.4908
367 2.49568
368 2.51534
369 2.52297
370 2.56331
371 2.57004
372 2.57231
373 2.58462
374 2.58822
375 2.5948
376 2.60797
377 2.6211
378 2.62303
379 2.62512
380 2.63167
381 2.63334
382 2.63496
383 2.63908
384 2.64336
385 2.64684
386 2.65154
387 2.65777
388 2.66758
389 2.68088
390 2.6853
391 2.68714
392 2.69124
393 2.69406
394 2.71141
395 2.71482
396 2.71817
397 2.7317
398 2.73415
399 2.73856
400 2.74623
401 2.74956
402 2.753
403 2.76183
404 2.77155
405 2.789
406 2.79041
407 2.81359
408 2.81821
409 2.83829
410 2.84214
411 2.85138
412 2.85577
413 2.85685
414 2.87012
415 2.87496
416 2.88023
417 2.88867
418 2.89547
419 2.90012
420 2.90777
421 2.91631
422 2.94238
423 2.94519
424 2.96065
425 2.96408
426 2.96717
427 2.97033
428 2.97325
429 2.975
430 2.98237
431 2.99104
