1 0.00235
2 0.00531
3 0.0107
4 0.02311
5 0.02744
6 0.03493
7 0.04757
8 0.05749
9 0.06111
10 0.06364
11 0.06632
12 0.07201
13 0.07564
14 0.07923
15 0.08438
16 0.09209
17 0.10137
18 0.10357
19 0.11077
20 0.11414
21 0.12829
22 0.13087
23 0.13365
24 0.14087
25 0.15598
26 0.15801
27 0.16415
28 0.17137
29 0.17545
30 0.1848
31 0.18992
32 0.19951
33 0.20202
34 0.20554
35 0.21829
36 0.22526
37 0.22941
38 0.23098
39 0.24268
40 0.25105
41 0.26677
42 0.26877
43 0.27517
44 0.28716
45 0.31907
46 0.32299
47 0.35213
48 0.35843
49 0.36009
50 0.36161
51 0.37564
52 0.37916
53 0.38188
54 0.38471
55 0.38783
56 0.39208
57 0.40332
58 0.40719
59 0.41754
60 0.42759
61 0.43497
62 0.43787
63 0.45762
64 0.46389
65 0.47005
66 0.48231
67 0.4883
68 0.49805
69 0.51267
70 0.52385
71 0.52756
72 0.53382
73 0.53778
74 0.54789
75 0.55015
76 0.56177
77 0.60164
78 0.60893
79 0.61562
80 0.62469
81 0.63328
82 0.63609
83 0.65153
84 0.65859
85 0.6637
86 0.66979
87 0.68527
88 0.6892
89 0.6926
90 0.70454
91 0.71637
92 0.73508
93 0.7437
94 0.74751
95 0.76422
96 0.76734
97 0.77766
98 0.77873
99 0.78503
100 0.79597
101 0.79857
102 0.80272
103 0.81395
104 0.81597
105 0.82028
106 0.8218
107 0.8248
108 0.83055
109 0.8385
110 0.85116
111 0.85207
112 0.85837
113 0.86326
114 0.86513
115 0.87564
116 0.88546
117 0.89791
118 0.91155
119 0.91619
120 0.92912
121 0.93687
122 0.9416
123 0.96515
124 0.96865
125 0.97062
126 0.97731
127 0.98368
128 0.98845
129 0.99847
130 1.0091
131 1.01149
132 1.02587
133 1.03144
134 1.03966
135 1.0408
136 1.04276
137 1.05083
138 1.05715
139 1.06067
140 1.06629
141 1.06978
142 1.0808
143 1.09048
144 1.09168
145 1.10025
146 1.10584
147 1.11907
148 1.13167
149 1.14857
150 1.15473
151 1.16294
152 1.16881
153 1.18008
154 1.19221
155 1.19468
156 1.19827
157 1.20394
158 1.21042
159 1.22211
160 1.22687
161 1.24096
162 1.25325
163 1.26268
164 1.27501
165 1.28952
166 1.29322
167 1.30099
168 1.30632
169 1.31188
170 1.31292
171 1.32145
172 1.32951
173 1.33506
174 1.34074
175 1.34489
176 1.35188
177 1.35316
178 1.36434
179 1.36621
180 1.37857
181 1.38738
182 1.3896
183 1.39461
184 1.39874
185 1.40356
186 1.40879
187 1.41212
188 1.42372
189 1.43555
190 1.43894
191 1.44876
192 1.46079
193 1.47019
194 1.47401
195 1.483
196 1.4901
197 1.50292
198 1.51294
199 1.52547
200 1.52811
201 1.55387
202 1.56146
203 1.56321
204 1.57179
205 1.58217
206 1.58321
207 1.59143
208 1.60199
209 1.60514
210 1.60893
211 1.62742
212 1.63052
213 1.63811
214 1.65575
215 1.66132
216 1.67119
217 1.68366
218 1.68662
219 1.69099
220 1.695
221 1.7162
222 1.72283
223 1.72702
224 1.74035
225 1.75797
226 1.76243
227 1.77368
228 1.77627
229 1.7887
230 1.81024
231 1.82213
232 1.82491
233 1.83948
234 1.84301
235 1.85882
236 1.86609
237 1.87486
238 1.87865
239 1.88371
240 1.8861
241 1.89112
242 1.89856
243 1.90313
244 1.90495
245 1.9104
246 1.91356
247 1.93087
248 1.93704
249 1.94654
250 1.95138
251 1.95894
252 1.96583
253 1.96982
254 1.97697
255 1.98212
256 1.98917
257 1.99046
258 1.99548
259 2.00672
260 2.02551
261 2.02982
262 2.04081
263 2.06072
264 2.06788
265 2.07478
266 2.08322
267 2.11017
268 2.11452
269 2.1309
270 2.13213
271 2.13828
272 2.14518
273 2.15416
274 2.15962
275 2.16164
276 2.17214
277 2.17729
278 2.18366
279 2.18493
280 2.20828
281 2.21386
282 2.22498
283 2.23803
284 2.24721
285 2.25195
286 2.26541
287 2.27341
288 2.27804
289 2.27958
290 2.29453
291 2.29661
292 2.30042
293 2.30922
294 2.31103
295 2.31506
296 2.32647
297 2.3339
298 2.3523
299 2.35574
300 2.36264
301 2.37473
302 2.37888
303 2.39428
304 2.40478
305 2.41074
306 2.41884
307 2.42744
308 2.44091
309 2.47027
310 2.47184
311 2.47747
312 2.48609
313 2.49708
314 2.50106
315 2.50617
316 2.51114
317 2.51885
318 2.52836
319 2.53307
320 2.53644
321 2.54995
322 2.56061
323 2.56333
324 2.56678
325 2.5803
326 2.59084
327 2.5925
328 2.60256
329 2.60844
330 2.61098
331 2.61499
332 2.63558
333 2.65704
334 2.66017
335 2.67402
336 2.67666
337 2.68437
338 2.70043
339 2.70521
340 2.71351
341 2.71922
342 2.72795
343 2.73353
344 2.76452
345 2.78069
346 2.79303
347 2.79756
348 2.80468
349 2.81285
350 2.81784
351 2.83438
352 2.85248
353 2.85433
354 2.85841
355 2.85924
356 2.86392
357 2.87665
358 2.8812
359 2.89445
360 2.9031
361 2.90833
362 2.91313
363 2.92878
364 2.94262
365 2.97107
366 2.98206
