1 0.00616
2 0.00971
3 0.01397
4 0.01976
5 0.0218
6 0.02487
7 0.03554
8 0.03898
9 0.043
10 0.04767
11 0.05602
12 0.0719
13 0.08742
14 0.09209
15 0.10009
16 0.10621
17 0.11372
18 0.13148
19 0.14553
20 0.1498
21 0.15259
22 0.15496
23 0.16178
24 0.17138
25 0.17791
26 0.1863
27 0.19788
28 0.20248
29 0.21278
30 0.21481
31 0.21902
32 0.22499
33 0.23677
34 0.24088
35 0.24522
36 0.24695
37 0.25427
38 0.25983
39 0.26185
40 0.27606
41 0.28422
42 0.289
43 0.29391
44 0.30582
45 0.3279
46 0.34519
47 0.35154
48 0.35953
49 0.36799
50 0.3765
51 0.38229
52 0.3879
53 0.39244
54 0.39608
55 0.40126
56 0.40675
57 0.4184
58 0.42492
59 0.42818
60 0.43643
61 0.44744
62 0.44955
63 0.45108
64 0.45347
65 0.45577
66 0.46573
67 0.46881
68 0.4794
69 0.49857
70 0.50301
71 0.50996
72 0.51542
73 0.52447
74 0.52991
75 0.53962
76 0.54368
77 0.54935
78 0.55387
79 0.55725
80 0.57463
81 0.5758
82 0.58025
83 0.5838
84 0.58921
85 0.59491
86 0.60219
87 0.61
88 0.61543
89 0.61669
90 0.62369
91 0.64472
92 0.64971
93 0.66639
94 0.67422
95 0.68814
96 0.69819
97 0.70588
98 0.70726
99 0.71627
100 0.7211
101 0.73076
102 0.73446
103 0.74313
104 0.74519
105 0.7508
106 0.75333
107 0.75741
108 0.76018
109 0.77046
110 0.77449
111 0.78115
112 0.79449
113 0.80229
114 0.81047
115 0.81411
116 0.82273
117 0.83073
118 0.84531
119 0.8634
120 0.86551
121 0.8675
122 0.87336
123 0.88523
124 0.89339
125 0.89927
126 0.90132
127 0.91221
128 0.92497
129 0.92809
130 0.93581
131 0.94049
132 0.95858
133 0.96043
134 0.97125
135 0.98413
136 0.98902
137 0.99866
138 1.00736
139 1.01826
140 1.02188
141 1.02883
142 1.03811
143 1.04162
144 1.04281
145 1.06327
146 1.08242
147 1.08778
148 1.11686
149 1.12165
150 1.12552
151 1.14202
152 1.15774
153 1.17106
154 1.17862
155 1.18524
156 1.18815
157 1.2008
158 1.20522
159 1.21619
160 1.22938
161 1.23706
162 1.24035
163 1.2459
164 1.25471
165 1.25589
166 1.25985
167 1.29902
168 1.31318
169 1.31789
170 1.34021
171 1.34645
172 1.36978
173 1.37357
174 1.38712
175 1.41971
176 1.43203
177 1.43839
178 1.45607
179 1.46139
180 1.47275
181 1.47616
182 1.48319
183 1.48698
184 1.49162
185 1.51071
186 1.52182
187 1.53381
188 1.55
189 1.55262
190 1.55832
191 1.5816
192 1.58513
193 1.58724
194 1.59609
195 1.59925
196 1.61481
197 1.61695
198 1.62122
199 1.62442
200 1.63695
201 1.6573
202 1.66537
203 1.67968
204 1.68587
205 1.68849
206 1.70028
207 1.70919
208 1.71161
209 1.71793
210 1.72481
211 1.72835
212 1.73945
213 1.74838
214 1.75014
215 1.75197
216 1.75451
217 1.76094
218 1.76263
219 1.77563
220 1.78528
221 1.79351
222 1.8035
223 1.82579
224 1.8285
225 1.83456
226 1.8422
227 1.85399
228 1.85588
229 1.8624
230 1.86643
231 1.86911
232 1.8733
233 1.88219
234 1.8927
235 1.91448
236 1.92347
237 1.9469
238 1.96044
239 1.96684
240 1.96789
241 1.97483
242 1.97866
243 2.0006
244 2.00327
245 2.00425
246 2.02654
247 2.02944
248 2.04252
249 2.05654
250 2.06633
251 2.07309
252 2.08144
253 2.09559
254 2.10182
255 2.10528
256 2.10783
257 2.12178
258 2.12351
259 2.14205
260 2.14527
261 2.14649
262 2.15975
263 2.16407
264 2.17932
265 2.18986
266 2.19675
267 2.21378
268 2.24071
269 2.24373
270 2.24986
271 2.26014
272 2.2642
273 2.26885
274 2.27008
275 2.27489
276 2.29471
277 2.32025
278 2.32371
279 2.33396
280 2.3373
281 2.34142
282 2.34952
283 2.36311
284 2.37118
285 2.37582
286 2.39474
287 2.39656
288 2.4109
289 2.41724
290 2.42057
291 2.42708
292 2.4342
293 2.43987
294 2.44299
295 2.4516
296 2.46405
297 2.47485
298 2.48032
299 2.49126
300 2.49999
301 2.51193
302 2.51342
303 2.52803
304 2.54514
305 2.54718
306 2.55565
307 2.57124
308 2.57803
309 2.5844
310 2.5977
311 2.60679
312 2.61395
313 2.62489
314 2.63128
315 2.6446
316 2.64958
317 2.66484
318 2.66964
319 2.67102
320 2.67844
321 2.68316
322 2.68449
323 2.69099
324 2.69908
325 2.70892
326 2.71844
327 2.72103
328 2.73009
329 2.74572
330 2.75643
331 2.76417
332 2.7831
333 2.80792
334 2.82623
335 2.82909
336 2.85374
337 2.85675
338 2.87356
339 2.87864
340 2.89152
341 2.89686
342 2.90094
343 2.90365
344 2.90581
345 2.91287
346 2.91443
347 2.92059
348 2.93137
349 2.93572
350 2.95004
351 2.95123
352 2.95456
353 2.96369
354 2.98198
355 2.98686
356 2.99039
