1 0.0099
2 0.01412
3 0.01916
4 0.02276
5 0.03407
6 0.03877
7 0.05525
8 0.06145
9 0.07082
10 0.07782
11 0.08587
12 0.08867
13 0.09086
14 0.10726
15 0.1151
16 0.11711
17 0.12132
18 0.12416
19 0.13786
20 0.14099
21 0.14261
22 0.1531
23 0.16196
24 0.17174
25 0.17744
26 0.19
27 0.20164
28 0.20448
29 0.20834
30 0.21179
31 0.22279
32 0.26144
33 0.27726
34 0.27866
35 0.28247
36 0.29027
37 0.29186
38 0.29454
39 0.304
40 0.31946
41 0.3239
42 0.33346
43 0.33976
44 0.36251
45 0.38993
46 0.39163
47 0.39534
48 0.39677
49 0.4041
50 0.41572
51 0.4321
52 0.44239
53 0.45303
54 0.46307
55 0.46983
56 0.47531
57 0.49375
58 0.49956
59 0.50491
60 0.50842
61 0.51773
62 0.52291
63 0.5421
64 0.55474
65 0.56125
66 0.57491
67 0.57626
68 0.58172
69 0.59727
70 0.60191
71 0.61198
72 0.61712
73 0.62411
74 0.6288
75 0.65096
76 0.66821
77 0.689
78 0.69611
79 0.70071
80 0.71001
81 0.72423
82 0.74834
83 0.75592
84 0.77167
85 0.78056
86 0.78844
87 0.80514
88 0.81242
89 0.83451
90 0.8551
91 0.85938
92 0.8641
93 0.88029
94 0.88609
95 0.91266
96 0.96776
97 0.98971
98 1.0079
99 1.01243
100 1.02409
101 1.02746
102 1.03081
103 1.0359
104 1.04246
105 1.04917
106 1.05154
107 1.07003
108 1.07347
109 1.09169
110 1.1089
111 1.11443
112 1.11766
113 1.12428
114 1.12571
115 1.12693
116 1.13925
117 1.14694
118 1.15259
119 1.15551
120 1.17574
121 1.19517
122 1.20294
123 1.21683
124 1.22569
125 1.23393
126 1.2429
127 1.25135
128 1.26005
129 1.29604
130 1.30026
131 1.30478
132 1.31124
133 1.31376
134 1.31834
135 1.32381
136 1.33984
137 1.3587
138 1.36013
139 1.36527
140 1.36938
141 1.3787
142 1.38118
143 1.3941
144 1.39561
145 1.41038
146 1.42239
147 1.4275
148 1.43596
149 1.44621
150 1.45071
151 1.45516
152 1.46224
153 1.46461
154 1.47479
155 1.4779
156 1.49384
157 1.50155
158 1.51526
159 1.52039
160 1.52738
161 1.53822
162 1.55131
163 1.55401
164 1.57636
165 1.58848
166 1.59594
167 1.59809
168 1.60735
169 1.60884
170 1.61306
171 1.6141
172 1.623
173 1.62997
174 1.67627
175 1.67772
176 1.68266
177 1.68593
178 1.68939
179 1.70343
180 1.70628
181 1.71982
182 1.73211
183 1.74576
184 1.7534
185 1.75848
186 1.76417
187 1.77411
188 1.78854
189 1.79136
190 1.79627
191 1.79824
192 1.80287
193 1.81075
194 1.81635
195 1.827
196 1.83464
197 1.85982
198 1.86138
199 1.87807
200 1.8881
201 1.90152
202 1.90556
203 1.91494
204 1.92149
205 1.94754
206 1.94929
207 1.95082
208 1.96837
209 1.99038
210 2.01636
211 2.0181
212 2.0257
213 2.03715
214 2.05171
215 2.05431
216 2.07123
217 2.07691
218 2.09219
219 2.10836
220 2.12284
221 2.12422
222 2.15216
223 2.15684
224 2.1584
225 2.16728
226 2.16905
227 2.17601
228 2.18633
229 2.23642
230 2.24208
231 2.24961
232 2.2642
233 2.2707
234 2.27373
235 2.28242
236 2.29193
237 2.3
238 2.3096
239 2.31839
240 2.32342
241 2.3337
242 2.3512
243 2.35458
244 2.35751
245 2.39062
246 2.39751
247 2.40082
248 2.4039
249 2.42647
250 2.43745
251 2.45266
252 2.45599
253 2.47379
254 2.48996
255 2.49172
256 2.51605
257 2.51776
258 2.52959
259 2.53406
260 2.55547
261 2.55804
262 2.56777
263 2.59807
264 2.60081
265 2.6272
266 2.66514
267 2.66791
268 2.69916
269 2.70576
270 2.7205
271 2.7583
272 2.76175
273 2.77007
274 2.77318
275 2.78121
276 2.79056
277 2.79398
278 2.79863
279 2.82033
280 2.83552
281 2.84178
282 2.84701
283 2.85399
284 2.85565
285 2.8646
286 2.87878
287 2.88023
288 2.90001
289 2.91652
290 2.95941
291 2.96291
292 2.97507
293 2.98073
294 2.99095
