1 0.00125
2 0.00391
3 0.00602
4 0.02226
5 0.02435
6 0.02768
7 0.02934
8 0.03315
9 0.04506
10 0.05038
11 0.05392
12 0.06172
13 0.06716
14 0.06983
15 0.07203
16 0.07486
17 0.08055
18 0.09383
19 0.09489
20 0.09721
21 0.10193
22 0.10317
23 0.11966
24 0.13162
25 0.1344
26 0.13849
27 0.14319
28 0.14744
29 0.1509
30 0.15296
31 0.15767
32 0.16284
33 0.17
34 0.17147
35 0.17555
36 0.18368
37 0.19769
38 0.19975
39 0.20877
40 0.21286
41 0.2269
42 0.23616
43 0.23964
44 0.25687
45 0.27578
46 0.29254
47 0.31782
48 0.31973
49 0.32206
50 0.32858
51 0.3347
52 0.34026
53 0.34462
54 0.34908
55 0.37788
56 0.38896
57 0.39063
58 0.39798
59 0.39976
60 0.41596
61 0.42367
62 0.4299
63 0.4438
64 0.45971
65 0.46262
66 0.46997
67 0.47295
68 0.47863
69 0.48835
70 0.51993
71 0.52666
72 0.52865
73 0.53402
74 0.54433
75 0.55171
76 0.55307
77 0.5689
78 0.57203
79 0.5747
80 0.57592
81 0.58179
82 0.59986
83 0.60855
84 0.6179
85 0.61955
86 0.63034
87 0.65303
88 0.65966
89 0.67251
90 0.67761
91 0.68391
92 0.6875
93 0.69331
94 0.71034
95 0.71365
96 0.71998
97 0.72438
98 0.7305
99 0.74681
100 0.75516
101 0.76624
102 0.78013
103 0.78194
104 0.79231
105 0.80741
106 0.81861
107 0.82038
108 0.82195
109 0.82421
110 0.83867
111 0.86022
112 0.86638
113 0.88109
114 0.88932
115 0.89564
116 0.90209
117 0.90454
118 0.90825
119 0.91771
120 0.92161
121 0.92273
122 0.92695
123 0.93189
124 0.93864
125 0.95866
126 0.96411
127 0.97365
128 0.98465
129 0.98784
130 0.99132
131 1.02287
132 1.03016
133 1.03186
134 1.04432
135 1.04908
136 1.05286
137 1.06831
138 1.07164
139 1.07258
140 1.09273
141 1.10162
142 1.10395
143 1.11419
144 1.11839
145 1.14141
146 1.14861
147 1.15264
148 1.15885
149 1.16208
150 1.17426
151 1.17643
152 1.20811
153 1.21286
154 1.22592
155 1.23565
156 1.24872
157 1.27138
158 1.27404
159 1.28165
160 1.29501
161 1.2975
162 1.30072
163 1.30509
164 1.30852
165 1.32103
166 1.32292
167 1.32665
168 1.33075
169 1.33583
170 1.34898
171 1.3562
172 1.36396
173 1.36723
174 1.3824
175 1.39097
176 1.4051
177 1.41031
178 1.41404
179 1.41933
180 1.42284
181 1.42563
182 1.42951
183 1.43281
184 1.43496
185 1.44662
186 1.45687
187 1.46517
188 1.46885
189 1.47255
190 1.47908
191 1.48135
192 1.48512
193 1.49076
194 1.49267
195 1.4936
196 1.49543
197 1.5005
198 1.51172
199 1.52349
200 1.53345
201 1.53754
202 1.5461
203 1.54882
204 1.55133
205 1.55752
206 1.56707
207 1.57694
208 1.59418
209 1.59603
210 1.60186
211 1.60388
212 1.60505
213 1.61308
214 1.6174
215 1.63353
216 1.63796
217 1.64932
218 1.65514
219 1.6712
220 1.67474
221 1.68079
222 1.68759
223 1.69278
224 1.71058
225 1.71787
226 1.72653
227 1.72765
228 1.7363
229 1.74563
230 1.76937
231 1.77401
232 1.77771
233 1.78388
234 1.79561
235 1.80033
236 1.80521
237 1.81726
238 1.82012
239 1.82314
240 1.83013
241 1.84849
242 1.85778
243 1.86409
244 1.88476
245 1.89173
246 1.89615
247 1.91852
248 1.92047
249 1.92247
250 1.93003
251 1.93185
252 1.93365
253 1.93923
254 1.94329
255 1.94914
256 1.95812
257 1.9603
258 1.9627
259 1.96659
260 1.97085
261 1.97647
262 1.98591
263 1.98925
264 2.00429
265 2.02318
266 2.03163
267 2.03266
268 2.04488
269 2.04878
270 2.06661
271 2.076
272 2.07842
273 2.09274
274 2.09536
275 2.10642
276 2.1119
277 2.11501
278 2.12015
279 2.12272
280 2.13007
281 2.13198
282 2.13926
283 2.1417
284 2.14885
285 2.15078
286 2.15676
287 2.16402
288 2.16751
289 2.16944
290 2.17476
291 2.17671
292 2.18566
293 2.1921
294 2.19309
295 2.19574
296 2.21138
297 2.2154
298 2.22298
299 2.22963
300 2.2349
301 2.24155
302 2.25152
303 2.27001
304 2.27776
305 2.29683
306 2.30699
307 2.31987
308 2.32468
309 2.33178
310 2.34333
311 2.36199
312 2.36536
313 2.37054
314 2.37367
315 2.37816
316 2.38679
317 2.38908
318 2.3988
319 2.40314
320 2.40425
321 2.4071
322 2.41384
323 2.42313
324 2.42758
325 2.43542
326 2.46034
327 2.4624
328 2.47545
329 2.47849
330 2.48303
331 2.49497
332 2.52068
333 2.52412
334 2.52999
335 2.53216
336 2.53355
337 2.53686
338 2.55277
339 2.57076
340 2.58011
341 2.58271
342 2.59671
343 2.60234
344 2.60853
345 2.62244
346 2.63302
347 2.63522
348 2.64575
349 2.64953
350 2.65201
351 2.66132
352 2.66737
353 2.67088
354 2.67358
355 2.68211
356 2.68875
357 2.71264
358 2.71912
359 2.73081
360 2.74127
361 2.75899
362 2.76895
363 2.77024
364 2.77771
365 2.78077
366 2.79338
367 2.79845
368 2.80761
369 2.81696
370 2.82193
371 2.82412
372 2.82912
373 2.842
374 2.84949
375 2.85422
376 2.85882
377 2.86309
378 2.86549
379 2.87274
380 2.88599
381 2.89573
382 2.89731
383 2.90111
384 2.90342
385 2.90705
386 2.91616
387 2.91871
388 2.92327
389 2.927
390 2.9285
391 2.93319
392 2.93724
393 2.96254
394 2.96513
395 2.97054
396 2.97233
397 2.97884
398 2.986
399 2.98846
400 2.99443
