1 0.00484
2 0.01259
3 0.02445
4 0.02889
5 0.03191
6 0.03399
7 0.03778
8 0.0461
9 0.051
10 0.06523
11 0.0685
12 0.07163
13 0.07565
14 0.10149
15 0.10417
16 0.12344
17 0.12521
18 0.13163
19 0.1347
20 0.14386
21 0.15142
22 0.15286
23 0.15585
24 0.16612
25 0.17396
26 0.18369
27 0.18656
28 0.18969
29 0.1977
30 0.20405
31 0.21716
32 0.22463
33 0.22729
34 0.23808
35 0.24255
36 0.25138
37 0.27447
38 0.28073
39 0.28271
40 0.2891
41 0.29479
42 0.29855
43 0.30082
44 0.3112
45 0.31624
46 0.31889
47 0.31998
48 0.33504
49 0.3584
50 0.37248
51 0.38571
52 0.38892
53 0.39712
54 0.39915
55 0.42355
56 0.42797
57 0.44708
58 0.45533
59 0.46119
60 0.48313
61 0.48699
62 0.4974
63 0.50036
64 0.50605
65 0.51442
66 0.52386
67 0.53661
68 0.55776
69 0.5657
70 0.57057
71 0.57912
72 0.58257
73 0.59251
74 0.60649
75 0.60831
76 0.63193
77 0.63434
78 0.64822
79 0.64972
80 0.65467
81 0.67775
82 0.68209
83 0.68715
84 0.69446
85 0.69877
86 0.70335
87 0.70437
88 0.71103
89 0.71405
90 0.72453
91 0.74155
92 0.75516
93 0.77387
94 0.78464
95 0.78757
96 0.81772
97 0.81983
98 0.83473
99 0.83849
100 0.85888
101 0.86549
102 0.87552
103 0.88165
104 0.8831
105 0.88973
106 0.89567
107 0.90796
108 0.9161
109 0.92413
110 0.94083
111 0.95337
112 0.96151
113 0.96382
114 0.9679
115 0.97269
116 0.97634
117 0.98383
118 0.98533
119 1.00513
120 1.01156
121 1.0257
122 1.03771
123 1.05366
124 1.0735
125 1.08953
126 1.09529
127 1.10319
128 1.11218
129 1.12334
130 1.13483
131 1.14996
132 1.15137
133 1.15488
134 1.15638
135 1.16374
136 1.17364
137 1.19238
138 1.19508
139 1.20881
140 1.23624
141 1.23984
142 1.24389
143 1.24721
144 1.25941
145 1.26647
146 1.28076
147 1.30014
148 1.31063
149 1.31859
150 1.32119
151 1.32806
152 1.34179
153 1.34933
154 1.36015
155 1.36666
156 1.37995
157 1.3887
158 1.39476
159 1.40968
160 1.41776
161 1.45168
162 1.46664
163 1.47628
164 1.48126
165 1.48775
166 1.4935
167 1.51515
168 1.52451
169 1.53116
170 1.54472
171 1.55776
172 1.57782
173 1.59829
174 1.60172
175 1.63533
176 1.64981
177 1.65843
178 1.66109
179 1.6622
180 1.67008
181 1.68495
182 1.68898
183 1.69055
184 1.69427
185 1.70009
186 1.71442
187 1.72157
188 1.72829
189 1.73194
190 1.75444
191 1.75998
192 1.76826
193 1.77138
194 1.77693
195 1.78191
196 1.80148
197 1.80484
198 1.80938
199 1.83727
200 1.84365
201 1.85167
202 1.85591
203 1.86882
204 1.87634
205 1.88924
206 1.90467
207 1.90873
208 1.92575
209 1.9377
210 1.94348
211 1.94635
212 1.94994
213 1.96541
214 1.97045
215 1.979
216 1.98269
217 1.98916
218 1.99681
219 2.00203
220 2.01691
221 2.02624
222 2.05462
223 2.06638
224 2.07391
225 2.07712
226 2.09657
227 2.10302
228 2.10913
229 2.11885
230 2.12614
231 2.13228
232 2.15111
233 2.16157
234 2.16265
235 2.17399
236 2.17729
237 2.18544
238 2.19165
239 2.21141
240 2.22086
241 2.22575
242 2.22915
243 2.23251
244 2.2476
245 2.25633
246 2.26459
247 2.28064
248 2.28321
249 2.28659
250 2.29674
251 2.29968
252 2.30786
253 2.31922
254 2.32109
255 2.32701
256 2.33357
257 2.34642
258 2.34809
259 2.35173
260 2.35477
261 2.36878
262 2.37209
263 2.39097
264 2.39841
265 2.41273
266 2.41679
267 2.44055
268 2.44604
269 2.4599
270 2.47538
271 2.48407
272 2.49485
273 2.50106
274 2.50442
275 2.50573
276 2.51329
277 2.51995
278 2.52101
279 2.53156
280 2.54704
281 2.58023
282 2.58157
283 2.59036
284 2.60353
285 2.60604
286 2.6119
287 2.63376
288 2.64052
289 2.64239
290 2.64678
291 2.65083
292 2.65531
293 2.66118
294 2.68896
295 2.69643
296 2.6991
297 2.70607
298 2.71481
299 2.72063
300 2.72835
301 2.74312
302 2.74703
303 2.76341
304 2.77264
305 2.79255
306 2.79644
307 2.80744
308 2.81746
309 2.82191
310 2.83049
311 2.83805
312 2.84897
313 2.86146
314 2.86777
315 2.87236
316 2.90106
317 2.90755
318 2.92151
319 2.93448
320 2.95405
321 2.9658
322 2.97005
323 2.97849
324 2.99864
