1 0.00708
2 0.01014
3 0.02008
4 0.02175
5 0.0231
6 0.02797
7 0.02927
8 0.03664
9 0.03896
10 0.04849
11 0.0592
12 0.07144
13 0.07817
14 0.08179
15 0.08701
16 0.09328
17 0.09686
18 0.10187
19 0.10495
20 0.11519
21 0.12015
22 0.12643
23 0.13107
24 0.13414
25 0.13923
26 0.14062
27 0.14295
28 0.14813
29 0.1523
30 0.15645
31 0.16457
32 0.16681
33 0.17059
34 0.17411
35 0.19337
36 0.19735
37 0.2094
38 0.22088
39 0.22598
40 0.22844
41 0.23373
42 0.23746
43 0.24425
44 0.24661
45 0.24908
46 0.25167
47 0.25576
48 0.25805
49 0.2628
50 0.27543
51 0.27631
52 0.27942
53 0.28575
54 0.29207
55 0.29696
56 0.30015
57 0.30159
58 0.30522
59 0.31536
60 0.31946
61 0.3244
62 0.33268
63 0.33694
64 0.34407
65 0.34609
66 0.35201
67 0.35633
68 0.36239
69 0.37882
70 0.38446
71 0.38813
72 0.39501
73 0.39788
74 0.40118
75 0.41708
76 0.41997
77 0.44312
78 0.46336
79 0.47079
80 0.47198
81 0.4756
82 0.48109
83 0.48522
84 0.48786
85 0.49005
86 0.49255
87 0.49817
88 0.50188
89 0.50906
90 0.52083
91 0.52654
92 0.53024
93 0.53402
94 0.53688
95 0.53901
96 0.54514
97 0.54991
98 0.55328
99 0.55502
100 0.57163
101 0.58061
102 0.58344
103 0.58776
104 0.59045
105 0.60123
106 0.60447
107 0.60698
108 0.61617
109 0.62718
110 0.63544
111 0.64116
112 0.64404
113 0.64808
114 0.65411
115 0.65687
116 0.66287
117 0.67165
118 0.7012
119 0.70713
120 0.71714
121 0.7188
122 0.72376
123 0.72769
124 0.72962
125 0.73583
126 0.73873
127 0.74186
128 0.74653
129 0.77468
130 0.77977
131 0.78988
132 0.79868
133 0.80167
134 0.81743
135 0.81959
136 0.82888
137 0.83643
138 0.84508
139 0.85705
140 0.86358
141 0.86521
142 0.87995
143 0.88405
144 0.88785
145 0.88974
146 0.8936
147 0.89954
148 0.90672
149 0.90861
150 0.91166
151 0.91821
152 0.92879
153 0.94794
154 0.95536
155 0.95635
156 0.95783
157 0.97353
158 0.98342
159 0.98889
160 0.9928
161 0.99549
162 1.00083
163 1.00275
164 1.00992
165 1.02377
166 1.02961
167 1.03192
168 1.03497
169 1.03898
170 1.04617
171 1.04775
172 1.05079
173 1.07045
174 1.07345
175 1.07963
176 1.08132
177 1.09221
178 1.09886
179 1.10299
180 1.10626
181 1.10787
182 1.11252
183 1.13483
184 1.139
185 1.14812
186 1.15369
187 1.15728
188 1.16684
189 1.17235
190 1.17604
191 1.19328
192 1.21629
193 1.22284
194 1.22645
195 1.22956
196 1.23177
197 1.24572
198 1.25019
199 1.27356
200 1.27661
201 1.28269
202 1.28504
203 1.28922
204 1.29402
205 1.30333
206 1.31792
207 1.32132
208 1.32602
209 1.33139
210 1.33555
211 1.33702
212 1.34064
213 1.34894
214 1.3529
215 1.35686
216 1.38296
217 1.38466
218 1.39017
219 1.39591
220 1.3994
221 1.40518
222 1.41069
223 1.4136
224 1.42315
225 1.43144
226 1.44219
227 1.44799
228 1.45356
229 1.45962
230 1.46498
231 1.46907
232 1.47392
233 1.47811
234 1.48225
235 1.48903
236 1.49636
237 1.50347
238 1.50832
239 1.51065
240 1.51286
241 1.5255
242 1.5296
243 1.53661
244 1.5388
245 1.54689
246 1.56822
247 1.57066
248 1.58084
249 1.58295
250 1.6059
251 1.61493
252 1.63035
253 1.63227
254 1.63833
255 1.64892
256 1.65591
257 1.66283
258 1.67405
259 1.69185
260 1.70107
261 1.70493
262 1.70974
263 1.7111
264 1.71965
265 1.72966
266 1.73738
267 1.74676
268 1.75341
269 1.77517
270 1.78342
271 1.78677
272 1.79579
273 1.80204
274 1.81983
275 1.82768
276 1.82993
277 1.83959
278 1.84982
279 1.86071
280 1.8627
281 1.87893
282 1.88373
283 1.90287
284 1.90927
285 1.91626
286 1.94896
287 1.9556
288 1.97065
289 1.98356
290 1.98609
291 1.98954
292 1.9984
293 2.00168
294 2.01207
295 2.02289
296 2.04099
297 2.04342
298 2.04983
299 2.05356
300 2.06725
301 2.07712
302 2.07995
303 2.0819
304 2.08436
305 2.0864
306 2.09064
307 2.10547
308 2.10791
309 2.10969
310 2.11189
311 2.11896
312 2.12792
313 2.14188
314 2.15987
315 2.16627
316 2.19479
317 2.19682
318 2.20283
319 2.20581
320 2.22183
321 2.22404
322 2.23073
323 2.232
324 2.24231
325 2.24823
326 2.2555
327 2.25764
328 2.27641
329 2.28217
330 2.28563
331 2.29534
332 2.30357
333 2.31617
334 2.31877
335 2.3264
336 2.34191
337 2.35363
338 2.36748
339 2.36973
340 2.38047
341 2.38311
342 2.38674
343 2.39525
344 2.39732
345 2.40434
346 2.40724
347 2.42978
348 2.44469
349 2.44748
350 2.45167
351 2.45401
352 2.46952
353 2.47532
354 2.47721
355 2.4885
356 2.49362
357 2.49894
358 2.50263
359 2.51232
360 2.52559
361 2.53108
362 2.53901
363 2.54521
364 2.56891
365 2.57161
366 2.57966
367 2.58586
368 2.58927
369 2.60939
370 2.61597
371 2.63492
372 2.63959
373 2.64345
374 2.64685
375 2.65779
376 2.66081
377 2.67069
378 2.67168
379 2.67702
380 2.69826
381 2.70126
382 2.7173
383 2.7212
384 2.72642
385 2.73093
386 2.73376
387 2.73803
388 2.74355
389 2.75093
390 2.7552
391 2.76026
392 2.77237
393 2.78641
394 2.79029
395 2.79686
396 2.80078
397 2.82732
398 2.83543
399 2.83992
400 2.8619
401 2.8784
402 2.88194
403 2.88693
404 2.89186
405 2.8979
406 2.90903
407 2.92015
408 2.92832
409 2.94272
410 2.94495
411 2.94783
412 2.95161
413 2.96999
414 2.97373
415 2.97924
416 2.98432
417 2.98884
418 2.9974
