1 0.00702
2 0.01007
3 0.0189
4 0.02722
5 0.03696
6 0.04732
7 0.04904
8 0.05963
9 0.07938
10 0.08101
11 0.08805
12 0.09618
13 0.10523
14 0.11677
15 0.12056
16 0.12206
17 0.12905
18 0.13585
19 0.14496
20 0.16765
21 0.17821
22 0.18284
23 0.18671
24 0.19263
25 0.19459
26 0.20916
27 0.2237
28 0.22718
29 0.24057
30 0.24451
31 0.24677
32 0.25849
33 0.26443
34 0.2729
35 0.2837
36 0.29882
37 0.30604
38 0.3278
39 0.34777
40 0.35263
41 0.35603
42 0.35864
43 0.36654
44 0.36861
45 0.37956
46 0.38242
47 0.3896
48 0.39205
49 0.40548
50 0.41091
51 0.41753
52 0.41987
53 0.43313
54 0.44813
55 0.45395
56 0.46541
57 0.4704
58 0.47704
59 0.50575
60 0.50851
61 0.51629
62 0.53903
63 0.54571
64 0.54794
65 0.55053
66 0.57115
67 0.58248
68 0.59668
69 0.59961
70 0.60234
71 0.61139
72 0.61565
73 0.61721
74 0.61987
75 0.62918
76 0.63187
77 0.64126
78 0.64632
79 0.66097
80 0.6731
81 0.67805
82 0.68085
83 0.68829
84 0.69146
85 0.69988
86 0.70285
87 0.71111
88 0.71542
89 0.72028
90 0.72475
91 0.73784
92 0.74422
93 0.74949
94 0.75924
95 0.77049
96 0.77421
97 0.78537
98 0.78761
99 0.78858
100 0.79154
101 0.79729
102 0.80835
103 0.81178
104 0.81962
105 0.83324
106 0.84807
107 0.85093
108 0.85407
109 0.86266
110 0.86558
111 0.86988
112 0.88135
113 0.88368
114 0.88899
115 0.89696
116 0.90161
117 0.90743
118 0.91547
119 0.93305
120 0.94557
121 0.94888
122 0.95476
123 0.96268
124 0.96982
125 0.97449
126 0.98939
127 1.00726
128 1.01384
129 1.0164
130 1.02051
131 1.02822
132 1.03462
133 1.03703
134 1.0466
135 1.05298
136 1.05751
137 1.06011
138 1.06475
139 1.06618
140 1.07693
141 1.10204
142 1.10905
143 1.11756
144 1.12901
145 1.13248
146 1.13822
147 1.14222
148 1.15323
149 1.17179
150 1.17467
151 1.1792
152 1.19225
153 1.20175
154 1.21399
155 1.22496
156 1.22972
157 1.23531
158 1.23696
159 1.24411
160 1.26286
161 1.26617
162 1.29121
163 1.29938
164 1.30987
165 1.32094
166 1.33282
167 1.33623
168 1.34016
169 1.34157
170 1.34634
171 1.35145
172 1.35454
173 1.35878
174 1.36619
175 1.37111
176 1.37687
177 1.38557
178 1.39495
179 1.39845
180 1.40338
181 1.40937
182 1.41353
183 1.41907
184 1.42038
185 1.42253
186 1.42957
187 1.43443
188 1.44619
189 1.45159
190 1.45529
191 1.46751
192 1.48108
193 1.48939
194 1.49392
195 1.50031
196 1.50465
197 1.50701
198 1.51446
199 1.52933
200 1.53193
201 1.53558
202 1.53896
203 1.54105
204 1.553
205 1.55917
206 1.56614
207 1.57039
208 1.57334
209 1.58447
210 1.58881
211 1.59483
212 1.59741
213 1.60223
214 1.62016
215 1.62245
216 1.63446
217 1.64373
218 1.64543
219 1.65114
220 1.65353
221 1.65694
222 1.66288
223 1.67547
224 1.67802
225 1.68349
226 1.68692
227 1.70618
228 1.72009
229 1.73371
230 1.74475
231 1.74865
232 1.75379
233 1.75771
234 1.76728
235 1.77256
236 1.79226
237 1.80104
238 1.80282
239 1.80443
240 1.81108
241 1.83036
242 1.83902
243 1.85095
244 1.85384
245 1.87146
246 1.88086
247 1.88815
248 1.90669
249 1.92097
250 1.92951
251 1.93715
252 1.94891
253 1.95323
254 1.95586
255 1.95767
256 1.96297
257 1.97393
258 1.97675
259 1.98177
260 1.99353
261 2.00252
262 2.01275
263 2.01656
264 2.03681
265 2.04545
266 2.04967
267 2.0552
268 2.05886
269 2.07137
270 2.07804
271 2.08374
272 2.08755
273 2.09098
274 2.11331
275 2.1255
276 2.12886
277 2.1505
278 2.16727
279 2.1779
280 2.18637
281 2.20162
282 2.20622
283 2.22163
284 2.24189
285 2.24401
286 2.25093
287 2.25208
288 2.25581
289 2.25774
290 2.2794
291 2.28494
292 2.29146
293 2.29998
294 2.30186
295 2.32017
296 2.33833
297 2.36305
298 2.3746
299 2.38216
300 2.38574
301 2.39164
302 2.39399
303 2.40182
304 2.40942
305 2.41249
306 2.41507
307 2.42335
308 2.42732
309 2.44514
310 2.4469
311 2.45025
312 2.45713
313 2.46281
314 2.46952
315 2.47609
316 2.48146
317 2.49303
318 2.49549
319 2.50025
320 2.50922
321 2.51952
322 2.53551
323 2.55396
324 2.56748
325 2.57886
326 2.58031
327 2.58469
328 2.59835
329 2.60266
330 2.61406
331 2.62319
332 2.63444
333 2.63886
334 2.64635
335 2.64914
336 2.65193
337 2.66417
338 2.67367
339 2.68008
340 2.68988
341 2.70961
342 2.72238
343 2.72406
344 2.73003
345 2.73999
346 2.74593
347 2.74825
348 2.75446
349 2.76036
350 2.77353
351 2.78217
352 2.80001
353 2.80397
354 2.80839
355 2.81516
356 2.84367
357 2.853
358 2.8561
359 2.88194
360 2.88389
361 2.8865
362 2.90614
363 2.90765
364 2.91616
365 2.92413
366 2.93064
367 2.94005
368 2.96472
369 2.96975
370 2.98265
371 2.9909
