1 0.00455
2 0.0059
3 0.00734
4 0.01826
5 0.02024
6 0.03729
7 0.04507
8 0.06617
9 0.07689
10 0.07831
11 0.09316
12 0.09822
13 0.10159
14 0.10417
15 0.10674
16 0.12168
17 0.12355
18 0.14791
19 0.18022
20 0.18738
21 0.19225
22 0.21123
23 0.21377
24 0.21824
25 0.22384
26 0.23619
27 0.24023
28 0.24952
29 0.2566
30 0.25862
31 0.26469
32 0.27147
33 0.28542
34 0.28977
35 0.29806
36 0.30672
37 0.31263
38 0.31835
39 0.31996
40 0.32711
41 0.33522
42 0.3445
43 0.35338
44 0.36098
45 0.3805
46 0.40051
47 0.40906
48 0.43421
49 0.44203
50 0.4462
51 0.45147
52 0.4594
53 0.47313
54 0.49268
55 0.49634
56 0.50074
57 0.51022
58 0.51885
59 0.52208
60 0.52517
61 0.53186
62 0.53845
63 0.55287
64 0.56172
65 0.57528
66 0.59325
67 0.60242
68 0.60845
69 0.61224
70 0.6248
71 0.63046
72 0.63981
73 0.64839
74 0.65134
75 0.65389
76 0.66132
77 0.66639
78 0.67337
79 0.70556
80 0.71095
81 0.72046
82 0.74167
83 0.74535
84 0.7502
85 0.76409
86 0.77448
87 0.78244
88 0.78992
89 0.80446
90 0.81248
91 0.81536
92 0.8293
93 0.83363
94 0.84711
95 0.8542
96 0.8562
97 0.86216
98 0.88077
99 0.8826
100 0.88986
101 0.90565
102 0.92302
103 0.92766
104 0.93058
105 0.93685
106 0.94302
107 0.95258
108 0.96216
109 0.97175
110 0.9805
111 0.98426
112 0.98997
113 0.99244
114 1.00038
115 1.01471
116 1.01949
117 1.02385
118 1.03277
119 1.04132
120 1.05834
121 1.08501
122 1.09068
123 1.09744
124 1.11582
125 1.11938
126 1.14199
127 1.15595
128 1.16164
129 1.17768
130 1.19807
131 1.21348
132 1.21949
133 1.23714
134 1.23922
135 1.25091
136 1.25251
137 1.25708
138 1.26483
139 1.26655
140 1.27923
141 1.28668
142 1.30491
143 1.30712
144 1.31726
145 1.32339
146 1.32445
147 1.32864
148 1.33152
149 1.33399
150 1.35344
151 1.37481
152 1.39456
153 1.40266
154 1.40881
155 1.43073
156 1.43866
157 1.47206
158 1.47991
159 1.48538
160 1.50177
161 1.50516
162 1.51582
163 1.52507
164 1.53231
165 1.54781
166 1.56044
167 1.59281
168 1.61043
169 1.62693
170 1.63751
171 1.64335
172 1.64934
173 1.65165
174 1.65592
175 1.66136
176 1.66998
177 1.67199
178 1.67467
179 1.67883
180 1.68683
181 1.69372
182 1.70427
183 1.70975
184 1.72734
185 1.74888
186 1.75035
187 1.75775
188 1.76039
189 1.77132
190 1.78851
191 1.81256
192 1.82204
193 1.82899
194 1.84693
195 1.85512
196 1.87145
197 1.8813
198 1.88916
199 1.89073
200 1.90531
201 1.92794
202 1.94528
203 1.94921
204 1.97122
205 1.98103
206 1.98948
207 1.99262
208 2.00074
209 2.00232
210 2.01858
211 2.03616
212 2.04255
213 2.05419
214 2.06664
215 2.08243
216 2.09805
217 2.12229
218 2.12855
219 2.14216
220 2.14959
221 2.16067
222 2.16488
223 2.17496
224 2.17934
225 2.19655
226 2.20837
227 2.23198
228 2.2415
229 2.25201
230 2.25908
231 2.28226
232 2.28533
233 2.33027
234 2.33688
235 2.34078
236 2.35212
237 2.35447
238 2.35971
239 2.36802
240 2.37217
241 2.38423
242 2.38879
243 2.4001
244 2.40968
245 2.42367
246 2.43912
247 2.469
248 2.47732
249 2.48163
250 2.48571
251 2.49106
252 2.49507
253 2.4977
254 2.50135
255 2.50628
256 2.54089
257 2.5459
258 2.5497
259 2.55218
260 2.55789
261 2.56261
262 2.56667
263 2.57145
264 2.57412
265 2.58867
266 2.59953
267 2.60595
268 2.61108
269 2.61792
270 2.62574
271 2.62926
272 2.64215
273 2.64797
274 2.65113
275 2.6568
276 2.66908
277 2.67742
278 2.68185
279 2.68591
280 2.6976
281 2.715
282 2.72654
283 2.74142
284 2.74929
285 2.75978
286 2.76126
287 2.76335
288 2.76464
289 2.78371
290 2.78932
291 2.79577
292 2.81203
293 2.81612
294 2.83016
295 2.83638
296 2.8504
297 2.85199
298 2.85949
299 2.87288
300 2.87868
301 2.89032
302 2.92227
303 2.93068
304 2.93501
305 2.94628
306 2.95858
307 2.96259
308 2.97374
309 2.98645
310 2.99468
