1 0.00891
2 0.01375
3 0.0259
4 0.03086
5 0.03749
6 0.03966
7 0.04695
8 0.06689
9 0.07296
10 0.07489
11 0.07796
12 0.08216
13 0.08672
14 0.09519
15 0.10492
16 0.1095
17 0.11154
18 0.1139
19 0.11571
20 0.12368
21 0.13223
22 0.141
23 0.1501
24 0.15826
25 0.16151
26 0.16614
27 0.17564
28 0.17825
29 0.20505
30 0.22451
31 0.22845
32 0.23094
33 0.23187
34 0.24047
35 0.24645
36 0.25741
37 0.2659
38 0.27384
39 0.27673
40 0.28509
41 0.28692
42 0.2885
43 0.2936
44 0.29793
45 0.29905
46 0.31035
47 0.31341
48 0.32909
49 0.33222
50 0.34008
51 0.35154
52 0.35874
53 0.3642
54 0.368
55 0.37121
56 0.37923
57 0.3815
58 0.38597
59 0.38938
60 0.39201
61 0.39641
62 0.39883
63 0.40159
64 0.40805
65 0.41286
66 0.42895
67 0.43379
68 0.45597
69 0.45839
70 0.46329
71 0.47892
72 0.48058
73 0.48852
74 0.4934
75 0.51473
76 0.52962
77 0.53909
78 0.54753
79 0.56104
80 0.56286
81 0.56587
82 0.60911
83 0.61166
84 0.61561
85 0.62551
86 0.63148
87 0.63913
88 0.65103
89 0.65311
90 0.65613
91 0.66169
92 0.67096
93 0.67935
94 0.68925
95 0.70759
96 0.72313
97 0.7278
98 0.7417
99 0.7616
100 0.77142
101 0.77506
102 0.78005
103 0.78806
104 0.79109
105 0.79628
106 0.79928
107 0.80817
108 0.8127
109 0.8154
110 0.82636
111 0.83661
112 0.85536
113 0.86397
114 0.86724
115 0.86969
116 0.87295
117 0.87849
118 0.88709
119 0.89048
120 0.89995
121 0.90444
122 0.90772
123 0.91015
124 0.91512
125 0.92009
126 0.92327
127 0.92807
128 0.96122
129 0.97133
130 0.98405
131 0.98892
132 0.99165
133 1.01492
134 1.02197
135 1.02414
136 1.02743
137 1.03661
138 1.04303
139 1.04572
140 1.05517
141 1.06033
142 1.06937
143 1.07416
144 1.07604
145 1.09657
146 1.09935
147 1.10417
148 1.10727
149 1.11204
150 1.1138
151 1.12022
152 1.12611
153 1.12812
154 1.12984
155 1.13267
156 1.14343
157 1.1474
158 1.15207
159 1.16311
160 1.16579
161 1.1675
162 1.17483
163 1.18916
164 1.21871
165 1.22865
166 1.23775
167 1.24688
168 1.25204
169 1.27462
170 1.27639
171 1.28292
172 1.28565
173 1.28801
174 1.29706
175 1.30162
176 1.30455
177 1.30727
178 1.31092
179 1.31977
180 1.32152
181 1.324
182 1.32984
183 1.33151
184 1.3485
185 1.35226
186 1.35715
187 1.36945
188 1.37226
189 1.37508
190 1.38009
191 1.38815
192 1.39695
193 1.40482
194 1.42026
195 1.43104
196 1.43876
197 1.45413
198 1.4692
199 1.47288
200 1.47545
201 1.4823
202 1.49172
203 1.51264
204 1.51832
205 1.52151
206 1.5234
207 1.52708
208 1.53087
209 1.53308
210 1.53658
211 1.53864
212 1.55506
213 1.55934
214 1.56058
215 1.56196
216 1.57139
217 1.57355
218 1.58304
219 1.59528
220 1.60316
221 1.61527
222 1.61867
223 1.62795
224 1.63644
225 1.63771
226 1.64069
227 1.64918
228 1.65575
229 1.65811
230 1.66719
231 1.67237
232 1.67473
233 1.67656
234 1.68347
235 1.70484
236 1.72255
237 1.72932
238 1.73176
239 1.74194
240 1.7469
241 1.76933
242 1.78627
243 1.79333
244 1.80271
245 1.80736
246 1.81038
247 1.812
248 1.81705
249 1.82101
250 1.834
251 1.84694
252 1.85256
253 1.86123
254 1.86468
255 1.86842
256 1.87053
257 1.88384
258 1.89186
259 1.89915
260 1.90744
261 1.90881
262 1.91123
263 1.91713
264 1.91901
265 1.92358
266 1.92739
267 1.93457
268 1.9478
269 1.95308
270 1.96485
271 1.97104
272 1.98119
273 1.98218
274 1.99871
275 2.02335
276 2.03341
277 2.0427
278 2.04725
279 2.05399
280 2.06047
281 2.06645
282 2.06977
283 2.07432
284 2.0815
285 2.09678
286 2.10185
287 2.10855
288 2.11058
289 2.11364
290 2.11465
291 2.12067
292 2.12268
293 2.12936
294 2.13626
295 2.14192
296 2.1481
297 2.15771
298 2.16288
299 2.17377
300 2.18161
301 2.21068
302 2.21327
303 2.2228
304 2.23138
305 2.23899
306 2.24273
307 2.26796
308 2.28042
309 2.28295
310 2.29576
311 2.30036
312 2.30341
313 2.30592
314 2.31155
315 2.3148
316 2.3169
317 2.32585
318 2.3272
319 2.33154
320 2.34591
321 2.35776
322 2.36463
323 2.36792
324 2.37164
325 2.38152
326 2.39169
327 2.406
328 2.41199
329 2.41432
330 2.4238
331 2.4269
332 2.42978
333 2.43284
334 2.45817
335 2.46924
336 2.47279
337 2.47853
338 2.48266
339 2.48491
340 2.4953
341 2.52375
342 2.52728
343 2.53371
344 2.5375
345 2.54233
346 2.54698
347 2.55126
348 2.55447
349 2.56056
350 2.56625
351 2.57051
352 2.5729
353 2.57793
354 2.58613
355 2.59601
356 2.60919
357 2.61331
358 2.62123
359 2.62292
360 2.62534
361 2.62683
362 2.63298
363 2.64192
364 2.64943
365 2.6587
366 2.66186
367 2.66788
368 2.6724
369 2.68177
370 2.68491
371 2.68627
372 2.70909
373 2.71097
374 2.7192
375 2.72451
376 2.72775
377 2.73248
378 2.73757
379 2.74222
380 2.74599
381 2.76009
382 2.76396
383 2.77373
384 2.77552
385 2.78373
386 2.79255
387 2.80131
388 2.80895
389 2.81994
390 2.82311
391 2.82482
392 2.83037
393 2.84204
394 2.85759
395 2.86126
396 2.87458
397 2.87819
398 2.88729
399 2.89376
400 2.89718
401 2.91019
402 2.91195
403 2.91988
404 2.92148
405 2.92492
406 2.93919
407 2.9407
408 2.95246
409 2.95815
410 2.97067
411 2.97758
412 2.98558
413 2.98941
