1 0.00508
2 0.01496
3 0.02192
4 0.03155
5 0.0339
6 0.04133
7 0.06768
8 0.08056
9 0.0847
10 0.08934
11 0.1165
12 0.12515
13 0.14186
14 0.15703
15 0.15854
16 0.17491
17 0.17963
18 0.18109
19 0.18353
20 0.20515
21 0.2275
22 0.26518
23 0.26747
24 0.27029
25 0.27931
26 0.28585
27 0.2885
28 0.29186
29 0.31584
30 0.32199
31 0.32721
32 0.33234
33 0.34017
34 0.35457
35 0.35697
36 0.36784
37 0.37601
38 0.40022
39 0.41988
40 0.42919
41 0.43487
42 0.43626
43 0.44506
44 0.45116
45 0.45233
46 0.46296
47 0.48524
48 0.49315
49 0.49572
50 0.49749
51 0.49908
52 0.51422
53 0.51544
54 0.51853
55 0.52955
56 0.53784
57 0.54201
58 0.5549
59 0.56482
60 0.5666
61 0.57555
62 0.57685
63 0.58262
64 0.58546
65 0.58999
66 0.59495
67 0.62835
68 0.63464
69 0.65071
70 0.66921
71 0.6706
72 0.67644
73 0.69522
74 0.70275
75 0.71277
76 0.71535
77 0.71877
78 0.72904
79 0.73581
80 0.74669
81 0.7566
82 0.76589
83 0.77471
84 0.7788
85 0.78161
86 0.78601
87 0.788
88 0.78983
89 0.79495
90 0.79915
91 0.82203
92 0.82892
93 0.83905
94 0.84683
95 0.87983
96 0.90305
97 0.91728
98 0.92005
99 0.92417
100 0.93524
101 0.95127
102 0.95442
103 0.96713
104 0.99032
105 1.00761
106 1.02517
107 1.02723
108 1.02865
109 1.03143
110 1.04314
111 1.07817
112 1.08489
113 1.0882
114 1.11997
115 1.17239
116 1.17622
117 1.18948
118 1.19976
119 1.20234
120 1.2059
121 1.2131
122 1.22071
123 1.22327
124 1.23213
125 1.25072
126 1.262
127 1.27237
128 1.2746
129 1.27585
130 1.28194
131 1.28571
132 1.29432
133 1.29982
134 1.30524
135 1.31371
136 1.32855
137 1.33135
138 1.33673
139 1.3396
140 1.35527
141 1.37144
142 1.37333
143 1.37517
144 1.3783
145 1.38311
146 1.40047
147 1.40613
148 1.40796
149 1.42697
150 1.42853
151 1.44006
152 1.44575
153 1.44721
154 1.453
155 1.46167
156 1.46819
157 1.47747
158 1.47874
159 1.49757
160 1.50634
161 1.51257
162 1.51981
163 1.52806
164 1.54049
165 1.57043
166 1.57338
167 1.58573
168 1.59854
169 1.61752
170 1.6319
171 1.63888
172 1.65126
173 1.66208
174 1.67121
175 1.6951
176 1.70017
177 1.70132
178 1.72027
179 1.73291
180 1.75693
181 1.78131
182 1.78382
183 1.78611
184 1.79985
185 1.82857
186 1.83143
187 1.83404
188 1.83865
189 1.89233
190 1.89732
191 1.90941
192 1.91109
193 1.92434
194 1.92933
195 1.93624
196 1.94222
197 1.96092
198 1.98979
199 1.99095
200 1.99847
201 2.01725
202 2.02207
203 2.02965
204 2.03494
205 2.07768
206 2.08864
207 2.10086
208 2.11345
209 2.12348
210 2.13398
211 2.14619
212 2.16541
213 2.16988
214 2.17445
215 2.19841
216 2.20607
217 2.21657
218 2.22012
219 2.23496
220 2.24312
221 2.25129
222 2.25416
223 2.26727
224 2.27022
225 2.29012
226 2.33207
227 2.33461
228 2.33824
229 2.34335
230 2.35318
231 2.36919
232 2.38085
233 2.39413
234 2.40192
235 2.41549
236 2.41654
237 2.42438
238 2.43363
239 2.43677
240 2.44824
241 2.45816
242 2.46459
243 2.47226
244 2.47932
245 2.48195
246 2.51579
247 2.52341
248 2.54142
249 2.54416
250 2.55663
251 2.57968
252 2.58415
253 2.59448
254 2.62003
255 2.62924
256 2.65997
257 2.66731
258 2.68179
259 2.68889
260 2.69886
261 2.70698
262 2.71761
263 2.73505
264 2.74681
265 2.75267
266 2.76091
267 2.76536
268 2.77822
269 2.78058
270 2.78624
271 2.8016
272 2.81555
273 2.8214
274 2.83512
275 2.84598
276 2.85154
277 2.85521
278 2.86823
279 2.88221
280 2.90158
281 2.91891
282 2.92566
283 2.93266
284 2.94053
285 2.95027
286 2.96597
287 2.96803
288 2.98206
289 2.995
290 2.99716
