1 0.00408
2 0.01757
3 0.01844
4 0.03694
5 0.04331
6 0.05881
7 0.06261
8 0.07024
9 0.07871
10 0.08322
11 0.0917
12 0.09498
13 0.11826
14 0.12893
15 0.13941
16 0.14854
17 0.1627
18 0.1638
19 0.17172
20 0.18792
21 0.18989
22 0.20656
23 0.21667
24 0.2216
25 0.23619
26 0.2425
27 0.24976
28 0.25377
29 0.26332
30 0.27123
31 0.27797
32 0.28518
33 0.28687
34 0.29275
35 0.29788
36 0.30102
37 0.30585
38 0.31142
39 0.32146
40 0.3348
41 0.3401
42 0.34249
43 0.34867
44 0.36073
45 0.36613
46 0.38075
47 0.38659
48 0.39741
49 0.41006
50 0.4116
51 0.41439
52 0.43151
53 0.43758
54 0.44486
55 0.45749
56 0.45884
57 0.48439
58 0.49473
59 0.50205
60 0.51237
61 0.53494
62 0.54828
63 0.55207
64 0.5623
65 0.57741
66 0.58454
67 0.58627
68 0.59792
69 0.60968
70 0.61288
71 0.6224
72 0.62988
73 0.64449
74 0.65922
75 0.66317
76 0.66463
77 0.67336
78 0.67625
79 0.6798
80 0.71249
81 0.72524
82 0.74586
83 0.75296
84 0.75868
85 0.76206
86 0.76728
87 0.77052
88 0.77878
89 0.80071
90 0.80321
91 0.81205
92 0.82188
93 0.82534
94 0.82886
95 0.83717
96 0.84595
97 0.84822
98 0.85458
99 0.86564
100 0.88578
101 0.89276
102 0.93022
103 0.9479
104 0.95835
105 0.9602
106 0.96499
107 0.97386
108 0.98954
109 0.99277
110 1.03148
111 1.0379
112 1.04857
113 1.05141
114 1.07039
115 1.07348
116 1.07565
117 1.07895
118 1.08454
119 1.09194
120 1.10133
121 1.11662
122 1.12994
123 1.13218
124 1.13744
125 1.15546
126 1.16173
127 1.17049
128 1.17877
129 1.18566
130 1.2063
131 1.21266
132 1.21735
133 1.2333
134 1.25474
135 1.26775
136 1.2795
137 1.2835
138 1.29725
139 1.30127
140 1.30449
141 1.31058
142 1.31545
143 1.33959
144 1.36424
145 1.36728
146 1.40213
147 1.43099
148 1.44683
149 1.45986
150 1.49839
151 1.52702
152 1.53845
153 1.54305
154 1.54641
155 1.55019
156 1.55135
157 1.55996
158 1.56366
159 1.56727
160 1.58336
161 1.58893
162 1.59168
163 1.59614
164 1.60464
165 1.61965
166 1.63628
167 1.63803
168 1.65227
169 1.66701
170 1.69014
171 1.7142
172 1.72614
173 1.73347
174 1.74075
175 1.74228
176 1.75548
177 1.77688
178 1.78525
179 1.78969
180 1.79234
181 1.8031
182 1.80841
183 1.80967
184 1.82427
185 1.82896
186 1.85367
187 1.88518
188 1.88892
189 1.90575
190 1.91447
191 1.91875
192 1.97103
193 1.98797
194 1.99198
195 1.993
196 2.03348
197 2.03944
198 2.0488
199 2.05282
200 2.05949
201 2.06188
202 2.06873
203 2.07816
204 2.09276
205 2.10881
206 2.11551
207 2.12261
208 2.13002
209 2.13625
210 2.14205
211 2.1541
212 2.16784
213 2.17861
214 2.18442
215 2.18972
216 2.2034
217 2.2284
218 2.23473
219 2.25052
220 2.26435
221 2.28574
222 2.29458
223 2.3052
224 2.31832
225 2.32968
226 2.33259
227 2.33634
228 2.34503
229 2.36158
230 2.37031
231 2.37702
232 2.37945
233 2.38503
234 2.38635
235 2.40151
236 2.41147
237 2.42746
238 2.43225
239 2.43635
240 2.43785
241 2.44212
242 2.45086
243 2.46872
244 2.48358
245 2.48884
246 2.5126
247 2.52837
248 2.54013
249 2.5565
250 2.56526
251 2.57537
252 2.58012
253 2.59171
254 2.61551
255 2.61969
256 2.62967
257 2.63964
258 2.64943
259 2.6546
260 2.66044
261 2.66583
262 2.67885
263 2.68675
264 2.69343
265 2.69961
266 2.71331
267 2.72219
268 2.734
269 2.73991
270 2.7411
271 2.74564
272 2.74767
273 2.75751
274 2.76259
275 2.77005
276 2.78431
277 2.79236
278 2.80069
279 2.80307
280 2.80535
281 2.81322
282 2.82231
283 2.82448
284 2.84654
285 2.88762
286 2.89426
287 2.89836
288 2.90968
289 2.91364
290 2.92251
291 2.93182
292 2.93729
293 2.94468
294 2.94934
295 2.96433
296 2.96835
297 2.9753
298 2.98182
299 2.98602
300 2.99462
