1 0.00313
2 0.00534
3 0.00696
4 0.01488
5 0.01837
6 0.02086
7 0.02543
8 0.03052
9 0.03497
10 0.0431
11 0.05433
12 0.06556
13 0.07289
14 0.07769
15 0.09536
16 0.10381
17 0.11015
18 0.12439
19 0.13161
20 0.13761
21 0.14128
22 0.16094
23 0.17936
24 0.18141
25 0.1937
26 0.19577
27 0.21274
28 0.22013
29 0.22296
30 0.22466
31 0.2413
32 0.26138
33 0.26298
34 0.26666
35 0.27194
36 0.27843
37 0.28638
38 0.29923
39 0.30822
40 0.31399
41 0.31694
42 0.33074
43 0.33483
44 0.33854
45 0.35118
46 0.36219
47 0.36999
48 0.37749
49 0.39223
50 0.39646
51 0.40734
52 0.41769
53 0.42186
54 0.44652
55 0.45256
56 0.46753
57 0.4717
58 0.48177
59 0.48704
60 0.50441
61 0.51067
62 0.52981
63 0.5544
64 0.55901
65 0.56752
66 0.57195
67 0.57521
68 0.58482
69 0.59804
70 0.60315
71 0.61402
72 0.61717
73 0.62104
74 0.62289
75 0.63192
76 0.6398
77 0.64341
78 0.65033
79 0.65968
80 0.67205
81 0.67854
82 0.69942
83 0.70252
84 0.71847
85 0.72291
86 0.727
87 0.73847
88 0.74124
89 0.75406
90 0.76986
91 0.77584
92 0.78402
93 0.78997
94 0.79918
95 0.80726
96 0.81912
97 0.82488
98 0.83037
99 0.83852
100 0.85022
101 0.85271
102 0.86361
103 0.86561
104 0.8729
105 0.89284
106 0.90606
107 0.91076
108 0.9135
109 0.91957
110 0.92258
111 0.9334
112 0.93502
113 0.94444
114 0.96077
115 0.9671
116 0.97821
117 0.9885
118 0.99469
119 0.99592
120 1.0048
121 1.01732
122 1.02888
123 1.04033
124 1.05783
125 1.05928
126 1.08902
127 1.09861
128 1.10228
129 1.11035
130 1.11145
131 1.12813
132 1.13428
133 1.13854
134 1.14654
135 1.15987
136 1.17029
137 1.18002
138 1.19325
139 1.20321
140 1.21678
141 1.22344
142 1.22602
143 1.24091
144 1.25967
145 1.26405
146 1.2686
147 1.28316
148 1.31901
149 1.32123
150 1.33131
151 1.33643
152 1.33928
153 1.36003
154 1.36622
155 1.3743
156 1.37581
157 1.37916
158 1.38394
159 1.38616
160 1.39782
161 1.40269
162 1.41625
163 1.42395
164 1.4421
165 1.44418
166 1.4517
167 1.46085
168 1.47179
169 1.47812
170 1.49579
171 1.50657
172 1.5133
173 1.52208
174 1.53202
175 1.5427
176 1.55824
177 1.56455
178 1.56823
179 1.57267
180 1.58404
181 1.58909
182 1.5988
183 1.60333
184 1.61424
185 1.6342
186 1.63895
187 1.67214
188 1.67933
189 1.68203
190 1.69856
191 1.70811
192 1.72191
193 1.7254
194 1.72841
195 1.74936
196 1.75307
197 1.76085
198 1.77118
199 1.78655
200 1.80134
201 1.80382
202 1.82195
203 1.82652
204 1.84588
205 1.84999
206 1.86596
207 1.87235
208 1.87918
209 1.91346
210 1.91856
211 1.9285
212 1.94255
213 1.94821
214 1.94949
215 1.95748
216 1.96494
217 1.96746
218 1.97163
219 1.98647
220 1.98942
221 1.9929
222 2.01332
223 2.03328
224 2.06436
225 2.07676
226 2.08383
227 2.08994
228 2.09807
229 2.11676
230 2.12074
231 2.12907
232 2.15604
233 2.16673
234 2.17292
235 2.20023
236 2.21498
237 2.23901
238 2.24247
239 2.25954
240 2.26734
241 2.27663
242 2.28136
243 2.28784
244 2.31265
245 2.31919
246 2.32436
247 2.32989
248 2.33652
249 2.33913
250 2.34191
251 2.34819
252 2.35338
253 2.36228
254 2.36471
255 2.37087
256 2.39048
257 2.41145
258 2.41979
259 2.42399
260 2.44518
261 2.46705
262 2.48625
263 2.4913
264 2.49292
265 2.50859
266 2.52932
267 2.53178
268 2.53496
269 2.54069
270 2.54865
271 2.55569
272 2.57022
273 2.58053
274 2.59228
275 2.59839
276 2.60019
277 2.62573
278 2.64331
279 2.65853
280 2.6602
281 2.66713
282 2.66937
283 2.71767
284 2.72849
285 2.73721
286 2.74529
287 2.75617
288 2.75852
289 2.76148
290 2.76731
291 2.78085
292 2.78909
293 2.80389
294 2.81005
295 2.81818
296 2.8222
297 2.82927
298 2.83443
299 2.83613
300 2.84238
301 2.84413
302 2.86527
303 2.8729
304 2.87693
305 2.88881
306 2.90033
307 2.90856
308 2.91517
309 2.91895
310 2.92633
311 2.93498
312 2.96185
313 2.96679
