1 0.00265
2 0.00629
3 0.00939
4 0.01221
5 0.0189
6 0.02487
7 0.03515
8 0.04049
9 0.04774
10 0.05303
11 0.05619
12 0.06249
13 0.07424
14 0.07923
15 0.08415
16 0.09424
17 0.12509
18 0.13714
19 0.14385
20 0.14802
21 0.15304
22 0.16389
23 0.168
24 0.17652
25 0.18091
26 0.18647
27 0.19186
28 0.19761
29 0.21153
30 0.22263
31 0.2298
32 0.24129
33 0.24574
34 0.25567
35 0.25932
36 0.26381
37 0.27821
38 0.28924
39 0.30154
40 0.31221
41 0.32465
42 0.33491
43 0.34263
44 0.35228
45 0.36771
46 0.37626
47 0.39057
48 0.39174
49 0.39768
50 0.39872
51 0.40129
52 0.40275
53 0.41301
54 0.42458
55 0.4279
56 0.43069
57 0.43613
58 0.44462
59 0.446
60 0.45401
61 0.47092
62 0.48934
63 0.50982
64 0.5196
65 0.52128
66 0.5261
67 0.53335
68 0.54788
69 0.55011
70 0.56283
71 0.58239
72 0.58729
73 0.59741
74 0.60453
75 0.60743
76 0.6186
77 0.62291
78 0.63703
79 0.64248
80 0.64934
81 0.65297
82 0.66087
83 0.67059
84 0.67309
85 0.68215
86 0.6904
87 0.69417
88 0.69931
89 0.72436
90 0.72747
91 0.73186
92 0.74273
93 0.75254
94 0.75517
95 0.77279
96 0.77775
97 0.78054
98 0.79204
99 0.79413
100 0.80113
101 0.80792
102 0.81164
103 0.81744
104 0.81824
105 0.82762
106 0.84061
107 0.85293
108 0.85837
109 0.86686
110 0.87109
111 0.87458
112 0.87706
113 0.88115
114 0.89067
115 0.89439
116 0.89829
117 0.90227
118 0.91279
119 0.9224
120 0.92406
121 0.92539
122 0.94052
123 0.94302
124 0.95871
125 0.97451
126 0.9836
127 0.99316
128 1.00173
129 1.00344
130 1.01169
131 1.02055
132 1.02982
133 1.04493
134 1.04984
135 1.06127
136 1.0641
137 1.07376
138 1.07981
139 1.09447
140 1.09821
141 1.10411
142 1.1202
143 1.12572
144 1.13219
145 1.13462
146 1.15168
147 1.15548
148 1.16517
149 1.16813
150 1.17772
151 1.18786
152 1.20553
153 1.21314
154 1.21665
155 1.22617
156 1.22763
157 1.23192
158 1.2344
159 1.239
160 1.25769
161 1.26376
162 1.27281
163 1.27976
164 1.29832
165 1.30845
166 1.31789
167 1.32707
168 1.33031
169 1.34539
170 1.35216
171 1.3557
172 1.37681
173 1.38988
174 1.3914
175 1.39819
176 1.41307
177 1.41975
178 1.42888
179 1.44096
180 1.44362
181 1.45013
182 1.4648
183 1.48182
184 1.48744
185 1.48983
186 1.517
187 1.51962
188 1.52628
189 1.52893
190 1.54337
191 1.54978
192 1.55383
193 1.55679
194 1.56626
195 1.57427
196 1.57948
197 1.58894
198 1.59143
199 1.60064
200 1.60787
201 1.62281
202 1.62646
203 1.63653
204 1.64179
205 1.64656
206 1.65065
207 1.67063
208 1.67895
209 1.68788
210 1.69353
211 1.70137
212 1.71519
213 1.73172
214 1.73671
215 1.74558
216 1.75543
217 1.75826
218 1.76757
219 1.77445
220 1.78138
221 1.79204
222 1.79685
223 1.81506
224 1.81753
225 1.83354
226 1.84231
227 1.86033
228 1.87541
229 1.878
230 1.88022
231 1.88839
232 1.89403
233 1.90335
234 1.9135
235 1.9199
236 1.92805
237 1.93518
238 1.93772
239 1.93973
240 1.94965
241 1.97111
242 1.98549
243 1.98898
244 1.99808
245 2.01133
246 2.01369
247 2.01737
248 2.01962
249 2.02628
250 2.03357
251 2.03581
252 2.03893
253 2.04704
254 2.04885
255 2.0561
256 2.05752
257 2.06763
258 2.07228
259 2.07566
260 2.07775
261 2.08236
262 2.08695
263 2.09019
264 2.09212
265 2.10193
266 2.10745
267 2.12106
268 2.14347
269 2.14809
270 2.15064
271 2.16501
272 2.16656
273 2.17117
274 2.19314
275 2.19821
276 2.2012
277 2.22006
278 2.22738
279 2.2314
280 2.24191
281 2.24853
282 2.25607
283 2.25898
284 2.26139
285 2.26896
286 2.2728
287 2.29721
288 2.30008
289 2.30349
290 2.31717
291 2.32175
292 2.33114
293 2.33261
294 2.34531
295 2.36382
296 2.38103
297 2.3955
298 2.40216
299 2.41087
300 2.4164
301 2.42165
302 2.42696
303 2.44235
304 2.44428
305 2.4473
306 2.45936
307 2.48307
308 2.48491
309 2.49666
310 2.50353
311 2.50823
312 2.51926
313 2.53561
314 2.54669
315 2.55564
316 2.56031
317 2.56224
318 2.57469
319 2.57961
320 2.58957
321 2.60791
322 2.61636
323 2.63517
324 2.63886
325 2.65278
326 2.66397
327 2.66845
328 2.68839
329 2.69419
330 2.69838
331 2.70297
332 2.71757
333 2.73255
334 2.73385
335 2.73878
336 2.74183
337 2.75943
338 2.76059
339 2.76757
340 2.77367
341 2.78508
342 2.78878
343 2.80494
344 2.80967
345 2.81839
346 2.82836
347 2.87061
348 2.87834
349 2.89134
350 2.90187
351 2.90527
352 2.93739
353 2.93913
354 2.94109
355 2.94886
356 2.95961
357 2.9795
358 2.98862
