1 0.0037
2 0.00752
3 0.0122
4 0.02109
5 0.02471
6 0.02841
7 0.03434
8 0.03942
9 0.05107
10 0.05523
11 0.06109
12 0.06535
13 0.06679
14 0.08292
15 0.09229
16 0.10324
17 0.10836
18 0.11489
19 0.1167
20 0.12364
21 0.12866
22 0.14313
23 0.14831
24 0.15486
25 0.16087
26 0.1749
27 0.17625
28 0.18502
29 0.19293
30 0.19666
31 0.20143
32 0.20367
33 0.21413
34 0.22492
35 0.23125
36 0.23781
37 0.25148
38 0.25658
39 0.25953
40 0.26221
41 0.26961
42 0.27105
43 0.28245
44 0.30609
45 0.32736
46 0.3352
47 0.33862
48 0.33993
49 0.34334
50 0.34976
51 0.35457
52 0.36646
53 0.37083
54 0.38377
55 0.39329
56 0.39809
57 0.41826
58 0.42175
59 0.42307
60 0.43611
61 0.44486
62 0.45167
63 0.45784
64 0.4663
65 0.4782
66 0.4802
67 0.48494
68 0.48972
69 0.49452
70 0.49855
71 0.50754
72 0.51514
73 0.51734
74 0.52499
75 0.53321
76 0.53826
77 0.54402
78 0.55614
79 0.56116
80 0.56536
81 0.56939
82 0.58694
83 0.59567
84 0.60189
85 0.60383
86 0.6107
87 0.62262
88 0.63109
89 0.63269
90 0.63567
91 0.64368
92 0.65813
93 0.66145
94 0.67785
95 0.68111
96 0.68982
97 0.69761
98 0.70188
99 0.72293
100 0.72636
101 0.73479
102 0.73697
103 0.75054
104 0.75929
105 0.76819
106 0.77856
107 0.80134
108 0.80309
109 0.80893
110 0.82087
111 0.82647
112 0.85084
113 0.86243
114 0.88315
115 0.89534
116 0.90196
117 0.90707
118 0.91508
119 0.9254
120 0.93326
121 0.94036
122 0.94254
123 0.94448
124 0.9526
125 0.98324
126 0.99573
127 1.00218
128 1.01007
129 1.01171
130 1.0171
131 1.02299
132 1.0263
133 1.02902
134 1.04175
135 1.04864
136 1.05759
137 1.0671
138 1.07076
139 1.07776
140 1.0802
141 1.08553
142 1.08787
143 1.09303
144 1.09475
145 1.10035
146 1.10173
147 1.10369
148 1.10799
149 1.11483
150 1.11919
151 1.12753
152 1.1342
153 1.13777
154 1.14017
155 1.14423
156 1.14937
157 1.15393
158 1.1597
159 1.18433
160 1.19845
161 1.20501
162 1.21947
163 1.22463
164 1.23558
165 1.24047
166 1.26335
167 1.27859
168 1.2824
169 1.29237
170 1.31368
171 1.31767
172 1.34081
173 1.36385
174 1.37363
175 1.38095
176 1.38357
177 1.39467
178 1.42852
179 1.43196
180 1.43789
181 1.44458
182 1.44657
183 1.45132
184 1.4642
185 1.46642
186 1.47217
187 1.47771
188 1.48109
189 1.48413
190 1.48807
191 1.48968
192 1.49278
193 1.49419
194 1.50536
195 1.5096
196 1.51575
197 1.52735
198 1.52904
199 1.54542
200 1.55107
201 1.55818
202 1.56352
203 1.57545
204 1.59509
205 1.59952
206 1.60344
207 1.61159
208 1.63066
209 1.63209
210 1.63752
211 1.64599
212 1.64767
213 1.6507
214 1.65319
215 1.65849
216 1.66579
217 1.67829
218 1.68365
219 1.6986
220 1.71152
221 1.72226
222 1.72921
223 1.73288
224 1.73684
225 1.75149
226 1.75679
227 1.76308
228 1.76752
229 1.77221
230 1.77503
231 1.7806
232 1.78548
233 1.78935
234 1.79684
235 1.80487
236 1.81574
237 1.82118
238 1.8255
239 1.83286
240 1.83746
241 1.84048
242 1.84859
243 1.85938
244 1.8622
245 1.86977
246 1.87872
247 1.88641
248 1.89761
249 1.91054
250 1.9129
251 1.91495
252 1.92026
253 1.93344
254 1.93586
255 1.94527
256 1.96032
257 1.96333
258 1.96678
259 1.97759
260 1.98389
261 1.99425
262 2.00636
263 2.01076
264 2.01271
265 2.03078
266 2.04655
267 2.05111
268 2.05624
269 2.0655
270 2.07187
271 2.0734
272 2.08588
273 2.09124
274 2.09978
275 2.11226
276 2.12215
277 2.12489
278 2.12983
279 2.13721
280 2.14694
281 2.14988
282 2.1527
283 2.1585
284 2.16466
285 2.16999
286 2.17394
287 2.17951
288 2.20137
289 2.21346
290 2.22465
291 2.23228
292 2.23862
293 2.24576
294 2.25166
295 2.25649
296 2.26091
297 2.26614
298 2.28197
299 2.28844
300 2.29561
301 2.31223
302 2.31931
303 2.32119
304 2.32267
305 2.32866
306 2.33421
307 2.34911
308 2.35552
309 2.37243
310 2.3757
311 2.38483
312 2.38808
313 2.39544
314 2.41337
315 2.42491
316 2.44274
317 2.4538
318 2.4677
319 2.47159
320 2.47608
321 2.48097
322 2.49121
323 2.50522
324 2.507
325 2.5138
326 2.52537
327 2.52862
328 2.5396
329 2.54618
330 2.55915
331 2.57504
332 2.58118
333 2.58834
334 2.59617
335 2.63125
336 2.63411
337 2.64041
338 2.64542
339 2.6571
340 2.6698
341 2.68174
342 2.69077
343 2.69248
344 2.69611
345 2.70617
346 2.71144
347 2.72724
348 2.73779
349 2.74371
350 2.74883
351 2.77814
352 2.789
353 2.8027
354 2.81586
355 2.82028
356 2.83023
357 2.84425
358 2.8501
359 2.86959
360 2.87214
361 2.87525
362 2.89432
363 2.90208
364 2.90614
365 2.92414
366 2.92863
367 2.93613
368 2.94919
369 2.95793
370 2.96399
371 2.96764
372 2.97989
373 2.98809
374 2.99612
