1 0.00215
2 0.00517
3 0.01448
4 0.0177
5 0.01919
6 0.02274
7 0.02653
8 0.02931
9 0.03328
10 0.03897
11 0.04344
12 0.05297
13 0.05652
14 0.0599
15 0.07482
16 0.07927
17 0.08316
18 0.08819
19 0.09422
20 0.09913
21 0.10217
22 0.10584
23 0.1101
24 0.11295
25 0.11709
26 0.12145
27 0.13004
28 0.13739
29 0.15234
30 0.16442
31 0.16722
32 0.17502
33 0.1782
34 0.18393
35 0.19232
36 0.19823
37 0.20267
38 0.21218
39 0.21833
40 0.22441
41 0.22567
42 0.22697
43 0.23168
44 0.23711
45 0.24121
46 0.25329
47 0.26601
48 0.26981
49 0.27622
50 0.27777
51 0.28254
52 0.28599
53 0.28959
54 0.29304
55 0.29939
56 0.30876
57 0.3104
58 0.32046
59 0.32611
60 0.32935
61 0.34218
62 0.3459
63 0.3508
64 0.35628
65 0.36297
66 0.368
67 0.37336
68 0.37508
69 0.38054
70 0.38517
71 0.39448
72 0.39931
73 0.406
74 0.40911
75 0.41602
76 0.41818
77 0.42563
78 0.43071
79 0.44681
80 0.45119
81 0.45967
82 0.46621
83 0.47252
84 0.48597
85 0.49285
86 0.49773
87 0.50591
88 0.51319
89 0.52088
90 0.52414
91 0.52572
92 0.52664
93 0.52939
94 0.53247
95 0.53547
96 0.53703
97 0.53947
98 0.54993
99 0.55701
100 0.56852
101 0.57027
102 0.57528
103 0.58307
104 0.59072
105 0.59356
106 0.60512
107 0.61428
108 0.62057
109 0.63035
110 0.63187
111 0.63547
112 0.6395
113 0.65755
114 0.66395
115 0.66924
116 0.67869
117 0.68334
118 0.69903
119 0.70469
120 0.70773
121 0.71648
122 0.73629
123 0.74187
124 0.74517
125 0.75095
126 0.7549
127 0.75675
128 0.76532
129 0.76813
130 0.76981
131 0.77565
132 0.77946
133 0.78404
134 0.79744
135 0.80528
136 0.80716
137 0.8223
138 0.82387
139 0.8258
140 0.8309
141 0.83597
142 0.84895
143 0.85344
144 0.85648
145 0.86964
146 0.87181
147 0.88328
148 0.89235
149 0.90426
150 0.91928
151 0.92768
152 0.942
153 0.9451
154 0.94879
155 0.95424
156 0.95577
157 0.96099
158 0.96872
159 0.97198
160 0.97474
161 0.9819
162 0.98796
163 1.00594
164 1.02106
165 1.03381
166 1.03741
167 1.04009
168 1.04723
169 1.04914
170 1.05438
171 1.06273
172 1.07233
173 1.08166
174 1.08464
175 1.09323
176 1.09604
177 1.10085
178 1.103
179 1.10471
180 1.11045
181 1.11708
182 1.12613
183 1.13176
184 1.13716
185 1.14361
186 1.15574
187 1.15801
188 1.16828
189 1.17552
190 1.17878
191 1.18303
192 1.18895
193 1.19825
194 1.20311
195 1.21018
196 1.22527
197 1.24199
198 1.24691
199 1.24965
200 1.26356
201 1.26652
202 1.27133
203 1.27491
204 1.27901
205 1.28274
206 1.28798
207 1.29317
208 1.30215
209 1.3113
210 1.32024
211 1.33059
212 1.33293
213 1.33701
214 1.3543
215 1.35831
216 1.36529
217 1.37212
218 1.38886
219 1.39195
220 1.41042
221 1.41189
222 1.42242
223 1.42426
224 1.42986
225 1.43258
226 1.44839
227 1.45572
228 1.46283
229 1.46983
230 1.48834
231 1.49376
232 1.50038
233 1.51262
234 1.51634
235 1.52172
236 1.52754
237 1.52879
238 1.53232
239 1.54637
240 1.54741
241 1.54978
242 1.55227
243 1.55854
244 1.56018
245 1.56318
246 1.56522
247 1.56824
248 1.57435
249 1.58539
250 1.5964
251 1.59884
252 1.60174
253 1.61747
254 1.62368
255 1.6318
256 1.63986
257 1.65315
258 1.66058
259 1.66301
260 1.66608
261 1.67172
262 1.6874
263 1.69926
264 1.70119
265 1.70584
266 1.70893
267 1.71105
268 1.71574
269 1.71922
270 1.72538
271 1.73985
272 1.74217
273 1.74378
274 1.74603
275 1.7543
276 1.75524
277 1.76491
278 1.77946
279 1.78427
280 1.79028
281 1.79435
282 1.79738
283 1.80836
284 1.81033
285 1.82051
286 1.83126
287 1.84769
288 1.85221
289 1.8576
290 1.86563
291 1.87278
292 1.87943
293 1.88811
294 1.89835
295 1.906
296 1.91192
297 1.92328
298 1.93071
299 1.9401
300 1.95597
301 1.9655
302 1.96977
303 1.97649
304 1.98087
305 1.99914
306 2.01339
307 2.01899
308 2.02619
309 2.03421
310 2.03802
311 2.03932
312 2.04433
313 2.05086
314 2.07183
315 2.07899
316 2.08652
317 2.09027
318 2.09341
319 2.10137
320 2.12086
321 2.12551
322 2.12737
323 2.13641
324 2.1533
325 2.15814
326 2.16988
327 2.18458
328 2.20982
329 2.21568
330 2.21842
331 2.21981
332 2.24137
333 2.24527
334 2.24806
335 2.26528
336 2.26692
337 2.2713
338 2.28538
339 2.29273
340 2.30916
341 2.32245
342 2.32761
343 2.34338
344 2.35654
345 2.35993
346 2.36608
347 2.3695
348 2.37288
349 2.37697
350 2.37943
351 2.39047
352 2.39621
353 2.40507
354 2.40749
355 2.41253
356 2.41883
357 2.42792
358 2.43203
359 2.43408
360 2.44754
361 2.45489
362 2.45893
363 2.46134
364 2.47023
365 2.48098
366 2.49194
367 2.49978
368 2.50162
369 2.52035
370 2.52221
371 2.56062
372 2.56998
373 2.57297
374 2.58889
375 2.5922
376 2.59787
377 2.59975
378 2.60809
379 2.61249
380 2.6166
381 2.62871
382 2.64151
383 2.65444
384 2.65695
385 2.66216
386 2.66887
387 2.67073
388 2.68515
389 2.69491
390 2.69833
391 2.7062
392 2.71099
393 2.7171
394 2.72014
395 2.72266
396 2.73404
397 2.74332
398 2.74693
399 2.75235
400 2.768
401 2.77048
402 2.78309
403 2.79658
404 2.80241
405 2.80471
406 2.81456
407 2.81774
408 2.83155
409 2.83887
410 2.84255
411 2.85129
412 2.85376
413 2.85655
414 2.87188
415 2.87837
416 2.8923
417 2.90506
418 2.91728
419 2.92233
420 2.93101
421 2.94525
422 2.95089
423 2.95871
424 2.96173
425 2.97245
426 2.98081
427 2.99059
428 2.99407
