1 0.00921
2 0.03016
3 0.04234
4 0.04574
5 0.05532
6 0.06641
7 0.07031
8 0.0749
9 0.07596
10 0.07771
11 0.08528
12 0.09248
13 0.09991
14 0.10513
15 0.10786
16 0.1205
17 0.12364
18 0.13405
19 0.13591
20 0.14959
21 0.16921
22 0.17102
23 0.17534
24 0.18367
25 0.19085
26 0.19634
27 0.20213
28 0.21201
29 0.21404
30 0.22245
31 0.23038
32 0.23359
33 0.23684
34 0.24384
35 0.24843
36 0.26675
37 0.28071
38 0.28303
39 0.28683
40 0.28943
41 0.29364
42 0.29475
43 0.30538
44 0.31452
45 0.31718
46 0.32487
47 0.33296
48 0.33674
49 0.35003
50 0.36543
51 0.36632
52 0.3691
53 0.38309
54 0.3898
55 0.39285
56 0.40457
57 0.41252
58 0.41594
59 0.4308
60 0.45347
61 0.47114
62 0.47374
63 0.47841
64 0.48461
65 0.50169
66 0.50622
67 0.51145
68 0.51673
69 0.53455
70 0.53762
71 0.54387
72 0.55951
73 0.56926
74 0.57789
75 0.5887
76 0.59125
77 0.60341
78 0.63035
79 0.63583
80 0.63763
81 0.64127
82 0.64573
83 0.65956
84 0.66655
85 0.69182
86 0.69304
87 0.70254
88 0.72719
89 0.73543
90 0.74882
91 0.7595
92 0.77596
93 0.78865
94 0.79553
95 0.79683
96 0.80149
97 0.80401
98 0.81915
99 0.83251
100 0.84016
101 0.8441
102 0.85635
103 0.8648
104 0.87559
105 0.901
106 0.90552
107 0.90948
108 0.91466
109 0.91926
110 0.93365
111 0.95037
112 0.95482
113 0.96363
114 0.96789
115 0.99084
116 1.00552
117 1.01357
118 1.01825
119 1.02198
120 1.03791
121 1.04177
122 1.04369
123 1.06078
124 1.06548
125 1.07315
126 1.08129
127 1.08872
128 1.09234
129 1.10562
130 1.112
131 1.1295
132 1.13153
133 1.15839
134 1.18932
135 1.19438
136 1.20064
137 1.21013
138 1.22076
139 1.24916
140 1.25241
141 1.25659
142 1.28921
143 1.29731
144 1.30274
145 1.30765
146 1.32489
147 1.32841
148 1.33203
149 1.35395
150 1.36425
151 1.37451
152 1.37646
153 1.37759
154 1.39715
155 1.40028
156 1.40926
157 1.41163
158 1.42623
159 1.44098
160 1.4494
161 1.45333
162 1.46958
163 1.48747
164 1.49954
165 1.50787
166 1.51954
167 1.52765
168 1.54999
169 1.55737
170 1.56682
171 1.57084
172 1.59138
173 1.61316
174 1.62208
175 1.63994
176 1.65353
177 1.66933
178 1.69407
179 1.70035
180 1.71058
181 1.7133
182 1.73948
183 1.74292
184 1.75754
185 1.76317
186 1.77182
187 1.77839
188 1.78225
189 1.79219
190 1.80884
191 1.81852
192 1.82086
193 1.83006
194 1.83746
195 1.84663
196 1.86398
197 1.86979
198 1.88634
199 1.8993
200 1.91219
201 1.92575
202 1.93949
203 1.94375
204 1.96053
205 1.9786
206 1.98938
207 2.0021
208 2.00575
209 2.01279
210 2.02599
211 2.03469
212 2.04278
213 2.04512
214 2.04621
215 2.0587
216 2.05976
217 2.06722
218 2.06935
219 2.07708
220 2.09899
221 2.10938
222 2.12174
223 2.13128
224 2.13366
225 2.13791
226 2.1421
227 2.14963
228 2.15167
229 2.15647
230 2.168
231 2.18445
232 2.18897
233 2.20579
234 2.21209
235 2.22991
236 2.23826
237 2.24809
238 2.25574
239 2.26544
240 2.27476
241 2.27698
242 2.28378
243 2.29241
244 2.29439
245 2.29869
246 2.30489
247 2.3157
248 2.32208
249 2.32419
250 2.33291
251 2.3389
252 2.36116
253 2.37756
254 2.38156
255 2.38775
256 2.40416
257 2.4436
258 2.45295
259 2.4743
260 2.4971
261 2.50166
262 2.50907
263 2.51868
264 2.53872
265 2.56686
266 2.56886
267 2.58253
268 2.60503
269 2.61593
270 2.62261
271 2.63372
272 2.64108
273 2.67507
274 2.68218
275 2.69436
276 2.70384
277 2.70659
278 2.72503
279 2.72957
280 2.74082
281 2.75119
282 2.75515
283 2.7707
284 2.77761
285 2.78121
286 2.78501
287 2.80524
288 2.8156
289 2.82224
290 2.82965
291 2.83276
292 2.84057
293 2.84207
294 2.84558
295 2.85184
296 2.86353
297 2.87326
298 2.88465
299 2.89943
300 2.90535
301 2.91415
302 2.92745
303 2.93738
304 2.94538
305 2.95352
306 2.96081
307 2.9758
308 2.9822
309 2.98469
310 2.99777
