1 0.0054
2 0.0164
3 0.03103
4 0.03405
5 0.04073
6 0.049
7 0.06362
8 0.07036
9 0.07958
10 0.08278
11 0.09088
12 0.09993
13 0.10476
14 0.10612
15 0.10919
16 0.11417
17 0.11812
18 0.12724
19 0.13785
20 0.14725
21 0.15803
22 0.17614
23 0.18593
24 0.19224
25 0.19975
26 0.20417
27 0.20871
28 0.21355
29 0.21808
30 0.22118
31 0.23127
32 0.23357
33 0.24226
34 0.24872
35 0.25133
36 0.26108
37 0.27769
38 0.29454
39 0.3133
40 0.32437
41 0.32611
42 0.33531
43 0.34407
44 0.35333
45 0.37114
46 0.3793
47 0.38275
48 0.38768
49 0.39318
50 0.40047
51 0.40826
52 0.41331
53 0.41614
54 0.42358
55 0.43148
56 0.43737
57 0.44954
58 0.47278
59 0.48434
60 0.4967
61 0.50835
62 0.51864
63 0.52285
64 0.52669
65 0.54091
66 0.55639
67 0.57867
68 0.58574
69 0.60223
70 0.61684
71 0.6302
72 0.63389
73 0.63882
74 0.64948
75 0.66001
76 0.6613
77 0.67287
78 0.67907
79 0.68307
80 0.68915
81 0.69335
82 0.71621
83 0.72166
84 0.73143
85 0.7382
86 0.75421
87 0.75883
88 0.7667
89 0.77299
90 0.77761
91 0.78572
92 0.81081
93 0.82102
94 0.82451
95 0.82625
96 0.82782
97 0.84844
98 0.86063
99 0.87927
100 0.886
101 0.88813
102 0.90368
103 0.92323
104 0.93493
105 0.94762
106 0.96531
107 0.97424
108 0.98344
109 0.99108
110 0.99272
111 0.99445
112 0.99754
113 1.00222
114 1.01569
115 1.02437
116 1.04885
117 1.05183
118 1.06157
119 1.07294
120 1.07995
121 1.08575
122 1.0874
123 1.0991
124 1.10053
125 1.11202
126 1.1388
127 1.14428
128 1.14571
129 1.17321
130 1.1761
131 1.18013
132 1.18274
133 1.19756
134 1.21012
135 1.21254
136 1.21391
137 1.22384
138 1.22648
139 1.23868
140 1.25195
141 1.25505
142 1.27735
143 1.28348
144 1.29221
145 1.29558
146 1.3106
147 1.32586
148 1.35156
149 1.35824
150 1.35977
151 1.37937
152 1.4026
153 1.41201
154 1.41797
155 1.42115
156 1.43562
157 1.43991
158 1.45211
159 1.46169
160 1.49368
161 1.49867
162 1.50046
163 1.50782
164 1.51666
165 1.52783
166 1.54204
167 1.55025
168 1.55591
169 1.56591
170 1.58766
171 1.59037
172 1.59734
173 1.61268
174 1.62101
175 1.63349
176 1.64328
177 1.65333
178 1.65678
179 1.66102
180 1.67673
181 1.68898
182 1.69759
183 1.70807
184 1.71246
185 1.72142
186 1.74758
187 1.75815
188 1.76915
189 1.77797
190 1.77983
191 1.78703
192 1.80591
193 1.81118
194 1.81657
195 1.8221
196 1.83722
197 1.84265
198 1.85502
199 1.86126
200 1.87193
201 1.87908
202 1.89924
203 1.90371
204 1.90701
205 1.91048
206 1.92175
207 1.92636
208 1.92906
209 1.96463
210 1.9752
211 1.99042
212 1.99436
213 2.00607
214 2.02318
215 2.0271
216 2.03121
217 2.03953
218 2.04904
219 2.08849
220 2.08998
221 2.09516
222 2.10211
223 2.12057
224 2.12792
225 2.13131
226 2.14278
227 2.15288
228 2.17387
229 2.1914
230 2.21474
231 2.2324
232 2.2468
233 2.25191
234 2.26675
235 2.27386
236 2.28911
237 2.29389
238 2.29722
239 2.32649
240 2.33212
241 2.33412
242 2.33573
243 2.34351
244 2.3453
245 2.34794
246 2.35944
247 2.37142
248 2.37681
249 2.37808
250 2.38155
251 2.38624
252 2.39271
253 2.40167
254 2.40298
255 2.40456
256 2.42582
257 2.44592
258 2.45994
259 2.48078
260 2.49723
261 2.50104
262 2.50716
263 2.52615
264 2.52979
265 2.53558
266 2.54041
267 2.55849
268 2.56398
269 2.57934
270 2.59319
271 2.60851
272 2.61875
273 2.63366
274 2.6405
275 2.65332
276 2.66048
277 2.66169
278 2.67084
279 2.68622
280 2.69201
281 2.71758
282 2.72829
283 2.73924
284 2.74065
285 2.74609
286 2.75861
287 2.77373
288 2.77681
289 2.78865
290 2.81499
291 2.83182
292 2.84
293 2.84229
294 2.84595
295 2.84729
296 2.85389
297 2.87297
298 2.87591
299 2.88037
300 2.88707
301 2.9
302 2.90319
303 2.90472
304 2.91089
305 2.93968
306 2.95587
307 2.96813
308 2.97216
309 2.97567
310 2.99056
