1 0.00476
2 0.01195
3 0.01547
4 0.01762
5 0.02059
6 0.02422
7 0.02581
8 0.03648
9 0.04307
10 0.05649
11 0.05916
12 0.06333
13 0.06591
14 0.07144
15 0.07549
16 0.07731
17 0.08023
18 0.09397
19 0.09943
20 0.11288
21 0.12335
22 0.13078
23 0.1455
24 0.16294
25 0.17607
26 0.18107
27 0.18636
28 0.18959
29 0.19467
30 0.20618
31 0.2147
32 0.22358
33 0.2247
34 0.22621
35 0.22844
36 0.23465
37 0.25188
38 0.26972
39 0.27935
40 0.28769
41 0.2936
42 0.30009
43 0.30179
44 0.308
45 0.31898
46 0.32364
47 0.32578
48 0.32776
49 0.33097
50 0.33765
51 0.34236
52 0.34802
53 0.35476
54 0.36811
55 0.37599
56 0.38116
57 0.38765
58 0.38882
59 0.39627
60 0.39805
61 0.40527
62 0.4126
63 0.41777
64 0.42124
65 0.42937
66 0.43768
67 0.45605
68 0.47043
69 0.47334
70 0.48141
71 0.49725
72 0.5085
73 0.52182
74 0.54253
75 0.54357
76 0.54525
77 0.54796
78 0.5574
79 0.55998
80 0.57173
81 0.58155
82 0.59274
83 0.60007
84 0.60701
85 0.61586
86 0.6272
87 0.63627
88 0.64478
89 0.66045
90 0.68184
91 0.69427
92 0.70234
93 0.71426
94 0.71888
95 0.72213
96 0.72473
97 0.72882
98 0.73244
99 0.74651
100 0.75002
101 0.75837
102 0.76509
103 0.78304
104 0.79011
105 0.80188
106 0.8034
107 0.81006
108 0.81313
109 0.81642
110 0.81892
111 0.82921
112 0.88175
113 0.88901
114 0.89604
115 0.91
116 0.91579
117 0.91977
118 0.92102
119 0.92464
120 0.93895
121 0.95266
122 0.95596
123 0.97146
124 0.98074
125 0.99726
126 1.00224
127 1.01079
128 1.0185
129 1.03127
130 1.04446
131 1.05584
132 1.06274
133 1.07113
134 1.07939
135 1.09024
136 1.1159
137 1.11919
138 1.12854
139 1.13543
140 1.13682
141 1.14141
142 1.14546
143 1.15163
144 1.15356
145 1.155
146 1.1638
147 1.16761
148 1.17086
149 1.18149
150 1.18413
151 1.1863
152 1.18805
153 1.19391
154 1.19766
155 1.20613
156 1.20966
157 1.21976
158 1.22334
159 1.23475
160 1.24601
161 1.2579
162 1.27943
163 1.28411
164 1.30224
165 1.30427
166 1.31
167 1.31304
168 1.31448
169 1.32114
170 1.32874
171 1.33914
172 1.36395
173 1.38056
174 1.38483
175 1.38733
176 1.39437
177 1.40579
178 1.41933
179 1.42333
180 1.43093
181 1.43734
182 1.44153
183 1.4631
184 1.4703
185 1.47763
186 1.48553
187 1.48943
188 1.50302
189 1.5052
190 1.51109
191 1.51447
192 1.51837
193 1.52314
194 1.53792
195 1.54871
196 1.55231
197 1.55822
198 1.56989
199 1.59301
200 1.61662
201 1.62033
202 1.63433
203 1.63697
204 1.63949
205 1.64108
206 1.65141
207 1.65419
208 1.65755
209 1.66452
210 1.68087
211 1.68563
212 1.69071
213 1.69221
214 1.69513
215 1.70135
216 1.70491
217 1.72792
218 1.73168
219 1.74022
220 1.74517
221 1.76673
222 1.77309
223 1.77592
224 1.79666
225 1.80993
226 1.82038
227 1.82797
228 1.83128
229 1.84622
230 1.86052
231 1.87263
232 1.88465
233 1.89118
234 1.89239
235 1.91436
236 1.9268
237 1.93268
238 1.94993
239 1.96725
240 1.97362
241 1.98371
242 1.98963
243 1.99897
244 2.00444
245 2.01045
246 2.02128
247 2.03495
248 2.03811
249 2.04292
250 2.0531
251 2.06022
252 2.06579
253 2.07093
254 2.07949
255 2.09723
256 2.11287
257 2.11995
258 2.12597
259 2.13449
260 2.1418
261 2.15426
262 2.16104
263 2.1653
264 2.16765
265 2.17367
266 2.19932
267 2.21681
268 2.22119
269 2.22745
270 2.23926
271 2.25665
272 2.26805
273 2.27136
274 2.27339
275 2.27933
276 2.29134
277 2.29815
278 2.29901
279 2.30566
280 2.31031
281 2.31297
282 2.3169
283 2.32032
284 2.32335
285 2.33149
286 2.33574
287 2.34095
288 2.34703
289 2.35217
290 2.36342
291 2.37442
292 2.38008
293 2.38997
294 2.39528
295 2.39854
296 2.40622
297 2.42147
298 2.43014
299 2.44022
300 2.44135
301 2.4495
302 2.46087
303 2.46479
304 2.46981
305 2.47891
306 2.49639
307 2.50272
308 2.51953
309 2.52189
310 2.52936
311 2.53046
312 2.53393
313 2.54245
314 2.55725
315 2.56612
316 2.57462
317 2.58042
318 2.58434
319 2.60011
320 2.6065
321 2.61135
322 2.61931
323 2.62629
324 2.64513
325 2.65494
326 2.66633
327 2.67982
328 2.68741
329 2.72731
330 2.72983
331 2.7486
332 2.76751
333 2.76938
334 2.77227
335 2.77953
336 2.78206
337 2.79073
338 2.79835
339 2.80255
340 2.81752
341 2.82565
342 2.85882
343 2.86261
344 2.86796
345 2.87458
346 2.87895
347 2.88056
348 2.88775
349 2.90236
350 2.9167
351 2.9269
352 2.94279
353 2.95834
354 2.96099
355 2.96927
356 2.97706
357 2.97878
358 2.99747
