1 0.01698
2 0.03288
3 0.03642
4 0.05255
5 0.05612
6 0.06917
7 0.07639
8 0.09143
9 0.10215
10 0.11603
11 0.14012
12 0.17347
13 0.17482
14 0.18041
15 0.18677
16 0.19372
17 0.20065
18 0.21788
19 0.22176
20 0.22805
21 0.22966
22 0.25093
23 0.25722
24 0.27007
25 0.27921
26 0.28114
27 0.28303
28 0.2922
29 0.31679
30 0.33029
31 0.35081
32 0.35992
33 0.37063
34 0.39549
35 0.40825
36 0.41447
37 0.44155
38 0.459
39 0.46078
40 0.46692
41 0.47037
42 0.49278
43 0.50727
44 0.53054
45 0.53698
46 0.54761
47 0.55185
48 0.57038
49 0.58242
50 0.59304
51 0.60251
52 0.60483
53 0.60805
54 0.61021
55 0.61246
56 0.62299
57 0.64473
58 0.68832
59 0.70579
60 0.71983
61 0.72481
62 0.73297
63 0.75127
64 0.75403
65 0.77216
66 0.77982
67 0.78267
68 0.79751
69 0.80528
70 0.80732
71 0.81473
72 0.81849
73 0.85972
74 0.86644
75 0.88525
76 0.89002
77 0.89883
78 0.91426
79 0.91732
80 0.93645
81 0.93827
82 0.94428
83 0.95989
84 0.97695
85 1.0069
86 1.02093
87 1.02803
88 1.05039
89 1.05217
90 1.05821
91 1.06683
92 1.08585
93 1.10684
94 1.11476
95 1.11878
96 1.12461
97 1.13785
98 1.15309
99 1.17519
100 1.19451
101 1.19721
102 1.20679
103 1.2106
104 1.22031
105 1.22228
106 1.22965
107 1.24477
108 1.25515
109 1.26274
110 1.26863
111 1.27012
112 1.2768
113 1.28887
114 1.29255
115 1.30884
116 1.31081
117 1.31607
118 1.32293
119 1.33404
120 1.34231
121 1.35359
122 1.35772
123 1.38971
124 1.393
125 1.40063
126 1.42515
127 1.45385
128 1.45763
129 1.4628
130 1.46812
131 1.47002
132 1.47364
133 1.48683
134 1.50576
135 1.51391
136 1.51568
137 1.52955
138 1.53694
139 1.55163
140 1.55733
141 1.56142
142 1.57919
143 1.5841
144 1.59914
145 1.60608
146 1.61471
147 1.63749
148 1.65411
149 1.65787
150 1.69575
151 1.69958
152 1.71712
153 1.7228
154 1.72594
155 1.76521
156 1.77626
157 1.77838
158 1.78599
159 1.80182
160 1.80344
161 1.81089
162 1.81514
163 1.81688
164 1.81845
165 1.82074
166 1.82404
167 1.82609
168 1.83504
169 1.83844
170 1.85091
171 1.85849
172 1.88448
173 1.90817
174 1.94647
175 1.96067
176 1.96252
177 1.97016
178 1.97445
179 1.98157
180 2.00702
181 2.01685
182 2.04513
183 2.06408
184 2.07825
185 2.08717
186 2.09609
187 2.10905
188 2.1149
189 2.11624
190 2.12332
191 2.14759
192 2.19177
193 2.20627
194 2.2102
195 2.21537
196 2.25559
197 2.26155
198 2.26686
199 2.27594
200 2.28841
201 2.29574
202 2.30609
203 2.30762
204 2.31007
205 2.31735
206 2.31932
207 2.3343
208 2.35627
209 2.35971
210 2.36146
211 2.38169
212 2.39368
213 2.40872
214 2.41068
215 2.43443
216 2.43653
217 2.44344
218 2.45064
219 2.46034
220 2.46586
221 2.46931
222 2.47276
223 2.51509
224 2.52225
225 2.52846
226 2.54273
227 2.54426
228 2.55392
229 2.55592
230 2.56026
231 2.56204
232 2.56659
233 2.57171
234 2.59371
235 2.60466
236 2.61489
237 2.62037
238 2.62464
239 2.62852
240 2.64047
241 2.65137
242 2.68861
243 2.70106
244 2.71645
245 2.72336
246 2.72696
247 2.73263
248 2.76029
249 2.7621
250 2.78163
251 2.7928
252 2.7947
253 2.79731
254 2.80069
255 2.80407
256 2.8241
257 2.82859
258 2.83744
259 2.84407
260 2.86194
261 2.86396
262 2.86967
263 2.88246
264 2.89647
265 2.90077
266 2.91021
267 2.91588
268 2.92802
269 2.94872
270 2.94997
271 2.95318
272 2.96351
273 2.97445
274 2.98287
275 2.99813
