1 0.00539
2 0.00731
3 0.01077
4 0.01889
5 0.02978
6 0.03599
7 0.0447
8 0.06915
9 0.07235
10 0.07653
11 0.09251
12 0.10365
13 0.11143
14 0.11486
15 0.11825
16 0.12226
17 0.12634
18 0.12721
19 0.13068
20 0.13255
21 0.14065
22 0.14758
23 0.15272
24 0.16632
25 0.16885
26 0.17418
27 0.17701
28 0.17943
29 0.18127
30 0.18812
31 0.19513
32 0.21079
33 0.22412
34 0.23113
35 0.23234
36 0.23532
37 0.24193
38 0.24708
39 0.27114
40 0.28113
41 0.28946
42 0.32162
43 0.32308
44 0.33012
45 0.34648
46 0.35716
47 0.36222
48 0.36829
49 0.37884
50 0.38816
51 0.39346
52 0.40148
53 0.40782
54 0.41241
55 0.41611
56 0.41879
57 0.43522
58 0.44004
59 0.44504
60 0.45375
61 0.45931
62 0.47646
63 0.47866
64 0.48056
65 0.48407
66 0.49088
67 0.49359
68 0.50543
69 0.50922
70 0.5226
71 0.52764
72 0.54247
73 0.54771
74 0.5508
75 0.55668
76 0.55795
77 0.56816
78 0.57386
79 0.57745
80 0.58571
81 0.58976
82 0.60883
83 0.61854
84 0.61981
85 0.62489
86 0.62711
87 0.63823
88 0.64294
89 0.64638
90 0.66299
91 0.66824
92 0.66917
93 0.67164
94 0.67754
95 0.69299
96 0.70468
97 0.71307
98 0.71676
99 0.727
100 0.73018
101 0.73586
102 0.73721
103 0.74052
104 0.74392
105 0.74541
106 0.74907
107 0.76105
108 0.77609
109 0.78385
110 0.79878
111 0.80909
112 0.82563
113 0.83058
114 0.83661
115 0.85055
116 0.86524
117 0.8714
118 0.87546
119 0.88318
120 0.88823
121 0.89088
122 0.8948
123 0.90683
124 0.91237
125 0.9229
126 0.92893
127 0.9331
128 0.94095
129 0.95519
130 0.95983
131 0.96268
132 0.97736
133 0.98704
134 0.99246
135 0.9988
136 1.00679
137 1.01712
138 1.01842
139 1.02203
140 1.03095
141 1.03516
142 1.04253
143 1.06516
144 1.07003
145 1.07102
146 1.08568
147 1.08827
148 1.08986
149 1.09375
150 1.10002
151 1.11782
152 1.12602
153 1.13428
154 1.15088
155 1.15423
156 1.16264
157 1.1672
158 1.17026
159 1.17911
160 1.19451
161 1.20075
162 1.20392
163 1.21602
164 1.22877
165 1.23181
166 1.23663
167 1.24489
168 1.25794
169 1.26058
170 1.27076
171 1.28062
172 1.28896
173 1.2943
174 1.2992
175 1.30328
176 1.31224
177 1.31666
178 1.33028
179 1.34274
180 1.3457
181 1.34649
182 1.35409
183 1.37801
184 1.3835
185 1.39948
186 1.40817
187 1.41866
188 1.4219
189 1.43653
190 1.43847
191 1.4415
192 1.44631
193 1.45606
194 1.4571
195 1.46425
196 1.47853
197 1.48311
198 1.49306
199 1.49706
200 1.4995
201 1.51283
202 1.51552
203 1.52
204 1.52583
205 1.53088
206 1.53612
207 1.54419
208 1.54611
209 1.55043
210 1.56124
211 1.56925
212 1.57697
213 1.58347
214 1.58605
215 1.59098
216 1.59516
217 1.6099
218 1.61216
219 1.61863
220 1.62428
221 1.62669
222 1.63422
223 1.63973
224 1.64779
225 1.65035
226 1.65386
227 1.6565
228 1.65796
229 1.67161
230 1.67512
231 1.68695
232 1.69349
233 1.69742
234 1.70314
235 1.70727
236 1.72823
237 1.74402
238 1.75028
239 1.75927
240 1.76194
241 1.77126
242 1.80141
243 1.82158
244 1.82572
245 1.82902
246 1.83321
247 1.8379
248 1.84898
249 1.85172
250 1.85507
251 1.87457
252 1.88573
253 1.89427
254 1.89991
255 1.90103
256 1.90434
257 1.91284
258 1.91939
259 1.93007
260 1.9471
261 1.95325
262 1.95823
263 1.96214
264 1.97979
265 1.98508
266 2.00002
267 2.00417
268 2.00633
269 2.02847
270 2.03661
271 2.04155
272 2.04558
273 2.04833
274 2.06061
275 2.0655
276 2.07311
277 2.08238
278 2.08347
279 2.0917
280 2.11172
281 2.11656
282 2.11887
283 2.12799
284 2.13247
285 2.13802
286 2.14278
287 2.1504
288 2.15639
289 2.15728
290 2.17304
291 2.18242
292 2.18772
293 2.1907
294 2.20691
295 2.22193
296 2.23164
297 2.23375
298 2.24275
299 2.245
300 2.24587
301 2.25157
302 2.26177
303 2.27032
304 2.28534
305 2.29064
306 2.31559
307 2.32007
308 2.32497
309 2.32617
310 2.33049
311 2.33244
312 2.33997
313 2.34359
314 2.35259
315 2.36273
316 2.37358
317 2.38459
318 2.38886
319 2.39096
320 2.40315
321 2.4056
322 2.41462
323 2.42524
324 2.43818
325 2.44298
326 2.445
327 2.45482
328 2.4634
329 2.47219
330 2.48348
331 2.49089
332 2.50625
333 2.50843
334 2.51258
335 2.51858
336 2.52861
337 2.53676
338 2.53889
339 2.54489
340 2.55046
341 2.57067
342 2.57311
343 2.57664
344 2.58495
345 2.59684
346 2.60546
347 2.6112
348 2.61359
349 2.61673
350 2.63012
351 2.63483
352 2.64644
353 2.6748
354 2.6908
355 2.69622
356 2.7055
357 2.71139
358 2.71923
359 2.72451
360 2.73027
361 2.73382
362 2.73613
363 2.7391
364 2.74641
365 2.75723
366 2.77193
367 2.77834
368 2.77925
369 2.78288
370 2.79098
371 2.80579
372 2.81368
373 2.82658
374 2.8315
375 2.84683
376 2.85261
377 2.86735
378 2.87386
379 2.87927
380 2.8836
381 2.89275
382 2.90561
383 2.91006
384 2.91357
385 2.91533
386 2.9244
387 2.9309
388 2.94279
389 2.95452
390 2.95653
391 2.97149
392 2.97977
393 2.98749
394 2.9919
395 2.99484
396 2.99891
