1 0.00632
2 0.00923
3 0.01214
4 0.01516
5 0.03317
6 0.03817
7 0.04812
8 0.05522
9 0.06195
10 0.07374
11 0.08025
12 0.08387
13 0.08545
14 0.09178
15 0.09849
16 0.10998
17 0.11111
18 0.11982
19 0.13139
20 0.13562
21 0.14583
22 0.15663
23 0.16979
24 0.17805
25 0.18054
26 0.18418
27 0.19866
28 0.20103
29 0.20691
30 0.20906
31 0.2245
32 0.24118
33 0.2433
34 0.25017
35 0.26301
36 0.2691
37 0.27595
38 0.28161
39 0.29091
40 0.29697
41 0.31675
42 0.31934
43 0.32651
44 0.33542
45 0.34219
46 0.35653
47 0.37767
48 0.38378
49 0.38892
50 0.41021
51 0.42625
52 0.43595
53 0.44278
54 0.45218
55 0.47044
56 0.47226
57 0.4734
58 0.50117
59 0.50514
60 0.51595
61 0.53539
62 0.53903
63 0.54134
64 0.54433
65 0.54854
66 0.5685
67 0.5789
68 0.58067
69 0.58987
70 0.62126
71 0.62504
72 0.6329
73 0.64542
74 0.65673
75 0.6605
76 0.68067
77 0.69119
78 0.70188
79 0.71345
80 0.71861
81 0.72309
82 0.73143
83 0.73611
84 0.74545
85 0.74969
86 0.75796
87 0.76177
88 0.77112
89 0.77726
90 0.78096
91 0.78883
92 0.79085
93 0.7969
94 0.80123
95 0.81012
96 0.81187
97 0.81867
98 0.82837
99 0.83101
100 0.8354
101 0.84134
102 0.84423
103 0.85608
104 0.87681
105 0.88931
106 0.90142
107 0.91326
108 0.91913
109 0.93027
110 0.94728
111 0.95078
112 0.95172
113 0.9584
114 0.96745
115 0.97693
116 0.98033
117 0.9883
118 0.99466
119 1.00998
120 1.02264
121 1.03318
122 1.03957
123 1.05286
124 1.05803
125 1.07012
126 1.08852
127 1.0936
128 1.09686
129 1.11885
130 1.12932
131 1.13381
132 1.1426
133 1.14402
134 1.14777
135 1.17065
136 1.17955
137 1.19293
138 1.20086
139 1.20556
140 1.21659
141 1.21933
142 1.22829
143 1.23771
144 1.2453
145 1.25432
146 1.25778
147 1.26111
148 1.2672
149 1.27196
150 1.28014
151 1.29574
152 1.29806
153 1.30008
154 1.30145
155 1.30781
156 1.31032
157 1.31865
158 1.32075
159 1.33132
160 1.3363
161 1.33863
162 1.36433
163 1.3691
164 1.37317
165 1.38566
166 1.3881
167 1.39483
168 1.41446
169 1.42251
170 1.43045
171 1.43522
172 1.44507
173 1.45207
174 1.46111
175 1.46385
176 1.47229
177 1.47863
178 1.49674
179 1.50483
180 1.51323
181 1.52482
182 1.53263
183 1.55477
184 1.56223
185 1.56567
186 1.57617
187 1.58735
188 1.60573
189 1.61884
190 1.62574
191 1.64329
192 1.66542
193 1.67972
194 1.69034
195 1.6986
196 1.70076
197 1.72858
198 1.74034
199 1.74436
200 1.75238
201 1.76657
202 1.78579
203 1.79872
204 1.80139
205 1.81204
206 1.82084
207 1.83089
208 1.84279
209 1.86387
210 1.87252
211 1.87691
212 1.88016
213 1.89252
214 1.91528
215 1.91946
216 1.92825
217 1.93834
218 1.94962
219 1.95545
220 1.96503
221 1.97477
222 1.97745
223 1.98202
224 1.98377
225 1.99593
226 2.00008
227 2.00982
228 2.03011
229 2.03252
230 2.04136
231 2.04295
232 2.04882
233 2.057
234 2.07543
235 2.07748
236 2.08031
237 2.09112
238 2.12725
239 2.1646
240 2.20214
241 2.21339
242 2.217
243 2.22561
244 2.23012
245 2.24086
246 2.24759
247 2.25177
248 2.26849
249 2.28042
250 2.28729
251 2.29183
252 2.29766
253 2.30863
254 2.31373
255 2.31801
256 2.33932
257 2.3689
258 2.37225
259 2.37561
260 2.37947
261 2.38294
262 2.38489
263 2.42339
264 2.45007
265 2.45889
266 2.465
267 2.47181
268 2.47541
269 2.49123
270 2.50294
271 2.51202
272 2.53045
273 2.53257
274 2.53851
275 2.54333
276 2.54673
277 2.57556
278 2.58459
279 2.58838
280 2.59575
281 2.59814
282 2.60265
283 2.61534
284 2.62261
285 2.63862
286 2.6441
287 2.64952
288 2.66482
289 2.66958
290 2.68133
291 2.68525
292 2.68959
293 2.69419
294 2.69934
295 2.70377
296 2.7076
297 2.71111
298 2.71399
299 2.71787
300 2.72002
301 2.7288
302 2.7347
303 2.73739
304 2.74107
305 2.75023
306 2.75239
307 2.78045
308 2.80107
309 2.82252
310 2.82534
311 2.82954
312 2.83785
313 2.84367
314 2.8547
315 2.85869
316 2.8643
317 2.87058
318 2.87611
319 2.88098
320 2.91231
321 2.91972
322 2.92518
323 2.92685
324 2.93433
325 2.95612
326 2.96923
327 2.97126
328 2.99586
