1 0.01996
2 0.02169
3 0.02354
4 0.03905
5 0.04303
6 0.05979
7 0.0651
8 0.0711
9 0.08263
10 0.09013
11 0.09555
12 0.09917
13 0.10613
14 0.11038
15 0.11635
16 0.14041
17 0.15041
18 0.16524
19 0.17424
20 0.19395
21 0.24766
22 0.25537
23 0.27422
24 0.29125
25 0.29712
26 0.30544
27 0.32302
28 0.32659
29 0.34251
30 0.34995
31 0.35513
32 0.3606
33 0.37901
34 0.38219
35 0.40108
36 0.41023
37 0.41601
38 0.42624
39 0.43382
40 0.43582
41 0.44123
42 0.44896
43 0.45942
44 0.48639
45 0.4959
46 0.50397
47 0.50567
48 0.50922
49 0.52004
50 0.52153
51 0.54139
52 0.55869
53 0.58089
54 0.60227
55 0.6067
56 0.62909
57 0.63472
58 0.65318
59 0.66213
60 0.68147
61 0.68983
62 0.69285
63 0.73502
64 0.74255
65 0.75053
66 0.76245
67 0.78739
68 0.80532
69 0.81324
70 0.81825
71 0.82042
72 0.87129
73 0.88855
74 0.90246
75 0.91489
76 0.91675
77 0.92696
78 0.93483
79 0.94768
80 0.96416
81 0.98804
82 0.99405
83 1.0012
84 1.02617
85 1.04572
86 1.07246
87 1.07391
88 1.07982
89 1.09055
90 1.09727
91 1.1028
92 1.1164
93 1.13606
94 1.14926
95 1.16236
96 1.17048
97 1.18932
98 1.20193
99 1.20747
100 1.24337
101 1.24888
102 1.25698
103 1.26991
104 1.30003
105 1.31865
106 1.32472
107 1.33234
108 1.34168
109 1.3578
110 1.36517
111 1.40432
112 1.41086
113 1.41446
114 1.41963
115 1.42118
116 1.42794
117 1.43299
118 1.44636
119 1.45107
120 1.45546
121 1.46899
122 1.50045
123 1.50628
124 1.51156
125 1.51726
126 1.55057
127 1.56477
128 1.57917
129 1.60666
130 1.61656
131 1.63219
132 1.63762
133 1.65069
134 1.65632
135 1.68646
136 1.69616
137 1.7053
138 1.71897
139 1.73914
140 1.74466
141 1.75758
142 1.76061
143 1.77281
144 1.77481
145 1.7873
146 1.79799
147 1.80283
148 1.815
149 1.84973
150 1.86033
151 1.87052
152 1.87426
153 1.89438
154 1.90811
155 1.91062
156 1.91727
157 1.91891
158 1.92813
159 1.9334
160 1.93915
161 1.9467
162 1.96178
163 1.98402
164 1.99786
165 2.00365
166 2.00573
167 2.01847
168 2.02193
169 2.02893
170 2.03242
171 2.05128
172 2.06636
173 2.08341
174 2.08665
175 2.10505
176 2.11295
177 2.1146
178 2.12718
179 2.15085
180 2.15631
181 2.17086
182 2.17506
183 2.17869
184 2.18232
185 2.19554
186 2.20142
187 2.20885
188 2.23453
189 2.25017
190 2.25396
191 2.256
192 2.26684
193 2.27122
194 2.27656
195 2.30837
196 2.32508
197 2.33304
198 2.33913
199 2.35546
200 2.35972
201 2.39734
202 2.40471
203 2.40868
204 2.41211
205 2.42546
206 2.43291
207 2.44296
208 2.44477
209 2.44754
210 2.44922
211 2.45071
212 2.49197
213 2.50684
214 2.50995
215 2.5166
216 2.52453
217 2.52846
218 2.54365
219 2.54733
220 2.57157
221 2.57302
222 2.58364
223 2.61494
224 2.61694
225 2.62078
226 2.65428
227 2.65931
228 2.66243
229 2.67143
230 2.67879
231 2.69143
232 2.69965
233 2.71174
234 2.73922
235 2.75277
236 2.76784
237 2.77079
238 2.78466
239 2.78823
240 2.79753
241 2.80127
242 2.80628
243 2.81871
244 2.82384
245 2.82723
246 2.85281
247 2.86755
248 2.87875
249 2.89069
250 2.90431
251 2.90842
252 2.92023
253 2.94164
254 2.94723
255 2.95842
256 2.96977
257 2.99547
