1 0.00506
2 0.00753
3 0.01004
4 0.03659
5 0.04157
6 0.05157
7 0.05859
8 0.08827
9 0.11011
10 0.12024
11 0.12535
12 0.13608
13 0.14594
14 0.16558
15 0.17143
16 0.1739
17 0.17958
18 0.18598
19 0.18846
20 0.19802
21 0.2052
22 0.20767
23 0.22229
24 0.22877
25 0.24667
26 0.25778
27 0.26305
28 0.26895
29 0.27415
30 0.2782
31 0.29399
32 0.29849
33 0.30249
34 0.30359
35 0.30945
36 0.32341
37 0.33017
38 0.33918
39 0.386
40 0.39476
41 0.40012
42 0.40588
43 0.41923
44 0.43761
45 0.43865
46 0.44196
47 0.45031
48 0.45379
49 0.46315
50 0.48155
51 0.48316
52 0.49552
53 0.4976
54 0.51292
55 0.51844
56 0.52787
57 0.5296
58 0.53543
59 0.53782
60 0.54059
61 0.54786
62 0.55603
63 0.56583
64 0.57271
65 0.59401
66 0.62375
67 0.62706
68 0.65533
69 0.6728
70 0.68596
71 0.68714
72 0.69707
73 0.7051
74 0.70987
75 0.74175
76 0.74534
77 0.74974
78 0.75475
79 0.75899
80 0.77268
81 0.78163
82 0.79014
83 0.80433
84 0.81618
85 0.83285
86 0.83883
87 0.84543
88 0.84804
89 0.85208
90 0.8561
91 0.88147
92 0.88465
93 0.91223
94 0.92382
95 0.93364
96 0.94319
97 0.94594
98 0.95002
99 0.95118
100 0.95333
101 0.96248
102 0.96608
103 0.97058
104 0.97197
105 0.99027
106 1.00404
107 1.01001
108 1.01116
109 1.01835
110 1.02376
111 1.03564
112 1.05743
113 1.06755
114 1.0834
115 1.08476
116 1.09331
117 1.09751
118 1.11228
119 1.13013
120 1.1333
121 1.15504
122 1.16695
123 1.17856
124 1.18123
125 1.1856
126 1.19348
127 1.19482
128 1.24343
129 1.25185
130 1.25446
131 1.25675
132 1.25811
133 1.26166
134 1.28328
135 1.29117
136 1.2932
137 1.2989
138 1.30597
139 1.30757
140 1.3089
141 1.32008
142 1.32562
143 1.33846
144 1.34767
145 1.37833
146 1.39867
147 1.41037
148 1.41581
149 1.41817
150 1.43573
151 1.43671
152 1.44018
153 1.4443
154 1.46202
155 1.49399
156 1.49984
157 1.50393
158 1.51265
159 1.51574
160 1.51794
161 1.51975
162 1.54953
163 1.55617
164 1.57323
165 1.57453
166 1.58991
167 1.59175
168 1.5929
169 1.61611
170 1.62348
171 1.62503
172 1.63065
173 1.63171
174 1.63406
175 1.65907
176 1.67615
177 1.70711
178 1.72145
179 1.72323
180 1.73602
181 1.74859
182 1.7567
183 1.76168
184 1.76718
185 1.78231
186 1.78818
187 1.79602
188 1.79911
189 1.8007
190 1.80831
191 1.81251
192 1.81598
193 1.82106
194 1.82522
195 1.83735
196 1.8427
197 1.84984
198 1.87656
199 1.88491
200 1.89121
201 1.92292
202 1.92968
203 1.93387
204 1.93875
205 1.9477
206 1.9502
207 1.95484
208 1.96095
209 1.96487
210 1.97759
211 1.99849
212 2.00358
213 2.01099
214 2.01753
215 2.02666
216 2.02968
217 2.04752
218 2.06261
219 2.06519
220 2.06914
221 2.08827
222 2.09106
223 2.09861
224 2.10032
225 2.10277
226 2.11683
227 2.12971
228 2.13583
229 2.14831
230 2.15919
231 2.17578
232 2.1873
233 2.19451
234 2.19959
235 2.21932
236 2.2474
237 2.25114
238 2.25711
239 2.26457
240 2.26593
241 2.26848
242 2.27028
243 2.28313
244 2.29014
245 2.31757
246 2.32286
247 2.33207
248 2.33341
249 2.33691
250 2.34377
251 2.34655
252 2.3567
253 2.35861
254 2.38506
255 2.41688
256 2.42052
257 2.42461
258 2.42799
259 2.43314
260 2.43609
261 2.44614
262 2.45218
263 2.4645
264 2.46832
265 2.48517
266 2.501
267 2.50332
268 2.50736
269 2.50857
270 2.51891
271 2.52588
272 2.53511
273 2.53799
274 2.55017
275 2.55889
276 2.58306
277 2.60006
278 2.60924
279 2.62294
280 2.62904
281 2.63206
282 2.66095
283 2.67107
284 2.6798
285 2.69197
286 2.69643
287 2.70117
288 2.71483
289 2.75057
290 2.76103
291 2.76686
292 2.79805
293 2.80489
294 2.80776
295 2.82447
296 2.84292
297 2.85358
298 2.8851
299 2.91391
300 2.92103
301 2.92418
302 2.92743
303 2.93766
304 2.94593
305 2.95386
306 2.97158
307 2.97453
308 2.97999
309 2.99906
