1 0.02115
2 0.02269
3 0.03616
4 0.05802
5 0.11222
6 0.11463
7 0.1248
8 0.13822
9 0.14672
10 0.17212
11 0.17527
12 0.19188
13 0.20385
14 0.23354
15 0.23669
16 0.24125
17 0.24596
18 0.25532
19 0.28041
20 0.33472
21 0.35794
22 0.36902
23 0.37323
24 0.38869
25 0.39561
26 0.3971
27 0.4014
28 0.40822
29 0.44149
30 0.44881
31 0.45682
32 0.47128
33 0.4843
34 0.48814
35 0.5005
36 0.50592
37 0.53883
38 0.5445
39 0.59032
40 0.61408
41 0.62107
42 0.62944
43 0.64822
44 0.65512
45 0.65869
46 0.67238
47 0.6839
48 0.69308
49 0.70253
50 0.70473
51 0.70607
52 0.72192
53 0.73655
54 0.74043
55 0.74901
56 0.75836
57 0.77142
58 0.8057
59 0.822
60 0.83938
61 0.85819
62 0.86479
63 0.87144
64 0.8938
65 0.90423
66 0.92115
67 0.92445
68 0.94018
69 0.94228
70 0.94791
71 0.95283
72 0.96349
73 0.99247
74 0.99607
75 1.00688
76 1.01585
77 1.02357
78 1.07218
79 1.10814
80 1.13289
81 1.14252
82 1.14391
83 1.1588
84 1.16786
85 1.17666
86 1.19094
87 1.1929
88 1.19945
89 1.20538
90 1.23302
91 1.24162
92 1.25693
93 1.2638
94 1.34151
95 1.37099
96 1.37451
97 1.38342
98 1.39643
99 1.41242
100 1.44493
101 1.45105
102 1.48725
103 1.49051
104 1.49903
105 1.52
106 1.5667
107 1.59023
108 1.61441
109 1.61867
110 1.63008
111 1.64326
112 1.67437
113 1.69221
114 1.72526
115 1.74057
116 1.74611
117 1.80359
118 1.85843
119 1.86895
120 1.87061
121 1.88425
122 1.9101
123 1.9215
124 1.93745
125 1.94344
126 1.95285
127 1.96074
128 1.97979
129 2.00533
130 2.04318
131 2.05058
132 2.08436
133 2.10236
134 2.10558
135 2.11059
136 2.1178
137 2.11955
138 2.12486
139 2.14138
140 2.14735
141 2.15437
142 2.16844
143 2.18353
144 2.20434
145 2.25019
146 2.254
147 2.27551
148 2.33875
149 2.34582
150 2.36173
151 2.36658
152 2.377
153 2.38159
154 2.39325
155 2.39669
156 2.40452
157 2.40685
158 2.42953
159 2.44458
160 2.44876
161 2.49202
162 2.49907
163 2.53108
164 2.57315
165 2.61061
166 2.61656
167 2.62052
168 2.62425
169 2.63377
170 2.65935
171 2.67789
172 2.68971
173 2.71319
174 2.73241
175 2.77581
176 2.86235
177 2.87924
178 2.88372
179 2.88572
180 2.88693
181 2.89275
182 2.89491
183 2.89652
184 2.90053
185 2.90456
186 2.92306
187 2.94151
188 2.94732
189 2.9516
190 2.98304
191 2.98644
192 2.98819
