1 0.00148
2 0.00422
3 0.00747
4 0.00918
5 0.0131
6 0.01792
7 0.02083
8 0.02236
9 0.03669
10 0.04202
11 0.04816
12 0.04979
13 0.06049
14 0.06502
15 0.06695
16 0.07353
17 0.07805
18 0.08602
19 0.08974
20 0.09674
21 0.0992
22 0.10912
23 0.11095
24 0.11388
25 0.11534
26 0.12181
27 0.12271
28 0.13148
29 0.1335
30 0.14591
31 0.15727
32 0.15899
33 0.16555
34 0.1707
35 0.17947
36 0.183
37 0.18595
38 0.19786
39 0.20547
40 0.21161
41 0.21518
42 0.22067
43 0.2273
44 0.23078
45 0.23419
46 0.24163
47 0.25255
48 0.26163
49 0.27544
50 0.27866
51 0.28176
52 0.28507
53 0.2933
54 0.29914
55 0.31242
56 0.31473
57 0.32553
58 0.34205
59 0.34702
60 0.35575
61 0.36026
62 0.36428
63 0.36618
64 0.37109
65 0.37253
66 0.39129
67 0.39464
68 0.40256
69 0.41211
70 0.41899
71 0.42816
72 0.43114
73 0.44589
74 0.45002
75 0.45145
76 0.46383
77 0.47227
78 0.47998
79 0.48746
80 0.49386
81 0.49652
82 0.50714
83 0.5082
84 0.51612
85 0.51753
86 0.52728
87 0.53902
88 0.54562
89 0.55466
90 0.56168
91 0.5646
92 0.56541
93 0.57091
94 0.57237
95 0.57492
96 0.58557
97 0.58918
98 0.59669
99 0.60616
100 0.60855
101 0.61461
102 0.63234
103 0.63762
104 0.64079
105 0.64631
106 0.65385
107 0.65623
108 0.66259
109 0.66925
110 0.67563
111 0.68244
112 0.69173
113 0.69444
114 0.69676
115 0.70359
116 0.70538
117 0.71231
118 0.71522
119 0.71754
120 0.72934
121 0.73327
122 0.73754
123 0.74284
124 0.74923
125 0.75526
126 0.76156
127 0.76566
128 0.7826
129 0.79601
130 0.80527
131 0.80751
132 0.81063
133 0.815
134 0.82101
135 0.82467
136 0.83814
137 0.8443
138 0.84916
139 0.85634
140 0.86053
141 0.88813
142 0.89262
143 0.90625
144 0.90913
145 0.91511
146 0.92694
147 0.92922
148 0.941
149 0.94803
150 0.95299
151 0.96058
152 0.96309
153 0.96824
154 0.97439
155 0.98444
156 1.00095
157 1.00483
158 1.01278
159 1.01635
160 1.01925
161 1.03131
162 1.03732
163 1.05016
164 1.05686
165 1.06238
166 1.06869
167 1.09012
168 1.11654
169 1.12722
170 1.12903
171 1.13476
172 1.13636
173 1.15364
174 1.15625
175 1.15769
176 1.16371
177 1.16794
178 1.17963
179 1.18528
180 1.18782
181 1.19115
182 1.19423
183 1.19943
184 1.20657
185 1.21086
186 1.22216
187 1.23338
188 1.24641
189 1.24891
190 1.252
191 1.26333
192 1.2874
193 1.28985
194 1.29517
195 1.30208
196 1.30327
197 1.30774
198 1.31398
199 1.31627
200 1.32461
201 1.3451
202 1.35383
203 1.35734
204 1.36115
205 1.36241
206 1.37002
207 1.38371
208 1.3954
209 1.40772
210 1.41995
211 1.4279
212 1.43244
213 1.43925
214 1.44791
215 1.4489
216 1.45234
217 1.45621
218 1.45975
219 1.46254
220 1.46448
221 1.46943
222 1.47081
223 1.47393
224 1.4794
225 1.4826
226 1.49099
227 1.5027
228 1.51632
229 1.53005
230 1.5361
231 1.55051
232 1.55713
233 1.55949
234 1.56542
235 1.58448
236 1.60296
237 1.61576
238 1.63333
239 1.63789
240 1.64105
241 1.65942
242 1.66802
243 1.66889
244 1.67839
245 1.68802
246 1.69414
247 1.69867
248 1.7025
249 1.7036
250 1.70676
251 1.72685
252 1.74781
253 1.75551
254 1.76261
255 1.78329
256 1.79871
257 1.80867
258 1.81731
259 1.81928
260 1.82825
261 1.8355
262 1.84121
263 1.84238
264 1.84852
265 1.85487
266 1.85808
267 1.86128
268 1.86592
269 1.88141
270 1.88619
271 1.89237
272 1.89858
273 1.91472
274 1.93136
275 1.93495
276 1.94281
277 1.94851
278 1.95642
279 1.95915
280 1.96185
281 1.96526
282 1.97402
283 1.97906
284 1.98249
285 1.99386
286 2.01914
287 2.02547
288 2.03646
289 2.0393
290 2.04576
291 2.04655
292 2.05058
293 2.06156
294 2.06613
295 2.08244
296 2.08514
297 2.08927
298 2.09977
299 2.10788
300 2.11577
301 2.12368
302 2.13407
303 2.13961
304 2.14221
305 2.15418
306 2.15549
307 2.16498
308 2.167
309 2.18331
310 2.1868
311 2.19239
312 2.19555
313 2.20159
314 2.20687
315 2.21761
316 2.2479
317 2.25488
318 2.26328
319 2.27443
320 2.28175
321 2.29821
322 2.3027
323 2.30392
324 2.30599
325 2.31888
326 2.32269
327 2.33443
328 2.33623
329 2.33858
330 2.35378
331 2.36843
332 2.37345
333 2.37762
334 2.3831
335 2.38495
336 2.40396
337 2.4161
338 2.43231
339 2.43593
340 2.44313
341 2.44834
342 2.45229
343 2.46271
344 2.46437
345 2.47168
346 2.48017
347 2.48357
348 2.49006
349 2.49232
350 2.50194
351 2.51131
352 2.51342
353 2.52905
354 2.55307
355 2.56735
356 2.57078
357 2.59113
358 2.60571
359 2.61115
360 2.61674
361 2.63082
362 2.63397
363 2.63779
364 2.64143
365 2.66412
366 2.67529
367 2.6794
368 2.6832
369 2.68628
370 2.69014
371 2.69434
372 2.70384
373 2.71957
374 2.72509
375 2.72908
376 2.73077
377 2.73882
378 2.74642
379 2.75308
380 2.76612
381 2.77477
382 2.77773
383 2.78285
384 2.78957
385 2.79502
386 2.8181
387 2.82346
388 2.8252
389 2.83652
390 2.83902
391 2.84482
392 2.85591
393 2.86392
394 2.86834
395 2.88188
396 2.88504
397 2.90535
398 2.91041
399 2.91573
400 2.9183
401 2.9364
402 2.95123
403 2.95431
404 2.96338
405 2.98211
406 2.9843
407 2.98934
408 2.9905
409 2.99528
