1 0.00446
2 0.01078
3 0.01222
4 0.02824
5 0.03491
6 0.04259
7 0.0483
8 0.06072
9 0.06597
10 0.06944
11 0.07364
12 0.07909
13 0.08348
14 0.0939
15 0.11589
16 0.13697
17 0.1502
18 0.15795
19 0.16177
20 0.18305
21 0.21405
22 0.22553
23 0.23317
24 0.24913
25 0.25061
26 0.26662
27 0.28722
28 0.29646
29 0.29825
30 0.30003
31 0.3032
32 0.31306
33 0.32446
34 0.32952
35 0.33644
36 0.34482
37 0.35593
38 0.37252
39 0.3997
40 0.40763
41 0.41056
42 0.42015
43 0.43239
44 0.43806
45 0.44052
46 0.44707
47 0.45588
48 0.4697
49 0.47166
50 0.47991
51 0.48483
52 0.48656
53 0.4982
54 0.50861
55 0.51727
56 0.53063
57 0.53545
58 0.54215
59 0.54357
60 0.5459
61 0.55709
62 0.58134
63 0.58494
64 0.59031
65 0.59866
66 0.60979
67 0.62267
68 0.63558
69 0.65959
70 0.6653
71 0.67194
72 0.68865
73 0.69125
74 0.69481
75 0.69858
76 0.70423
77 0.71679
78 0.72055
79 0.7295
80 0.73922
81 0.75021
82 0.75911
83 0.76424
84 0.76625
85 0.78087
86 0.79108
87 0.81242
88 0.81541
89 0.81666
90 0.8198
91 0.82383
92 0.83075
93 0.85077
94 0.87877
95 0.88032
96 0.90935
97 0.91533
98 0.92416
99 0.92983
100 0.94072
101 0.95056
102 0.96934
103 0.97302
104 0.98252
105 0.98538
106 1.02905
107 1.03472
108 1.03643
109 1.04892
110 1.05034
111 1.05439
112 1.05881
113 1.07759
114 1.09271
115 1.09829
116 1.10577
117 1.11732
118 1.12045
119 1.12184
120 1.1338
121 1.13519
122 1.14465
123 1.16223
124 1.1681
125 1.16934
126 1.18483
127 1.20139
128 1.21096
129 1.2168
130 1.22516
131 1.22689
132 1.23066
133 1.24699
134 1.25698
135 1.27865
136 1.28359
137 1.28934
138 1.30334
139 1.3309
140 1.34004
141 1.34271
142 1.35939
143 1.36111
144 1.36332
145 1.38306
146 1.38814
147 1.38985
148 1.40237
149 1.4133
150 1.42196
151 1.42752
152 1.43698
153 1.44335
154 1.46555
155 1.46881
156 1.48938
157 1.49741
158 1.51853
159 1.52163
160 1.5273
161 1.53383
162 1.54051
163 1.54313
164 1.54816
165 1.55204
166 1.55776
167 1.57406
168 1.58634
169 1.58829
170 1.59649
171 1.59765
172 1.60116
173 1.60826
174 1.61891
175 1.63326
176 1.6356
177 1.63687
178 1.63885
179 1.64903
180 1.6707
181 1.68529
182 1.69956
183 1.71772
184 1.72803
185 1.73272
186 1.73731
187 1.74244
188 1.75023
189 1.77299
190 1.77765
191 1.78727
192 1.78887
193 1.79387
194 1.81124
195 1.82462
196 1.83185
197 1.83355
198 1.83522
199 1.85074
200 1.85757
201 1.8632
202 1.87502
203 1.87825
204 1.8841
205 1.89079
206 1.89199
207 1.90795
208 1.90989
209 1.92607
210 1.93148
211 1.93653
212 1.94482
213 1.95339
214 1.95479
215 1.96229
216 1.96815
217 1.97508
218 1.98128
219 1.9947
220 2.00041
221 2.03269
222 2.03762
223 2.05306
224 2.05514
225 2.05987
226 2.081
227 2.09461
228 2.10936
229 2.13368
230 2.13697
231 2.15424
232 2.15803
233 2.16141
234 2.16576
235 2.18614
236 2.19889
237 2.20526
238 2.22867
239 2.24199
240 2.25098
241 2.26642
242 2.29491
243 2.29638
244 2.29945
245 2.30839
246 2.3164
247 2.32874
248 2.33658
249 2.34188
250 2.34564
251 2.34681
252 2.36722
253 2.38844
254 2.4043
255 2.41186
256 2.41529
257 2.42371
258 2.43941
259 2.47081
260 2.49055
261 2.51638
262 2.52039
263 2.52675
264 2.54035
265 2.54848
266 2.5581
267 2.56194
268 2.56707
269 2.58786
270 2.60808
271 2.61309
272 2.61742
273 2.62986
274 2.63732
275 2.64281
276 2.65897
277 2.68724
278 2.69635
279 2.69995
280 2.70499
281 2.70964
282 2.7138
283 2.72319
284 2.72445
285 2.72811
286 2.74525
287 2.76627
288 2.77368
289 2.77736
290 2.78341
291 2.78453
292 2.7927
293 2.80853
294 2.81113
295 2.81739
296 2.82912
297 2.83862
298 2.87026
299 2.87844
300 2.88008
301 2.88497
302 2.89321
303 2.89572
304 2.91497
305 2.93012
306 2.94709
307 2.96042
308 2.98236
309 2.99918
