1 0.00387
2 0.00612
3 0.01128
4 0.01696
5 0.02317
6 0.03219
7 0.05605
8 0.05985
9 0.06219
10 0.06758
11 0.07002
12 0.07146
13 0.08819
14 0.09303
15 0.11315
16 0.1169
17 0.12772
18 0.15209
19 0.1585
20 0.16007
21 0.16237
22 0.16518
23 0.17104
24 0.17365
25 0.18083
26 0.1835
27 0.19043
28 0.2045
29 0.2181
30 0.23548
31 0.24368
32 0.25474
33 0.26357
34 0.27046
35 0.27789
36 0.28263
37 0.289
38 0.29585
39 0.30231
40 0.30817
41 0.31289
42 0.31788
43 0.32066
44 0.32808
45 0.33579
46 0.34272
47 0.34519
48 0.35232
49 0.36413
50 0.37571
51 0.38469
52 0.38575
53 0.3915
54 0.41445
55 0.42773
56 0.44318
57 0.46135
58 0.4633
59 0.47154
60 0.47555
61 0.50832
62 0.51594
63 0.52194
64 0.52442
65 0.53021
66 0.5365
67 0.55368
68 0.56
69 0.56349
70 0.57239
71 0.57465
72 0.5777
73 0.58001
74 0.58888
75 0.59545
76 0.60329
77 0.61241
78 0.6143
79 0.62139
80 0.62805
81 0.63296
82 0.63582
83 0.64783
84 0.65922
85 0.67299
86 0.6757
87 0.68188
88 0.69396
89 0.69631
90 0.7175
91 0.7215
92 0.74275
93 0.75466
94 0.76703
95 0.76806
96 0.77638
97 0.77978
98 0.79378
99 0.8093
100 0.81674
101 0.81893
102 0.82759
103 0.82984
104 0.83717
105 0.83891
106 0.85038
107 0.87387
108 0.88442
109 0.89356
110 0.8965
111 0.90896
112 0.91319
113 0.91769
114 0.92158
115 0.92712
116 0.94362
117 0.94858
118 0.9579
119 0.96231
120 0.96752
121 0.97953
122 0.99011
123 1.00217
124 1.01232
125 1.01351
126 1.0203
127 1.02549
128 1.03606
129 1.04453
130 1.04934
131 1.05151
132 1.05618
133 1.05959
134 1.07013
135 1.08299
136 1.08971
137 1.0988
138 1.11305
139 1.11713
140 1.12143
141 1.1282
142 1.13277
143 1.13936
144 1.15947
145 1.16403
146 1.16804
147 1.17249
148 1.17469
149 1.18072
150 1.21444
151 1.22049
152 1.22345
153 1.25353
154 1.26084
155 1.27216
156 1.27808
157 1.28173
158 1.28718
159 1.28972
160 1.29282
161 1.29834
162 1.3136
163 1.3211
164 1.323
165 1.34624
166 1.34797
167 1.36083
168 1.37299
169 1.39059
170 1.39658
171 1.3984
172 1.40781
173 1.41059
174 1.4166
175 1.4183
176 1.43024
177 1.43367
178 1.44245
179 1.44723
180 1.46261
181 1.46499
182 1.46807
183 1.47495
184 1.48745
185 1.49728
186 1.50528
187 1.51022
188 1.5193
189 1.52672
190 1.53307
191 1.53749
192 1.54405
193 1.54856
194 1.56558
195 1.57715
196 1.58291
197 1.5852
198 1.58754
199 1.59082
200 1.60017
201 1.61676
202 1.61864
203 1.62852
204 1.6348
205 1.64319
206 1.65921
207 1.66277
208 1.66461
209 1.67073
210 1.67899
211 1.68128
212 1.69888
213 1.71085
214 1.71379
215 1.72021
216 1.72949
217 1.74284
218 1.75384
219 1.7595
220 1.76177
221 1.76764
222 1.77295
223 1.77797
224 1.78282
225 1.78921
226 1.79448
227 1.79805
228 1.80057
229 1.8067
230 1.81214
231 1.81433
232 1.83141
233 1.83527
234 1.85244
235 1.86507
236 1.86659
237 1.87409
238 1.87668
239 1.88783
240 1.89363
241 1.90605
242 1.91032
243 1.91715
244 1.92531
245 1.93389
246 1.94568
247 1.95992
248 1.96341
249 1.97133
250 1.97506
251 1.99473
252 2.00661
253 2.00968
254 2.01465
255 2.02043
256 2.02628
257 2.05149
258 2.06121
259 2.0677
260 2.07903
261 2.08279
262 2.09214
263 2.09428
264 2.10919
265 2.11414
266 2.11712
267 2.12125
268 2.13205
269 2.14089
270 2.14409
271 2.16279
272 2.16588
273 2.17041
274 2.17353
275 2.17971
276 2.18175
277 2.19016
278 2.19963
279 2.22231
280 2.2372
281 2.24126
282 2.25748
283 2.26513
284 2.27055
285 2.27269
286 2.27498
287 2.2818
288 2.28399
289 2.29023
290 2.29652
291 2.30436
292 2.307
293 2.30941
294 2.31969
295 2.32962
296 2.33122
297 2.34291
298 2.34672
299 2.36734
300 2.37508
301 2.37757
302 2.38753
303 2.39741
304 2.40812
305 2.41968
306 2.426
307 2.43135
308 2.43484
309 2.45026
310 2.46338
311 2.46719
312 2.50306
313 2.50609
314 2.51388
315 2.51835
316 2.52347
317 2.52868
318 2.53285
319 2.54754
320 2.54938
321 2.55804
322 2.57043
323 2.5723
324 2.58222
325 2.5927
326 2.59577
327 2.60424
328 2.61653
329 2.62375
330 2.63604
331 2.6487
332 2.66004
333 2.66511
334 2.67283
335 2.67466
336 2.68272
337 2.69262
338 2.6946
339 2.69764
340 2.70923
341 2.71493
342 2.71921
343 2.73364
344 2.74139
345 2.75484
346 2.75866
347 2.76047
348 2.77064
349 2.77483
350 2.77818
351 2.78773
352 2.79393
353 2.80146
354 2.81214
355 2.81742
356 2.82989
357 2.84159
358 2.84437
359 2.84825
360 2.84974
361 2.86264
362 2.86551
363 2.87716
364 2.88279
365 2.89397
366 2.91092
367 2.91325
368 2.91609
369 2.92364
370 2.92921
371 2.9438
372 2.94593
373 2.95294
374 2.96061
375 2.96444
376 2.97327
377 2.99037
