1 0.00366
2 0.00861
3 0.01943
4 0.02353
5 0.03589
6 0.04102
7 0.0431
8 0.05039
9 0.05499
10 0.05989
11 0.06137
12 0.06723
13 0.07708
14 0.09033
15 0.09159
16 0.109
17 0.11981
18 0.12288
19 0.12527
20 0.13311
21 0.1443
22 0.14615
23 0.1479
24 0.15163
25 0.16539
26 0.17067
27 0.1837
28 0.197
29 0.20509
30 0.23139
31 0.23573
32 0.23784
33 0.24151
34 0.26022
35 0.2699
36 0.29176
37 0.30904
38 0.31215
39 0.32372
40 0.32592
41 0.33077
42 0.33668
43 0.35256
44 0.36259
45 0.37947
46 0.39816
47 0.40999
48 0.42104
49 0.42519
50 0.43759
51 0.45316
52 0.46104
53 0.47848
54 0.4814
55 0.48423
56 0.48778
57 0.49802
58 0.50863
59 0.51113
60 0.52212
61 0.52605
62 0.52788
63 0.53044
64 0.54222
65 0.54605
66 0.55037
67 0.571
68 0.58042
69 0.5849
70 0.59349
71 0.62401
72 0.63888
73 0.64101
74 0.64664
75 0.65653
76 0.66129
77 0.6686
78 0.67538
79 0.68207
80 0.69249
81 0.69961
82 0.70792
83 0.71267
84 0.72145
85 0.73513
86 0.74346
87 0.74569
88 0.74889
89 0.75302
90 0.7625
91 0.7709
92 0.78126
93 0.78335
94 0.78749
95 0.80345
96 0.82728
97 0.83014
98 0.83462
99 0.8376
100 0.84168
101 0.85019
102 0.86792
103 0.87402
104 0.87642
105 0.88134
106 0.90572
107 0.92139
108 0.94244
109 0.94684
110 0.94871
111 0.95166
112 0.97828
113 1.00143
114 1.01692
115 1.02083
116 1.03977
117 1.04148
118 1.05973
119 1.07359
120 1.07763
121 1.08051
122 1.10073
123 1.10623
124 1.1093
125 1.121
126 1.12519
127 1.12932
128 1.13922
129 1.15221
130 1.16335
131 1.16873
132 1.17982
133 1.19985
134 1.20186
135 1.20284
136 1.22595
137 1.23657
138 1.24133
139 1.24339
140 1.24841
141 1.2539
142 1.27568
143 1.27801
144 1.28225
145 1.28967
146 1.29655
147 1.29994
148 1.30198
149 1.31883
150 1.32051
151 1.34075
152 1.35557
153 1.37136
154 1.37351
155 1.39577
156 1.40669
157 1.41954
158 1.42562
159 1.42681
160 1.43658
161 1.45768
162 1.48001
163 1.49968
164 1.50233
165 1.50803
166 1.50987
167 1.51365
168 1.53871
169 1.55611
170 1.56453
171 1.56924
172 1.57187
173 1.58287
174 1.59544
175 1.59982
176 1.61148
177 1.64492
178 1.64771
179 1.66116
180 1.67726
181 1.67908
182 1.68771
183 1.69841
184 1.7038
185 1.71042
186 1.71317
187 1.71797
188 1.72877
189 1.73097
190 1.73987
191 1.74739
192 1.74925
193 1.75152
194 1.75609
195 1.77097
196 1.77335
197 1.77965
198 1.78526
199 1.79039
200 1.80144
201 1.81146
202 1.8236
203 1.82638
204 1.84222
205 1.85055
206 1.85497
207 1.87255
208 1.88039
209 1.88791
210 1.90399
211 1.90563
212 1.9186
213 1.93864
214 1.94248
215 1.94804
216 1.95829
217 1.974
218 1.98371
219 1.98746
220 1.994
221 2.00643
222 2.0078
223 2.00966
224 2.01335
225 2.01432
226 2.01721
227 2.02105
228 2.02439
229 2.03343
230 2.03578
231 2.04152
232 2.05158
233 2.05574
234 2.07105
235 2.07665
236 2.08966
237 2.09583
238 2.09988
239 2.12965
240 2.13902
241 2.1441
242 2.15289
243 2.15929
244 2.16396
245 2.16721
246 2.17954
247 2.19066
248 2.19549
249 2.23644
250 2.24486
251 2.24782
252 2.26593
253 2.27518
254 2.28297
255 2.28625
256 2.2918
257 2.30557
258 2.31739
259 2.33661
260 2.34705
261 2.3688
262 2.37273
263 2.3944
264 2.40486
265 2.41658
266 2.42219
267 2.44826
268 2.45211
269 2.46467
270 2.4855
271 2.49284
272 2.49529
273 2.50204
274 2.51389
275 2.5198
276 2.52706
277 2.53804
278 2.55108
279 2.55311
280 2.56224
281 2.57917
282 2.59227
283 2.59716
284 2.60436
285 2.61788
286 2.62358
287 2.63796
288 2.64471
289 2.65835
290 2.66394
291 2.66755
292 2.67102
293 2.68522
294 2.68864
295 2.68978
296 2.69559
297 2.7247
298 2.73581
299 2.74043
300 2.7462
301 2.76573
302 2.79043
303 2.79711
304 2.80636
305 2.80873
306 2.8248
307 2.8418
308 2.84388
309 2.85114
310 2.85265
311 2.85666
312 2.85972
313 2.86755
314 2.87579
315 2.90638
316 2.92199
317 2.92366
318 2.94134
319 2.94672
320 2.94862
321 2.95321
322 2.95618
323 2.96565
324 2.96751
325 2.97295
326 2.98689
327 2.99315
