1 0.01087
2 0.03099
3 0.03476
4 0.04214
5 0.05067
6 0.0541
7 0.05809
8 0.08463
9 0.08621
10 0.09011
11 0.1066
12 0.13109
13 0.13435
14 0.13639
15 0.13825
16 0.14319
17 0.15655
18 0.16791
19 0.17353
20 0.17839
21 0.20058
22 0.20814
23 0.22343
24 0.22989
25 0.23317
26 0.24957
27 0.25298
28 0.25881
29 0.27732
30 0.28666
31 0.30461
32 0.31021
33 0.31529
34 0.32016
35 0.33041
36 0.33973
37 0.34888
38 0.3617
39 0.36885
40 0.38248
41 0.39045
42 0.41522
43 0.42854
44 0.4465
45 0.46018
46 0.47366
47 0.48283
48 0.53517
49 0.53686
50 0.54623
51 0.55209
52 0.56689
53 0.58645
54 0.59897
55 0.6083
56 0.61205
57 0.62293
58 0.63294
59 0.65156
60 0.66159
61 0.66696
62 0.67854
63 0.68031
64 0.69874
65 0.70638
66 0.71437
67 0.71964
68 0.72316
69 0.73498
70 0.76643
71 0.78394
72 0.7963
73 0.80605
74 0.83664
75 0.83856
76 0.85395
77 0.85678
78 0.88099
79 0.89202
80 0.90209
81 0.9295
82 0.93415
83 0.94779
84 0.96901
85 0.97667
86 0.98832
87 1.00505
88 1.02679
89 1.03301
90 1.04833
91 1.07991
92 1.08165
93 1.08903
94 1.10349
95 1.13423
96 1.14417
97 1.15472
98 1.20889
99 1.21419
100 1.21876
101 1.24001
102 1.24332
103 1.25524
104 1.27713
105 1.28718
106 1.29244
107 1.3286
108 1.3361
109 1.33887
110 1.35364
111 1.37273
112 1.3799
113 1.38321
114 1.38514
115 1.38685
116 1.39287
117 1.41527
118 1.41674
119 1.44581
120 1.44831
121 1.4612
122 1.4716
123 1.47731
124 1.51016
125 1.51405
126 1.52749
127 1.5312
128 1.5331
129 1.54059
130 1.54241
131 1.54421
132 1.55192
133 1.56353
134 1.58258
135 1.59283
136 1.59491
137 1.59708
138 1.62607
139 1.63004
140 1.65505
141 1.65884
142 1.69807
143 1.70561
144 1.70993
145 1.71713
146 1.72421
147 1.72789
148 1.73623
149 1.74471
150 1.77467
151 1.78007
152 1.79219
153 1.79563
154 1.80529
155 1.80711
156 1.81356
157 1.81705
158 1.83493
159 1.83687
160 1.84522
161 1.84728
162 1.86208
163 1.90344
164 1.91466
165 1.94743
166 1.95491
167 1.9605
168 1.96633
169 1.96817
170 1.97029
171 2.04728
172 2.05195
173 2.08372
174 2.0906
175 2.0943
176 2.10418
177 2.12292
178 2.13725
179 2.14134
180 2.144
181 2.15099
182 2.16409
183 2.17196
184 2.18794
185 2.20983
186 2.22058
187 2.2254
188 2.24102
189 2.28809
190 2.30057
191 2.30766
192 2.31841
193 2.32701
194 2.33083
195 2.34471
196 2.34825
197 2.35033
198 2.37742
199 2.38304
200 2.39528
201 2.40137
202 2.40543
203 2.45448
204 2.4639
205 2.4746
206 2.47785
207 2.48506
208 2.4866
209 2.49376
210 2.5186
211 2.5263
212 2.54304
213 2.54837
214 2.55391
215 2.56848
216 2.58624
217 2.58821
218 2.58999
219 2.60127
220 2.63522
221 2.66873
222 2.69877
223 2.71131
224 2.71797
225 2.72684
226 2.72847
227 2.73436
228 2.78949
229 2.79108
230 2.79305
231 2.80038
232 2.81033
233 2.81971
234 2.84408
235 2.8547
236 2.86021
237 2.88206
238 2.88936
239 2.89104
240 2.90563
241 2.93009
242 2.93769
243 2.951
244 2.97753
245 2.98111
246 2.98283
247 2.98841
