1 0.00221
2 0.01345
3 0.01741
4 0.02267
5 0.0241
6 0.02936
7 0.03348
8 0.03695
9 0.04022
10 0.04296
11 0.04771
12 0.05197
13 0.05429
14 0.0571
15 0.05883
16 0.06135
17 0.0625
18 0.06376
19 0.06587
20 0.06754
21 0.07171
22 0.07413
23 0.07617
24 0.08051
25 0.08209
26 0.08556
27 0.09135
28 0.09511
29 0.09805
30 0.09911
31 0.10142
32 0.10803
33 0.12109
34 0.13345
35 0.15672
36 0.16361
37 0.16461
38 0.16814
39 0.17224
40 0.18671
41 0.1884
42 0.19259
43 0.19549
44 0.21587
45 0.21809
46 0.22179
47 0.23117
48 0.23656
49 0.24814
50 0.26516
51 0.26703
52 0.27171
53 0.27698
54 0.28026
55 0.28455
56 0.29108
57 0.30536
58 0.30748
59 0.30905
60 0.31078
61 0.31498
62 0.33456
63 0.34049
64 0.34608
65 0.35228
66 0.35959
67 0.3721
68 0.37704
69 0.38036
70 0.40911
71 0.41132
72 0.41397
73 0.42151
74 0.43947
75 0.44439
76 0.45111
77 0.4604
78 0.46852
79 0.46995
80 0.47398
81 0.48592
82 0.50352
83 0.52152
84 0.53541
85 0.55089
86 0.55857
87 0.56115
88 0.56637
89 0.57506
90 0.58097
91 0.58708
92 0.58986
93 0.61309
94 0.62259
95 0.65144
96 0.65895
97 0.66914
98 0.67401
99 0.67934
100 0.69012
101 0.69572
102 0.69844
103 0.70328
104 0.72275
105 0.73153
106 0.73572
107 0.74617
108 0.75276
109 0.75616
110 0.76647
111 0.77027
112 0.77301
113 0.77797
114 0.78568
115 0.78905
116 0.79339
117 0.79957
118 0.80295
119 0.80515
120 0.80942
121 0.81708
122 0.81991
123 0.83333
124 0.83934
125 0.84145
126 0.84274
127 0.85995
128 0.86654
129 0.90161
130 0.91276
131 0.91513
132 0.91869
133 0.92299
134 0.9271
135 0.93444
136 0.93618
137 0.95837
138 0.96174
139 0.97169
140 0.98576
141 1.00693
142 1.01389
143 1.01679
144 1.03142
145 1.03545
146 1.04014
147 1.04717
148 1.0557
149 1.07645
150 1.07912
151 1.08143
152 1.08591
153 1.08837
154 1.10522
155 1.13364
156 1.15006
157 1.16027
158 1.17396
159 1.17822
160 1.18228
161 1.19152
162 1.19592
163 1.19773
164 1.19986
165 1.2105
166 1.21912
167 1.22294
168 1.2264
169 1.22976
170 1.23169
171 1.24253
172 1.24517
173 1.25197
174 1.25633
175 1.25792
176 1.26298
177 1.2698
178 1.27572
179 1.29393
180 1.29955
181 1.30058
182 1.31449
183 1.32291
184 1.3253
185 1.33216
186 1.33652
187 1.33937
188 1.34155
189 1.35473
190 1.36902
191 1.3717
192 1.3841
193 1.38679
194 1.40421
195 1.41106
196 1.41992
197 1.42676
198 1.43255
199 1.4376
200 1.44402
201 1.46504
202 1.46685
203 1.48565
204 1.5035
205 1.51
206 1.5167
207 1.52706
208 1.53373
209 1.53517
210 1.53758
211 1.53996
212 1.54297
213 1.54397
214 1.5598
215 1.56198
216 1.58184
217 1.59081
218 1.59449
219 1.60222
220 1.61118
221 1.61706
222 1.62418
223 1.62706
224 1.63266
225 1.65464
226 1.66185
227 1.66543
228 1.67629
229 1.67886
230 1.6906
231 1.69397
232 1.6975
233 1.71524
234 1.72392
235 1.72842
236 1.73352
237 1.73899
238 1.74746
239 1.75769
240 1.7638
241 1.77082
242 1.78109
243 1.79941
244 1.8034
245 1.80895
246 1.81177
247 1.82071
248 1.82477
249 1.83202
250 1.83338
251 1.84693
252 1.84957
253 1.85928
254 1.86946
255 1.88834
256 1.91392
257 1.91889
258 1.92186
259 1.92569
260 1.92774
261 1.9381
262 1.94556
263 1.95978
264 1.96372
265 1.96983
266 1.97467
267 1.97656
268 1.98488
269 1.98603
270 2.00039
271 2.00958
272 2.01114
273 2.01423
274 2.0184
275 2.0203
276 2.02465
277 2.02737
278 2.02992
279 2.03931
280 2.04255
281 2.0493
282 2.05503
283 2.06158
284 2.0635
285 2.06835
286 2.07938
287 2.08244
288 2.08918
289 2.09338
290 2.10501
291 2.11475
292 2.13538
293 2.13912
294 2.15501
295 2.1624
296 2.16963
297 2.17515
298 2.18175
299 2.18481
300 2.18952
301 2.199
302 2.21614
303 2.23144
304 2.25914
305 2.26162
306 2.2641
307 2.26945
308 2.27481
309 2.27869
310 2.2806
311 2.28816
312 2.29563
313 2.30025
314 2.30357
315 2.30935
316 2.31504
317 2.32061
318 2.33692
319 2.33949
320 2.35697
321 2.3709
322 2.39483
323 2.40433
324 2.40878
325 2.41352
326 2.41697
327 2.42147
328 2.42766
329 2.42865
330 2.43298
331 2.44105
332 2.45087
333 2.46129
334 2.46662
335 2.47108
336 2.4876
337 2.50965
338 2.51441
339 2.51913
340 2.52556
341 2.53137
342 2.5402
343 2.54413
344 2.55202
345 2.55524
346 2.56436
347 2.57222
348 2.57593
349 2.58776
350 2.59029
351 2.59622
352 2.59858
353 2.60315
354 2.61532
355 2.62948
356 2.63337
357 2.63726
358 2.65029
359 2.65322
360 2.66008
361 2.67656
362 2.67971
363 2.68316
364 2.71468
365 2.71889
366 2.72975
367 2.73898
368 2.74819
369 2.75232
370 2.76141
371 2.76441
372 2.7727
373 2.77635
374 2.78015
375 2.80524
376 2.80796
377 2.81258
378 2.82153
379 2.83003
380 2.8393
381 2.84376
382 2.85622
383 2.86132
384 2.8796
385 2.90612
386 2.91556
387 2.91796
388 2.91957
389 2.92919
390 2.93191
391 2.95233
392 2.97151
393 2.97696
394 2.9798
395 2.98329
396 2.99084
