1 0.00389
2 0.01042
3 0.01297
4 0.01916
5 0.02994
6 0.03473
7 0.05478
8 0.06872
9 0.07204
10 0.07487
11 0.08953
12 0.10079
13 0.11767
14 0.12728
15 0.13602
16 0.14967
17 0.15634
18 0.17676
19 0.18228
20 0.18806
21 0.19299
22 0.20578
23 0.21495
24 0.22112
25 0.22382
26 0.22793
27 0.23059
28 0.23598
29 0.24406
30 0.25789
31 0.26184
32 0.27854
33 0.28605
34 0.29779
35 0.3233
36 0.33427
37 0.33827
38 0.34701
39 0.35904
40 0.37094
41 0.37624
42 0.37881
43 0.38175
44 0.39718
45 0.40578
46 0.4157
47 0.41821
48 0.44987
49 0.45195
50 0.46196
51 0.47069
52 0.47935
53 0.48919
54 0.49212
55 0.5164
56 0.52081
57 0.53739
58 0.54941
59 0.55669
60 0.5716
61 0.58393
62 0.59305
63 0.60528
64 0.6082
65 0.60986
66 0.62512
67 0.63602
68 0.64487
69 0.65987
70 0.66419
71 0.68722
72 0.69726
73 0.70689
74 0.71515
75 0.71952
76 0.72858
77 0.74446
78 0.7691
79 0.77802
80 0.78318
81 0.80126
82 0.80539
83 0.82655
84 0.82868
85 0.83003
86 0.83515
87 0.84775
88 0.85562
89 0.87435
90 0.8866
91 0.89214
92 0.90411
93 0.90668
94 0.9244
95 0.93281
96 0.93727
97 0.94019
98 0.95412
99 0.96622
100 0.97971
101 0.98282
102 0.98846
103 0.99512
104 1.00914
105 1.01599
106 1.02186
107 1.02809
108 1.03125
109 1.04524
110 1.04835
111 1.05692
112 1.06093
113 1.07658
114 1.07952
115 1.08427
116 1.0904
117 1.09218
118 1.10263
119 1.11147
120 1.12462
121 1.13035
122 1.13592
123 1.1384
124 1.15488
125 1.16735
126 1.18663
127 1.2029
128 1.22013
129 1.22498
130 1.23914
131 1.25225
132 1.25862
133 1.26201
134 1.27005
135 1.27674
136 1.28079
137 1.31186
138 1.32927
139 1.33561
140 1.35832
141 1.38303
142 1.38611
143 1.40082
144 1.40313
145 1.41347
146 1.42007
147 1.42584
148 1.44838
149 1.45507
150 1.45892
151 1.46939
152 1.47072
153 1.47615
154 1.47871
155 1.48908
156 1.49728
157 1.51407
158 1.51932
159 1.52319
160 1.52682
161 1.53493
162 1.55172
163 1.56521
164 1.57463
165 1.58043
166 1.58758
167 1.60477
168 1.61669
169 1.63011
170 1.6493
171 1.65788
172 1.66294
173 1.67493
174 1.69291
175 1.70842
176 1.71838
177 1.72086
178 1.74505
179 1.7649
180 1.7717
181 1.77339
182 1.77532
183 1.79035
184 1.79655
185 1.80116
186 1.8032
187 1.82074
188 1.82356
189 1.83245
190 1.8373
191 1.84678
192 1.86076
193 1.86446
194 1.87208
195 1.87745
196 1.87957
197 1.8838
198 1.88699
199 1.90588
200 1.90952
201 1.92599
202 1.93671
203 1.96101
204 1.96331
205 1.96995
206 1.98386
207 1.99387
208 1.99527
209 2.01496
210 2.02421
211 2.02679
212 2.03251
213 2.03804
214 2.0453
215 2.05315
216 2.05478
217 2.06351
218 2.07195
219 2.07895
220 2.08177
221 2.08469
222 2.08739
223 2.10234
224 2.10583
225 2.11265
226 2.12285
227 2.12426
228 2.1292
229 2.13332
230 2.13592
231 2.149
232 2.15176
233 2.15577
234 2.16076
235 2.17166
236 2.17661
237 2.18088
238 2.19691
239 2.20443
240 2.21334
241 2.21912
242 2.22015
243 2.22465
244 2.23315
245 2.26138
246 2.26441
247 2.2683
248 2.27808
249 2.28691
250 2.30189
251 2.32325
252 2.33043
253 2.33362
254 2.33557
255 2.34146
256 2.35457
257 2.36171
258 2.36419
259 2.37455
260 2.37836
261 2.38117
262 2.38766
263 2.40225
264 2.4073
265 2.41261
266 2.4231
267 2.42835
268 2.43499
269 2.43754
270 2.44489
271 2.46789
272 2.47266
273 2.47526
274 2.48288
275 2.48987
276 2.49264
277 2.51467
278 2.52329
279 2.5354
280 2.54216
281 2.54599
282 2.55068
283 2.55196
284 2.56255
285 2.58048
286 2.58498
287 2.59095
288 2.59704
289 2.601
290 2.6081
291 2.61469
292 2.62583
293 2.62867
294 2.63042
295 2.63443
296 2.65212
297 2.65379
298 2.66938
299 2.67901
300 2.69646
301 2.6981
302 2.71586
303 2.71812
304 2.72234
305 2.73212
306 2.73855
307 2.74078
308 2.74473
309 2.74666
310 2.7561
311 2.76135
312 2.76244
313 2.76456
314 2.78288
315 2.78763
316 2.79289
317 2.80143
318 2.81382
319 2.82138
320 2.83424
321 2.85764
322 2.86195
323 2.87516
324 2.88165
325 2.88998
326 2.89764
327 2.90584
328 2.91645
329 2.93307
330 2.93949
331 2.9587
332 2.97161
333 2.97642
334 2.98597
335 2.997
