1 0.00226
2 0.00748
3 0.01969
4 0.02217
5 0.02529
6 0.03531
7 0.04602
8 0.0511
9 0.05827
10 0.07427
11 0.07984
12 0.08625
13 0.10954
14 0.11905
15 0.12366
16 0.12561
17 0.13158
18 0.14358
19 0.15277
20 0.16147
21 0.17554
22 0.17911
23 0.18746
24 0.19219
25 0.20672
26 0.22162
27 0.22442
28 0.22688
29 0.23141
30 0.23391
31 0.24646
32 0.26035
33 0.26732
34 0.29239
35 0.30461
36 0.31015
37 0.31979
38 0.32415
39 0.32517
40 0.34151
41 0.36246
42 0.37151
43 0.38625
44 0.395
45 0.40621
46 0.42003
47 0.42594
48 0.43312
49 0.44001
50 0.44352
51 0.44764
52 0.45614
53 0.45975
54 0.49105
55 0.49943
56 0.50741
57 0.51034
58 0.51216
59 0.52346
60 0.53816
61 0.54433
62 0.54964
63 0.56123
64 0.56448
65 0.5753
66 0.58404
67 0.5938
68 0.59798
69 0.60013
70 0.60916
71 0.62727
72 0.6329
73 0.66436
74 0.67095
75 0.68791
76 0.70395
77 0.72096
78 0.72303
79 0.72459
80 0.72918
81 0.73138
82 0.74211
83 0.75152
84 0.76234
85 0.76642
86 0.77268
87 0.77597
88 0.78803
89 0.79043
90 0.79519
91 0.81078
92 0.82438
93 0.84382
94 0.85021
95 0.86269
96 0.8738
97 0.87602
98 0.88853
99 0.90119
100 0.90727
101 0.91
102 0.91474
103 0.91961
104 0.92069
105 0.92722
106 0.95516
107 0.96896
108 0.97599
109 0.98349
110 0.98923
111 1.00029
112 1.00419
113 1.01499
114 1.01692
115 1.05278
116 1.06357
117 1.07619
118 1.08899
119 1.09882
120 1.11139
121 1.11361
122 1.11531
123 1.1183
124 1.12069
125 1.13639
126 1.13858
127 1.1429
128 1.15725
129 1.17029
130 1.17731
131 1.20435
132 1.20618
133 1.20726
134 1.20841
135 1.2286
136 1.23284
137 1.2379
138 1.25886
139 1.26267
140 1.26702
141 1.2712
142 1.28297
143 1.29906
144 1.30687
145 1.31361
146 1.32254
147 1.34351
148 1.34871
149 1.35412
150 1.35886
151 1.3707
152 1.37434
153 1.39821
154 1.4009
155 1.41076
156 1.41228
157 1.44725
158 1.45075
159 1.46557
160 1.47908
161 1.4808
162 1.48224
163 1.49616
164 1.50101
165 1.50942
166 1.52223
167 1.53351
168 1.54329
169 1.55395
170 1.56757
171 1.56952
172 1.57079
173 1.57546
174 1.59439
175 1.6252
176 1.62869
177 1.63266
178 1.63539
179 1.64081
180 1.65119
181 1.65389
182 1.66275
183 1.67757
184 1.68207
185 1.69313
186 1.7011
187 1.70997
188 1.72114
189 1.72369
190 1.72854
191 1.73239
192 1.7405
193 1.74875
194 1.75776
195 1.76219
196 1.76471
197 1.77028
198 1.77382
199 1.77672
200 1.7794
201 1.78626
202 1.79875
203 1.80682
204 1.82937
205 1.84509
206 1.848
207 1.85234
208 1.8595
209 1.86545
210 1.8689
211 1.87243
212 1.88939
213 1.90167
214 1.91492
215 1.92902
216 1.93072
217 1.93628
218 1.94139
219 1.95203
220 1.95848
221 1.96023
222 1.96691
223 1.96896
224 1.99726
225 2.01051
226 2.01952
227 2.03494
228 2.04457
229 2.05128
230 2.0595
231 2.06434
232 2.06773
233 2.07186
234 2.07397
235 2.09108
236 2.09969
237 2.10625
238 2.11164
239 2.15754
240 2.1654
241 2.16806
242 2.18132
243 2.18859
244 2.20412
245 2.20603
246 2.2237
247 2.22529
248 2.23194
249 2.24407
250 2.25767
251 2.25943
252 2.26422
253 2.27658
254 2.27912
255 2.28536
256 2.29003
257 2.29971
258 2.32237
259 2.33901
260 2.34192
261 2.36885
262 2.37538
263 2.39065
264 2.40914
265 2.41158
266 2.41315
267 2.42488
268 2.434
269 2.43825
270 2.45086
271 2.45693
272 2.47334
273 2.48577
274 2.48783
275 2.49968
276 2.5049
277 2.51785
278 2.53312
279 2.54344
280 2.55541
281 2.5668
282 2.5783
283 2.58005
284 2.58385
285 2.59652
286 2.60521
287 2.61183
288 2.6158
289 2.62592
290 2.6323
291 2.6389
292 2.64374
293 2.65893
294 2.67968
295 2.68719
296 2.70002
297 2.71132
298 2.73087
299 2.73416
300 2.73638
301 2.74111
302 2.74999
303 2.75747
304 2.75911
305 2.76754
306 2.77723
307 2.7806
308 2.79364
309 2.80399
310 2.80948
311 2.81885
312 2.81986
313 2.82515
314 2.84372
315 2.85023
316 2.85289
317 2.86105
318 2.87014
319 2.87828
320 2.88279
321 2.89729
322 2.90615
323 2.92139
324 2.92626
325 2.93497
326 2.94064
327 2.96285
328 2.97052
329 2.97909
330 2.98272
331 2.9919
