1 0.00743
2 0.00896
3 0.01574
4 0.01773
5 0.01999
6 0.03086
7 0.04452
8 0.04961
9 0.05263
10 0.0563
11 0.06774
12 0.10193
13 0.11113
14 0.12104
15 0.13033
16 0.13819
17 0.14115
18 0.15054
19 0.15549
20 0.16393
21 0.17329
22 0.17527
23 0.17967
24 0.18459
25 0.20367
26 0.20628
27 0.22201
28 0.22775
29 0.2372
30 0.24356
31 0.24717
32 0.25007
33 0.25734
34 0.26178
35 0.26314
36 0.2782
37 0.28176
38 0.2834
39 0.29368
40 0.29512
41 0.30225
42 0.30506
43 0.31129
44 0.31775
45 0.33075
46 0.33717
47 0.3412
48 0.37139
49 0.37992
50 0.39091
51 0.40337
52 0.41118
53 0.42356
54 0.43779
55 0.44461
56 0.4661
57 0.47274
58 0.48305
59 0.48803
60 0.49313
61 0.50571
62 0.51041
63 0.51384
64 0.52544
65 0.53807
66 0.54516
67 0.55887
68 0.56654
69 0.57454
70 0.57961
71 0.5863
72 0.59429
73 0.60093
74 0.61149
75 0.61583
76 0.62646
77 0.6356
78 0.64286
79 0.65079
80 0.65334
81 0.65506
82 0.66689
83 0.67221
84 0.67821
85 0.70132
86 0.71979
87 0.7228
88 0.7284
89 0.74382
90 0.76068
91 0.76779
92 0.76985
93 0.77581
94 0.78558
95 0.78712
96 0.79937
97 0.80927
98 0.81538
99 0.83335
100 0.84156
101 0.84367
102 0.84802
103 0.8523
104 0.85431
105 0.8708
106 0.88319
107 0.89777
108 0.92831
109 0.93622
110 0.93991
111 0.97001
112 0.98316
113 0.98648
114 0.98886
115 1.00478
116 1.01897
117 1.02406
118 1.02917
119 1.03504
120 1.0423
121 1.0633
122 1.07649
123 1.09332
124 1.11437
125 1.12587
126 1.13278
127 1.147
128 1.17129
129 1.17297
130 1.17574
131 1.19647
132 1.198
133 1.2001
134 1.21469
135 1.23109
136 1.23348
137 1.24183
138 1.25207
139 1.25751
140 1.26899
141 1.27906
142 1.31883
143 1.34926
144 1.35227
145 1.35429
146 1.37029
147 1.37575
148 1.39151
149 1.39604
150 1.40783
151 1.41123
152 1.41331
153 1.41816
154 1.42031
155 1.42917
156 1.44423
157 1.44807
158 1.44959
159 1.45446
160 1.45767
161 1.47053
162 1.47198
163 1.47667
164 1.48586
165 1.4933
166 1.49779
167 1.50841
168 1.51203
169 1.51593
170 1.51778
171 1.53402
172 1.54085
173 1.5553
174 1.56126
175 1.58407
176 1.59115
177 1.59584
178 1.61524
179 1.61984
180 1.637
181 1.64258
182 1.65175
183 1.6726
184 1.69622
185 1.70106
186 1.70985
187 1.71386
188 1.71957
189 1.72119
190 1.73825
191 1.7657
192 1.77314
193 1.79808
194 1.80438
195 1.80694
196 1.80845
197 1.83414
198 1.84397
199 1.84799
200 1.86037
201 1.89153
202 1.89972
203 1.90843
204 1.92495
205 1.93047
206 1.9439
207 1.94599
208 1.95137
209 1.96024
210 1.96633
211 1.96791
212 1.97284
213 1.98023
214 1.99514
215 1.99987
216 2.00427
217 2.0095
218 2.01081
219 2.0131
220 2.03128
221 2.04414
222 2.04851
223 2.06316
224 2.0658
225 2.07925
226 2.08715
227 2.10544
228 2.11418
229 2.12032
230 2.12773
231 2.14262
232 2.14657
233 2.15129
234 2.16856
235 2.18525
236 2.19236
237 2.21607
238 2.23232
239 2.23464
240 2.24503
241 2.25413
242 2.26689
243 2.27535
244 2.28281
245 2.29141
246 2.30105
247 2.31077
248 2.31707
249 2.32671
250 2.34209
251 2.34751
252 2.3689
253 2.37446
254 2.38681
255 2.39514
256 2.39886
257 2.40132
258 2.40371
259 2.4123
260 2.42595
261 2.44301
262 2.4593
263 2.47296
264 2.47693
265 2.48864
266 2.49331
267 2.51168
268 2.51385
269 2.51949
270 2.52567
271 2.54008
272 2.54262
273 2.54919
274 2.56969
275 2.59191
276 2.6168
277 2.61836
278 2.62438
279 2.63155
280 2.64274
281 2.64573
282 2.65236
283 2.65436
284 2.65625
285 2.66088
286 2.66712
287 2.66932
288 2.67619
289 2.67918
290 2.68395
291 2.69817
292 2.71163
293 2.71375
294 2.72083
295 2.72248
296 2.72547
297 2.73861
298 2.74103
299 2.75775
300 2.76147
301 2.76547
302 2.76906
303 2.77969
304 2.78608
305 2.7981
306 2.81444
307 2.83239
308 2.83872
309 2.84624
310 2.86313
311 2.8648
312 2.89057
313 2.89764
314 2.92957
315 2.93462
316 2.93818
317 2.94858
318 2.95992
319 2.96124
320 2.96703
321 2.97012
322 2.97985
323 2.98579
324 2.99352
