1 0.00183
2 0.01223
3 0.02114
4 0.02619
5 0.03087
6 0.03585
7 0.03704
8 0.04178
9 0.04505
10 0.04852
11 0.05044
12 0.05502
13 0.06316
14 0.08172
15 0.08614
16 0.10379
17 0.11004
18 0.1117
19 0.11553
20 0.12692
21 0.13673
22 0.14042
23 0.14553
24 0.18266
25 0.1873
26 0.19084
27 0.19433
28 0.19593
29 0.20132
30 0.20359
31 0.22226
32 0.22349
33 0.2277
34 0.23212
35 0.23382
36 0.23695
37 0.24238
38 0.24622
39 0.27624
40 0.2818
41 0.2893
42 0.29213
43 0.29872
44 0.30213
45 0.30919
46 0.31661
47 0.33045
48 0.34176
49 0.34352
50 0.34509
51 0.34622
52 0.35043
53 0.35576
54 0.36355
55 0.36803
56 0.37083
57 0.37395
58 0.38076
59 0.38672
60 0.39099
61 0.39509
62 0.40027
63 0.40136
64 0.40496
65 0.42883
66 0.4336
67 0.43623
68 0.44299
69 0.44741
70 0.44971
71 0.4571
72 0.45822
73 0.47679
74 0.4811
75 0.48599
76 0.4888
77 0.49145
78 0.49317
79 0.5261
80 0.52814
81 0.54065
82 0.54383
83 0.5503
84 0.56252
85 0.57148
86 0.57479
87 0.57915
88 0.5845
89 0.59801
90 0.60691
91 0.61224
92 0.6188
93 0.62556
94 0.62774
95 0.64285
96 0.64667
97 0.65888
98 0.67975
99 0.68084
100 0.68414
101 0.68943
102 0.69826
103 0.70789
104 0.726
105 0.73314
106 0.73776
107 0.74421
108 0.75259
109 0.76119
110 0.78138
111 0.79642
112 0.80879
113 0.8127
114 0.81967
115 0.82372
116 0.82556
117 0.82707
118 0.83544
119 0.84172
120 0.8509
121 0.86157
122 0.87528
123 0.87979
124 0.88791
125 0.89219
126 0.89431
127 0.90783
128 0.92649
129 0.93439
130 0.93607
131 0.94168
132 0.9432
133 0.94505
134 0.94735
135 0.95037
136 0.9547
137 0.9648
138 0.98564
139 0.98819
140 0.99247
141 1.03079
142 1.03715
143 1.04177
144 1.05227
145 1.06206
146 1.06679
147 1.07108
148 1.07765
149 1.0804
150 1.10143
151 1.11325
152 1.11505
153 1.12005
154 1.12455
155 1.12976
156 1.1366
157 1.14058
158 1.18403
159 1.18694
160 1.19382
161 1.19628
162 1.20006
163 1.20139
164 1.20337
165 1.20595
166 1.21051
167 1.22413
168 1.22569
169 1.23321
170 1.23897
171 1.24355
172 1.27432
173 1.2799
174 1.28532
175 1.28819
176 1.29134
177 1.29548
178 1.30356
179 1.31353
180 1.31608
181 1.32056
182 1.32269
183 1.32935
184 1.33868
185 1.34807
186 1.35154
187 1.35715
188 1.36103
189 1.36662
190 1.36983
191 1.37959
192 1.38123
193 1.38811
194 1.39741
195 1.4035
196 1.43046
197 1.43473
198 1.44213
199 1.44417
200 1.44705
201 1.44947
202 1.45768
203 1.46086
204 1.4624
205 1.46522
206 1.47587
207 1.47984
208 1.48249
209 1.48575
210 1.49472
211 1.50768
212 1.52711
213 1.53199
214 1.53959
215 1.54884
216 1.55278
217 1.55513
218 1.56589
219 1.56875
220 1.57343
221 1.58249
222 1.58376
223 1.58561
224 1.60096
225 1.60652
226 1.609
227 1.61
228 1.61595
229 1.61894
230 1.62175
231 1.62455
232 1.62868
233 1.63623
234 1.64031
235 1.64603
236 1.64902
237 1.65686
238 1.68242
239 1.68476
240 1.68646
241 1.69521
242 1.70125
243 1.71339
244 1.72896
245 1.73648
246 1.73877
247 1.74153
248 1.74648
249 1.78216
250 1.78619
251 1.79118
252 1.80669
253 1.814
254 1.8175
255 1.83823
256 1.84504
257 1.84656
258 1.85117
259 1.85407
260 1.86173
261 1.86406
262 1.86524
263 1.86746
264 1.87509
265 1.88415
266 1.89161
267 1.8932
268 1.89795
269 1.90023
270 1.90408
271 1.93439
272 1.93781
273 1.93924
274 1.95092
275 1.96743
276 1.98115
277 1.98359
278 1.99322
279 1.99563
280 1.99887
281 2.00149
282 2.02845
283 2.03305
284 2.04708
285 2.05412
286 2.05736
287 2.06962
288 2.07407
289 2.0779
290 2.0845
291 2.10277
292 2.10807
293 2.11768
294 2.12009
295 2.12671
296 2.12972
297 2.13739
298 2.13885
299 2.14465
300 2.15609
301 2.18108
302 2.18378
303 2.18565
304 2.19121
305 2.20133
306 2.20371
307 2.21314
308 2.22989
309 2.23881
310 2.24115
311 2.24507
312 2.24952
313 2.27624
314 2.27863
315 2.28628
316 2.29832
317 2.30989
318 2.31686
319 2.32114
320 2.32255
321 2.32583
322 2.32884
323 2.32991
324 2.33166
325 2.33708
326 2.34434
327 2.35406
328 2.35957
329 2.36263
330 2.36408
331 2.36878
332 2.37244
333 2.37808
334 2.39063
335 2.40009
336 2.43198
337 2.43289
338 2.44121
339 2.44825
340 2.47837
341 2.48134
342 2.49419
343 2.49602
344 2.49895
345 2.50674
346 2.53175
347 2.53743
348 2.55856
349 2.56388
350 2.56602
351 2.57907
352 2.58572
353 2.58828
354 2.58998
355 2.59616
356 2.59764
357 2.605
358 2.61342
359 2.61621
360 2.6244
361 2.63133
362 2.63439
363 2.64067
364 2.66315
365 2.67885
366 2.68166
367 2.69457
368 2.70101
369 2.70986
370 2.72822
371 2.73406
372 2.73679
373 2.74178
374 2.74745
375 2.75846
376 2.7762
377 2.78151
378 2.78532
379 2.8098
380 2.81453
381 2.824
382 2.84183
383 2.84788
384 2.84913
385 2.85088
386 2.85753
387 2.86521
388 2.87418
389 2.87862
390 2.8815
391 2.88432
392 2.89078
393 2.90421
394 2.93028
395 2.93951
396 2.94873
397 2.9511
398 2.97042
399 2.97649
400 2.98541
401 2.99469
