1 0.00185
2 0.00518
3 0.00711
4 0.01542
5 0.023
6 0.03466
7 0.03988
8 0.04678
9 0.06004
10 0.07206
11 0.08105
12 0.08546
13 0.08936
14 0.09261
15 0.09756
16 0.09933
17 0.10545
18 0.10983
19 0.11393
20 0.11797
21 0.12394
22 0.12863
23 0.13233
24 0.1386
25 0.14803
26 0.15245
27 0.15669
28 0.15907
29 0.16224
30 0.16836
31 0.17132
32 0.17825
33 0.18599
34 0.18841
35 0.19272
36 0.20561
37 0.21844
38 0.22859
39 0.24444
40 0.25107
41 0.25875
42 0.26417
43 0.27529
44 0.27863
45 0.28319
46 0.28799
47 0.29056
48 0.30191
49 0.30677
50 0.31563
51 0.31934
52 0.33261
53 0.33483
54 0.34064
55 0.34361
56 0.34899
57 0.35319
58 0.35923
59 0.36068
60 0.36503
61 0.36813
62 0.3775
63 0.38961
64 0.39483
65 0.40322
66 0.40559
67 0.41311
68 0.42412
69 0.42601
70 0.43687
71 0.44895
72 0.4593
73 0.46893
74 0.48579
75 0.49014
76 0.49397
77 0.49979
78 0.52424
79 0.52919
80 0.53303
81 0.53621
82 0.54146
83 0.55396
84 0.56298
85 0.57249
86 0.58981
87 0.59625
88 0.60357
89 0.60612
90 0.61095
91 0.61563
92 0.62503
93 0.63023
94 0.64193
95 0.6455
96 0.65381
97 0.65683
98 0.65909
99 0.66675
100 0.67228
101 0.6828
102 0.68486
103 0.70298
104 0.72762
105 0.73915
106 0.75462
107 0.78737
108 0.78974
109 0.79818
110 0.80412
111 0.81343
112 0.82786
113 0.83459
114 0.85288
115 0.86388
116 0.8685
117 0.87423
118 0.89672
119 0.89764
120 0.90502
121 0.91074
122 0.9249
123 0.92699
124 0.93586
125 0.94457
126 0.94853
127 0.97034
128 0.98425
129 0.98691
130 0.99628
131 1.00043
132 1.01999
133 1.02299
134 1.03551
135 1.04045
136 1.05159
137 1.05576
138 1.05932
139 1.06753
140 1.0779
141 1.08554
142 1.09214
143 1.10515
144 1.10912
145 1.11584
146 1.12061
147 1.12925
148 1.14166
149 1.14492
150 1.15213
151 1.15743
152 1.16434
153 1.17159
154 1.18807
155 1.19543
156 1.20133
157 1.21102
158 1.22794
159 1.23702
160 1.2451
161 1.26311
162 1.26999
163 1.29326
164 1.29954
165 1.30355
166 1.30766
167 1.3132
168 1.31464
169 1.31633
170 1.31808
171 1.32502
172 1.33176
173 1.34017
174 1.36215
175 1.37167
176 1.37594
177 1.37901
178 1.3929
179 1.39651
180 1.40702
181 1.40936
182 1.41914
183 1.42713
184 1.45858
185 1.46452
186 1.47319
187 1.48933
188 1.49183
189 1.49671
190 1.50069
191 1.5112
192 1.51516
193 1.52786
194 1.5384
195 1.54417
196 1.54939
197 1.55797
198 1.55982
199 1.5659
200 1.5706
201 1.58679
202 1.60093
203 1.60321
204 1.60703
205 1.6223
206 1.64541
207 1.65462
208 1.66645
209 1.67246
210 1.67896
211 1.6804
212 1.68793
213 1.69648
214 1.70013
215 1.70826
216 1.71137
217 1.71709
218 1.72641
219 1.7356
220 1.74683
221 1.752
222 1.76031
223 1.76324
224 1.77153
225 1.77548
226 1.78132
227 1.78269
228 1.79547
229 1.79815
230 1.80627
231 1.82171
232 1.82306
233 1.83665
234 1.84278
235 1.84758
236 1.85215
237 1.85534
238 1.87166
239 1.89615
240 1.8998
241 1.91422
242 1.91645
243 1.92224
244 1.94203
245 1.96219
246 1.97393
247 1.98634
248 1.98892
249 1.99413
250 2.0315
251 2.03464
252 2.04264
253 2.05494
254 2.05629
255 2.06096
256 2.06505
257 2.07192
258 2.07386
259 2.07546
260 2.07773
261 2.08152
262 2.08969
263 2.0967
264 2.1031
265 2.10435
266 2.1143
267 2.11692
268 2.13174
269 2.14785
270 2.154
271 2.16342
272 2.17101
273 2.18107
274 2.18698
275 2.19908
276 2.214
277 2.23418
278 2.23525
279 2.23624
280 2.24316
281 2.25657
282 2.25957
283 2.28709
284 2.29737
285 2.30383
286 2.3166
287 2.31856
288 2.32025
289 2.32359
290 2.33705
291 2.35036
292 2.36634
293 2.37151
294 2.37632
295 2.39293
296 2.39576
297 2.40322
298 2.40737
299 2.41907
300 2.42555
301 2.43164
302 2.43309
303 2.43785
304 2.44077
305 2.448
306 2.46068
307 2.48496
308 2.49037
309 2.4944
310 2.50836
311 2.5338
312 2.54195
313 2.54609
314 2.55684
315 2.58
316 2.59331
317 2.59805
318 2.6056
319 2.6163
320 2.62979
321 2.64351
322 2.65218
323 2.66255
324 2.68101
325 2.68393
326 2.68834
327 2.69292
328 2.72989
329 2.73459
330 2.73975
331 2.74403
332 2.74744
333 2.75058
334 2.75888
335 2.76681
336 2.78463
337 2.79578
338 2.80364
339 2.80559
340 2.81068
341 2.81449
342 2.8171
343 2.8199
344 2.83685
345 2.84902
346 2.85333
347 2.8559
348 2.86445
349 2.8714
350 2.88762
351 2.90164
352 2.90511
353 2.90864
354 2.91183
355 2.93596
356 2.94091
357 2.94784
358 2.9512
359 2.98188
360 2.98743
361 2.9914
