1 0.00274
2 0.0125
3 0.01593
4 0.01736
5 0.02972
6 0.03957
7 0.0451
8 0.04722
9 0.06539
10 0.0825
11 0.08431
12 0.10326
13 0.11476
14 0.11925
15 0.12642
16 0.13583
17 0.1385
18 0.14266
19 0.14934
20 0.16776
21 0.1803
22 0.19098
23 0.1932
24 0.19683
25 0.20348
26 0.20448
27 0.20787
28 0.21752
29 0.22188
30 0.22688
31 0.2279
32 0.23354
33 0.24164
34 0.26022
35 0.27114
36 0.27582
37 0.27969
38 0.28259
39 0.28744
40 0.29059
41 0.29362
42 0.3085
43 0.31666
44 0.32893
45 0.33441
46 0.35856
47 0.37685
48 0.38553
49 0.39786
50 0.42336
51 0.42463
52 0.42781
53 0.4315
54 0.44986
55 0.45845
56 0.46215
57 0.473
58 0.48985
59 0.50347
60 0.52696
61 0.52929
62 0.53653
63 0.53922
64 0.54489
65 0.55627
66 0.56454
67 0.57678
68 0.59002
69 0.59577
70 0.60423
71 0.60976
72 0.63093
73 0.64465
74 0.64749
75 0.65167
76 0.65385
77 0.66837
78 0.68057
79 0.68572
80 0.69469
81 0.70427
82 0.72033
83 0.72985
84 0.75291
85 0.768
86 0.77006
87 0.78195
88 0.78356
89 0.78706
90 0.79851
91 0.83818
92 0.84996
93 0.86319
94 0.87582
95 0.88616
96 0.894
97 0.90892
98 0.91511
99 0.9346
100 0.94323
101 0.94673
102 0.95985
103 0.97265
104 0.97572
105 0.99092
106 1.00156
107 1.00939
108 1.01602
109 1.03862
110 1.04384
111 1.05778
112 1.06973
113 1.07266
114 1.09795
115 1.10646
116 1.11052
117 1.12326
118 1.13596
119 1.141
120 1.14435
121 1.15398
122 1.17298
123 1.17793
124 1.18167
125 1.19094
126 1.1968
127 1.21641
128 1.22473
129 1.2597
130 1.26912
131 1.27983
132 1.28668
133 1.28911
134 1.30718
135 1.31826
136 1.32186
137 1.32921
138 1.33095
139 1.34609
140 1.34893
141 1.3634
142 1.36962
143 1.37648
144 1.38665
145 1.40053
146 1.4046
147 1.40865
148 1.42767
149 1.43401
150 1.44242
151 1.45082
152 1.45723
153 1.4685
154 1.47047
155 1.47777
156 1.49276
157 1.50003
158 1.51449
159 1.51648
160 1.5208
161 1.53143
162 1.53681
163 1.54428
164 1.56007
165 1.56853
166 1.57973
167 1.60112
168 1.61029
169 1.61655
170 1.64892
171 1.67735
172 1.68632
173 1.69029
174 1.6923
175 1.71038
176 1.72487
177 1.72766
178 1.75599
179 1.77482
180 1.77665
181 1.78119
182 1.78295
183 1.78575
184 1.78954
185 1.7952
186 1.81024
187 1.82196
188 1.83341
189 1.8506
190 1.86657
191 1.87172
192 1.87708
193 1.88005
194 1.90234
195 1.91271
196 1.91663
197 1.93528
198 1.94535
199 1.96879
200 1.9807
201 1.9915
202 1.99737
203 2.00065
204 2.0049
205 2.02423
206 2.03295
207 2.03773
208 2.05061
209 2.06317
210 2.06574
211 2.06765
212 2.07826
213 2.09824
214 2.10068
215 2.10368
216 2.10753
217 2.12192
218 2.12864
219 2.12964
220 2.13157
221 2.17513
222 2.18132
223 2.18667
224 2.18773
225 2.19097
226 2.19364
227 2.2127
228 2.24376
229 2.25357
230 2.26893
231 2.28097
232 2.28733
233 2.29376
234 2.30684
235 2.31124
236 2.31721
237 2.32001
238 2.33456
239 2.3605
240 2.37279
241 2.3935
242 2.4359
243 2.45698
244 2.46147
245 2.46503
246 2.46701
247 2.4719
248 2.48311
249 2.48781
250 2.5038
251 2.50846
252 2.51684
253 2.52284
254 2.53556
255 2.5422
256 2.5655
257 2.5855
258 2.63097
259 2.63462
260 2.64477
261 2.6685
262 2.6813
263 2.6936
264 2.69681
265 2.70112
266 2.70656
267 2.72465
268 2.73287
269 2.73511
270 2.73821
271 2.76417
272 2.76927
273 2.77381
274 2.78174
275 2.7923
276 2.79569
277 2.79742
278 2.80472
279 2.82521
280 2.84978
281 2.87611
282 2.88329
283 2.89378
284 2.93733
285 2.9388
286 2.94788
287 2.97335
288 2.9798
289 2.99883
