1 0.00294
2 0.01169
3 0.02114
4 0.02514
5 0.03011
6 0.05185
7 0.05677
8 0.06586
9 0.08152
10 0.08499
11 0.09482
12 0.09804
13 0.10646
14 0.1154
15 0.11822
16 0.12024
17 0.12318
18 0.12733
19 0.13032
20 0.13175
21 0.13311
22 0.13889
23 0.14399
24 0.14816
25 0.15142
26 0.15814
27 0.17913
28 0.20219
29 0.22283
30 0.24953
31 0.26212
32 0.26496
33 0.26636
34 0.27566
35 0.28156
36 0.29326
37 0.2952
38 0.30045
39 0.30722
40 0.31976
41 0.32184
42 0.3268
43 0.33538
44 0.33771
45 0.34617
46 0.3526
47 0.3653
48 0.3834
49 0.39169
50 0.40502
51 0.408
52 0.41127
53 0.43279
54 0.43657
55 0.43925
56 0.45668
57 0.46083
58 0.4721
59 0.49203
60 0.51095
61 0.52698
62 0.53299
63 0.53846
64 0.55475
65 0.57782
66 0.60597
67 0.61582
68 0.63075
69 0.63563
70 0.63918
71 0.64427
72 0.65148
73 0.66106
74 0.66874
75 0.67687
76 0.68651
77 0.70135
78 0.70933
79 0.71278
80 0.72823
81 0.73385
82 0.736
83 0.74463
84 0.74903
85 0.75692
86 0.76524
87 0.77275
88 0.77583
89 0.78917
90 0.79253
91 0.79717
92 0.8043
93 0.81417
94 0.82223
95 0.82389
96 0.82662
97 0.83512
98 0.84283
99 0.86219
100 0.87513
101 0.88249
102 0.88393
103 0.88702
104 0.89679
105 0.89865
106 0.90213
107 0.91076
108 0.92199
109 0.93921
110 0.94646
111 0.95259
112 0.95739
113 0.96836
114 0.98212
115 0.98662
116 0.99381
117 0.99695
118 0.99946
119 1.00965
120 1.02124
121 1.02399
122 1.03
123 1.04026
124 1.043
125 1.04539
126 1.05822
127 1.08026
128 1.08598
129 1.08969
130 1.10607
131 1.1148
132 1.12431
133 1.13983
134 1.14708
135 1.15638
136 1.166
137 1.171
138 1.18168
139 1.18874
140 1.19639
141 1.19874
142 1.20026
143 1.21306
144 1.22399
145 1.25698
146 1.26297
147 1.26649
148 1.27546
149 1.28066
150 1.28253
151 1.29118
152 1.31079
153 1.31306
154 1.32504
155 1.34923
156 1.35517
157 1.36457
158 1.3737
159 1.38274
160 1.39917
161 1.41119
162 1.41415
163 1.43261
164 1.44058
165 1.45672
166 1.45978
167 1.46657
168 1.49033
169 1.49539
170 1.49849
171 1.5067
172 1.5105
173 1.51927
174 1.52312
175 1.54993
176 1.55195
177 1.56949
178 1.57863
179 1.58792
180 1.59887
181 1.60389
182 1.60526
183 1.60671
184 1.61439
185 1.63126
186 1.63366
187 1.64121
188 1.64907
189 1.65592
190 1.67538
191 1.69072
192 1.69553
193 1.69793
194 1.70657
195 1.71597
196 1.72526
197 1.73108
198 1.76074
199 1.7649
200 1.7678
201 1.76935
202 1.79419
203 1.79742
204 1.82266
205 1.83699
206 1.84353
207 1.8533
208 1.86759
209 1.87821
210 1.8835
211 1.89375
212 1.90643
213 1.91118
214 1.91611
215 1.92221
216 1.92883
217 1.93261
218 1.94234
219 1.95404
220 1.98455
221 1.99603
222 1.99931
223 2.00945
224 2.01581
225 2.01916
226 2.02241
227 2.05388
228 2.06389
229 2.07254
230 2.07656
231 2.08902
232 2.10115
233 2.10967
234 2.11203
235 2.13001
236 2.13275
237 2.13689
238 2.14255
239 2.1649
240 2.16856
241 2.17378
242 2.18183
243 2.18736
244 2.18913
245 2.19622
246 2.2031
247 2.20919
248 2.22576
249 2.24246
250 2.25132
251 2.25776
252 2.26522
253 2.27243
254 2.28352
255 2.28927
256 2.30296
257 2.32821
258 2.33153
259 2.34267
260 2.34668
261 2.35117
262 2.35994
263 2.36458
264 2.37226
265 2.38741
266 2.39509
267 2.39899
268 2.41053
269 2.41599
270 2.43125
271 2.44927
272 2.46125
273 2.47602
274 2.48242
275 2.48948
276 2.50043
277 2.50865
278 2.51101
279 2.51828
280 2.52325
281 2.54203
282 2.57111
283 2.58586
284 2.58829
285 2.59385
286 2.60391
287 2.6061
288 2.61263
289 2.62567
290 2.63544
291 2.64107
292 2.64803
293 2.68843
294 2.70169
295 2.71451
296 2.73269
297 2.73782
298 2.7525
299 2.75625
300 2.77465
301 2.78443
302 2.79976
303 2.80272
304 2.81762
305 2.83243
306 2.84339
307 2.85873
308 2.86403
309 2.88619
310 2.8938
311 2.9222
312 2.93473
313 2.95233
314 2.9873
315 2.99846
