1 0.00099
2 0.00224
3 0.01074
4 0.01528
5 0.01965
6 0.02815
7 0.04395
8 0.06422
9 0.06797
10 0.07493
11 0.08234
12 0.08524
13 0.09425
14 0.10939
15 0.11148
16 0.11464
17 0.11793
18 0.12137
19 0.12448
20 0.13649
21 0.14256
22 0.14542
23 0.15008
24 0.15949
25 0.16402
26 0.16974
27 0.17313
28 0.17889
29 0.18057
30 0.18593
31 0.19876
32 0.20086
33 0.21151
34 0.22526
35 0.23006
36 0.23503
37 0.24263
38 0.24909
39 0.27322
40 0.28726
41 0.29839
42 0.30033
43 0.31261
44 0.32025
45 0.33141
46 0.35269
47 0.36166
48 0.36949
49 0.37183
50 0.37544
51 0.38045
52 0.38915
53 0.3924
54 0.39694
55 0.41346
56 0.42493
57 0.43243
58 0.44926
59 0.47719
60 0.4846
61 0.49311
62 0.5019
63 0.50559
64 0.51962
65 0.53534
66 0.53777
67 0.57311
68 0.57604
69 0.58196
70 0.58477
71 0.5956
72 0.59862
73 0.60886
74 0.61547
75 0.62175
76 0.62574
77 0.6315
78 0.63374
79 0.64175
80 0.64667
81 0.64806
82 0.65347
83 0.6565
84 0.66501
85 0.66835
86 0.6722
87 0.68069
88 0.6935
89 0.70435
90 0.71031
91 0.71803
92 0.72271
93 0.72403
94 0.73508
95 0.73823
96 0.7394
97 0.74743
98 0.75265
99 0.76352
100 0.76869
101 0.77653
102 0.77816
103 0.80155
104 0.81886
105 0.8284
106 0.83563
107 0.84504
108 0.84854
109 0.85271
110 0.85986
111 0.86272
112 0.87394
113 0.87555
114 0.87741
115 0.87927
116 0.88062
117 0.88665
118 0.89175
119 0.89574
120 0.9062
121 0.91483
122 0.94559
123 0.94955
124 0.95411
125 0.97379
126 0.99499
127 0.99736
128 1.00251
129 1.01146
130 1.04921
131 1.07021
132 1.0775
133 1.08428
134 1.09208
135 1.09934
136 1.10176
137 1.10866
138 1.1106
139 1.12247
140 1.12709
141 1.12822
142 1.13363
143 1.14629
144 1.17066
145 1.17322
146 1.18061
147 1.1876
148 1.18919
149 1.19309
150 1.21814
151 1.22058
152 1.22343
153 1.22951
154 1.2375
155 1.24264
156 1.25513
157 1.25823
158 1.25953
159 1.27365
160 1.27929
161 1.28707
162 1.31812
163 1.33043
164 1.33648
165 1.33875
166 1.34277
167 1.34877
168 1.35331
169 1.35587
170 1.35915
171 1.36451
172 1.36592
173 1.37253
174 1.37506
175 1.38029
176 1.40854
177 1.41476
178 1.42014
179 1.42732
180 1.44049
181 1.44703
182 1.45525
183 1.47211
184 1.47784
185 1.48326
186 1.49134
187 1.51271
188 1.53475
189 1.54347
190 1.56465
191 1.60429
192 1.60649
193 1.61071
194 1.62561
195 1.63313
196 1.64609
197 1.64979
198 1.66705
199 1.68094
200 1.68686
201 1.69456
202 1.73288
203 1.73996
204 1.7447
205 1.77727
206 1.78082
207 1.78593
208 1.81199
209 1.82655
210 1.83883
211 1.8494
212 1.85389
213 1.85618
214 1.85752
215 1.86396
216 1.87032
217 1.87181
218 1.87475
219 1.87784
220 1.89227
221 1.90289
222 1.90654
223 1.91079
224 1.91761
225 1.91898
226 1.92073
227 1.92584
228 1.92882
229 1.93557
230 1.93745
231 1.94036
232 1.96694
233 1.98087
234 1.98782
235 1.99285
236 1.99955
237 2.03084
238 2.05023
239 2.06267
240 2.08158
241 2.09088
242 2.09534
243 2.10276
244 2.10857
245 2.11032
246 2.11176
247 2.12673
248 2.13092
249 2.14093
250 2.16475
251 2.1678
252 2.17339
253 2.18036
254 2.18973
255 2.23194
256 2.24358
257 2.24717
258 2.25022
259 2.26091
260 2.27142
261 2.28127
262 2.286
263 2.28766
264 2.33082
265 2.35332
266 2.36978
267 2.37931
268 2.38723
269 2.39286
270 2.39997
271 2.4039
272 2.4119
273 2.41554
274 2.42807
275 2.42956
276 2.43944
277 2.46831
278 2.47513
279 2.49123
280 2.49384
281 2.52618
282 2.5439
283 2.5639
284 2.56627
285 2.58485
286 2.58655
287 2.5956
288 2.6105
289 2.61744
290 2.62435
291 2.62617
292 2.63021
293 2.63823
294 2.65237
295 2.65741
296 2.66802
297 2.6768
298 2.69201
299 2.69483
300 2.73741
301 2.744
302 2.74843
303 2.75048
304 2.77329
305 2.77596
306 2.78941
307 2.79286
308 2.82781
309 2.8327
310 2.83563
311 2.84994
312 2.85684
313 2.86868
314 2.874
315 2.88129
316 2.88656
317 2.89725
318 2.9015
319 2.90999
320 2.91516
321 2.91901
322 2.93479
323 2.96863
324 2.98251
