1 0.01233
2 0.01452
3 0.02025
4 0.02335
5 0.02581
6 0.02737
7 0.03735
8 0.04489
9 0.0607
10 0.06544
11 0.068
12 0.07278
13 0.07702
14 0.08621
15 0.09001
16 0.09443
17 0.09728
18 0.11048
19 0.11673
20 0.11878
21 0.12694
22 0.13183
23 0.14954
24 0.15526
25 0.16267
26 0.16425
27 0.17791
28 0.19538
29 0.19784
30 0.20287
31 0.21017
32 0.2149
33 0.22181
34 0.23209
35 0.24292
36 0.25751
37 0.27205
38 0.30209
39 0.30656
40 0.31633
41 0.32631
42 0.3313
43 0.33502
44 0.3441
45 0.36045
46 0.37084
47 0.37288
48 0.39422
49 0.39561
50 0.40547
51 0.40841
52 0.41749
53 0.42869
54 0.4466
55 0.45162
56 0.46201
57 0.47517
58 0.48497
59 0.48832
60 0.50522
61 0.51252
62 0.52217
63 0.52741
64 0.53075
65 0.53412
66 0.53921
67 0.5603
68 0.5647
69 0.57458
70 0.5795
71 0.58301
72 0.59204
73 0.6045
74 0.6082
75 0.61721
76 0.62353
77 0.62945
78 0.64328
79 0.64813
80 0.65277
81 0.66051
82 0.66255
83 0.67331
84 0.67623
85 0.68062
86 0.68761
87 0.70739
88 0.72173
89 0.73936
90 0.74595
91 0.75013
92 0.75137
93 0.75526
94 0.75976
95 0.76211
96 0.77393
97 0.77555
98 0.79016
99 0.79315
100 0.81816
101 0.82544
102 0.85437
103 0.85959
104 0.86761
105 0.87564
106 0.90326
107 0.90746
108 0.91289
109 0.91713
110 0.92239
111 0.93436
112 0.94382
113 0.956
114 0.98351
115 0.98659
116 1.00297
117 1.00973
118 1.01194
119 1.02041
120 1.02707
121 1.04304
122 1.04519
123 1.05735
124 1.06828
125 1.07649
126 1.08649
127 1.09851
128 1.10425
129 1.11249
130 1.12885
131 1.14404
132 1.15175
133 1.15834
134 1.16753
135 1.18601
136 1.19342
137 1.1984
138 1.20239
139 1.2358
140 1.24284
141 1.25132
142 1.26607
143 1.27776
144 1.2813
145 1.28738
146 1.30248
147 1.30724
148 1.31436
149 1.32691
150 1.32863
151 1.33038
152 1.36848
153 1.41068
154 1.41362
155 1.4299
156 1.43466
157 1.44179
158 1.44647
159 1.49475
160 1.50882
161 1.53738
162 1.55707
163 1.56106
164 1.56437
165 1.56677
166 1.5707
167 1.59768
168 1.60156
169 1.60611
170 1.6199
171 1.62229
172 1.63633
173 1.63867
174 1.641
175 1.64351
176 1.65364
177 1.6586
178 1.66851
179 1.67078
180 1.67683
181 1.68484
182 1.69581
183 1.69764
184 1.70599
185 1.72452
186 1.72609
187 1.73849
188 1.74164
189 1.74501
190 1.75131
191 1.75774
192 1.77403
193 1.78052
194 1.78598
195 1.80949
196 1.81742
197 1.82189
198 1.82889
199 1.84236
200 1.84796
201 1.86366
202 1.87955
203 1.88742
204 1.93247
205 1.93553
206 1.95092
207 1.95438
208 1.95963
209 1.96202
210 1.9702
211 1.98019
212 1.9905
213 1.99908
214 2.02911
215 2.0317
216 2.03485
217 2.03768
218 2.04115
219 2.0454
220 2.04758
221 2.06416
222 2.06705
223 2.08068
224 2.09337
225 2.10944
226 2.12061
227 2.12922
228 2.14011
229 2.14869
230 2.15466
231 2.15769
232 2.16535
233 2.18572
234 2.20862
235 2.24236
236 2.25667
237 2.26666
238 2.27445
239 2.28032
240 2.3011
241 2.30648
242 2.32205
243 2.33836
244 2.34864
245 2.35355
246 2.35778
247 2.35897
248 2.36236
249 2.37361
250 2.40563
251 2.42292
252 2.43376
253 2.43879
254 2.44558
255 2.45834
256 2.4795
257 2.48377
258 2.50026
259 2.51756
260 2.52515
261 2.53944
262 2.54831
263 2.55427
264 2.5598
265 2.57601
266 2.59174
267 2.59563
268 2.59817
269 2.60549
270 2.60884
271 2.61239
272 2.61714
273 2.62874
274 2.64266
275 2.6601
276 2.67067
277 2.68688
278 2.70055
279 2.70309
280 2.75125
281 2.75392
282 2.7664
283 2.77166
284 2.77669
285 2.77997
286 2.78963
287 2.7961
288 2.81223
289 2.81639
290 2.8431
291 2.85068
292 2.85487
293 2.86724
294 2.87331
295 2.89095
296 2.90035
297 2.90406
298 2.9118
299 2.91787
300 2.92907
301 2.94634
302 2.95751
303 2.96231
304 2.96823
305 2.98149
306 2.99003
307 2.99315
308 2.99857
