1 0.00892
2 0.01292
3 0.02001
4 0.03275
5 0.04704
6 0.05417
7 0.05925
8 0.08631
9 0.09044
10 0.10232
11 0.10854
12 0.12543
13 0.12683
14 0.13842
15 0.15233
16 0.15777
17 0.16351
18 0.18085
19 0.19191
20 0.22667
21 0.23523
22 0.23672
23 0.24124
24 0.25863
25 0.27271
26 0.27726
27 0.28512
28 0.29207
29 0.29942
30 0.30473
31 0.30837
32 0.31689
33 0.31999
34 0.32152
35 0.34092
36 0.35665
37 0.36673
38 0.37693
39 0.38039
40 0.3868
41 0.3993
42 0.41285
43 0.4264
44 0.43227
45 0.46059
46 0.46412
47 0.47548
48 0.50595
49 0.54268
50 0.5477
51 0.55913
52 0.57072
53 0.57524
54 0.59896
55 0.60334
56 0.61396
57 0.62911
58 0.63284
59 0.647
60 0.65003
61 0.66438
62 0.66975
63 0.68295
64 0.68637
65 0.69172
66 0.69488
67 0.7042
68 0.70765
69 0.71363
70 0.72131
71 0.73121
72 0.74493
73 0.75043
74 0.75829
75 0.77065
76 0.77387
77 0.80197
78 0.81327
79 0.81724
80 0.82147
81 0.83243
82 0.84849
83 0.86608
84 0.87296
85 0.88204
86 0.89691
87 0.90049
88 0.91449
89 0.92022
90 0.93177
91 0.96348
92 0.967
93 0.99635
94 1.00671
95 1.02088
96 1.04049
97 1.04217
98 1.04661
99 1.05205
100 1.05653
101 1.06525
102 1.06693
103 1.08437
104 1.10195
105 1.11675
106 1.13257
107 1.13575
108 1.13951
109 1.15282
110 1.17215
111 1.17533
112 1.184
113 1.18881
114 1.20162
115 1.20892
116 1.2145
117 1.21614
118 1.22827
119 1.23164
120 1.25654
121 1.25882
122 1.27032
123 1.287
124 1.3006
125 1.31466
126 1.32137
127 1.33639
128 1.34978
129 1.35208
130 1.35599
131 1.35964
132 1.37618
133 1.38308
134 1.38662
135 1.39108
136 1.39648
137 1.41441
138 1.41769
139 1.42133
140 1.42936
141 1.46263
142 1.46696
143 1.4719
144 1.48395
145 1.49499
146 1.50044
147 1.50259
148 1.51754
149 1.53289
150 1.5388
151 1.54036
152 1.55547
153 1.55719
154 1.56162
155 1.5796
156 1.60484
157 1.61825
158 1.62229
159 1.63008
160 1.64333
161 1.66296
162 1.66861
163 1.68022
164 1.70261
165 1.72414
166 1.73272
167 1.73928
168 1.75119
169 1.77084
170 1.79196
171 1.79371
172 1.79563
173 1.80521
174 1.80896
175 1.81342
176 1.81664
177 1.8283
178 1.85476
179 1.8602
180 1.86902
181 1.87056
182 1.88892
183 1.8968
184 1.9101
185 1.91223
186 1.92233
187 1.93741
188 1.95313
189 1.96039
190 1.96437
191 1.96586
192 1.99667
193 2.00761
194 2.02772
195 2.03367
196 2.05272
197 2.06031
198 2.07207
199 2.08433
200 2.11074
201 2.11284
202 2.12485
203 2.13677
204 2.15101
205 2.15596
206 2.16495
207 2.17854
208 2.20113
209 2.20605
210 2.21515
211 2.21894
212 2.2206
213 2.22365
214 2.23803
215 2.24668
216 2.25207
217 2.27147
218 2.27647
219 2.2792
220 2.28844
221 2.30078
222 2.30253
223 2.31165
224 2.32391
225 2.35198
226 2.3616
227 2.36697
228 2.37555
229 2.38463
230 2.38959
231 2.40141
232 2.42524
233 2.43471
234 2.45296
235 2.46064
236 2.47635
237 2.48527
238 2.50184
239 2.51535
240 2.52251
241 2.53212
242 2.54638
243 2.56556
244 2.56842
245 2.56992
246 2.59579
247 2.60097
248 2.61266
249 2.63339
250 2.64011
251 2.64531
252 2.66416
253 2.67144
254 2.68983
255 2.70104
256 2.7079
257 2.71306
258 2.74242
259 2.75883
260 2.79287
261 2.79696
262 2.8021
263 2.8117
264 2.81779
265 2.85472
266 2.86191
267 2.86426
268 2.87131
269 2.8775
270 2.88193
271 2.88396
272 2.90655
273 2.91032
274 2.91209
275 2.92033
276 2.94885
277 2.97553
