1 0.0201
2 0.03259
3 0.04835
4 0.06832
5 0.09883
6 0.10814
7 0.11223
8 0.13824
9 0.19887
10 0.20222
11 0.2052
12 0.207
13 0.21373
14 0.22312
15 0.23152
16 0.24757
17 0.26016
18 0.27277
19 0.27567
20 0.2796
21 0.31848
22 0.32
23 0.32256
24 0.34897
25 0.37147
26 0.38205
27 0.39025
28 0.39931
29 0.40297
30 0.40837
31 0.43429
32 0.44142
33 0.4446
34 0.4606
35 0.4686
36 0.47387
37 0.47691
38 0.48258
39 0.49409
40 0.50012
41 0.50755
42 0.5166
43 0.52128
44 0.52315
45 0.53309
46 0.5406
47 0.55181
48 0.56675
49 0.59301
50 0.59938
51 0.60473
52 0.62413
53 0.63126
54 0.63929
55 0.66024
56 0.67163
57 0.68791
58 0.69108
59 0.70928
60 0.72139
61 0.72908
62 0.73865
63 0.75781
64 0.79791
65 0.80386
66 0.8259
67 0.83847
68 0.86616
69 0.87304
70 0.87624
71 0.87809
72 0.89199
73 0.91092
74 0.92833
75 0.94247
76 0.94432
77 0.95999
78 0.96322
79 0.97025
80 0.97344
81 0.98428
82 0.99221
83 1.00675
84 1.01273
85 1.0227
86 1.03467
87 1.04645
88 1.04806
89 1.06835
90 1.07556
91 1.08617
92 1.09435
93 1.11661
94 1.14916
95 1.1568
96 1.16666
97 1.17052
98 1.18906
99 1.19745
100 1.20695
101 1.2191
102 1.22616
103 1.23966
104 1.25057
105 1.26645
106 1.26842
107 1.27681
108 1.287
109 1.29293
110 1.30682
111 1.31264
112 1.31432
113 1.33904
114 1.35038
115 1.38167
116 1.39853
117 1.41253
118 1.4179
119 1.43095
120 1.45092
121 1.46678
122 1.47172
123 1.47388
124 1.47927
125 1.48516
126 1.49271
127 1.51196
128 1.51903
129 1.52937
130 1.53467
131 1.54632
132 1.56234
133 1.58925
134 1.59679
135 1.59841
136 1.6006
137 1.62167
138 1.62849
139 1.64282
140 1.65794
141 1.66751
142 1.67357
143 1.69459
144 1.705
145 1.72079
146 1.72236
147 1.73342
148 1.74956
149 1.7669
150 1.78032
151 1.79024
152 1.7959
153 1.80194
154 1.83362
155 1.83674
156 1.84535
157 1.85421
158 1.87976
159 1.8862
160 1.89694
161 1.90048
162 1.90614
163 1.9084
164 1.92657
165 1.93203
166 1.94379
167 1.94639
168 1.95273
169 1.95738
170 1.97501
171 1.98019
172 2.00568
173 2.01695
174 2.02595
175 2.05274
176 2.05427
177 2.06224
178 2.07216
179 2.07854
180 2.08478
181 2.09114
182 2.12445
183 2.14332
184 2.203
185 2.20869
186 2.21865
187 2.22941
188 2.25213
189 2.2595
190 2.26689
191 2.27594
192 2.285
193 2.30455
194 2.31717
195 2.33451
196 2.33767
197 2.34846
198 2.35027
199 2.35168
200 2.36144
201 2.36604
202 2.37861
203 2.39321
204 2.39517
205 2.42402
206 2.44882
207 2.45476
208 2.46061
209 2.46207
210 2.46918
211 2.47115
212 2.47301
213 2.47456
214 2.49035
215 2.51009
216 2.51339
217 2.51889
218 2.52668
219 2.53195
220 2.53574
221 2.54468
222 2.55395
223 2.56995
224 2.58866
225 2.60287
226 2.60901
227 2.63868
228 2.64402
229 2.67549
230 2.70254
231 2.71992
232 2.72327
233 2.72503
234 2.7271
235 2.73255
236 2.74269
237 2.75053
238 2.76404
239 2.79483
240 2.80443
241 2.8286
242 2.84101
243 2.86769
244 2.88205
245 2.89105
246 2.89859
247 2.90065
248 2.91228
249 2.96023
250 2.96673
251 2.97557
252 2.97754
253 2.98453
254 2.98623
255 2.99181
256 2.99698
