1 0.00167
2 0.00361
3 0.0052
4 0.01526
5 0.01639
6 0.01772
7 0.0224
8 0.02514
9 0.02741
10 0.04066
11 0.04611
12 0.05093
13 0.05822
14 0.0628
15 0.06743
16 0.0731
17 0.07752
18 0.08451
19 0.09191
20 0.09446
21 0.10157
22 0.10584
23 0.11924
24 0.12026
25 0.12679
26 0.12855
27 0.13076
28 0.13377
29 0.13744
30 0.14426
31 0.14996
32 0.15435
33 0.16381
34 0.16841
35 0.17774
36 0.17915
37 0.18616
38 0.18837
39 0.19081
40 0.19321
41 0.1968
42 0.20278
43 0.20583
44 0.21329
45 0.21867
46 0.22301
47 0.22933
48 0.23447
49 0.23662
50 0.238
51 0.25264
52 0.26075
53 0.26987
54 0.27187
55 0.27455
56 0.28325
57 0.29333
58 0.29547
59 0.29845
60 0.31
61 0.32819
62 0.33312
63 0.33895
64 0.34569
65 0.34845
66 0.35848
67 0.36085
68 0.36716
69 0.37118
70 0.39326
71 0.39698
72 0.39927
73 0.41546
74 0.41862
75 0.41956
76 0.42152
77 0.42586
78 0.43021
79 0.44388
80 0.44981
81 0.46236
82 0.47285
83 0.47665
84 0.48016
85 0.48138
86 0.49522
87 0.51109
88 0.51459
89 0.52573
90 0.52894
91 0.54214
92 0.54387
93 0.55511
94 0.55713
95 0.56216
96 0.57676
97 0.58171
98 0.59478
99 0.60111
100 0.60355
101 0.60953
102 0.61324
103 0.62189
104 0.62767
105 0.63558
106 0.64521
107 0.64856
108 0.65159
109 0.6704
110 0.67739
111 0.69093
112 0.69587
113 0.714
114 0.72365
115 0.72523
116 0.72796
117 0.73151
118 0.73279
119 0.73559
120 0.75734
121 0.76755
122 0.77892
123 0.78761
124 0.7907
125 0.79462
126 0.8045
127 0.80563
128 0.8103
129 0.83435
130 0.84073
131 0.84875
132 0.85087
133 0.85664
134 0.85987
135 0.86551
136 0.87051
137 0.87547
138 0.88076
139 0.88644
140 0.89227
141 0.90614
142 0.9098
143 0.91577
144 0.92058
145 0.92403
146 0.9281
147 0.93937
148 0.94192
149 0.95546
150 0.97737
151 0.97972
152 0.99268
153 0.99422
154 1.00733
155 1.01261
156 1.01811
157 1.02368
158 1.03133
159 1.0384
160 1.04057
161 1.05038
162 1.05846
163 1.08714
164 1.09227
165 1.094
166 1.09713
167 1.10355
168 1.10593
169 1.10919
170 1.11861
171 1.13792
172 1.14364
173 1.14712
174 1.15492
175 1.16225
176 1.16591
177 1.16675
178 1.17004
179 1.17873
180 1.18203
181 1.19066
182 1.19291
183 1.19825
184 1.20721
185 1.21304
186 1.227
187 1.23615
188 1.24103
189 1.24539
190 1.2469
191 1.24799
192 1.25233
193 1.26586
194 1.2751
195 1.27859
196 1.28332
197 1.2865
198 1.28778
199 1.2907
200 1.29616
201 1.30278
202 1.30736
203 1.31133
204 1.33113
205 1.33908
206 1.3422
207 1.34866
208 1.36733
209 1.3725
210 1.37895
211 1.39547
212 1.39751
213 1.40315
214 1.41537
215 1.41746
216 1.43252
217 1.43799
218 1.4486
219 1.46902
220 1.47806
221 1.48082
222 1.49836
223 1.50753
224 1.51127
225 1.51758
226 1.52579
227 1.53357
228 1.54073
229 1.54953
230 1.55412
231 1.56117
232 1.57492
233 1.58329
234 1.59456
235 1.60677
236 1.61499
237 1.62536
238 1.63156
239 1.63805
240 1.64333
241 1.64566
242 1.66198
243 1.66351
244 1.66706
245 1.67328
246 1.68404
247 1.68885
248 1.69262
249 1.6964
250 1.70377
251 1.70574
252 1.70853
253 1.72241
254 1.72631
255 1.73618
256 1.74316
257 1.76498
258 1.76773
259 1.76966
260 1.77332
261 1.78194
262 1.78827
263 1.80251
264 1.80466
265 1.81244
266 1.81391
267 1.82674
268 1.83513
269 1.84411
270 1.84969
271 1.85668
272 1.8701
273 1.89234
274 1.89479
275 1.91605
276 1.91883
277 1.93589
278 1.94588
279 1.95623
280 1.961
281 1.97519
282 1.97739
283 1.98805
284 1.99508
285 2.00722
286 2.01204
287 2.01717
288 2.02231
289 2.03512
290 2.04003
291 2.04338
292 2.05741
293 2.08646
294 2.09584
295 2.09973
296 2.10716
297 2.10905
298 2.11805
299 2.1243
300 2.13016
301 2.14536
302 2.16182
303 2.167
304 2.18389
305 2.19164
306 2.22551
307 2.22793
308 2.23061
309 2.23367
310 2.23477
311 2.26599
312 2.27386
313 2.27657
314 2.28781
315 2.29536
316 2.30103
317 2.3075
318 2.31395
319 2.32612
320 2.33561
321 2.33811
322 2.339
323 2.34555
324 2.35026
325 2.3545
326 2.36349
327 2.36917
328 2.38099
329 2.38743
330 2.39085
331 2.41843
332 2.42382
333 2.42969
334 2.44526
335 2.4504
336 2.45513
337 2.47485
338 2.48153
339 2.48609
340 2.49183
341 2.50693
342 2.51491
343 2.51778
344 2.52561
345 2.52891
346 2.53019
347 2.54112
348 2.57102
349 2.58403
350 2.59187
351 2.59622
352 2.59968
353 2.61052
354 2.61662
355 2.62076
356 2.62305
357 2.62403
358 2.62704
359 2.64042
360 2.64398
361 2.64513
362 2.66443
363 2.67766
364 2.69568
365 2.70313
366 2.70482
367 2.70837
368 2.72508
369 2.72696
370 2.73179
371 2.73842
372 2.76242
373 2.77168
374 2.77522
375 2.77972
376 2.79202
377 2.80657
378 2.83361
379 2.83846
380 2.84559
381 2.85171
382 2.86224
383 2.87009
384 2.88025
385 2.88759
386 2.89383
387 2.89509
388 2.9153
389 2.91765
390 2.9292
391 2.9377
392 2.94498
393 2.95712
394 2.97493
395 2.97843
396 2.98261
397 2.99273
