1 0.00931
2 0.01721
3 0.01805
4 0.0278
5 0.03444
6 0.03779
7 0.04286
8 0.05413
9 0.05582
10 0.05849
11 0.06152
12 0.065
13 0.06602
14 0.06781
15 0.07293
16 0.07619
17 0.0814
18 0.08507
19 0.08944
20 0.10018
21 0.13359
22 0.13558
23 0.14376
24 0.15267
25 0.15374
26 0.16717
27 0.1695
28 0.1734
29 0.18661
30 0.21123
31 0.21305
32 0.22989
33 0.23483
34 0.23736
35 0.25385
36 0.2636
37 0.26701
38 0.27365
39 0.28135
40 0.2985
41 0.30527
42 0.31193
43 0.32347
44 0.33317
45 0.33655
46 0.34069
47 0.36232
48 0.36453
49 0.36794
50 0.37608
51 0.38253
52 0.38859
53 0.39185
54 0.40122
55 0.40581
56 0.41091
57 0.4183
58 0.42542
59 0.43224
60 0.43426
61 0.44569
62 0.45161
63 0.463
64 0.47142
65 0.47847
66 0.48373
67 0.48982
68 0.49677
69 0.50195
70 0.51226
71 0.5174
72 0.5216
73 0.52773
74 0.52887
75 0.53627
76 0.54285
77 0.54982
78 0.55655
79 0.57247
80 0.58074
81 0.58687
82 0.5905
83 0.59531
84 0.59998
85 0.60969
86 0.61134
87 0.61483
88 0.61833
89 0.62134
90 0.63312
91 0.64443
92 0.65394
93 0.66179
94 0.66612
95 0.67233
96 0.67384
97 0.67713
98 0.6889
99 0.69075
100 0.70632
101 0.70729
102 0.711
103 0.73128
104 0.73487
105 0.73914
106 0.74458
107 0.75242
108 0.76234
109 0.76387
110 0.80582
111 0.81249
112 0.81806
113 0.82003
114 0.836
115 0.85851
116 0.8651
117 0.87331
118 0.87523
119 0.905
120 0.91952
121 0.92879
122 0.93013
123 0.93589
124 0.9426
125 0.94871
126 0.97202
127 0.97395
128 0.9908
129 0.99875
130 1.00745
131 1.01289
132 1.01539
133 1.02068
134 1.03082
135 1.0362
136 1.04063
137 1.04353
138 1.04554
139 1.05167
140 1.05821
141 1.06161
142 1.09192
143 1.09974
144 1.10992
145 1.11728
146 1.12667
147 1.14762
148 1.15452
149 1.16003
150 1.17437
151 1.18292
152 1.18725
153 1.19293
154 1.20126
155 1.21807
156 1.22144
157 1.22826
158 1.22995
159 1.25147
160 1.26198
161 1.27948
162 1.29099
163 1.29691
164 1.29968
165 1.30251
166 1.31028
167 1.32003
168 1.32766
169 1.33879
170 1.34998
171 1.3628
172 1.36432
173 1.36647
174 1.36867
175 1.37721
176 1.37902
177 1.39198
178 1.39804
179 1.40034
180 1.40731
181 1.4099
182 1.42836
183 1.43007
184 1.433
185 1.43618
186 1.43896
187 1.44132
188 1.44296
189 1.44557
190 1.46796
191 1.47796
192 1.48077
193 1.48438
194 1.4942
195 1.50007
196 1.50299
197 1.50741
198 1.5119
199 1.51513
200 1.51828
201 1.52313
202 1.53321
203 1.54227
204 1.5519
205 1.56232
206 1.56373
207 1.57642
208 1.58021
209 1.58636
210 1.58884
211 1.59773
212 1.60209
213 1.62042
214 1.62252
215 1.63591
216 1.64617
217 1.64995
218 1.66342
219 1.66606
220 1.67214
221 1.68126
222 1.69406
223 1.69809
224 1.70297
225 1.70697
226 1.71397
227 1.72692
228 1.72934
229 1.7328
230 1.73757
231 1.74008
232 1.76324
233 1.76752
234 1.76934
235 1.77115
236 1.77438
237 1.78038
238 1.78322
239 1.78936
240 1.80509
241 1.81841
242 1.82522
243 1.82849
244 1.848
245 1.89184
246 1.9051
247 1.91104
248 1.922
249 1.93884
250 1.94905
251 1.95214
252 1.96239
253 1.96775
254 1.97034
255 1.97524
256 1.99092
257 2.01347
258 2.01747
259 2.03024
260 2.03426
261 2.03887
262 2.04348
263 2.05471
264 2.0566
265 2.06646
266 2.08252
267 2.08925
268 2.09041
269 2.09692
270 2.10107
271 2.11382
272 2.11837
273 2.12181
274 2.12505
275 2.12894
276 2.1427
277 2.14529
278 2.14706
279 2.15016
280 2.15743
281 2.16068
282 2.16623
283 2.17471
284 2.18103
285 2.19126
286 2.21537
287 2.22534
288 2.22936
289 2.24202
290 2.24675
291 2.2556
292 2.26469
293 2.26841
294 2.28743
295 2.29167
296 2.30858
297 2.31059
298 2.32553
299 2.33054
300 2.34155
301 2.35717
302 2.36601
303 2.36923
304 2.38212
305 2.39783
306 2.40425
307 2.4176
308 2.42764
309 2.43089
310 2.44115
311 2.45193
312 2.46861
313 2.47195
314 2.48429
315 2.49353
316 2.51692
317 2.52237
318 2.52991
319 2.53944
320 2.55432
321 2.56583
322 2.60359
323 2.60549
324 2.61048
325 2.61528
326 2.62198
327 2.62538
328 2.62833
329 2.63047
330 2.63407
331 2.63929
332 2.64484
333 2.6518
334 2.66639
335 2.67399
336 2.69212
337 2.71042
338 2.71226
339 2.73085
340 2.73295
341 2.73656
342 2.7495
343 2.75485
344 2.75739
345 2.76225
346 2.76784
347 2.7753
348 2.7774
349 2.78046
350 2.78445
351 2.78645
352 2.80293
353 2.82335
354 2.83121
355 2.83925
356 2.84098
357 2.85076
358 2.85397
359 2.86473
360 2.87976
361 2.88692
362 2.89092
363 2.89787
364 2.90621
365 2.91768
366 2.92275
367 2.92681
368 2.93324
369 2.94118
370 2.94879
371 2.95835
372 2.96596
373 2.97396
374 2.98845
