1 0.00437
2 0.0103
3 0.0166
4 0.02458
5 0.03719
6 0.04022
7 0.04168
8 0.04781
9 0.06048
10 0.0779
11 0.08397
12 0.10581
13 0.10902
14 0.12079
15 0.12838
16 0.13031
17 0.13624
18 0.15157
19 0.15314
20 0.15601
21 0.16902
22 0.17865
23 0.18004
24 0.18995
25 0.19178
26 0.20128
27 0.22011
28 0.22425
29 0.22595
30 0.23285
31 0.23922
32 0.24839
33 0.2526
34 0.25933
35 0.26323
36 0.26795
37 0.28112
38 0.28284
39 0.28913
40 0.29437
41 0.29897
42 0.30294
43 0.30984
44 0.31121
45 0.3277
46 0.33971
47 0.34727
48 0.35385
49 0.35628
50 0.38791
51 0.41579
52 0.42087
53 0.42362
54 0.43521
55 0.44056
56 0.46003
57 0.46617
58 0.479
59 0.48349
60 0.48741
61 0.49193
62 0.50135
63 0.50515
64 0.51063
65 0.51581
66 0.52991
67 0.54845
68 0.55477
69 0.56369
70 0.5733
71 0.57902
72 0.58022
73 0.58367
74 0.58772
75 0.59856
76 0.61156
77 0.61692
78 0.62239
79 0.65123
80 0.65833
81 0.67416
82 0.67564
83 0.69096
84 0.71309
85 0.71949
86 0.72421
87 0.73598
88 0.74696
89 0.74852
90 0.7595
91 0.77928
92 0.78521
93 0.8011
94 0.8124
95 0.82733
96 0.83812
97 0.83972
98 0.85389
99 0.85942
100 0.86727
101 0.87464
102 0.91694
103 0.92341
104 0.93137
105 0.93439
106 0.9455
107 0.96381
108 0.97963
109 0.99077
110 0.99355
111 1.00253
112 1.0154
113 1.02302
114 1.02583
115 1.04129
116 1.05188
117 1.05927
118 1.06664
119 1.07004
120 1.08101
121 1.10028
122 1.10303
123 1.10606
124 1.12343
125 1.12838
126 1.15424
127 1.16165
128 1.16462
129 1.17304
130 1.17556
131 1.19182
132 1.19544
133 1.21535
134 1.23094
135 1.2429
136 1.2575
137 1.27113
138 1.27869
139 1.29022
140 1.30354
141 1.31413
142 1.32075
143 1.32387
144 1.33293
145 1.33979
146 1.35138
147 1.35871
148 1.36871
149 1.39918
150 1.41228
151 1.41497
152 1.43057
153 1.44592
154 1.4518
155 1.45992
156 1.46977
157 1.47257
158 1.50186
159 1.51623
160 1.52022
161 1.5218
162 1.5259
163 1.52899
164 1.5609
165 1.56595
166 1.57259
167 1.59063
168 1.596
169 1.60555
170 1.60711
171 1.61085
172 1.64421
173 1.6573
174 1.66126
175 1.66853
176 1.6705
177 1.67487
178 1.67762
179 1.70752
180 1.70857
181 1.72233
182 1.72657
183 1.74371
184 1.7548
185 1.76644
186 1.77467
187 1.78311
188 1.7853
189 1.78973
190 1.7916
191 1.81605
192 1.81946
193 1.82372
194 1.82898
195 1.83617
196 1.83922
197 1.84483
198 1.85054
199 1.85813
200 1.86173
201 1.86495
202 1.86667
203 1.87403
204 1.88213
205 1.88952
206 1.90668
207 1.918
208 1.9234
209 1.94295
210 1.94943
211 1.95498
212 1.97265
213 1.97956
214 1.9978
215 2.01518
216 2.02846
217 2.03003
218 2.032
219 2.0355
220 2.03692
221 2.03854
222 2.04386
223 2.06148
224 2.07321
225 2.08132
226 2.08272
227 2.09894
228 2.10199
229 2.10517
230 2.11875
231 2.12047
232 2.12993
233 2.17201
234 2.18954
235 2.19127
236 2.22153
237 2.2379
238 2.25772
239 2.26773
240 2.2711
241 2.27898
242 2.29331
243 2.3168
244 2.31941
245 2.32202
246 2.32755
247 2.33027
248 2.33372
249 2.34174
250 2.34937
251 2.35756
252 2.36074
253 2.37315
254 2.38424
255 2.38724
256 2.39625
257 2.42008
258 2.42796
259 2.44683
260 2.45196
261 2.46881
262 2.47723
263 2.48466
264 2.48765
265 2.4915
266 2.50772
267 2.5119
268 2.5264
269 2.52803
270 2.53435
271 2.54797
272 2.55223
273 2.5596
274 2.56102
275 2.56495
276 2.57403
277 2.57931
278 2.60225
279 2.60827
280 2.61254
281 2.6257
282 2.62942
283 2.63919
284 2.65901
285 2.67633
286 2.68093
287 2.69262
288 2.72816
289 2.74028
290 2.7982
291 2.80172
292 2.81309
293 2.81433
294 2.81857
295 2.82174
296 2.82975
297 2.83539
298 2.85555
299 2.8597
300 2.86159
301 2.86753
302 2.87033
303 2.88147
304 2.89224
305 2.90022
306 2.90792
307 2.91686
308 2.9246
309 2.92911
310 2.9304
311 2.93454
312 2.94107
313 2.94685
314 2.95079
315 2.96305
316 2.97499
317 2.98209
318 2.98413
