1 0.01951
2 0.02464
3 0.03361
4 0.0472
5 0.05451
6 0.06839
7 0.08884
8 0.09772
9 0.10556
10 0.11021
11 0.12763
12 0.13731
13 0.14573
14 0.17297
15 0.17778
16 0.20504
17 0.21261
18 0.21382
19 0.22145
20 0.2358
21 0.24803
22 0.26376
23 0.26952
24 0.27105
25 0.27605
26 0.28187
27 0.29866
28 0.30965
29 0.34175
30 0.3519
31 0.3581
32 0.36769
33 0.37772
34 0.39613
35 0.40181
36 0.40802
37 0.40913
38 0.41298
39 0.42194
40 0.43226
41 0.44104
42 0.44386
43 0.45134
44 0.47117
45 0.4784
46 0.47978
47 0.48306
48 0.48703
49 0.49158
50 0.49786
51 0.50094
52 0.51626
53 0.51907
54 0.5272
55 0.54046
56 0.55821
57 0.57686
58 0.59445
59 0.59727
60 0.62354
61 0.62957
62 0.63788
63 0.64615
64 0.65217
65 0.65541
66 0.65941
67 0.66691
68 0.66991
69 0.67133
70 0.67457
71 0.68908
72 0.6936
73 0.70526
74 0.71946
75 0.73284
76 0.73975
77 0.74413
78 0.74937
79 0.76188
80 0.76451
81 0.7702
82 0.79028
83 0.79226
84 0.81713
85 0.82197
86 0.83445
87 0.85608
88 0.85879
89 0.86361
90 0.86836
91 0.89277
92 0.9036
93 0.92232
94 0.92492
95 0.92846
96 0.93797
97 0.95104
98 0.95993
99 0.97121
100 0.97468
101 0.98258
102 0.99282
103 1.011
104 1.01461
105 1.0435
106 1.04749
107 1.06023
108 1.06972
109 1.09269
110 1.09416
111 1.10988
112 1.11957
113 1.12506
114 1.12995
115 1.13323
116 1.13588
117 1.13921
118 1.15524
119 1.17055
120 1.192
121 1.22475
122 1.23202
123 1.23608
124 1.26972
125 1.27549
126 1.27754
127 1.2932
128 1.29674
129 1.30114
130 1.32157
131 1.33423
132 1.34929
133 1.35845
134 1.377
135 1.38088
136 1.38815
137 1.42352
138 1.44407
139 1.47849
140 1.4798
141 1.48431
142 1.49505
143 1.50121
144 1.50736
145 1.51356
146 1.5165
147 1.54934
148 1.5875
149 1.58951
150 1.59696
151 1.61244
152 1.62266
153 1.62508
154 1.64054
155 1.64504
156 1.65424
157 1.66952
158 1.67177
159 1.68021
160 1.69465
161 1.70918
162 1.7237
163 1.73188
164 1.73788
165 1.74654
166 1.75263
167 1.77465
168 1.77857
169 1.79844
170 1.8213
171 1.83914
172 1.85195
173 1.86118
174 1.87317
175 1.89126
176 1.89421
177 1.90158
178 1.90895
179 1.92629
180 1.93885
181 1.94543
182 1.9709
183 1.98719
184 2.01057
185 2.01434
186 2.06137
187 2.06771
188 2.07765
189 2.1017
190 2.10612
191 2.11137
192 2.11414
193 2.12345
194 2.12728
195 2.14193
196 2.14723
197 2.1502
198 2.15495
199 2.15893
200 2.17221
201 2.17614
202 2.18717
203 2.19958
204 2.20312
205 2.20967
206 2.23603
207 2.26398
208 2.26782
209 2.27781
210 2.32171
211 2.34072
212 2.35412
213 2.36572
214 2.36798
215 2.37061
216 2.37797
217 2.39029
218 2.39591
219 2.40612
220 2.40832
221 2.41519
222 2.42378
223 2.4359
224 2.43824
225 2.44503
226 2.44842
227 2.45684
228 2.49262
229 2.50196
230 2.51631
231 2.53177
232 2.5354
233 2.54144
234 2.57583
235 2.59635
236 2.6058
237 2.61524
238 2.62295
239 2.63399
240 2.63768
241 2.64591
242 2.66289
243 2.68153
244 2.70002
245 2.70824
246 2.73314
247 2.73525
248 2.74548
249 2.76485
250 2.79368
251 2.81624
252 2.84124
253 2.85334
254 2.87706
255 2.88423
256 2.90331
257 2.92796
258 2.94472
259 2.94701
260 2.95051
261 2.95514
262 2.95982
263 2.96991
264 2.97899
265 2.98713
266 2.9916
267 2.99609
268 2.99999
