1 0.00211
2 0.00496
3 0.01024
4 0.0154
5 0.02195
6 0.02539
7 0.02882
8 0.0308
9 0.04501
10 0.06284
11 0.06532
12 0.06936
13 0.07307
14 0.07561
15 0.0806
16 0.09158
17 0.09842
18 0.10279
19 0.10817
20 0.12032
21 0.12284
22 0.12497
23 0.12933
24 0.13454
25 0.14805
26 0.15548
27 0.16675
28 0.17308
29 0.18456
30 0.18755
31 0.19556
32 0.20406
33 0.20926
34 0.21376
35 0.21925
36 0.22455
37 0.23084
38 0.25242
39 0.25524
40 0.26477
41 0.27035
42 0.2774
43 0.30065
44 0.30905
45 0.32135
46 0.34301
47 0.3448
48 0.35012
49 0.35362
50 0.35649
51 0.36143
52 0.3686
53 0.38119
54 0.38302
55 0.39279
56 0.40032
57 0.4212
58 0.42579
59 0.42825
60 0.44058
61 0.45017
62 0.45218
63 0.45925
64 0.46213
65 0.46389
66 0.46797
67 0.47499
68 0.47733
69 0.48474
70 0.48594
71 0.50501
72 0.50815
73 0.5175
74 0.53086
75 0.53426
76 0.54552
77 0.56105
78 0.56328
79 0.566
80 0.57728
81 0.58652
82 0.58983
83 0.5917
84 0.6043
85 0.60823
86 0.61742
87 0.61827
88 0.62279
89 0.62801
90 0.64329
91 0.64738
92 0.66932
93 0.67129
94 0.67748
95 0.68013
96 0.6878
97 0.69097
98 0.70216
99 0.708
100 0.71262
101 0.71529
102 0.72123
103 0.72835
104 0.73078
105 0.74722
106 0.75207
107 0.76076
108 0.76892
109 0.77522
110 0.78298
111 0.79152
112 0.81957
113 0.82206
114 0.84266
115 0.85057
116 0.8576
117 0.85937
118 0.86837
119 0.87325
120 0.87674
121 0.89403
122 0.89555
123 0.90922
124 0.91696
125 0.9215
126 0.9227
127 0.9269
128 0.93471
129 0.93977
130 0.9515
131 0.95379
132 0.96261
133 0.97261
134 0.97559
135 0.97761
136 0.99892
137 1.00158
138 1.00272
139 1.00467
140 1.008
141 1.01749
142 1.02132
143 1.02786
144 1.02906
145 1.04755
146 1.06139
147 1.07308
148 1.07585
149 1.09193
150 1.09525
151 1.098
152 1.10117
153 1.10422
154 1.10707
155 1.11244
156 1.12016
157 1.125
158 1.14735
159 1.15401
160 1.17505
161 1.18341
162 1.18931
163 1.20205
164 1.20357
165 1.20649
166 1.2093
167 1.21231
168 1.22167
169 1.23365
170 1.24699
171 1.25167
172 1.261
173 1.26752
174 1.2727
175 1.30141
176 1.30444
177 1.31447
178 1.32341
179 1.3255
180 1.33968
181 1.34285
182 1.34912
183 1.36255
184 1.36715
185 1.37203
186 1.37725
187 1.38117
188 1.39225
189 1.3969
190 1.40062
191 1.41987
192 1.42364
193 1.43192
194 1.44175
195 1.44735
196 1.45178
197 1.45293
198 1.4608
199 1.46392
200 1.46909
201 1.47484
202 1.48956
203 1.50915
204 1.51435
205 1.5449
206 1.56295
207 1.57527
208 1.59156
209 1.595
210 1.6045
211 1.60955
212 1.61962
213 1.62828
214 1.64573
215 1.65096
216 1.66906
217 1.67939
218 1.69174
219 1.69428
220 1.70655
221 1.71753
222 1.73379
223 1.74847
224 1.75244
225 1.7572
226 1.76265
227 1.77126
228 1.77529
229 1.78151
230 1.80602
231 1.81405
232 1.81723
233 1.81827
234 1.84107
235 1.85393
236 1.85628
237 1.85744
238 1.86644
239 1.87088
240 1.88144
241 1.89683
242 1.9096
243 1.92507
244 1.93014
245 1.9375
246 1.93957
247 1.94372
248 1.94788
249 1.95662
250 1.96289
251 1.97113
252 1.97893
253 1.99592
254 2.00262
255 2.00946
256 2.02187
257 2.02658
258 2.04491
259 2.0507
260 2.0631
261 2.07204
262 2.08467
263 2.09174
264 2.09491
265 2.10007
266 2.10759
267 2.11407
268 2.11532
269 2.11991
270 2.1257
271 2.13965
272 2.14526
273 2.14782
274 2.16593
275 2.17848
276 2.18288
277 2.1896
278 2.19394
279 2.21006
280 2.21252
281 2.21974
282 2.22395
283 2.23482
284 2.24955
285 2.26129
286 2.26489
287 2.26714
288 2.27556
289 2.27924
290 2.2839
291 2.30041
292 2.31911
293 2.32042
294 2.32265
295 2.32615
296 2.34167
297 2.34561
298 2.34792
299 2.37106
300 2.37424
301 2.39003
302 2.39591
303 2.40094
304 2.41876
305 2.43363
306 2.43796
307 2.43932
308 2.44422
309 2.44783
310 2.45559
311 2.45972
312 2.46725
313 2.47256
314 2.47734
315 2.48427
316 2.49792
317 2.49976
318 2.50788
319 2.50915
320 2.52159
321 2.5256
322 2.5383
323 2.54369
324 2.54597
325 2.55789
326 2.56151
327 2.56811
328 2.58887
329 2.59487
330 2.60039
331 2.60594
332 2.62693
333 2.63086
334 2.64566
335 2.64701
336 2.66614
337 2.67543
338 2.67883
339 2.68444
340 2.68593
341 2.69251
342 2.70323
343 2.70663
344 2.70777
345 2.7147
346 2.71947
347 2.72454
348 2.72781
349 2.74785
350 2.74947
351 2.75473
352 2.76271
353 2.77056
354 2.77661
355 2.78185
356 2.81065
357 2.81268
358 2.81482
359 2.82275
360 2.84614
361 2.85198
362 2.85644
363 2.85816
364 2.86322
365 2.86805
366 2.87334
367 2.8789
368 2.88195
369 2.89725
370 2.89862
371 2.89987
372 2.9055
373 2.91561
374 2.91893
375 2.92477
376 2.93462
377 2.94161
378 2.94749
379 2.95707
380 2.95836
381 2.97362
382 2.97692
383 2.98515
