1 0.00147
2 0.00499
3 0.00699
4 0.01492
5 0.03381
6 0.03728
7 0.04744
8 0.04995
9 0.05338
10 0.06367
11 0.07358
12 0.07564
13 0.08914
14 0.10422
15 0.10695
16 0.11408
17 0.11757
18 0.11933
19 0.1307
20 0.13833
21 0.14037
22 0.14516
23 0.15225
24 0.16207
25 0.17118
26 0.17354
27 0.17726
28 0.18666
29 0.19433
30 0.20145
31 0.20542
32 0.2075
33 0.21983
34 0.23786
35 0.23928
36 0.24233
37 0.25131
38 0.25435
39 0.25639
40 0.26429
41 0.26995
42 0.28625
43 0.29797
44 0.31509
45 0.31632
46 0.32422
47 0.33223
48 0.33906
49 0.34693
50 0.3593
51 0.36241
52 0.36796
53 0.37189
54 0.37969
55 0.39761
56 0.40271
57 0.40701
58 0.41551
59 0.42006
60 0.42761
61 0.43356
62 0.43892
63 0.44098
64 0.44276
65 0.44835
66 0.45781
67 0.46659
68 0.48109
69 0.49074
70 0.50851
71 0.51576
72 0.5518
73 0.5563
74 0.56552
75 0.56766
76 0.57063
77 0.57156
78 0.57751
79 0.57998
80 0.58297
81 0.58801
82 0.59817
83 0.60781
84 0.61578
85 0.64959
86 0.6524
87 0.65743
88 0.65947
89 0.66243
90 0.66807
91 0.67028
92 0.67305
93 0.6831
94 0.69218
95 0.70185
96 0.71116
97 0.7165
98 0.72192
99 0.73607
100 0.73904
101 0.74394
102 0.74926
103 0.75121
104 0.75341
105 0.75679
106 0.76329
107 0.77579
108 0.78465
109 0.79857
110 0.80257
111 0.80507
112 0.81011
113 0.8165
114 0.82228
115 0.8245
116 0.83554
117 0.84903
118 0.85576
119 0.8633
120 0.86983
121 0.87578
122 0.87746
123 0.88773
124 0.90837
125 0.91662
126 0.92455
127 0.93028
128 0.93679
129 0.94057
130 0.94902
131 0.96061
132 0.98471
133 0.99205
134 1.00607
135 1.01508
136 1.02085
137 1.04047
138 1.04901
139 1.05279
140 1.05867
141 1.06452
142 1.07027
143 1.07948
144 1.09356
145 1.09843
146 1.10446
147 1.11277
148 1.11813
149 1.12453
150 1.12752
151 1.14964
152 1.15234
153 1.15862
154 1.16286
155 1.16752
156 1.18317
157 1.18828
158 1.19697
159 1.20413
160 1.21266
161 1.22691
162 1.24276
163 1.24975
164 1.25732
165 1.25972
166 1.26561
167 1.29455
168 1.31242
169 1.31604
170 1.32261
171 1.32787
172 1.33042
173 1.33793
174 1.34297
175 1.3514
176 1.35888
177 1.36515
178 1.37342
179 1.38911
180 1.39924
181 1.4027
182 1.40573
183 1.40803
184 1.4109
185 1.41427
186 1.41615
187 1.42199
188 1.42336
189 1.43144
190 1.44232
191 1.45576
192 1.45806
193 1.46395
194 1.49291
195 1.49836
196 1.50625
197 1.51089
198 1.51416
199 1.53595
200 1.54972
201 1.55155
202 1.55558
203 1.56494
204 1.56869
205 1.57322
206 1.58363
207 1.59207
208 1.60275
209 1.60596
210 1.60872
211 1.61255
212 1.62312
213 1.63797
214 1.64984
215 1.65756
216 1.65907
217 1.66232
218 1.66432
219 1.66803
220 1.67293
221 1.67979
222 1.69357
223 1.70415
224 1.7115
225 1.73055
226 1.73392
227 1.74874
228 1.75191
229 1.75819
230 1.77774
231 1.80597
232 1.80971
233 1.81058
234 1.81346
235 1.82617
236 1.82743
237 1.83553
238 1.8412
239 1.84994
240 1.8583
241 1.86286
242 1.87147
243 1.87341
244 1.88821
245 1.90255
246 1.90689
247 1.91288
248 1.9199
249 1.92792
250 1.92993
251 1.94604
252 1.96078
253 1.97342
254 1.98085
255 1.98252
256 1.99248
257 1.99373
258 1.99939
259 2.00291
260 2.00505
261 2.01023
262 2.02092
263 2.04043
264 2.05301
265 2.05473
266 2.0713
267 2.07866
268 2.0888
269 2.09089
270 2.09768
271 2.10602
272 2.10956
273 2.11544
274 2.12242
275 2.12862
276 2.14104
277 2.1518
278 2.15638
279 2.16237
280 2.17143
281 2.18659
282 2.18866
283 2.19239
284 2.1944
285 2.19994
286 2.21102
287 2.22053
288 2.23577
289 2.2421
290 2.24334
291 2.25146
292 2.26068
293 2.26706
294 2.29445
295 2.29642
296 2.30051
297 2.30237
298 2.30758
299 2.31323
300 2.31593
301 2.32592
302 2.33376
303 2.33984
304 2.34775
305 2.34892
306 2.35453
307 2.35846
308 2.36264
309 2.3665
310 2.37654
311 2.40153
312 2.40438
313 2.40641
314 2.4089
315 2.41876
316 2.43499
317 2.43693
318 2.44039
319 2.44957
320 2.46167
321 2.46626
322 2.49453
323 2.49723
324 2.50175
325 2.50893
326 2.51232
327 2.51652
328 2.55332
329 2.55489
330 2.55762
331 2.56114
332 2.56975
333 2.5713
334 2.57701
335 2.57963
336 2.58628
337 2.58994
338 2.60333
339 2.60656
340 2.60957
341 2.61272
342 2.61565
343 2.62557
344 2.65626
345 2.66051
346 2.66398
347 2.66654
348 2.66924
349 2.67365
350 2.67945
351 2.69211
352 2.69372
353 2.69697
354 2.70211
355 2.7163
356 2.71732
357 2.74191
358 2.74593
359 2.75127
360 2.75611
361 2.76101
362 2.77565
363 2.78736
364 2.79808
365 2.81506
366 2.82115
367 2.83376
368 2.8405
369 2.84276
370 2.85895
371 2.86042
372 2.873
373 2.91693
374 2.92088
375 2.92631
376 2.93706
377 2.93866
378 2.94719
379 2.95462
380 2.95887
381 2.97039
382 2.9905
383 2.99901
