1 0.00289
2 0.00398
3 0.01076
4 0.01726
5 0.03153
6 0.03565
7 0.0578
8 0.06295
9 0.07172
10 0.07833
11 0.08678
12 0.09359
13 0.11195
14 0.11931
15 0.12494
16 0.1401
17 0.14272
18 0.14969
19 0.16188
20 0.16805
21 0.17481
22 0.1772
23 0.20001
24 0.20723
25 0.2135
26 0.24079
27 0.24987
28 0.25867
29 0.26819
30 0.2834
31 0.3044
32 0.32518
33 0.33788
34 0.341
35 0.34372
36 0.35421
37 0.36532
38 0.37084
39 0.37272
40 0.37606
41 0.38159
42 0.39095
43 0.40019
44 0.40811
45 0.41059
46 0.41289
47 0.41716
48 0.43573
49 0.43877
50 0.44976
51 0.46202
52 0.47226
53 0.4857
54 0.4891
55 0.50047
56 0.5022
57 0.50672
58 0.52323
59 0.53151
60 0.53279
61 0.54637
62 0.55302
63 0.5642
64 0.57149
65 0.57776
66 0.58632
67 0.58894
68 0.59422
69 0.60305
70 0.61431
71 0.62603
72 0.62868
73 0.64526
74 0.6504
75 0.65426
76 0.66535
77 0.66899
78 0.67433
79 0.67787
80 0.69372
81 0.69673
82 0.70711
83 0.71121
84 0.72842
85 0.7525
86 0.76379
87 0.78814
88 0.80069
89 0.80963
90 0.81296
91 0.81875
92 0.82305
93 0.82896
94 0.83738
95 0.84565
96 0.85501
97 0.85967
98 0.8715
99 0.8961
100 0.90624
101 0.91484
102 0.92026
103 0.92417
104 0.93719
105 0.95021
106 0.95967
107 0.96336
108 0.96811
109 0.97135
110 0.98899
111 1.00753
112 1.0089
113 1.0228
114 1.06249
115 1.07903
116 1.08316
117 1.08743
118 1.09273
119 1.09581
120 1.09837
121 1.12298
122 1.12565
123 1.14932
124 1.15732
125 1.16296
126 1.16746
127 1.18444
128 1.21039
129 1.24988
130 1.26528
131 1.28077
132 1.28326
133 1.28647
134 1.28985
135 1.30372
136 1.31084
137 1.32499
138 1.32891
139 1.33686
140 1.33958
141 1.34722
142 1.35232
143 1.35686
144 1.36153
145 1.37844
146 1.38221
147 1.39037
148 1.39373
149 1.40334
150 1.41502
151 1.42086
152 1.4306
153 1.43175
154 1.45768
155 1.47285
156 1.48361
157 1.49401
158 1.50726
159 1.51222
160 1.53308
161 1.54055
162 1.54801
163 1.5501
164 1.56602
165 1.58826
166 1.59796
167 1.60817
168 1.62279
169 1.6397
170 1.66198
171 1.69184
172 1.70284
173 1.70888
174 1.71257
175 1.73104
176 1.73942
177 1.74364
178 1.7472
179 1.75354
180 1.75983
181 1.77773
182 1.78482
183 1.79805
184 1.83853
185 1.84294
186 1.8763
187 1.88521
188 1.89009
189 1.90701
190 1.91318
191 1.92157
192 1.93157
193 1.94471
194 1.95583
195 1.97019
196 1.97316
197 1.97743
198 1.98304
199 1.9887
200 1.99726
201 2.00574
202 2.01304
203 2.02852
204 2.04052
205 2.04925
206 2.05303
207 2.07059
208 2.09291
209 2.10446
210 2.10921
211 2.12228
212 2.14931
213 2.16543
214 2.17313
215 2.17799
216 2.21155
217 2.2155
218 2.22268
219 2.22374
220 2.23205
221 2.23428
222 2.24694
223 2.26212
224 2.26597
225 2.30137
226 2.30672
227 2.31418
228 2.31707
229 2.31983
230 2.32865
231 2.33288
232 2.34302
233 2.35145
234 2.36223
235 2.3758
236 2.41325
237 2.41492
238 2.42696
239 2.43515
240 2.44313
241 2.44506
242 2.44949
243 2.45418
244 2.4622
245 2.4839
246 2.49256
247 2.50573
248 2.50739
249 2.51344
250 2.53523
251 2.54245
252 2.55614
253 2.56881
254 2.57396
255 2.58117
256 2.59404
257 2.61867
258 2.6229
259 2.63801
260 2.64181
261 2.64664
262 2.65503
263 2.66603
264 2.67082
265 2.68007
266 2.69495
267 2.70783
268 2.7154
269 2.73302
270 2.7362
271 2.74585
272 2.76033
273 2.76515
274 2.77502
275 2.79028
276 2.7915
277 2.80356
278 2.80623
279 2.81677
280 2.83979
281 2.85886
282 2.86489
283 2.8793
284 2.88316
285 2.88947
286 2.90524
287 2.92532
288 2.93591
289 2.98792
