1 0.01203
2 0.01926
3 0.02556
4 0.02877
5 0.04231
6 0.04829
7 0.05114
8 0.05351
9 0.06187
10 0.06616
11 0.07759
12 0.09975
13 0.10984
14 0.11877
15 0.12882
16 0.13337
17 0.13638
18 0.14182
19 0.16037
20 0.16562
21 0.17854
22 0.18429
23 0.18726
24 0.20681
25 0.21259
26 0.2197
27 0.2277
28 0.23809
29 0.24229
30 0.24564
31 0.2709
32 0.27394
33 0.28469
34 0.30385
35 0.31491
36 0.3188
37 0.32341
38 0.34034
39 0.344
40 0.37048
41 0.3737
42 0.37908
43 0.38026
44 0.38749
45 0.40099
46 0.41658
47 0.4256
48 0.43238
49 0.44254
50 0.45386
51 0.46515
52 0.47729
53 0.48285
54 0.49789
55 0.50037
56 0.50569
57 0.50754
58 0.5239
59 0.53177
60 0.5454
61 0.56237
62 0.58042
63 0.58301
64 0.59955
65 0.6063
66 0.61334
67 0.625
68 0.63702
69 0.63979
70 0.65994
71 0.66649
72 0.67797
73 0.68855
74 0.69394
75 0.69921
76 0.70343
77 0.70859
78 0.72853
79 0.73185
80 0.73275
81 0.74067
82 0.76844
83 0.77113
84 0.78205
85 0.78338
86 0.79963
87 0.81567
88 0.82179
89 0.83096
90 0.83746
91 0.84775
92 0.85458
93 0.86627
94 0.86931
95 0.8776
96 0.88798
97 0.89912
98 0.90215
99 0.9045
100 0.91518
101 0.92279
102 0.92879
103 0.93191
104 0.94991
105 0.96628
106 0.96962
107 0.98212
108 0.99047
109 0.99271
110 1.00479
111 1.01332
112 1.02861
113 1.03359
114 1.04234
115 1.05102
116 1.06487
117 1.08049
118 1.09148
119 1.10186
120 1.11287
121 1.11862
122 1.12302
123 1.14168
124 1.14919
125 1.15168
126 1.18246
127 1.189
128 1.19054
129 1.20309
130 1.2086
131 1.21873
132 1.23138
133 1.25883
134 1.27263
135 1.28774
136 1.28926
137 1.29481
138 1.30875
139 1.31423
140 1.3196
141 1.3261
142 1.32797
143 1.33634
144 1.34406
145 1.34632
146 1.35087
147 1.36364
148 1.36843
149 1.37313
150 1.38045
151 1.39262
152 1.40758
153 1.42367
154 1.4365
155 1.44975
156 1.4539
157 1.45643
158 1.4652
159 1.48208
160 1.48329
161 1.48873
162 1.50466
163 1.52442
164 1.5316
165 1.53566
166 1.54268
167 1.54903
168 1.56096
169 1.56378
170 1.56921
171 1.57359
172 1.57676
173 1.5975
174 1.60972
175 1.61726
176 1.63419
177 1.64748
178 1.65363
179 1.67741
180 1.68576
181 1.68764
182 1.70011
183 1.70705
184 1.71146
185 1.73849
186 1.74091
187 1.74644
188 1.75074
189 1.77424
190 1.79033
191 1.79952
192 1.80502
193 1.81534
194 1.81791
195 1.82765
196 1.83592
197 1.86644
198 1.88328
199 1.8919
200 1.90651
201 1.94213
202 1.95285
203 1.96384
204 1.98373
205 1.98682
206 2.00516
207 2.01475
208 2.02267
209 2.02738
210 2.03651
211 2.05493
212 2.06712
213 2.09888
214 2.11171
215 2.11544
216 2.12359
217 2.12755
218 2.13208
219 2.1357
220 2.1414
221 2.14535
222 2.14712
223 2.15517
224 2.16233
225 2.1676
226 2.17826
227 2.18041
228 2.19049
229 2.19313
230 2.19746
231 2.20441
232 2.2107
233 2.21479
234 2.22321
235 2.24343
236 2.25742
237 2.25916
238 2.27397
239 2.30256
240 2.30831
241 2.33137
242 2.34096
243 2.39703
244 2.39989
245 2.40532
246 2.42136
247 2.43208
248 2.43403
249 2.43585
250 2.43949
251 2.44277
252 2.45033
253 2.4713
254 2.47716
255 2.47924
256 2.48552
257 2.48887
258 2.49629
259 2.50893
260 2.51824
261 2.52584
262 2.54581
263 2.56566
264 2.58418
265 2.59934
266 2.60455
267 2.62429
268 2.63275
269 2.64954
270 2.67334
271 2.68343
272 2.6844
273 2.68924
274 2.69701
275 2.70948
276 2.73162
277 2.7398
278 2.75151
279 2.75872
280 2.76247
281 2.77228
282 2.7826
283 2.79078
284 2.80277
285 2.8196
286 2.83301
287 2.83737
288 2.85102
289 2.85278
290 2.86569
291 2.88102
292 2.88391
293 2.88835
294 2.89556
295 2.90916
296 2.92538
297 2.93079
298 2.93657
299 2.94648
300 2.96472
301 2.97701
