1 0.00403
2 0.00916
3 0.02026
4 0.02849
5 0.04362
6 0.04715
7 0.05938
8 0.06959
9 0.07368
10 0.08962
11 0.09695
12 0.10396
13 0.11015
14 0.11635
15 0.11944
16 0.12377
17 0.12665
18 0.13167
19 0.13609
20 0.14193
21 0.14622
22 0.15509
23 0.16888
24 0.17342
25 0.17788
26 0.18451
27 0.18763
28 0.19199
29 0.19929
30 0.21007
31 0.22769
32 0.23629
33 0.24527
34 0.25043
35 0.25452
36 0.26211
37 0.2756
38 0.28407
39 0.29935
40 0.3132
41 0.31891
42 0.32175
43 0.32673
44 0.32942
45 0.3339
46 0.34617
47 0.35529
48 0.35735
49 0.36004
50 0.36424
51 0.37512
52 0.3889
53 0.39887
54 0.40284
55 0.41184
56 0.41472
57 0.41789
58 0.42551
59 0.44378
60 0.4521
61 0.45752
62 0.46968
63 0.48169
64 0.49933
65 0.50467
66 0.50585
67 0.52351
68 0.53123
69 0.53742
70 0.54781
71 0.54973
72 0.5653
73 0.5759
74 0.59247
75 0.59503
76 0.60498
77 0.60655
78 0.61334
79 0.63777
80 0.64517
81 0.64944
82 0.65354
83 0.66125
84 0.66446
85 0.68265
86 0.68862
87 0.69458
88 0.70956
89 0.72917
90 0.73682
91 0.74912
92 0.75679
93 0.76796
94 0.77805
95 0.77947
96 0.78705
97 0.79138
98 0.80605
99 0.80939
100 0.81685
101 0.82311
102 0.82632
103 0.8373
104 0.85111
105 0.86643
106 0.87002
107 0.87248
108 0.87517
109 0.87917
110 0.8928
111 0.89621
112 0.89799
113 0.90647
114 0.91429
115 0.91666
116 0.92216
117 0.93336
118 0.94305
119 0.9582
120 0.9633
121 0.98414
122 0.9911
123 0.99537
124 1.0087
125 1.01127
126 1.02834
127 1.03088
128 1.043
129 1.06347
130 1.06589
131 1.07246
132 1.07519
133 1.09703
134 1.10361
135 1.11652
136 1.13473
137 1.137
138 1.14634
139 1.15465
140 1.16999
141 1.17719
142 1.18791
143 1.19636
144 1.20028
145 1.22697
146 1.23339
147 1.24449
148 1.25438
149 1.26199
150 1.26654
151 1.28622
152 1.29001
153 1.29789
154 1.30792
155 1.31311
156 1.31581
157 1.32669
158 1.33366
159 1.34221
160 1.34532
161 1.35227
162 1.36819
163 1.38131
164 1.38353
165 1.39308
166 1.39912
167 1.40443
168 1.40868
169 1.41612
170 1.4193
171 1.42403
172 1.43347
173 1.44363
174 1.44608
175 1.45106
176 1.45356
177 1.46238
178 1.4666
179 1.47262
180 1.48912
181 1.49319
182 1.52396
183 1.52962
184 1.54294
185 1.54551
186 1.56641
187 1.56877
188 1.58001
189 1.58429
190 1.58739
191 1.61009
192 1.61558
193 1.6197
194 1.62731
195 1.63129
196 1.64203
197 1.64691
198 1.6559
199 1.6664
200 1.68599
201 1.68745
202 1.69159
203 1.70244
204 1.71442
205 1.73877
206 1.74951
207 1.76648
208 1.77384
209 1.7935
210 1.79732
211 1.80602
212 1.8227
213 1.82661
214 1.83709
215 1.84005
216 1.84804
217 1.84954
218 1.85316
219 1.86324
220 1.87016
221 1.87769
222 1.8813
223 1.88604
224 1.89143
225 1.90775
226 1.91349
227 1.92054
228 1.9294
229 1.9395
230 1.94173
231 1.96323
232 1.98018
233 1.98668
234 1.99616
235 2.01115
236 2.01217
237 2.01383
238 2.03654
239 2.04943
240 2.06551
241 2.06765
242 2.07388
243 2.07852
244 2.08648
245 2.09596
246 2.09936
247 2.10661
248 2.10766
249 2.11348
250 2.11543
251 2.11644
252 2.12452
253 2.14974
254 2.16147
255 2.1767
256 2.19085
257 2.1926
258 2.20806
259 2.20916
260 2.20999
261 2.23306
262 2.23997
263 2.25621
264 2.26042
265 2.26571
266 2.28766
267 2.31239
268 2.31434
269 2.3164
270 2.31908
271 2.32374
272 2.33247
273 2.3396
274 2.34507
275 2.35881
276 2.37432
277 2.38607
278 2.3913
279 2.4182
280 2.43845
281 2.45135
282 2.45635
283 2.47008
284 2.48341
285 2.49023
286 2.49743
287 2.51908
288 2.54836
289 2.55252
290 2.55428
291 2.56037
292 2.56894
293 2.57329
294 2.58367
295 2.58512
296 2.59051
297 2.59386
298 2.59822
299 2.61078
300 2.62633
301 2.63113
302 2.63544
303 2.64818
304 2.65034
305 2.65297
306 2.6571
307 2.66286
308 2.66677
309 2.67045
310 2.67288
311 2.67545
312 2.69579
313 2.70718
314 2.71735
315 2.73797
316 2.74282
317 2.74626
318 2.75647
319 2.76805
320 2.77823
321 2.7913
322 2.80599
323 2.82781
324 2.83537
325 2.83844
326 2.84031
327 2.84681
328 2.85149
329 2.85958
330 2.87313
331 2.87706
332 2.89318
333 2.89839
334 2.90138
335 2.90295
336 2.91236
337 2.9142
338 2.91862
339 2.92246
340 2.9347
341 2.94298
342 2.94681
343 2.95227
344 2.96129
345 2.9655
346 2.97422
347 2.98015
348 2.98789
349 2.99008
350 2.99796
