1 0.01012
2 0.0141
3 0.01607
4 0.01746
5 0.02265
6 0.02523
7 0.02708
8 0.0343
9 0.04025
10 0.04298
11 0.05005
12 0.0539
13 0.05854
14 0.06222
15 0.06492
16 0.06678
17 0.06998
18 0.07421
19 0.09261
20 0.097
21 0.10552
22 0.10772
23 0.12166
24 0.13635
25 0.14799
26 0.15149
27 0.15551
28 0.15893
29 0.16397
30 0.16935
31 0.17701
32 0.18554
33 0.1943
34 0.19602
35 0.21224
36 0.21827
37 0.22505
38 0.23628
39 0.24098
40 0.24514
41 0.26625
42 0.26935
43 0.27101
44 0.27747
45 0.28314
46 0.28816
47 0.29106
48 0.2975
49 0.30174
50 0.30436
51 0.30704
52 0.33146
53 0.339
54 0.34397
55 0.3495
56 0.35786
57 0.35969
58 0.36279
59 0.37097
60 0.38352
61 0.38577
62 0.39022
63 0.39177
64 0.39768
65 0.40216
66 0.41107
67 0.41319
68 0.42412
69 0.44021
70 0.44789
71 0.45833
72 0.46177
73 0.46991
74 0.47373
75 0.48292
76 0.48904
77 0.49536
78 0.50198
79 0.50396
80 0.50792
81 0.50928
82 0.51463
83 0.51649
84 0.51765
85 0.5295
86 0.53712
87 0.54227
88 0.55
89 0.55085
90 0.55886
91 0.5653
92 0.57309
93 0.57957
94 0.596
95 0.60433
96 0.60852
97 0.61373
98 0.61882
99 0.62628
100 0.63029
101 0.63233
102 0.64129
103 0.64681
104 0.65013
105 0.65295
106 0.65622
107 0.6587
108 0.6632
109 0.66917
110 0.67449
111 0.68216
112 0.6842
113 0.69583
114 0.69857
115 0.70571
116 0.7174
117 0.71986
118 0.72273
119 0.72997
120 0.73277
121 0.7421
122 0.75024
123 0.75792
124 0.77241
125 0.77438
126 0.78001
127 0.78475
128 0.80102
129 0.80387
130 0.80859
131 0.82001
132 0.83352
133 0.8366
134 0.83933
135 0.84363
136 0.84728
137 0.85067
138 0.85357
139 0.86633
140 0.86968
141 0.87724
142 0.88003
143 0.88498
144 0.89786
145 0.90839
146 0.91773
147 0.92303
148 0.92456
149 0.93397
150 0.94415
151 0.95968
152 0.97057
153 0.97733
154 0.98352
155 0.98729
156 0.99053
157 1.00054
158 1.00775
159 1.0091
160 1.01508
161 1.01618
162 1.01893
163 1.02584
164 1.03551
165 1.04729
166 1.05989
167 1.07107
168 1.08315
169 1.0887
170 1.09656
171 1.10037
172 1.10527
173 1.11489
174 1.12496
175 1.12866
176 1.13444
177 1.13681
178 1.14984
179 1.15282
180 1.16098
181 1.1619
182 1.17639
183 1.17762
184 1.18098
185 1.18211
186 1.19345
187 1.20187
188 1.21065
189 1.22513
190 1.23116
191 1.2424
192 1.24646
193 1.2484
194 1.25085
195 1.25453
196 1.25982
197 1.26847
198 1.26955
199 1.27545
200 1.28736
201 1.28873
202 1.29612
203 1.30059
204 1.30394
205 1.31213
206 1.31651
207 1.32005
208 1.32723
209 1.33944
210 1.35132
211 1.35377
212 1.3605
213 1.36782
214 1.38561
215 1.38818
216 1.3978
217 1.40168
218 1.41192
219 1.42234
220 1.42871
221 1.44475
222 1.44712
223 1.4534
224 1.47323
225 1.47728
226 1.47854
227 1.49156
228 1.4979
229 1.50092
230 1.51128
231 1.53194
232 1.53716
233 1.54357
234 1.55303
235 1.55872
236 1.56531
237 1.58465
238 1.59063
239 1.59348
240 1.59722
241 1.59946
242 1.60093
243 1.61854
244 1.62657
245 1.62882
246 1.64242
247 1.64505
248 1.64715
249 1.65512
250 1.6611
251 1.67502
252 1.67848
253 1.68362
254 1.68934
255 1.69372
256 1.70022
257 1.71811
258 1.72255
259 1.72761
260 1.73095
261 1.73333
262 1.73947
263 1.7421
264 1.7489
265 1.75779
266 1.76005
267 1.76418
268 1.77243
269 1.78918
270 1.79579
271 1.80337
272 1.81229
273 1.81461
274 1.82132
275 1.82709
276 1.82858
277 1.84246
278 1.85174
279 1.85469
280 1.86947
281 1.87576
282 1.88883
283 1.89232
284 1.89596
285 1.90545
286 1.92213
287 1.93253
288 1.93676
289 1.94285
290 1.96452
291 1.96821
292 1.97312
293 1.9782
294 1.98265
295 1.98634
296 1.98889
297 1.99503
298 1.99779
299 2.00501
300 2.0095
301 2.02379
302 2.03393
303 2.04804
304 2.05568
305 2.06277
306 2.0659
307 2.07256
308 2.08455
309 2.10139
310 2.10281
311 2.107
312 2.11115
313 2.11313
314 2.12495
315 2.13234
316 2.13815
317 2.14254
318 2.1474
319 2.15072
320 2.15541
321 2.15997
322 2.1674
323 2.17332
324 2.1789
325 2.1845
326 2.19044
327 2.19574
328 2.1974
329 2.2051
330 2.21006
331 2.224
332 2.24041
333 2.24249
334 2.24497
335 2.25613
336 2.26119
337 2.26885
338 2.27366
339 2.28065
340 2.28652
341 2.29157
342 2.29783
343 2.30941
344 2.33102
345 2.33875
346 2.35081
347 2.35851
348 2.36344
349 2.38129
350 2.39028
351 2.39649
352 2.40245
353 2.41501
354 2.42293
355 2.42949
356 2.43316
357 2.44257
358 2.46016
359 2.46381
360 2.47479
361 2.48097
362 2.48743
363 2.49601
364 2.50311
365 2.51142
366 2.51455
367 2.51851
368 2.53326
369 2.53656
370 2.54083
371 2.54273
372 2.54426
373 2.55214
374 2.55729
375 2.56556
376 2.57024
377 2.57394
378 2.57653
379 2.57774
380 2.58776
381 2.59637
382 2.6057
383 2.61249
384 2.61624
385 2.61799
386 2.62964
387 2.64122
388 2.64569
389 2.65068
390 2.65272
391 2.655
392 2.6569
393 2.65941
394 2.66506
395 2.66836
396 2.67154
397 2.67699
398 2.68796
399 2.68945
400 2.69555
401 2.70437
402 2.71939
403 2.72479
404 2.73004
405 2.73501
406 2.73754
407 2.74562
408 2.74752
409 2.7584
410 2.76041
411 2.76764
412 2.7789
413 2.78541
414 2.8076
415 2.81244
416 2.81966
417 2.84145
418 2.84654
419 2.85027
420 2.85596
421 2.85718
422 2.87054
423 2.87911
424 2.88178
425 2.89126
426 2.89501
427 2.90037
428 2.91126
429 2.92853
430 2.95174
431 2.96682
432 2.97588
433 2.97954
434 2.98301
435 2.99134
