1 0.01057
2 0.02077
3 0.02284
4 0.02768
5 0.03498
6 0.04348
7 0.04872
8 0.05805
9 0.06547
10 0.06716
11 0.07284
12 0.07793
13 0.08145
14 0.08503
15 0.0958
16 0.10276
17 0.10539
18 0.11283
19 0.12159
20 0.12466
21 0.13079
22 0.138
23 0.14679
24 0.15204
25 0.16227
26 0.16786
27 0.16887
28 0.17722
29 0.1938
30 0.20518
31 0.20818
32 0.22446
33 0.23085
34 0.23782
35 0.24121
36 0.24552
37 0.24762
38 0.2554
39 0.26813
40 0.27016
41 0.28179
42 0.28763
43 0.29214
44 0.29722
45 0.31928
46 0.32329
47 0.3254
48 0.3342
49 0.33944
50 0.34159
51 0.34315
52 0.34956
53 0.35411
54 0.36674
55 0.37447
56 0.38537
57 0.39233
58 0.39941
59 0.40911
60 0.41469
61 0.4234
62 0.42977
63 0.44381
64 0.44647
65 0.44899
66 0.45331
67 0.46385
68 0.47315
69 0.47701
70 0.48813
71 0.49288
72 0.49905
73 0.51412
74 0.52767
75 0.53191
76 0.54261
77 0.56395
78 0.57662
79 0.58988
80 0.5936
81 0.59917
82 0.61525
83 0.62977
84 0.63573
85 0.64244
86 0.6477
87 0.65439
88 0.65821
89 0.6631
90 0.67264
91 0.69181
92 0.70016
93 0.71617
94 0.71787
95 0.72148
96 0.73067
97 0.73718
98 0.74311
99 0.75577
100 0.76316
101 0.77037
102 0.78086
103 0.78881
104 0.79326
105 0.7993
106 0.8102
107 0.81376
108 0.81718
109 0.81944
110 0.82248
111 0.83823
112 0.85349
113 0.85816
114 0.86318
115 0.86531
116 0.87057
117 0.87741
118 0.88382
119 0.92771
120 0.94344
121 0.94645
122 0.95254
123 0.96815
124 0.97728
125 0.9852
126 0.98763
127 0.99681
128 1.01217
129 1.02013
130 1.02372
131 1.02854
132 1.03407
133 1.03729
134 1.0431
135 1.05382
136 1.05918
137 1.06097
138 1.07317
139 1.08102
140 1.08315
141 1.09217
142 1.09728
143 1.10419
144 1.10936
145 1.1152
146 1.1302
147 1.13935
148 1.15847
149 1.16231
150 1.17521
151 1.18875
152 1.19261
153 1.1971
154 1.2086
155 1.21964
156 1.22502
157 1.22646
158 1.24798
159 1.25348
160 1.26599
161 1.27408
162 1.28291
163 1.29225
164 1.30391
165 1.3166
166 1.32317
167 1.33647
168 1.33987
169 1.34326
170 1.34648
171 1.35235
172 1.35682
173 1.36161
174 1.37154
175 1.37481
176 1.38949
177 1.42138
178 1.44437
179 1.44992
180 1.45483
181 1.46647
182 1.48116
183 1.48877
184 1.49419
185 1.5017
186 1.50924
187 1.51378
188 1.54496
189 1.54655
190 1.55143
191 1.56794
192 1.5702
193 1.5758
194 1.58661
195 1.59699
196 1.61038
197 1.6122
198 1.61575
199 1.61768
200 1.62592
201 1.62955
202 1.63934
203 1.64241
204 1.65003
205 1.66047
206 1.66429
207 1.66681
208 1.6726
209 1.67428
210 1.68612
211 1.68771
212 1.69256
213 1.71146
214 1.71859
215 1.72094
216 1.72747
217 1.72993
218 1.74193
219 1.74403
220 1.74626
221 1.75596
222 1.76812
223 1.77795
224 1.78101
225 1.79885
226 1.81593
227 1.8234
228 1.82562
229 1.84107
230 1.85198
231 1.88222
232 1.8905
233 1.89356
234 1.90885
235 1.9151
236 1.93162
237 1.9352
238 1.94572
239 1.95839
240 1.96712
241 1.97272
242 1.97868
243 1.99701
244 2.00621
245 2.01324
246 2.01938
247 2.0316
248 2.03709
249 2.04513
250 2.05655
251 2.06466
252 2.06813
253 2.07408
254 2.08376
255 2.08797
256 2.09379
257 2.11461
258 2.11968
259 2.12765
260 2.13678
261 2.14076
262 2.14257
263 2.14842
264 2.15494
265 2.16587
266 2.17804
267 2.1806
268 2.1964
269 2.19901
270 2.21676
271 2.22734
272 2.2352
273 2.23751
274 2.24675
275 2.25453
276 2.26599
277 2.27773
278 2.29612
279 2.29857
280 2.31147
281 2.32056
282 2.32277
283 2.32433
284 2.32976
285 2.34866
286 2.35033
287 2.3546
288 2.36673
289 2.37162
290 2.3911
291 2.39354
292 2.39831
293 2.40915
294 2.41715
295 2.42126
296 2.4229
297 2.43008
298 2.43399
299 2.43928
300 2.44507
301 2.44634
302 2.44783
303 2.4513
304 2.46143
305 2.46972
306 2.47512
307 2.47699
308 2.47917
309 2.48804
310 2.49226
311 2.49571
312 2.49712
313 2.50306
314 2.50903
315 2.52005
316 2.52524
317 2.52974
318 2.54124
319 2.54558
320 2.55058
321 2.56324
322 2.56474
323 2.57062
324 2.57595
325 2.60023
326 2.60348
327 2.60727
328 2.62111
329 2.62954
330 2.64031
331 2.64879
332 2.65695
333 2.66251
334 2.67536
335 2.69086
336 2.70677
337 2.71828
338 2.72068
339 2.72578
340 2.72901
341 2.74339
342 2.75561
343 2.77067
344 2.78653
345 2.78984
346 2.80677
347 2.82099
348 2.82903
349 2.83914
350 2.85359
351 2.86293
352 2.8671
353 2.8787
354 2.88008
355 2.88753
356 2.89109
357 2.8973
358 2.89999
359 2.90906
360 2.91556
361 2.91932
362 2.92599
363 2.941
364 2.94932
365 2.96098
366 2.97105
367 2.97756
368 2.99175
369 2.99941
