1 0.01323
2 0.02038
3 0.02345
4 0.03084
5 0.0362
6 0.03932
7 0.06019
8 0.07398
9 0.09177
10 0.09597
11 0.10485
12 0.11755
13 0.12178
14 0.13125
15 0.1448
16 0.14755
17 0.17847
18 0.18032
19 0.19189
20 0.20301
21 0.21287
22 0.24076
23 0.24302
24 0.24982
25 0.2513
26 0.25736
27 0.26504
28 0.26813
29 0.28044
30 0.30489
31 0.30677
32 0.30779
33 0.3092
34 0.31123
35 0.31375
36 0.3219
37 0.34234
38 0.34865
39 0.35124
40 0.37068
41 0.37741
42 0.38356
43 0.38771
44 0.40303
45 0.41335
46 0.41763
47 0.42706
48 0.43111
49 0.43336
50 0.44009
51 0.45463
52 0.46403
53 0.46747
54 0.47191
55 0.48557
56 0.4902
57 0.5124
58 0.51653
59 0.52331
60 0.52907
61 0.5398
62 0.54275
63 0.55494
64 0.56033
65 0.56898
66 0.57358
67 0.58994
68 0.59556
69 0.59736
70 0.60321
71 0.61662
72 0.62609
73 0.63664
74 0.64368
75 0.64975
76 0.65891
77 0.66222
78 0.67121
79 0.6848
80 0.6879
81 0.68931
82 0.69838
83 0.70441
84 0.74433
85 0.75027
86 0.7656
87 0.77292
88 0.78162
89 0.78928
90 0.79324
91 0.80184
92 0.80524
93 0.81005
94 0.81506
95 0.83593
96 0.84945
97 0.85774
98 0.87157
99 0.8794
100 0.88156
101 0.89185
102 0.90339
103 0.91643
104 0.92448
105 0.93068
106 0.93982
107 0.95612
108 0.96602
109 0.97604
110 0.9781
111 0.99132
112 1.01234
113 1.01548
114 1.02436
115 1.04149
116 1.05519
117 1.06899
118 1.07999
119 1.08549
120 1.09556
121 1.10193
122 1.10453
123 1.11076
124 1.12634
125 1.13997
126 1.15711
127 1.16048
128 1.16436
129 1.17733
130 1.18205
131 1.18524
132 1.19749
133 1.21523
134 1.23176
135 1.23915
136 1.24988
137 1.26055
138 1.26459
139 1.28764
140 1.29337
141 1.30678
142 1.31375
143 1.35203
144 1.35449
145 1.3659
146 1.38199
147 1.39341
148 1.39872
149 1.4029
150 1.40822
151 1.41505
152 1.42269
153 1.42763
154 1.43323
155 1.44492
156 1.44729
157 1.4493
158 1.45776
159 1.46449
160 1.46768
161 1.48669
162 1.49166
163 1.49631
164 1.51557
165 1.52183
166 1.5269
167 1.53307
168 1.55013
169 1.55285
170 1.5549
171 1.56267
172 1.56722
173 1.59119
174 1.60107
175 1.60764
176 1.6193
177 1.62709
178 1.65338
179 1.6621
180 1.67681
181 1.67935
182 1.68315
183 1.68903
184 1.69276
185 1.69502
186 1.69791
187 1.71622
188 1.71859
189 1.72025
190 1.73509
191 1.74241
192 1.76532
193 1.77035
194 1.78835
195 1.79289
196 1.79782
197 1.80283
198 1.80896
199 1.81077
200 1.81436
201 1.81692
202 1.84319
203 1.84653
204 1.85629
205 1.86609
206 1.87082
207 1.87553
208 1.87913
209 1.88084
210 1.88678
211 1.90776
212 1.91201
213 1.91315
214 1.92679
215 1.92964
216 1.93691
217 1.94027
218 1.9478
219 1.95717
220 1.97112
221 1.98614
222 2.01284
223 2.01965
224 2.03159
225 2.03902
226 2.04735
227 2.05862
228 2.06638
229 2.07298
230 2.07482
231 2.08729
232 2.08881
233 2.09508
234 2.10124
235 2.10346
236 2.10453
237 2.12017
238 2.12524
239 2.13352
240 2.139
241 2.14176
242 2.14754
243 2.17804
244 2.18183
245 2.18322
246 2.18776
247 2.1983
248 2.21654
249 2.22643
250 2.24344
251 2.25026
252 2.26004
253 2.26524
254 2.26778
255 2.28795
256 2.30268
257 2.30701
258 2.31022
259 2.32945
260 2.34295
261 2.35337
262 2.35677
263 2.36153
264 2.3675
265 2.37074
266 2.40108
267 2.41683
268 2.42033
269 2.42717
270 2.43243
271 2.44873
272 2.4532
273 2.46205
274 2.47526
275 2.48116
276 2.49502
277 2.51088
278 2.52044
279 2.52554
280 2.54487
281 2.56147
282 2.56333
283 2.5685
284 2.59716
285 2.60046
286 2.60287
287 2.62132
288 2.62572
289 2.64693
290 2.64898
291 2.67356
292 2.67553
293 2.68147
294 2.70034
295 2.70207
296 2.70981
297 2.71945
298 2.72326
299 2.72921
300 2.73195
301 2.73627
302 2.74147
303 2.7615
304 2.76447
305 2.77253
306 2.78751
307 2.8058
308 2.80918
309 2.82177
310 2.83727
311 2.84482
312 2.85931
313 2.8758
314 2.87913
315 2.90364
316 2.91913
317 2.92338
318 2.92814
319 2.93694
320 2.93905
321 2.94597
322 2.95279
323 2.96135
324 2.96338
325 2.98378
326 2.99319
