1 0.00804
2 0.01039
3 0.02155
4 0.02419
5 0.02685
6 0.03263
7 0.03877
8 0.04568
9 0.05261
10 0.05384
11 0.06163
12 0.06686
13 0.07388
14 0.08502
15 0.09031
16 0.10103
17 0.10676
18 0.10929
19 0.12214
20 0.14048
21 0.15229
22 0.17143
23 0.18277
24 0.18997
25 0.19425
26 0.20563
27 0.20718
28 0.2194
29 0.22575
30 0.2431
31 0.25165
32 0.25704
33 0.27853
34 0.30607
35 0.32021
36 0.32922
37 0.34041
38 0.35067
39 0.35886
40 0.36148
41 0.36369
42 0.37066
43 0.37321
44 0.38277
45 0.39818
46 0.40345
47 0.42184
48 0.42752
49 0.43149
50 0.4361
51 0.44321
52 0.45531
53 0.45813
54 0.4741
55 0.48551
56 0.49259
57 0.50405
58 0.51213
59 0.52259
60 0.5323
61 0.54345
62 0.55212
63 0.56368
64 0.57133
65 0.57712
66 0.58124
67 0.59361
68 0.60423
69 0.60743
70 0.61069
71 0.61874
72 0.63573
73 0.65158
74 0.657
75 0.6649
76 0.66902
77 0.67414
78 0.68584
79 0.68825
80 0.69702
81 0.70285
82 0.71339
83 0.72297
84 0.73167
85 0.7348
86 0.74001
87 0.75581
88 0.75706
89 0.76034
90 0.7676
91 0.77762
92 0.77951
93 0.78673
94 0.80367
95 0.80566
96 0.80946
97 0.81738
98 0.82414
99 0.82765
100 0.83162
101 0.83605
102 0.83941
103 0.84406
104 0.85464
105 0.86584
106 0.87468
107 0.88277
108 0.88928
109 0.89604
110 0.90126
111 0.91038
112 0.913
113 0.91954
114 0.92552
115 0.92657
116 0.92768
117 0.93473
118 0.93794
119 0.95044
120 0.95633
121 0.97437
122 0.98681
123 0.98953
124 0.99294
125 0.9942
126 1.00487
127 1.01101
128 1.01899
129 1.01996
130 1.03264
131 1.03368
132 1.05011
133 1.05967
134 1.06599
135 1.07412
136 1.084
137 1.09194
138 1.09845
139 1.11521
140 1.12865
141 1.14685
142 1.15952
143 1.17514
144 1.18116
145 1.20563
146 1.21406
147 1.22004
148 1.22941
149 1.23893
150 1.25235
151 1.27556
152 1.27907
153 1.28632
154 1.29639
155 1.3051
156 1.31765
157 1.33359
158 1.33728
159 1.34057
160 1.34927
161 1.35711
162 1.36341
163 1.36633
164 1.38353
165 1.38501
166 1.40473
167 1.41258
168 1.4143
169 1.42152
170 1.43288
171 1.43776
172 1.45442
173 1.46786
174 1.47601
175 1.48377
176 1.49008
177 1.51136
178 1.53256
179 1.5503
180 1.55397
181 1.55724
182 1.56996
183 1.57384
184 1.57605
185 1.58212
186 1.58786
187 1.59168
188 1.59593
189 1.60253
190 1.61014
191 1.63072
192 1.64781
193 1.65867
194 1.66402
195 1.67648
196 1.68424
197 1.6907
198 1.70528
199 1.71112
200 1.73108
201 1.73459
202 1.74446
203 1.75556
204 1.76082
205 1.76641
206 1.77561
207 1.7816
208 1.79026
209 1.79241
210 1.80579
211 1.81306
212 1.81892
213 1.82449
214 1.82653
215 1.86116
216 1.87178
217 1.88237
218 1.88746
219 1.88902
220 1.89226
221 1.89721
222 1.90793
223 1.91631
224 1.92293
225 1.93127
226 1.93962
227 1.97556
228 1.97972
229 1.98253
230 1.98356
231 1.99605
232 1.99923
233 2.00368
234 2.01837
235 2.04059
236 2.04311
237 2.04516
238 2.04653
239 2.06002
240 2.06453
241 2.06569
242 2.07509
243 2.08238
244 2.09168
245 2.10784
246 2.11089
247 2.11414
248 2.12095
249 2.12579
250 2.13611
251 2.15679
252 2.16515
253 2.17179
254 2.1776
255 2.18619
256 2.19522
257 2.21404
258 2.22892
259 2.23178
260 2.24722
261 2.2493
262 2.25538
263 2.25823
264 2.27523
265 2.2806
266 2.29774
267 2.30011
268 2.30219
269 2.30649
270 2.31511
271 2.32437
272 2.34627
273 2.34901
274 2.35031
275 2.35791
276 2.36318
277 2.38431
278 2.39708
279 2.4009
280 2.40312
281 2.40937
282 2.4131
283 2.41528
284 2.42853
285 2.45156
286 2.45568
287 2.47612
288 2.4824
289 2.50383
290 2.50607
291 2.51252
292 2.51615
293 2.5293
294 2.54106
295 2.55382
296 2.55664
297 2.55917
298 2.56511
299 2.57137
300 2.57859
301 2.58761
302 2.60118
303 2.60991
304 2.61568
305 2.62
306 2.6219
307 2.62704
308 2.62914
309 2.63936
310 2.64641
311 2.65264
312 2.65892
313 2.66714
314 2.668
315 2.67027
316 2.6877
317 2.70296
318 2.7097
319 2.72527
320 2.73697
321 2.7451
322 2.74925
323 2.75331
324 2.7701
325 2.77765
326 2.78659
327 2.79759
328 2.80279
329 2.80501
330 2.81355
331 2.81592
332 2.81834
333 2.83046
334 2.83285
335 2.8446
336 2.85136
337 2.86671
338 2.87587
339 2.88399
340 2.88678
341 2.88844
342 2.89746
343 2.90109
344 2.92098
345 2.93095
346 2.93306
347 2.93657
348 2.94441
349 2.95718
350 2.9626
351 2.96431
352 2.97201
353 2.97396
354 2.98116
355 2.99542
