1 0.01483
2 0.02183
3 0.03615
4 0.04072
5 0.05101
6 0.05603
7 0.07108
8 0.07637
9 0.07986
10 0.08636
11 0.08795
12 0.09293
13 0.09818
14 0.13275
15 0.13654
16 0.14337
17 0.15913
18 0.16401
19 0.17355
20 0.19047
21 0.21333
22 0.22807
23 0.23146
24 0.24764
25 0.2495
26 0.27624
27 0.28093
28 0.28448
29 0.32162
30 0.32443
31 0.33018
32 0.34313
33 0.35077
34 0.36168
35 0.36737
36 0.38819
37 0.39012
38 0.39565
39 0.40856
40 0.41434
41 0.434
42 0.44457
43 0.44893
44 0.46377
45 0.48819
46 0.49034
47 0.49436
48 0.50199
49 0.50582
50 0.51789
51 0.52701
52 0.53347
53 0.5425
54 0.55229
55 0.58278
56 0.59717
57 0.60083
58 0.63061
59 0.64989
60 0.65829
61 0.66563
62 0.67614
63 0.69282
64 0.70761
65 0.7107
66 0.7137
67 0.72711
68 0.73459
69 0.74241
70 0.75105
71 0.76239
72 0.76425
73 0.77817
74 0.78929
75 0.80151
76 0.81863
77 0.82966
78 0.85845
79 0.85957
80 0.89395
81 0.89541
82 0.90696
83 0.9334
84 0.93468
85 0.94249
86 0.96549
87 0.96703
88 0.96895
89 0.98219
90 0.994
91 1.00156
92 1.0246
93 1.0265
94 1.04471
95 1.0565
96 1.08136
97 1.08573
98 1.09627
99 1.10238
100 1.107
101 1.11347
102 1.11499
103 1.14548
104 1.1637
105 1.17207
106 1.20344
107 1.20699
108 1.2163
109 1.22983
110 1.24687
111 1.25672
112 1.26456
113 1.27552
114 1.28072
115 1.28732
116 1.32475
117 1.34413
118 1.35394
119 1.37124
120 1.3801
121 1.39093
122 1.39269
123 1.40088
124 1.40932
125 1.41106
126 1.44499
127 1.45398
128 1.46248
129 1.47696
130 1.50248
131 1.51723
132 1.51874
133 1.52401
134 1.52924
135 1.53462
136 1.53873
137 1.54043
138 1.56141
139 1.57908
140 1.59275
141 1.59688
142 1.60272
143 1.60806
144 1.61718
145 1.62349
146 1.63013
147 1.6356
148 1.64459
149 1.6463
150 1.65801
151 1.66607
152 1.66949
153 1.68017
154 1.69763
155 1.71178
156 1.74417
157 1.75541
158 1.76098
159 1.76691
160 1.77456
161 1.78005
162 1.79381
163 1.80501
164 1.80726
165 1.81126
166 1.82985
167 1.84898
168 1.85249
169 1.86038
170 1.86396
171 1.89698
172 1.89881
173 1.91208
174 1.91883
175 1.94166
176 1.94661
177 1.98359
178 1.99625
179 2.01669
180 2.02015
181 2.03588
182 2.03932
183 2.043
184 2.04875
185 2.05878
186 2.09265
187 2.09765
188 2.10694
189 2.14102
190 2.15227
191 2.1647
192 2.17093
193 2.18416
194 2.1869
195 2.20254
196 2.22749
197 2.23663
198 2.23823
199 2.24452
200 2.25008
201 2.25403
202 2.2577
203 2.27285
204 2.27627
205 2.27951
206 2.31041
207 2.32645
208 2.32852
209 2.33654
210 2.34643
211 2.35797
212 2.35979
213 2.37732
214 2.39976
215 2.40502
216 2.42718
217 2.45089
218 2.46944
219 2.47451
220 2.49043
221 2.49381
222 2.51204
223 2.52263
224 2.52851
225 2.53188
226 2.54303
227 2.57154
228 2.57499
229 2.58026
230 2.63992
231 2.65399
232 2.66102
233 2.66732
234 2.68132
235 2.70792
236 2.72864
237 2.7342
238 2.75535
239 2.77682
240 2.78932
241 2.79103
242 2.80192
243 2.82074
244 2.82424
245 2.83441
246 2.84556
247 2.84912
248 2.86042
249 2.86232
250 2.88546
251 2.889
252 2.89284
253 2.90049
254 2.90588
255 2.9082
256 2.93368
257 2.94737
258 2.95166
259 2.95506
260 2.95703
261 2.98465
262 2.98828
263 2.99346
264 2.9973
