1 0.00169
2 0.00424
3 0.00973
4 0.01162
5 0.01927
6 0.0269
7 0.03091
8 0.04291
9 0.05954
10 0.06666
11 0.08384
12 0.08682
13 0.09279
14 0.09736
15 0.1019
16 0.10855
17 0.13246
18 0.13595
19 0.13784
20 0.13919
21 0.14878
22 0.15561
23 0.15912
24 0.16494
25 0.1686
26 0.17681
27 0.18161
28 0.18466
29 0.18682
30 0.1917
31 0.19519
32 0.20573
33 0.20765
34 0.22514
35 0.22653
36 0.23471
37 0.23872
38 0.24103
39 0.24541
40 0.26102
41 0.26404
42 0.26782
43 0.27126
44 0.27374
45 0.27592
46 0.28255
47 0.28796
48 0.30196
49 0.3203
50 0.33406
51 0.34285
52 0.35225
53 0.35423
54 0.37228
55 0.38227
56 0.40003
57 0.4168
58 0.42048
59 0.42885
60 0.43096
61 0.4465
62 0.45213
63 0.46649
64 0.47685
65 0.48155
66 0.48281
67 0.50188
68 0.51085
69 0.51635
70 0.51938
71 0.52161
72 0.52813
73 0.53397
74 0.53883
75 0.55226
76 0.55522
77 0.56335
78 0.57036
79 0.57193
80 0.58402
81 0.6041
82 0.6239
83 0.62869
84 0.63154
85 0.63959
86 0.64307
87 0.65186
88 0.65398
89 0.65858
90 0.66926
91 0.67844
92 0.69047
93 0.69227
94 0.70513
95 0.71042
96 0.72646
97 0.73298
98 0.74996
99 0.75984
100 0.77157
101 0.77707
102 0.79691
103 0.79902
104 0.81683
105 0.83523
106 0.83846
107 0.84031
108 0.84973
109 0.85247
110 0.85955
111 0.87247
112 0.87881
113 0.88272
114 0.89175
115 0.90157
116 0.90364
117 0.91683
118 0.92437
119 0.92904
120 0.93231
121 0.94278
122 0.94513
123 0.95002
124 0.95542
125 0.95972
126 0.96444
127 0.97072
128 0.97754
129 0.98359
130 0.98669
131 0.9918
132 1.00234
133 1.00484
134 1.00852
135 1.01723
136 1.01927
137 1.02607
138 1.0417
139 1.0439
140 1.0556
141 1.06371
142 1.08537
143 1.09631
144 1.09883
145 1.1026
146 1.1057
147 1.11014
148 1.11657
149 1.12211
150 1.12756
151 1.13502
152 1.14548
153 1.15026
154 1.1561
155 1.15954
156 1.16811
157 1.17503
158 1.1947
159 1.20104
160 1.20969
161 1.22926
162 1.23547
163 1.24516
164 1.25256
165 1.26324
166 1.27349
167 1.29438
168 1.30264
169 1.34361
170 1.35668
171 1.35905
172 1.36067
173 1.36895
174 1.37705
175 1.38125
176 1.38665
177 1.40558
178 1.41563
179 1.41881
180 1.42415
181 1.42824
182 1.43533
183 1.44099
184 1.44436
185 1.45374
186 1.47733
187 1.4822
188 1.49083
189 1.50929
190 1.51565
191 1.52109
192 1.5254
193 1.54964
194 1.56073
195 1.57059
196 1.57319
197 1.59438
198 1.59647
199 1.60789
200 1.60917
201 1.62035
202 1.62341
203 1.62888
204 1.63781
205 1.64931
206 1.65236
207 1.65892
208 1.66274
209 1.66866
210 1.68797
211 1.69093
212 1.69725
213 1.69832
214 1.70435
215 1.71311
216 1.72624
217 1.73526
218 1.73838
219 1.77277
220 1.77604
221 1.78072
222 1.7828
223 1.78771
224 1.79125
225 1.80271
226 1.82203
227 1.83731
228 1.85127
229 1.8546
230 1.85664
231 1.86138
232 1.86941
233 1.87218
234 1.88379
235 1.89463
236 1.90425
237 1.91839
238 1.9244
239 1.93321
240 1.93596
241 1.94549
242 1.94982
243 1.95213
244 1.95558
245 1.96004
246 1.96431
247 1.98064
248 1.98453
249 1.98973
250 1.99897
251 2.00504
252 2.01043
253 2.01526
254 2.02659
255 2.04
256 2.05078
257 2.05614
258 2.06781
259 2.07067
260 2.07994
261 2.08678
262 2.09764
263 2.10333
264 2.12525
265 2.12946
266 2.14156
267 2.14496
268 2.14923
269 2.15752
270 2.16605
271 2.17351
272 2.17731
273 2.1811
274 2.18407
275 2.19351
276 2.20965
277 2.21278
278 2.22944
279 2.23327
280 2.24086
281 2.2429
282 2.25027
283 2.26898
284 2.27136
285 2.27654
286 2.27949
287 2.2911
288 2.29298
289 2.2972
290 2.30943
291 2.31217
292 2.31738
293 2.32559
294 2.32827
295 2.32987
296 2.34178
297 2.35283
298 2.35971
299 2.36773
300 2.37107
301 2.37937
302 2.39658
303 2.40112
304 2.40421
305 2.41633
306 2.42093
307 2.42416
308 2.42796
309 2.43576
310 2.44416
311 2.45932
312 2.4778
313 2.48207
314 2.49532
315 2.50572
316 2.51971
317 2.52152
318 2.52637
319 2.53705
320 2.54611
321 2.55196
322 2.55443
323 2.55796
324 2.56118
325 2.56519
326 2.57125
327 2.57629
328 2.58528
329 2.5912
330 2.60207
331 2.61601
332 2.62233
333 2.63503
334 2.65273
335 2.65812
336 2.66251
337 2.67058
338 2.68894
339 2.69549
340 2.70439
341 2.71095
342 2.72077
343 2.73399
344 2.74318
345 2.74772
346 2.76141
347 2.77147
348 2.77628
349 2.78096
350 2.78688
351 2.80539
352 2.81326
353 2.81693
354 2.83734
355 2.84279
356 2.84637
357 2.85149
358 2.85903
359 2.87355
360 2.88342
361 2.89439
362 2.89601
363 2.91457
364 2.91859
365 2.92171
366 2.92814
367 2.93642
368 2.9504
369 2.95828
370 2.96866
371 2.97593
372 2.97911
373 2.98181
374 2.98322
375 2.98828
376 2.99028
