1 0.01518
2 0.02166
3 0.03197
4 0.04684
5 0.05084
6 0.05586
7 0.06713
8 0.07461
9 0.07833
10 0.083
11 0.08635
12 0.11776
13 0.12338
14 0.12485
15 0.13461
16 0.13995
17 0.15054
18 0.15394
19 0.16544
20 0.18249
21 0.18633
22 0.20237
23 0.2073
24 0.21201
25 0.22528
26 0.23352
27 0.25141
28 0.25844
29 0.26209
30 0.26864
31 0.31054
32 0.31684
33 0.34223
34 0.35623
35 0.37302
36 0.39038
37 0.40297
38 0.40646
39 0.42794
40 0.43607
41 0.44881
42 0.45283
43 0.46389
44 0.47571
45 0.47807
46 0.4912
47 0.49414
48 0.50169
49 0.51097
50 0.54989
51 0.55217
52 0.55706
53 0.56072
54 0.56289
55 0.5675
56 0.57034
57 0.57513
58 0.61035
59 0.61544
60 0.65018
61 0.65484
62 0.65701
63 0.67186
64 0.67486
65 0.68974
66 0.70234
67 0.70777
68 0.70897
69 0.71216
70 0.72104
71 0.73467
72 0.73872
73 0.75033
74 0.80155
75 0.80558
76 0.81089
77 0.81648
78 0.82771
79 0.86
80 0.87297
81 0.89024
82 0.89705
83 0.9006
84 0.90574
85 0.91262
86 0.9187
87 0.93038
88 0.94231
89 0.94426
90 0.96179
91 0.97671
92 0.98794
93 1.05022
94 1.05667
95 1.0586
96 1.0722
97 1.07596
98 1.12759
99 1.14967
100 1.15921
101 1.17502
102 1.18875
103 1.23579
104 1.24142
105 1.25038
106 1.27436
107 1.30917
108 1.31273
109 1.31757
110 1.3363
111 1.35609
112 1.37278
113 1.38175
114 1.39281
115 1.39476
116 1.41058
117 1.41257
118 1.4295
119 1.43305
120 1.43641
121 1.448
122 1.45251
123 1.45421
124 1.46634
125 1.47197
126 1.4869
127 1.49069
128 1.49477
129 1.50406
130 1.51546
131 1.563
132 1.56497
133 1.57126
134 1.57944
135 1.59106
136 1.5938
137 1.60805
138 1.62995
139 1.63373
140 1.6539
141 1.66505
142 1.67544
143 1.68657
144 1.69284
145 1.69759
146 1.71215
147 1.72102
148 1.73634
149 1.74227
150 1.74438
151 1.74624
152 1.74963
153 1.75238
154 1.75764
155 1.80025
156 1.81499
157 1.82097
158 1.82944
159 1.83104
160 1.83485
161 1.86707
162 1.8724
163 1.89035
164 1.89518
165 1.89697
166 1.89856
167 1.90388
168 1.91701
169 1.95557
170 1.9628
171 1.97028
172 1.97811
173 1.99299
174 2.02811
175 2.04126
176 2.07195
177 2.08011
178 2.09509
179 2.10558
180 2.11291
181 2.11616
182 2.12697
183 2.14922
184 2.15084
185 2.16295
186 2.16654
187 2.171
188 2.18219
189 2.18818
190 2.19846
191 2.20262
192 2.21021
193 2.21524
194 2.22525
195 2.22711
196 2.23442
197 2.24676
198 2.25435
199 2.26283
200 2.2986
201 2.30236
202 2.30781
203 2.31146
204 2.32495
205 2.33424
206 2.37189
207 2.38283
208 2.39162
209 2.39499
210 2.40152
211 2.41912
212 2.43459
213 2.45039
214 2.45435
215 2.46048
216 2.47277
217 2.49386
218 2.4976
219 2.50816
220 2.50987
221 2.54462
222 2.54809
223 2.55416
224 2.5601
225 2.57126
226 2.57483
227 2.57798
228 2.58859
229 2.60732
230 2.61487
231 2.62251
232 2.62835
233 2.64001
234 2.66245
235 2.68468
236 2.68864
237 2.69941
238 2.70297
239 2.70642
240 2.71046
241 2.72322
242 2.72483
243 2.73241
244 2.73426
245 2.74095
246 2.77201
247 2.79864
248 2.81019
249 2.82059
250 2.82869
251 2.83382
252 2.83583
253 2.847
254 2.86062
255 2.86632
256 2.88252
257 2.89455
258 2.9006
259 2.90446
260 2.91429
261 2.93047
262 2.93633
263 2.93993
264 2.94405
265 2.9456
266 2.94985
267 2.95165
268 2.95883
269 2.9756
270 2.97966
271 2.98479
272 2.99185
