1 0.00591
2 0.01395
3 0.01859
4 0.02073
5 0.04432
6 0.05843
7 0.06395
8 0.08412
9 0.0858
10 0.08901
11 0.10631
12 0.11207
13 0.12338
14 0.13014
15 0.13821
16 0.15286
17 0.16114
18 0.16476
19 0.19222
20 0.21481
21 0.21595
22 0.2205
23 0.22454
24 0.22806
25 0.23697
26 0.24423
27 0.24752
28 0.25431
29 0.25663
30 0.27131
31 0.27773
32 0.28145
33 0.30189
34 0.31591
35 0.32323
36 0.32865
37 0.33238
38 0.33611
39 0.3589
40 0.37766
41 0.38186
42 0.39021
43 0.4044
44 0.40737
45 0.42162
46 0.43265
47 0.43647
48 0.44628
49 0.46284
50 0.47205
51 0.47377
52 0.47519
53 0.48292
54 0.48505
55 0.49778
56 0.4998
57 0.50468
58 0.51322
59 0.52392
60 0.52878
61 0.53574
62 0.54086
63 0.54386
64 0.56255
65 0.57136
66 0.60061
67 0.60366
68 0.60508
69 0.61174
70 0.61631
71 0.621
72 0.62633
73 0.62997
74 0.63181
75 0.63853
76 0.64241
77 0.6534
78 0.66194
79 0.66434
80 0.67022
81 0.67596
82 0.68299
83 0.68917
84 0.69165
85 0.69312
86 0.7224
87 0.75853
88 0.77123
89 0.77593
90 0.77977
91 0.80201
92 0.80751
93 0.81805
94 0.823
95 0.82702
96 0.8463
97 0.84965
98 0.86159
99 0.87878
100 0.88103
101 0.90067
102 0.90422
103 0.90649
104 0.90796
105 0.92873
106 0.93236
107 0.95526
108 0.96059
109 0.96215
110 0.96589
111 0.97325
112 0.98142
113 0.99011
114 1.00441
115 1.0167
116 1.03378
117 1.04586
118 1.0485
119 1.05416
120 1.05984
121 1.06307
122 1.07049
123 1.07323
124 1.09313
125 1.1019
126 1.11082
127 1.11204
128 1.12327
129 1.13468
130 1.13902
131 1.14199
132 1.15244
133 1.16601
134 1.17225
135 1.18653
136 1.19235
137 1.19803
138 1.205
139 1.21201
140 1.21837
141 1.22768
142 1.23303
143 1.23635
144 1.23944
145 1.24235
146 1.24896
147 1.25382
148 1.26295
149 1.27556
150 1.29196
151 1.29433
152 1.29809
153 1.30228
154 1.31654
155 1.32533
156 1.34385
157 1.3572
158 1.36125
159 1.36391
160 1.36681
161 1.3723
162 1.37871
163 1.41556
164 1.42021
165 1.42966
166 1.44192
167 1.45807
168 1.46302
169 1.46471
170 1.49911
171 1.51793
172 1.52775
173 1.53641
174 1.55001
175 1.55903
176 1.57184
177 1.57767
178 1.58052
179 1.58183
180 1.58781
181 1.59378
182 1.60937
183 1.61819
184 1.63709
185 1.64794
186 1.65903
187 1.66506
188 1.67715
189 1.68074
190 1.69604
191 1.71439
192 1.72807
193 1.73131
194 1.74771
195 1.7601
196 1.76365
197 1.77829
198 1.79396
199 1.80582
200 1.81865
201 1.83223
202 1.83355
203 1.84203
204 1.84358
205 1.85252
206 1.86296
207 1.88783
208 1.90416
209 1.94955
210 1.9523
211 1.96341
212 1.96987
213 1.97202
214 1.98404
215 1.98613
216 1.98879
217 1.9993
218 2.00923
219 2.01711
220 2.02386
221 2.02919
222 2.03459
223 2.04431
224 2.05314
225 2.0588
226 2.06389
227 2.07646
228 2.08041
229 2.09108
230 2.10267
231 2.11098
232 2.11344
233 2.1307
234 2.13277
235 2.14414
236 2.15041
237 2.17304
238 2.17937
239 2.18232
240 2.18571
241 2.19116
242 2.19885
243 2.20407
244 2.20786
245 2.21391
246 2.21787
247 2.23162
248 2.24505
249 2.25144
250 2.25513
251 2.25876
252 2.27114
253 2.2799
254 2.29068
255 2.29315
256 2.29587
257 2.30799
258 2.32184
259 2.33337
260 2.34123
261 2.34604
262 2.3501
263 2.3638
264 2.3704
265 2.37464
266 2.37673
267 2.38138
268 2.39721
269 2.40155
270 2.40677
271 2.41853
272 2.42757
273 2.42975
274 2.44719
275 2.46784
276 2.47628
277 2.51538
278 2.52593
279 2.55465
280 2.58282
281 2.59516
282 2.59883
283 2.609
284 2.6178
285 2.62232
286 2.63208
287 2.64013
288 2.64985
289 2.65929
290 2.6653
291 2.67873
292 2.68802
293 2.7089
294 2.71873
295 2.73238
296 2.7422
297 2.74792
298 2.75002
299 2.75372
300 2.75827
301 2.76097
302 2.76902
303 2.77697
304 2.77825
305 2.78234
306 2.81151
307 2.81621
308 2.81864
309 2.82231
310 2.82827
311 2.84511
312 2.85175
313 2.85383
314 2.85569
315 2.85763
316 2.86134
317 2.87315
318 2.87621
319 2.8928
320 2.9095
321 2.92378
322 2.9317
323 2.93599
324 2.94442
325 2.97311
326 2.99686
