1 0.00484
2 0.00848
3 0.01421
4 0.02244
5 0.03853
6 0.04252
7 0.04382
8 0.04623
9 0.05393
10 0.06441
11 0.06626
12 0.06842
13 0.06951
14 0.0778
15 0.0867
16 0.088
17 0.11219
18 0.12351
19 0.1246
20 0.14461
21 0.1515
22 0.15353
23 0.15779
24 0.17157
25 0.18197
26 0.18426
27 0.1873
28 0.19017
29 0.19601
30 0.20806
31 0.21369
32 0.22325
33 0.23078
34 0.25635
35 0.26636
36 0.27276
37 0.2933
38 0.30977
39 0.31341
40 0.32274
41 0.3361
42 0.35432
43 0.36014
44 0.36949
45 0.37681
46 0.3836
47 0.39555
48 0.40044
49 0.40316
50 0.41878
51 0.42307
52 0.42432
53 0.42878
54 0.437
55 0.44217
56 0.4533
57 0.46431
58 0.4788
59 0.483
60 0.48829
61 0.49354
62 0.49645
63 0.50592
64 0.51406
65 0.51661
66 0.51869
67 0.53504
68 0.54185
69 0.54419
70 0.56899
71 0.57075
72 0.57632
73 0.58031
74 0.59132
75 0.59632
76 0.59789
77 0.6056
78 0.61196
79 0.61716
80 0.63198
81 0.63565
82 0.63933
83 0.64869
84 0.66778
85 0.69733
86 0.70308
87 0.71308
88 0.71988
89 0.7224
90 0.73443
91 0.74158
92 0.74299
93 0.74472
94 0.74598
95 0.75174
96 0.76869
97 0.77965
98 0.78396
99 0.80291
100 0.80925
101 0.81267
102 0.82751
103 0.83342
104 0.83722
105 0.8403
106 0.84644
107 0.86708
108 0.89115
109 0.90002
110 0.90387
111 0.90685
112 0.92435
113 0.93969
114 0.94489
115 0.94984
116 0.97508
117 0.97933
118 0.99005
119 0.99213
120 1.00495
121 1.02818
122 1.03353
123 1.04073
124 1.04647
125 1.05336
126 1.06419
127 1.07306
128 1.07943
129 1.08661
130 1.10137
131 1.11573
132 1.13021
133 1.13781
134 1.15088
135 1.16175
136 1.16596
137 1.18492
138 1.19108
139 1.19477
140 1.19685
141 1.19875
142 1.20539
143 1.22923
144 1.23904
145 1.26024
146 1.28717
147 1.28861
148 1.29303
149 1.29754
150 1.30298
151 1.32335
152 1.32805
153 1.33872
154 1.34698
155 1.35222
156 1.3559
157 1.37224
158 1.37357
159 1.39321
160 1.40802
161 1.42289
162 1.43262
163 1.4396
164 1.44086
165 1.44211
166 1.44503
167 1.44658
168 1.44974
169 1.46171
170 1.47339
171 1.47742
172 1.49817
173 1.50975
174 1.51727
175 1.5268
176 1.52863
177 1.53399
178 1.54824
179 1.55033
180 1.57051
181 1.57281
182 1.60148
183 1.63212
184 1.63385
185 1.64159
186 1.64995
187 1.67384
188 1.68158
189 1.69441
190 1.70014
191 1.70544
192 1.71758
193 1.71931
194 1.72658
195 1.72795
196 1.74834
197 1.75107
198 1.76126
199 1.77269
200 1.77662
201 1.78081
202 1.78666
203 1.81316
204 1.81772
205 1.82233
206 1.83431
207 1.83924
208 1.8579
209 1.86269
210 1.87425
211 1.89243
212 1.89793
213 1.91379
214 1.9214
215 1.92999
216 1.96491
217 1.96647
218 1.97319
219 1.97908
220 1.98792
221 2.00427
222 2.00574
223 2.01866
224 2.02294
225 2.02664
226 2.03393
227 2.04482
228 2.04739
229 2.05118
230 2.0587
231 2.06879
232 2.07351
233 2.07463
234 2.08006
235 2.09366
236 2.11032
237 2.12071
238 2.12205
239 2.13755
240 2.14229
241 2.15208
242 2.15384
243 2.16004
244 2.1782
245 2.18626
246 2.19505
247 2.19841
248 2.20249
249 2.20388
250 2.21787
251 2.22252
252 2.22957
253 2.25734
254 2.28881
255 2.30303
256 2.3042
257 2.33491
258 2.33976
259 2.35407
260 2.3737
261 2.38075
262 2.38533
263 2.39064
264 2.40267
265 2.40708
266 2.41623
267 2.44277
268 2.45444
269 2.46698
270 2.47484
271 2.48495
272 2.49776
273 2.51576
274 2.524
275 2.54122
276 2.5579
277 2.59159
278 2.60315
279 2.61087
280 2.62137
281 2.62402
282 2.65012
283 2.65687
284 2.66341
285 2.68791
286 2.69812
287 2.72083
288 2.72329
289 2.73071
290 2.73459
291 2.74295
292 2.75042
293 2.7568
294 2.7617
295 2.76853
296 2.77899
297 2.78172
298 2.80893
299 2.81376
300 2.81746
301 2.82719
302 2.83136
303 2.83305
304 2.84419
305 2.85214
306 2.86512
307 2.87153
308 2.87971
309 2.90324
310 2.90691
311 2.90996
312 2.95529
313 2.96079
314 2.9637
315 2.97099
316 2.97579
317 2.97836
318 2.98689
319 2.99542
320 2.99842
