1 0.00145
2 0.00266
3 0.00645
4 0.00747
5 0.0105
6 0.01325
7 0.01465
8 0.0193
9 0.02111
10 0.0339
11 0.04269
12 0.04446
13 0.04896
14 0.05181
15 0.05334
16 0.05995
17 0.06178
18 0.06351
19 0.06597
20 0.07811
21 0.09311
22 0.10056
23 0.10474
24 0.11083
25 0.11585
26 0.11838
27 0.12003
28 0.1237
29 0.12571
30 0.12779
31 0.14082
32 0.14392
33 0.15485
34 0.16177
35 0.16589
36 0.17051
37 0.17254
38 0.17567
39 0.18452
40 0.19662
41 0.19807
42 0.21173
43 0.22964
44 0.24242
45 0.2456
46 0.25068
47 0.25153
48 0.25785
49 0.27595
50 0.28137
51 0.29081
52 0.30242
53 0.31232
54 0.31434
55 0.31618
56 0.31883
57 0.32399
58 0.35659
59 0.35975
60 0.36336
61 0.36906
62 0.37379
63 0.37745
64 0.38586
65 0.39715
66 0.40314
67 0.40653
68 0.41185
69 0.41768
70 0.42195
71 0.42748
72 0.43283
73 0.43756
74 0.46709
75 0.48248
76 0.48379
77 0.48687
78 0.48942
79 0.497
80 0.51149
81 0.51758
82 0.52404
83 0.52678
84 0.55255
85 0.56214
86 0.56579
87 0.5705
88 0.58774
89 0.59563
90 0.60156
91 0.60731
92 0.63867
93 0.64174
94 0.6466
95 0.65144
96 0.65699
97 0.66361
98 0.67042
99 0.67758
100 0.67967
101 0.68926
102 0.6947
103 0.70829
104 0.72909
105 0.73534
106 0.75105
107 0.75333
108 0.76538
109 0.7733
110 0.78291
111 0.79634
112 0.80369
113 0.8099
114 0.81173
115 0.82055
116 0.83141
117 0.85177
118 0.86142
119 0.86522
120 0.86642
121 0.87596
122 0.88264
123 0.88593
124 0.89092
125 0.89251
126 0.89459
127 0.90012
128 0.90206
129 0.90493
130 0.90799
131 0.91947
132 0.92635
133 0.93231
134 0.93801
135 0.94284
136 0.96393
137 0.98344
138 0.99575
139 1.00549
140 1.0109
141 1.02038
142 1.02405
143 1.04975
144 1.05768
145 1.06263
146 1.08972
147 1.09287
148 1.10785
149 1.11289
150 1.12042
151 1.15215
152 1.15497
153 1.15852
154 1.16063
155 1.17105
156 1.17316
157 1.18264
158 1.19227
159 1.19747
160 1.21236
161 1.23251
162 1.23407
163 1.24649
164 1.25559
165 1.26491
166 1.2658
167 1.28778
168 1.2968
169 1.29988
170 1.30571
171 1.31171
172 1.31985
173 1.32748
174 1.34465
175 1.35359
176 1.35816
177 1.36118
178 1.36432
179 1.36763
180 1.37282
181 1.37464
182 1.39772
183 1.40234
184 1.40697
185 1.41252
186 1.4162
187 1.41821
188 1.42259
189 1.42916
190 1.43861
191 1.44179
192 1.44636
193 1.48103
194 1.48981
195 1.49175
196 1.50138
197 1.50614
198 1.55604
199 1.55785
200 1.57851
201 1.58737
202 1.59465
203 1.6123
204 1.61646
205 1.62557
206 1.62814
207 1.63441
208 1.63903
209 1.64279
210 1.65306
211 1.66175
212 1.67317
213 1.67738
214 1.68357
215 1.69128
216 1.72962
217 1.74451
218 1.74688
219 1.75073
220 1.75647
221 1.75903
222 1.773
223 1.80105
224 1.80562
225 1.80772
226 1.81307
227 1.8291
228 1.83768
229 1.84082
230 1.85152
231 1.85525
232 1.85773
233 1.86251
234 1.86964
235 1.88426
236 1.88982
237 1.89916
238 1.90282
239 1.90537
240 1.91001
241 1.92216
242 1.93062
243 1.9515
244 1.9661
245 1.97742
246 1.98987
247 1.99259
248 1.99617
249 2.00224
250 2.01091
251 2.0141
252 2.02281
253 2.02759
254 2.04082
255 2.05253
256 2.05762
257 2.06087
258 2.06461
259 2.06774
260 2.07158
261 2.075
262 2.09608
263 2.09996
264 2.11643
265 2.12584
266 2.13104
267 2.15358
268 2.16925
269 2.17787
270 2.18423
271 2.18822
272 2.19149
273 2.20223
274 2.20359
275 2.21849
276 2.23218
277 2.2398
278 2.25157
279 2.25575
280 2.25814
281 2.26197
282 2.27339
283 2.28086
284 2.3053
285 2.30618
286 2.30953
287 2.31893
288 2.33963
289 2.34274
290 2.34801
291 2.35424
292 2.35725
293 2.36291
294 2.37335
295 2.37539
296 2.38094
297 2.38522
298 2.3947
299 2.3986
300 2.40579
301 2.40841
302 2.40949
303 2.42051
304 2.43482
305 2.46669
306 2.48866
307 2.48972
308 2.49431
309 2.49728
310 2.50119
311 2.51058
312 2.51654
313 2.5232
314 2.53919
315 2.54788
316 2.55346
317 2.55496
318 2.55716
319 2.56004
320 2.58804
321 2.59323
322 2.60356
323 2.60832
324 2.61299
325 2.61772
326 2.63281
327 2.64825
328 2.65689
329 2.66861
330 2.6706
331 2.67551
332 2.67831
333 2.70302
334 2.7291
335 2.73022
336 2.73266
337 2.73879
338 2.74209
339 2.75388
340 2.76683
341 2.76799
342 2.77014
343 2.77786
344 2.80105
345 2.80434
346 2.80652
347 2.80858
348 2.81653
349 2.82012
350 2.82195
351 2.82418
352 2.82798
353 2.83404
354 2.84201
355 2.8438
356 2.85291
357 2.85882
358 2.86578
359 2.86976
360 2.8818
361 2.89019
362 2.90135
363 2.91956
364 2.92609
365 2.92802
366 2.93
367 2.94744
368 2.98434
369 2.98922
370 2.996
