1 0.00436
2 0.01465
3 0.01672
4 0.019
5 0.02509
6 0.02978
7 0.03696
8 0.0416
9 0.04745
10 0.05148
11 0.05717
12 0.05902
13 0.08195
14 0.08549
15 0.08999
16 0.09313
17 0.09514
18 0.09869
19 0.10289
20 0.12203
21 0.12539
22 0.13412
23 0.14584
24 0.15523
25 0.16375
26 0.18115
27 0.19388
28 0.19783
29 0.20131
30 0.20688
31 0.20877
32 0.21614
33 0.22239
34 0.23957
35 0.24611
36 0.25377
37 0.26533
38 0.26844
39 0.27203
40 0.27596
41 0.28536
42 0.29316
43 0.30151
44 0.30362
45 0.31086
46 0.3159
47 0.3312
48 0.33749
49 0.34083
50 0.34499
51 0.35153
52 0.36767
53 0.37638
54 0.38032
55 0.38967
56 0.39321
57 0.41942
58 0.45085
59 0.45639
60 0.45962
61 0.4633
62 0.4665
63 0.4931
64 0.49883
65 0.50183
66 0.50414
67 0.5059
68 0.50847
69 0.51347
70 0.52999
71 0.54113
72 0.55548
73 0.56279
74 0.56505
75 0.5717
76 0.57609
77 0.5879
78 0.59129
79 0.59999
80 0.60361
81 0.6297
82 0.64615
83 0.66307
84 0.66649
85 0.68698
86 0.69263
87 0.69563
88 0.69974
89 0.71545
90 0.72519
91 0.72812
92 0.73806
93 0.74871
94 0.76032
95 0.76497
96 0.77374
97 0.78722
98 0.79678
99 0.80334
100 0.82471
101 0.84079
102 0.84181
103 0.86574
104 0.88073
105 0.88655
106 0.88901
107 0.89518
108 0.89921
109 0.90405
110 0.90676
111 0.91804
112 0.92009
113 0.92786
114 0.94887
115 0.97105
116 0.99624
117 1.00139
118 1.00315
119 1.00515
120 1.00828
121 1.02163
122 1.03627
123 1.04338
124 1.04755
125 1.05134
126 1.05365
127 1.05707
128 1.05841
129 1.06235
130 1.06746
131 1.07682
132 1.08496
133 1.08705
134 1.09512
135 1.12896
136 1.13385
137 1.13793
138 1.14216
139 1.14612
140 1.15251
141 1.17162
142 1.18202
143 1.18602
144 1.19363
145 1.20445
146 1.21401
147 1.22785
148 1.24308
149 1.25591
150 1.2618
151 1.27438
152 1.27631
153 1.28686
154 1.29076
155 1.30422
156 1.3069
157 1.31047
158 1.31219
159 1.33343
160 1.33539
161 1.3395
162 1.34082
163 1.36497
164 1.39045
165 1.4019
166 1.43114
167 1.43573
168 1.43769
169 1.44158
170 1.4491
171 1.45286
172 1.46446
173 1.4676
174 1.47347
175 1.47647
176 1.47912
177 1.48225
178 1.48709
179 1.49149
180 1.49893
181 1.50744
182 1.51875
183 1.52997
184 1.53279
185 1.54589
186 1.54958
187 1.55312
188 1.55741
189 1.56027
190 1.56713
191 1.57341
192 1.58433
193 1.59087
194 1.59311
195 1.60184
196 1.60425
197 1.6251
198 1.64364
199 1.65049
200 1.65263
201 1.67478
202 1.6886
203 1.69604
204 1.70292
205 1.70606
206 1.70887
207 1.71723
208 1.72301
209 1.72675
210 1.7307
211 1.73724
212 1.74208
213 1.74748
214 1.75606
215 1.76909
216 1.77193
217 1.77498
218 1.794
219 1.79839
220 1.81582
221 1.83659
222 1.83979
223 1.8529
224 1.86093
225 1.88262
226 1.90605
227 1.9199
228 1.92465
229 1.93547
230 1.93895
231 1.95132
232 1.95986
233 1.96134
234 1.96582
235 1.97313
236 1.97899
237 1.99083
238 2.00308
239 2.00559
240 2.01286
241 2.01888
242 2.02071
243 2.03748
244 2.04806
245 2.05212
246 2.06115
247 2.0624
248 2.06738
249 2.07273
250 2.08936
251 2.09596
252 2.10214
253 2.11183
254 2.11596
255 2.12521
256 2.13302
257 2.14304
258 2.14634
259 2.16212
260 2.18704
261 2.19241
262 2.19564
263 2.20216
264 2.21711
265 2.22636
266 2.24276
267 2.24481
268 2.25727
269 2.25847
270 2.26464
271 2.2865
272 2.29658
273 2.3036
274 2.30771
275 2.31203
276 2.31944
277 2.32949
278 2.3417
279 2.35018
280 2.36367
281 2.3834
282 2.40523
283 2.41006
284 2.42045
285 2.42267
286 2.42489
287 2.43003
288 2.44133
289 2.44706
290 2.45157
291 2.45643
292 2.4626
293 2.49098
294 2.51274
295 2.52356
296 2.53545
297 2.53904
298 2.547
299 2.54887
300 2.56049
301 2.56379
302 2.56698
303 2.58099
304 2.59776
305 2.6049
306 2.61437
307 2.62408
308 2.63376
309 2.64025
310 2.649
311 2.65845
312 2.66166
313 2.67197
314 2.68858
315 2.69717
316 2.70607
317 2.71756
318 2.72048
319 2.7335
320 2.74718
321 2.75161
322 2.77022
323 2.77703
324 2.79111
325 2.81199
326 2.81591
327 2.83822
328 2.84363
329 2.84653
330 2.85213
331 2.85982
332 2.86658
333 2.87506
334 2.88598
335 2.89484
336 2.90888
337 2.91655
338 2.92692
339 2.92902
340 2.94068
341 2.94582
342 2.96513
343 2.96964
344 2.97648
345 2.99806
