1 0.00229
2 0.00646
3 0.00809
4 0.0201
5 0.02362
6 0.0331
7 0.03977
8 0.04461
9 0.05654
10 0.06437
11 0.06916
12 0.07724
13 0.08709
14 0.08872
15 0.10005
16 0.10326
17 0.10954
18 0.11481
19 0.12175
20 0.12568
21 0.14374
22 0.14864
23 0.15569
24 0.15947
25 0.16373
26 0.16835
27 0.17061
28 0.17237
29 0.17359
30 0.17687
31 0.18454
32 0.19088
33 0.19542
34 0.20294
35 0.22978
36 0.23416
37 0.24025
38 0.24289
39 0.25088
40 0.25968
41 0.26825
42 0.27119
43 0.28225
44 0.28951
45 0.29207
46 0.29349
47 0.30197
48 0.30744
49 0.31175
50 0.32076
51 0.32916
52 0.33291
53 0.34802
54 0.36215
55 0.36955
56 0.37313
57 0.37752
58 0.38349
59 0.39516
60 0.3979
61 0.40027
62 0.40358
63 0.41432
64 0.42278
65 0.42719
66 0.43424
67 0.43888
68 0.44764
69 0.45119
70 0.45267
71 0.4536
72 0.4574
73 0.46243
74 0.4775
75 0.49139
76 0.49595
77 0.50643
78 0.50994
79 0.51389
80 0.51985
81 0.53528
82 0.54164
83 0.55066
84 0.55364
85 0.56698
86 0.58948
87 0.59159
88 0.59272
89 0.59689
90 0.60594
91 0.60797
92 0.61143
93 0.62594
94 0.628
95 0.63101
96 0.64644
97 0.66453
98 0.67202
99 0.68591
100 0.69664
101 0.70124
102 0.70473
103 0.72345
104 0.72611
105 0.72798
106 0.73479
107 0.73951
108 0.74082
109 0.74495
110 0.75272
111 0.77143
112 0.78071
113 0.78521
114 0.79145
115 0.79399
116 0.80204
117 0.80843
118 0.82087
119 0.83973
120 0.84097
121 0.85183
122 0.85442
123 0.86325
124 0.86541
125 0.87299
126 0.87934
127 0.88426
128 0.89693
129 0.91702
130 0.92003
131 0.92839
132 0.93023
133 0.93455
134 0.94063
135 0.95121
136 0.95492
137 0.95914
138 0.96277
139 0.97187
140 0.98443
141 0.99074
142 1.00521
143 1.02464
144 1.03203
145 1.04713
146 1.05718
147 1.06373
148 1.06935
149 1.0842
150 1.09168
151 1.09615
152 1.09876
153 1.10273
154 1.10964
155 1.11487
156 1.11653
157 1.12401
158 1.13046
159 1.14622
160 1.14789
161 1.15665
162 1.1709
163 1.17406
164 1.17973
165 1.1882
166 1.19567
167 1.2128
168 1.21717
169 1.2294
170 1.23034
171 1.24472
172 1.26453
173 1.26911
174 1.27305
175 1.28261
176 1.2872
177 1.29408
178 1.31233
179 1.31678
180 1.32237
181 1.32816
182 1.33104
183 1.33346
184 1.33669
185 1.35555
186 1.3572
187 1.36205
188 1.37021
189 1.37226
190 1.37823
191 1.38174
192 1.39236
193 1.39614
194 1.39746
195 1.40056
196 1.40186
197 1.41326
198 1.41623
199 1.42088
200 1.42485
201 1.42648
202 1.42869
203 1.43537
204 1.44529
205 1.45352
206 1.47422
207 1.47977
208 1.48236
209 1.48851
210 1.49138
211 1.50222
212 1.51569
213 1.51844
214 1.5235
215 1.52928
216 1.53263
217 1.53535
218 1.53893
219 1.54831
220 1.56138
221 1.56506
222 1.57058
223 1.5853
224 1.60142
225 1.60543
226 1.62929
227 1.64658
228 1.64934
229 1.65313
230 1.65551
231 1.66347
232 1.66493
233 1.67217
234 1.6782
235 1.68802
236 1.69997
237 1.70583
238 1.71187
239 1.72407
240 1.72882
241 1.73204
242 1.73386
243 1.75058
244 1.76541
245 1.7696
246 1.77319
247 1.77642
248 1.78583
249 1.78977
250 1.79505
251 1.80431
252 1.81136
253 1.82067
254 1.85245
255 1.86199
256 1.86529
257 1.8711
258 1.8754
259 1.88046
260 1.88582
261 1.88915
262 1.89566
263 1.89821
264 1.92294
265 1.92689
266 1.92888
267 1.93501
268 1.94625
269 1.94819
270 1.95055
271 1.95517
272 1.96381
273 1.96857
274 1.97506
275 1.98263
276 1.99125
277 1.997
278 2.01101
279 2.02232
280 2.0295
281 2.03119
282 2.03576
283 2.04758
284 2.05695
285 2.05912
286 2.06631
287 2.07062
288 2.07557
289 2.08588
290 2.10448
291 2.10739
292 2.10976
293 2.11633
294 2.12573
295 2.14316
296 2.145
297 2.15753
298 2.15936
299 2.16769
300 2.17747
301 2.18484
302 2.19255
303 2.2008
304 2.21268
305 2.21757
306 2.22863
307 2.23152
308 2.23288
309 2.23806
310 2.24419
311 2.25626
312 2.27475
313 2.28032
314 2.29326
315 2.29641
316 2.30045
317 2.30609
318 2.31281
319 2.31634
320 2.33111
321 2.35248
322 2.35744
323 2.37073
324 2.37367
325 2.37565
326 2.37892
327 2.39711
328 2.40313
329 2.41479
330 2.41721
331 2.42744
332 2.4334
333 2.44009
334 2.44465
335 2.45009
336 2.4561
337 2.45815
338 2.47745
339 2.49114
340 2.49533
341 2.49739
342 2.51803
343 2.5223
344 2.52851
345 2.54352
346 2.54656
347 2.54923
348 2.55129
349 2.5544
350 2.5583
351 2.56313
352 2.5717
353 2.58538
354 2.59255
355 2.60603
356 2.62261
357 2.62521
358 2.62658
359 2.63617
360 2.6446
361 2.64853
362 2.65821
363 2.6706
364 2.67827
365 2.68023
366 2.69102
367 2.69334
368 2.69714
369 2.70232
370 2.71034
371 2.72744
372 2.73307
373 2.74054
374 2.74276
375 2.75808
376 2.77385
377 2.78407
378 2.79043
379 2.79462
380 2.80273
381 2.8226
382 2.82513
383 2.83901
384 2.84658
385 2.8598
386 2.86429
387 2.87374
388 2.87885
389 2.8873
390 2.89428
391 2.89959
392 2.90246
393 2.91953
394 2.92421
395 2.93216
396 2.94988
397 2.95148
398 2.9653
399 2.98726
400 2.99006
401 2.99277
