1 0.0175
2 0.03236
3 0.04118
4 0.04715
5 0.05981
6 0.07077
7 0.07714
8 0.07943
9 0.08461
10 0.09384
11 0.10454
12 0.10717
13 0.12902
14 0.13234
15 0.14804
16 0.15105
17 0.16058
18 0.1645
19 0.16809
20 0.17149
21 0.17713
22 0.17953
23 0.21729
24 0.22084
25 0.22407
26 0.24002
27 0.24316
28 0.2543
29 0.27814
30 0.28727
31 0.28996
32 0.2975
33 0.32437
34 0.32602
35 0.3313
36 0.33586
37 0.33908
38 0.34779
39 0.34963
40 0.36656
41 0.37301
42 0.3775
43 0.38255
44 0.38603
45 0.39345
46 0.39445
47 0.40047
48 0.41302
49 0.41785
50 0.41901
51 0.42823
52 0.4315
53 0.45271
54 0.45974
55 0.46084
56 0.47575
57 0.48508
58 0.49899
59 0.50317
60 0.50575
61 0.50779
62 0.5154
63 0.54332
64 0.55256
65 0.5606
66 0.56575
67 0.58766
68 0.59505
69 0.60265
70 0.6101
71 0.62849
72 0.63885
73 0.64628
74 0.6542
75 0.66857
76 0.67893
77 0.68603
78 0.70198
79 0.70929
80 0.71846
81 0.72505
82 0.73006
83 0.73301
84 0.73584
85 0.74161
86 0.74958
87 0.75281
88 0.76027
89 0.77234
90 0.78485
91 0.79109
92 0.80062
93 0.81466
94 0.8247
95 0.85303
96 0.86246
97 0.90347
98 0.90602
99 0.92275
100 0.93906
101 0.95089
102 0.95541
103 0.97806
104 0.99391
105 1.0004
106 1.00945
107 1.01985
108 1.02553
109 1.05082
110 1.05498
111 1.05914
112 1.07342
113 1.07576
114 1.09544
115 1.09936
116 1.10061
117 1.11841
118 1.12117
119 1.13316
120 1.1433
121 1.14559
122 1.16684
123 1.16948
124 1.18648
125 1.18872
126 1.1911
127 1.19749
128 1.205
129 1.20819
130 1.21473
131 1.22892
132 1.23215
133 1.25299
134 1.27065
135 1.27995
136 1.30967
137 1.31794
138 1.32905
139 1.34177
140 1.34974
141 1.35676
142 1.3691
143 1.37552
144 1.38308
145 1.40149
146 1.41569
147 1.42054
148 1.42611
149 1.43539
150 1.43995
151 1.45176
152 1.45765
153 1.47839
154 1.48564
155 1.49397
156 1.49789
157 1.514
158 1.51813
159 1.54186
160 1.55039
161 1.56159
162 1.56685
163 1.58463
164 1.59632
165 1.61331
166 1.6162
167 1.61951
168 1.62398
169 1.64277
170 1.64645
171 1.66789
172 1.67111
173 1.68424
174 1.69353
175 1.70998
176 1.71199
177 1.71389
178 1.71615
179 1.71941
180 1.7275
181 1.73184
182 1.74324
183 1.74979
184 1.79489
185 1.79812
186 1.80747
187 1.82886
188 1.84708
189 1.87586
190 1.8868
191 1.90659
192 1.928
193 1.93879
194 1.94092
195 1.94316
196 1.95012
197 1.97041
198 1.99491
199 2.02657
200 2.05124
201 2.08082
202 2.08401
203 2.08823
204 2.08989
205 2.1112
206 2.11972
207 2.12243
208 2.12597
209 2.15377
210 2.15534
211 2.16583
212 2.1695
213 2.17189
214 2.18822
215 2.19439
216 2.20189
217 2.20634
218 2.23618
219 2.24033
220 2.25418
221 2.26428
222 2.27024
223 2.27187
224 2.27846
225 2.28253
226 2.29025
227 2.29482
228 2.31478
229 2.32555
230 2.34557
231 2.36702
232 2.36943
233 2.39377
234 2.39695
235 2.42579
236 2.42786
237 2.43187
238 2.435
239 2.4482
240 2.4755
241 2.47808
242 2.47953
243 2.49509
244 2.49782
245 2.50076
246 2.5075
247 2.523
248 2.53218
249 2.53379
250 2.53531
251 2.53759
252 2.54498
253 2.55302
254 2.56191
255 2.57706
256 2.59086
257 2.60009
258 2.60942
259 2.6175
260 2.62435
261 2.62783
262 2.6532
263 2.66609
264 2.66987
265 2.67867
266 2.68424
267 2.70337
268 2.70549
269 2.71022
270 2.7135
271 2.71527
272 2.72065
273 2.725
274 2.73724
275 2.74283
276 2.74668
277 2.75333
278 2.76689
279 2.78519
280 2.78865
281 2.81276
282 2.83618
283 2.86535
284 2.88512
285 2.88839
286 2.8996
287 2.90084
288 2.90606
289 2.9136
290 2.92286
291 2.93059
292 2.93887
293 2.95498
294 2.96737
295 2.97307
296 2.9847
