1 0.00233
2 0.00692
3 0.01343
4 0.01929
5 0.03097
6 0.03273
7 0.03756
8 0.04699
9 0.05069
10 0.05208
11 0.05935
12 0.06704
13 0.06926
14 0.07287
15 0.07664
16 0.09411
17 0.09695
18 0.10012
19 0.10329
20 0.11869
21 0.12841
22 0.12996
23 0.13124
24 0.13649
25 0.13916
26 0.15718
27 0.15982
28 0.16095
29 0.16235
30 0.16859
31 0.17389
32 0.18248
33 0.18399
34 0.18654
35 0.19015
36 0.19953
37 0.20873
38 0.21409
39 0.2222
40 0.23686
41 0.25537
42 0.2581
43 0.2638
44 0.27055
45 0.2765
46 0.28545
47 0.2939
48 0.29737
49 0.30118
50 0.3037
51 0.31443
52 0.33508
53 0.33696
54 0.34508
55 0.35191
56 0.35496
57 0.37442
58 0.39281
59 0.41164
60 0.41638
61 0.42313
62 0.44101
63 0.44329
64 0.4504
65 0.46326
66 0.46885
67 0.47155
68 0.47961
69 0.48748
70 0.49428
71 0.51715
72 0.52416
73 0.52759
74 0.53776
75 0.55066
76 0.55399
77 0.55842
78 0.56245
79 0.57989
80 0.58357
81 0.59089
82 0.6029
83 0.61155
84 0.62236
85 0.62514
86 0.63438
87 0.64222
88 0.64687
89 0.64897
90 0.66168
91 0.66844
92 0.67477
93 0.68219
94 0.69368
95 0.69812
96 0.71396
97 0.72579
98 0.72833
99 0.73607
100 0.75788
101 0.76321
102 0.7651
103 0.77181
104 0.77589
105 0.79344
106 0.807
107 0.83076
108 0.83299
109 0.83693
110 0.8448
111 0.85027
112 0.8537
113 0.8567
114 0.87714
115 0.8832
116 0.88491
117 0.89215
118 0.90171
119 0.91412
120 0.92241
121 0.92827
122 0.93078
123 0.94963
124 0.95546
125 0.95737
126 0.97317
127 0.97462
128 1.00384
129 1.00849
130 1.02173
131 1.02433
132 1.03084
133 1.03177
134 1.03344
135 1.04539
136 1.0494
137 1.06285
138 1.07133
139 1.07643
140 1.07954
141 1.08764
142 1.08953
143 1.10694
144 1.11729
145 1.12146
146 1.13401
147 1.13584
148 1.13703
149 1.16623
150 1.18168
151 1.19137
152 1.19388
153 1.20221
154 1.20886
155 1.21226
156 1.21962
157 1.22203
158 1.22428
159 1.23706
160 1.24004
161 1.24412
162 1.253
163 1.26229
164 1.26718
165 1.26983
166 1.27538
167 1.28048
168 1.29223
169 1.31035
170 1.31455
171 1.32339
172 1.32703
173 1.33362
174 1.34388
175 1.36099
176 1.36277
177 1.37501
178 1.37936
179 1.38821
180 1.39309
181 1.40115
182 1.4188
183 1.42266
184 1.43554
185 1.44116
186 1.45024
187 1.46313
188 1.46882
189 1.47977
190 1.48808
191 1.49281
192 1.50846
193 1.51386
194 1.51526
195 1.52294
196 1.52571
197 1.53188
198 1.56319
199 1.58598
200 1.59434
201 1.61526
202 1.61868
203 1.62214
204 1.62705
205 1.63694
206 1.6583
207 1.66618
208 1.67145
209 1.67601
210 1.68304
211 1.69389
212 1.697
213 1.69868
214 1.71051
215 1.714
216 1.721
217 1.74329
218 1.74742
219 1.75684
220 1.76638
221 1.77393
222 1.80007
223 1.80421
224 1.80753
225 1.81036
226 1.82471
227 1.82758
228 1.84242
229 1.85333
230 1.86212
231 1.86445
232 1.87421
233 1.89159
234 1.8995
235 1.90153
236 1.90702
237 1.91552
238 1.91992
239 1.92922
240 1.93143
241 1.95016
242 1.96236
243 1.96334
244 1.97529
245 1.9809
246 2.01609
247 2.02211
248 2.03006
249 2.03885
250 2.04729
251 2.04852
252 2.05302
253 2.05824
254 2.06088
255 2.06536
256 2.06633
257 2.07259
258 2.07721
259 2.08246
260 2.08567
261 2.09266
262 2.09615
263 2.09999
264 2.10666
265 2.12375
266 2.14044
267 2.14503
268 2.15052
269 2.16924
270 2.17482
271 2.18324
272 2.21009
273 2.21583
274 2.22042
275 2.22864
276 2.24029
277 2.24688
278 2.25676
279 2.26007
280 2.26605
281 2.26862
282 2.26972
283 2.27675
284 2.28202
285 2.29483
286 2.297
287 2.30007
288 2.30734
289 2.3147
290 2.31651
291 2.31948
292 2.32831
293 2.33768
294 2.34125
295 2.34721
296 2.3621
297 2.37341
298 2.38356
299 2.39159
300 2.40153
301 2.41206
302 2.4163
303 2.43177
304 2.45183
305 2.46984
306 2.49262
307 2.50325
308 2.51577
309 2.52827
310 2.53209
311 2.5459
312 2.56476
313 2.57245
314 2.57525
315 2.58
316 2.60731
317 2.62163
318 2.63256
319 2.63688
320 2.64918
321 2.66247
322 2.66623
323 2.66864
324 2.67703
325 2.68002
326 2.69336
327 2.70148
328 2.71352
329 2.72333
330 2.72587
331 2.73145
332 2.73997
333 2.74178
334 2.76767
335 2.77544
336 2.77999
337 2.79034
338 2.7952
339 2.8007
340 2.80998
341 2.82224
342 2.8268
343 2.83987
344 2.85751
345 2.87914
346 2.88727
347 2.89408
348 2.89906
349 2.90009
350 2.91074
351 2.91413
352 2.92402
353 2.9465
354 2.95076
355 2.95272
356 2.95881
357 2.96217
358 2.97394
359 2.97719
360 2.98646
