1 0.00379
2 0.00962
3 0.03116
4 0.0358
5 0.04847
6 0.05021
7 0.05183
8 0.05624
9 0.05956
10 0.06834
11 0.07373
12 0.08769
13 0.098
14 0.1022
15 0.10767
16 0.11881
17 0.12084
18 0.14498
19 0.16141
20 0.17548
21 0.18097
22 0.18249
23 0.21535
24 0.22602
25 0.23624
26 0.23797
27 0.25007
28 0.25334
29 0.25477
30 0.25818
31 0.26989
32 0.27599
33 0.27829
34 0.2929
35 0.30467
36 0.30597
37 0.31933
38 0.3221
39 0.32406
40 0.3286
41 0.33355
42 0.35863
43 0.36448
44 0.38117
45 0.39607
46 0.40272
47 0.41299
48 0.42298
49 0.42431
50 0.43621
51 0.45743
52 0.46206
53 0.46403
54 0.46903
55 0.4829
56 0.50335
57 0.52061
58 0.52264
59 0.53132
60 0.53564
61 0.54724
62 0.56442
63 0.56592
64 0.56834
65 0.58488
66 0.60096
67 0.61949
68 0.63182
69 0.64803
70 0.66133
71 0.6838
72 0.69452
73 0.69654
74 0.69997
75 0.70524
76 0.71076
77 0.74795
78 0.75918
79 0.76495
80 0.76679
81 0.77542
82 0.77829
83 0.78489
84 0.78771
85 0.80184
86 0.81382
87 0.82052
88 0.8218
89 0.83183
90 0.84176
91 0.84687
92 0.85796
93 0.86237
94 0.87532
95 0.87935
96 0.88793
97 0.88922
98 0.8939
99 0.89922
100 0.90244
101 0.91224
102 0.91354
103 0.91551
104 0.92309
105 0.92742
106 0.9438
107 0.94597
108 0.94748
109 0.94852
110 0.94944
111 0.95227
112 0.95929
113 0.96411
114 0.9766
115 0.98888
116 0.99699
117 1.02504
118 1.03821
119 1.05118
120 1.06655
121 1.07462
122 1.09971
123 1.10442
124 1.11078
125 1.11659
126 1.11831
127 1.13246
128 1.13797
129 1.14195
130 1.14627
131 1.15065
132 1.15665
133 1.17035
134 1.18303
135 1.19005
136 1.1981
137 1.20075
138 1.20704
139 1.21908
140 1.22995
141 1.2495
142 1.27382
143 1.28513
144 1.28772
145 1.29433
146 1.29567
147 1.30419
148 1.30966
149 1.31496
150 1.32452
151 1.33501
152 1.34288
153 1.35797
154 1.36159
155 1.36359
156 1.36671
157 1.37295
158 1.37959
159 1.38111
160 1.39974
161 1.40444
162 1.40634
163 1.42688
164 1.43294
165 1.43911
166 1.44803
167 1.47369
168 1.48568
169 1.51113
170 1.51662
171 1.54172
172 1.54795
173 1.55145
174 1.55412
175 1.55948
176 1.5909
177 1.60934
178 1.62789
179 1.62952
180 1.63073
181 1.64259
182 1.646
183 1.65172
184 1.66773
185 1.67244
186 1.67772
187 1.6888
188 1.71776
189 1.73525
190 1.73848
191 1.74945
192 1.76534
193 1.7767
194 1.78262
195 1.78836
196 1.79417
197 1.79551
198 1.80799
199 1.81914
200 1.82684
201 1.83086
202 1.86584
203 1.87393
204 1.88401
205 1.90374
206 1.91787
207 1.92399
208 1.92905
209 1.94812
210 1.95596
211 1.97669
212 1.98123
213 1.99039
214 1.99186
215 1.99392
216 2.01095
217 2.02304
218 2.03818
219 2.04504
220 2.05951
221 2.06151
222 2.0665
223 2.08242
224 2.08932
225 2.09861
226 2.10898
227 2.11709
228 2.12263
229 2.13211
230 2.13987
231 2.16141
232 2.1657
233 2.17544
234 2.17934
235 2.1912
236 2.20706
237 2.21346
238 2.22327
239 2.23876
240 2.26381
241 2.27607
242 2.27714
243 2.28705
244 2.30304
245 2.308
246 2.31416
247 2.31594
248 2.32104
249 2.32549
250 2.32945
251 2.34342
252 2.35095
253 2.35409
254 2.35955
255 2.37573
256 2.39487
257 2.39988
258 2.40229
259 2.428
260 2.43398
261 2.43833
262 2.44312
263 2.44978
264 2.45909
265 2.46392
266 2.49039
267 2.49172
268 2.49362
269 2.49651
270 2.509
271 2.51991
272 2.52531
273 2.53593
274 2.54567
275 2.56334
276 2.57473
277 2.5779
278 2.58615
279 2.59077
280 2.60454
281 2.61506
282 2.63225
283 2.63307
284 2.63609
285 2.6428
286 2.65292
287 2.66267
288 2.66818
289 2.68252
290 2.68614
291 2.69451
292 2.70155
293 2.71236
294 2.7205
295 2.73844
296 2.74213
297 2.74498
298 2.76748
299 2.7733
300 2.80983
301 2.81294
302 2.83205
303 2.8418
304 2.84382
305 2.85004
306 2.86015
307 2.87705
308 2.8798
309 2.896
310 2.91845
311 2.93142
312 2.93489
313 2.9426
314 2.95097
315 2.96126
316 2.97778
317 2.99095
