1 0.00818
2 0.01404
3 0.03828
4 0.04292
5 0.05057
6 0.05353
7 0.05915
8 0.06783
9 0.06897
10 0.0725
11 0.08248
12 0.08748
13 0.09274
14 0.09976
15 0.10924
16 0.11131
17 0.12458
18 0.13237
19 0.13936
20 0.16507
21 0.17043
22 0.19744
23 0.20944
24 0.22738
25 0.23104
26 0.23486
27 0.2423
28 0.24556
29 0.25254
30 0.25464
31 0.26166
32 0.28763
33 0.29333
34 0.29883
35 0.30797
36 0.31236
37 0.3182
38 0.33336
39 0.37121
40 0.37794
41 0.38797
42 0.40225
43 0.41375
44 0.43218
45 0.44037
46 0.44562
47 0.44842
48 0.46362
49 0.46977
50 0.47124
51 0.47642
52 0.48715
53 0.4938
54 0.49976
55 0.50525
56 0.52586
57 0.53565
58 0.54077
59 0.54356
60 0.54498
61 0.55303
62 0.55835
63 0.56883
64 0.57486
65 0.58178
66 0.60917
67 0.62044
68 0.65228
69 0.66232
70 0.66789
71 0.67716
72 0.68754
73 0.70219
74 0.70855
75 0.70993
76 0.71797
77 0.72706
78 0.73913
79 0.74179
80 0.77325
81 0.77672
82 0.78204
83 0.79396
84 0.80367
85 0.81217
86 0.81529
87 0.82754
88 0.83235
89 0.83796
90 0.85161
91 0.8617
92 0.86719
93 0.87073
94 0.88607
95 0.89494
96 0.91661
97 0.91963
98 0.92819
99 0.94244
100 0.96138
101 0.9695
102 0.97113
103 0.98626
104 0.99185
105 0.99401
106 0.99878
107 1.01393
108 1.03624
109 1.04763
110 1.05948
111 1.07031
112 1.07311
113 1.08536
114 1.1017
115 1.12575
116 1.12861
117 1.14851
118 1.1545
119 1.16168
120 1.17324
121 1.18084
122 1.18998
123 1.19521
124 1.1968
125 1.2
126 1.21365
127 1.23257
128 1.23898
129 1.25643
130 1.26007
131 1.27637
132 1.27985
133 1.28886
134 1.29733
135 1.30986
136 1.31276
137 1.31821
138 1.33164
139 1.34006
140 1.34577
141 1.35154
142 1.37539
143 1.37965
144 1.38901
145 1.39556
146 1.41604
147 1.44471
148 1.44752
149 1.45101
150 1.45528
151 1.4647
152 1.46742
153 1.49423
154 1.50187
155 1.52568
156 1.53277
157 1.53535
158 1.53956
159 1.55141
160 1.55938
161 1.56108
162 1.5709
163 1.57884
164 1.58884
165 1.59812
166 1.60209
167 1.61073
168 1.62406
169 1.63152
170 1.64093
171 1.64424
172 1.66427
173 1.67155
174 1.67269
175 1.68135
176 1.6954
177 1.71679
178 1.7184
179 1.72372
180 1.73099
181 1.74191
182 1.75351
183 1.75865
184 1.76773
185 1.77034
186 1.78515
187 1.79515
188 1.80294
189 1.80439
190 1.80806
191 1.82185
192 1.82898
193 1.83473
194 1.84074
195 1.84474
196 1.86467
197 1.87213
198 1.87631
199 1.88689
200 1.89274
201 1.89459
202 1.92448
203 1.93285
204 1.94318
205 1.94943
206 1.95657
207 1.96423
208 1.99047
209 1.99606
210 2.005
211 2.01619
212 2.04678
213 2.06146
214 2.08277
215 2.09722
216 2.1051
217 2.11445
218 2.11713
219 2.12383
220 2.14381
221 2.15049
222 2.16409
223 2.16751
224 2.17007
225 2.17487
226 2.1814
227 2.2036
228 2.2114
229 2.22322
230 2.24071
231 2.24666
232 2.2477
233 2.28123
234 2.28926
235 2.2906
236 2.29525
237 2.31003
238 2.31117
239 2.31697
240 2.33404
241 2.3401
242 2.34746
243 2.35155
244 2.3696
245 2.37961
246 2.39284
247 2.39431
248 2.42196
249 2.42499
250 2.43744
251 2.45724
252 2.46027
253 2.46176
254 2.46885
255 2.47552
256 2.48354
257 2.48967
258 2.49348
259 2.5013
260 2.50776
261 2.51736
262 2.52687
263 2.53405
264 2.53577
265 2.54563
266 2.55849
267 2.55962
268 2.56793
269 2.57076
270 2.57619
271 2.58036
272 2.58482
273 2.58617
274 2.59617
275 2.60968
276 2.61234
277 2.62198
278 2.62725
279 2.63291
280 2.63962
281 2.66414
282 2.67238
283 2.68249
284 2.69104
285 2.72254
286 2.72405
287 2.72829
288 2.73019
289 2.7334
290 2.74058
291 2.7581
292 2.76576
293 2.7843
294 2.79228
295 2.79415
296 2.80311
297 2.81296
298 2.82526
299 2.83837
300 2.85229
301 2.86898
302 2.87415
303 2.87837
304 2.88139
305 2.89409
306 2.90396
307 2.92462
308 2.9464
309 2.95799
310 2.9665
311 2.96798
312 2.97064
313 2.97227
314 2.98589
315 2.99055
