1 0.00566
2 0.01207
3 0.02443
4 0.02668
5 0.03123
6 0.03949
7 0.04908
8 0.05596
9 0.05863
10 0.06765
11 0.07356
12 0.08087
13 0.08945
14 0.095
15 0.09699
16 0.10182
17 0.10847
18 0.11143
19 0.11513
20 0.11969
21 0.13326
22 0.1356
23 0.13857
24 0.14967
25 0.16404
26 0.18445
27 0.19325
28 0.20539
29 0.21528
30 0.2236
31 0.22842
32 0.24376
33 0.25151
34 0.25854
35 0.25963
36 0.26879
37 0.27402
38 0.27764
39 0.28335
40 0.2878
41 0.29737
42 0.31082
43 0.31977
44 0.33931
45 0.34498
46 0.35249
47 0.36005
48 0.36862
49 0.37369
50 0.38118
51 0.38753
52 0.40555
53 0.40932
54 0.41557
55 0.42093
56 0.42422
57 0.43155
58 0.43764
59 0.45374
60 0.46116
61 0.46218
62 0.46748
63 0.47321
64 0.47439
65 0.48096
66 0.48766
67 0.49054
68 0.49605
69 0.49793
70 0.50567
71 0.51083
72 0.5171
73 0.51972
74 0.53184
75 0.54798
76 0.55766
77 0.57653
78 0.58987
79 0.60056
80 0.60349
81 0.61138
82 0.62134
83 0.62762
84 0.63689
85 0.63891
86 0.64248
87 0.64584
88 0.65161
89 0.65515
90 0.66441
91 0.67584
92 0.67787
93 0.70119
94 0.70447
95 0.70563
96 0.70757
97 0.73954
98 0.74602
99 0.75347
100 0.75647
101 0.76112
102 0.78221
103 0.79325
104 0.80679
105 0.81059
106 0.81672
107 0.82185
108 0.83347
109 0.84692
110 0.87481
111 0.88435
112 0.88796
113 0.89912
114 0.92485
115 0.93365
116 0.95786
117 0.96736
118 0.98392
119 0.994
120 1.00443
121 1.0168
122 1.02336
123 1.0288
124 1.03453
125 1.05002
126 1.05375
127 1.05899
128 1.06666
129 1.0719
130 1.07859
131 1.08048
132 1.09266
133 1.10079
134 1.10282
135 1.11192
136 1.11951
137 1.12095
138 1.12966
139 1.15328
140 1.15641
141 1.16512
142 1.16647
143 1.1704
144 1.18425
145 1.20084
146 1.20305
147 1.20975
148 1.21781
149 1.22841
150 1.24098
151 1.24851
152 1.25269
153 1.27235
154 1.27484
155 1.2771
156 1.28237
157 1.293
158 1.29851
159 1.31838
160 1.3217
161 1.33739
162 1.3694
163 1.40767
164 1.42691
165 1.43471
166 1.43681
167 1.4411
168 1.44369
169 1.45918
170 1.46119
171 1.46544
172 1.47081
173 1.4843
174 1.50179
175 1.50657
176 1.5102
177 1.51903
178 1.52873
179 1.53664
180 1.54879
181 1.55051
182 1.55782
183 1.56515
184 1.56924
185 1.58366
186 1.5957
187 1.60518
188 1.60878
189 1.61849
190 1.62807
191 1.64267
192 1.6545
193 1.65861
194 1.66123
195 1.69704
196 1.70011
197 1.70701
198 1.71478
199 1.71929
200 1.73762
201 1.75617
202 1.7605
203 1.76415
204 1.77079
205 1.77314
206 1.77397
207 1.77794
208 1.78259
209 1.78742
210 1.78947
211 1.83326
212 1.8449
213 1.85412
214 1.87848
215 1.88582
216 1.9094
217 1.92273
218 1.93054
219 1.95034
220 1.96675
221 1.97359
222 2.00318
223 2.02623
224 2.04217
225 2.04934
226 2.05406
227 2.05815
228 2.06372
229 2.06471
230 2.07467
231 2.08379
232 2.08896
233 2.09549
234 2.10359
235 2.11663
236 2.11991
237 2.12228
238 2.12667
239 2.13876
240 2.16223
241 2.16619
242 2.17597
243 2.18787
244 2.19054
245 2.19506
246 2.20445
247 2.21089
248 2.21386
249 2.21587
250 2.22352
251 2.2435
252 2.25589
253 2.26163
254 2.26569
255 2.26815
256 2.27262
257 2.28697
258 2.29625
259 2.31869
260 2.3218
261 2.33441
262 2.34004
263 2.34773
264 2.35657
265 2.36029
266 2.37665
267 2.38436
268 2.39885
269 2.40532
270 2.40924
271 2.41802
272 2.42205
273 2.42904
274 2.43099
275 2.44723
276 2.4675
277 2.4845
278 2.5028
279 2.50728
280 2.51256
281 2.51691
282 2.52761
283 2.53058
284 2.55017
285 2.55281
286 2.56482
287 2.57989
288 2.58729
289 2.59036
290 2.59161
291 2.59338
292 2.5952
293 2.6091
294 2.61558
295 2.62426
296 2.63246
297 2.64649
298 2.6495
299 2.66118
300 2.67032
301 2.69264
302 2.70736
303 2.72422
304 2.73356
305 2.73889
306 2.75048
307 2.75156
308 2.76148
309 2.77758
310 2.78066
311 2.80001
312 2.80188
313 2.80689
314 2.81561
315 2.81813
316 2.82243
317 2.83218
318 2.84453
319 2.85592
320 2.86239
321 2.88771
322 2.89355
323 2.92643
324 2.92952
325 2.95274
326 2.97797
327 2.97978
328 2.98341
329 2.98538
