1 0.00344
2 0.01202
3 0.01695
4 0.02274
5 0.035
6 0.04116
7 0.04971
8 0.06021
9 0.06211
10 0.06801
11 0.0826
12 0.08484
13 0.10551
14 0.10877
15 0.11674
16 0.13195
17 0.14288
18 0.14697
19 0.16411
20 0.17499
21 0.17949
22 0.18133
23 0.1858
24 0.18722
25 0.19726
26 0.21265
27 0.22903
28 0.23595
29 0.2382
30 0.25526
31 0.2654
32 0.2707
33 0.28762
34 0.28905
35 0.33521
36 0.37337
37 0.37669
38 0.38586
39 0.39078
40 0.39229
41 0.39882
42 0.40227
43 0.40571
44 0.42509
45 0.43608
46 0.43871
47 0.45047
48 0.4639
49 0.47332
50 0.47977
51 0.49531
52 0.50694
53 0.51115
54 0.51441
55 0.53299
56 0.55115
57 0.57298
58 0.57491
59 0.58494
60 0.5894
61 0.5965
62 0.60834
63 0.61779
64 0.62404
65 0.63138
66 0.64143
67 0.6454
68 0.66163
69 0.67262
70 0.67852
71 0.67977
72 0.68381
73 0.69266
74 0.69759
75 0.71194
76 0.71393
77 0.71888
78 0.72333
79 0.72957
80 0.73548
81 0.74088
82 0.74253
83 0.76414
84 0.76792
85 0.78349
86 0.79237
87 0.79945
88 0.80234
89 0.80631
90 0.84109
91 0.84628
92 0.87184
93 0.87317
94 0.88131
95 0.89007
96 0.89267
97 0.89503
98 0.91417
99 0.91987
100 0.92066
101 0.92296
102 0.94463
103 0.94716
104 0.96277
105 0.97233
106 0.97745
107 0.99116
108 1.00483
109 1.00785
110 1.01108
111 1.02465
112 1.02982
113 1.04122
114 1.04439
115 1.05849
116 1.07281
117 1.08563
118 1.08929
119 1.09228
120 1.0967
121 1.10208
122 1.11648
123 1.12025
124 1.13473
125 1.14488
126 1.14773
127 1.15117
128 1.15639
129 1.16527
130 1.16705
131 1.1715
132 1.18112
133 1.18715
134 1.19446
135 1.20671
136 1.22463
137 1.23437
138 1.24019
139 1.24728
140 1.26196
141 1.26911
142 1.27585
143 1.27902
144 1.28633
145 1.28983
146 1.29479
147 1.29718
148 1.30882
149 1.31157
150 1.35972
151 1.37026
152 1.37308
153 1.38621
154 1.39189
155 1.40049
156 1.40674
157 1.40918
158 1.41324
159 1.42539
160 1.42802
161 1.43012
162 1.43414
163 1.45217
164 1.45557
165 1.45877
166 1.47088
167 1.49062
168 1.50083
169 1.51746
170 1.5462
171 1.56126
172 1.58543
173 1.59377
174 1.6049
175 1.61642
176 1.62016
177 1.62697
178 1.63222
179 1.64462
180 1.65916
181 1.68067
182 1.68479
183 1.69254
184 1.70358
185 1.70513
186 1.71403
187 1.73089
188 1.73992
189 1.75607
190 1.77256
191 1.78976
192 1.791
193 1.79424
194 1.81318
195 1.81846
196 1.83323
197 1.83918
198 1.8429
199 1.85895
200 1.89219
201 1.91112
202 1.91793
203 1.9415
204 1.94359
205 1.94661
206 1.96029
207 1.97488
208 1.97845
209 1.98051
210 1.98433
211 1.98988
212 1.99979
213 2.00525
214 2.01548
215 2.03995
216 2.04597
217 2.05205
218 2.06049
219 2.06511
220 2.07436
221 2.093
222 2.09855
223 2.10734
224 2.11181
225 2.12206
226 2.12806
227 2.12967
228 2.13302
229 2.13559
230 2.1428
231 2.14911
232 2.15577
233 2.15926
234 2.17021
235 2.17567
236 2.17827
237 2.18506
238 2.21361
239 2.21654
240 2.22074
241 2.22432
242 2.22785
243 2.2379
244 2.24006
245 2.25016
246 2.25745
247 2.26799
248 2.27652
249 2.28623
250 2.29187
251 2.30285
252 2.30985
253 2.31453
254 2.32022
255 2.33019
256 2.33168
257 2.35152
258 2.35742
259 2.38111
260 2.41713
261 2.43248
262 2.44308
263 2.44871
264 2.4644
265 2.46925
266 2.4938
267 2.50017
268 2.51248
269 2.53347
270 2.5407
271 2.54329
272 2.55046
273 2.57018
274 2.57478
275 2.57711
276 2.59537
277 2.59926
278 2.61037
279 2.61654
280 2.62461
281 2.63105
282 2.63345
283 2.64089
284 2.65334
285 2.65519
286 2.66599
287 2.68293
288 2.7039
289 2.7127
290 2.71972
291 2.7229
292 2.72999
293 2.73782
294 2.74708
295 2.7589
296 2.77137
297 2.7764
298 2.78654
299 2.79551
300 2.81877
301 2.82501
302 2.83088
303 2.84508
304 2.85998
305 2.86744
306 2.87021
307 2.89584
308 2.90159
309 2.92016
310 2.92652
311 2.92956
312 2.94413
313 2.96013
314 2.96415
315 2.99342
