1 0.0038
2 0.00838
3 0.01008
4 0.0172
5 0.02225
6 0.02736
7 0.03029
8 0.0381
9 0.05013
10 0.06413
11 0.07674
12 0.09446
13 0.11152
14 0.12198
15 0.12358
16 0.13702
17 0.15848
18 0.16648
19 0.17537
20 0.19307
21 0.20202
22 0.21486
23 0.22254
24 0.22797
25 0.23447
26 0.23663
27 0.24544
28 0.27599
29 0.27838
30 0.28189
31 0.29036
32 0.29383
33 0.29816
34 0.31253
35 0.3213
36 0.32538
37 0.32898
38 0.35293
39 0.35429
40 0.36463
41 0.36815
42 0.38548
43 0.39153
44 0.39431
45 0.40557
46 0.40742
47 0.41142
48 0.42958
49 0.4403
50 0.4436
51 0.45073
52 0.45441
53 0.46023
54 0.47691
55 0.50046
56 0.5183
57 0.52448
58 0.53247
59 0.53772
60 0.58285
61 0.58587
62 0.59054
63 0.60326
64 0.61517
65 0.62086
66 0.62786
67 0.64361
68 0.66037
69 0.67225
70 0.69367
71 0.69633
72 0.69821
73 0.70969
74 0.7124
75 0.72213
76 0.72666
77 0.73567
78 0.73664
79 0.74033
80 0.74624
81 0.76094
82 0.76901
83 0.77221
84 0.78747
85 0.7976
86 0.82107
87 0.83054
88 0.83267
89 0.84495
90 0.84664
91 0.86475
92 0.88526
93 0.89428
94 0.90451
95 0.90731
96 0.94467
97 0.95394
98 0.97878
99 1.00091
100 1.00277
101 1.00818
102 1.0234
103 1.0287
104 1.03139
105 1.04797
106 1.06083
107 1.06744
108 1.07638
109 1.08291
110 1.08771
111 1.09392
112 1.10076
113 1.10681
114 1.11591
115 1.13081
116 1.14981
117 1.15849
118 1.16033
119 1.16742
120 1.1772
121 1.18844
122 1.19432
123 1.20325
124 1.20553
125 1.21181
126 1.22132
127 1.24399
128 1.26584
129 1.27581
130 1.282
131 1.2881
132 1.2906
133 1.29265
134 1.3103
135 1.33892
136 1.34257
137 1.34584
138 1.35157
139 1.35345
140 1.3599
141 1.37777
142 1.38988
143 1.39831
144 1.41363
145 1.4216
146 1.43871
147 1.44076
148 1.45641
149 1.4702
150 1.47683
151 1.4874
152 1.49443
153 1.50095
154 1.50618
155 1.51616
156 1.53187
157 1.53968
158 1.55669
159 1.56496
160 1.56768
161 1.57906
162 1.58441
163 1.59044
164 1.59351
165 1.59823
166 1.6011
167 1.60208
168 1.61545
169 1.61688
170 1.62574
171 1.63853
172 1.64322
173 1.65876
174 1.66504
175 1.68157
176 1.68849
177 1.69031
178 1.69305
179 1.695
180 1.69854
181 1.70855
182 1.71425
183 1.71989
184 1.72294
185 1.72853
186 1.74055
187 1.74331
188 1.74835
189 1.7586
190 1.7638
191 1.77646
192 1.78328
193 1.7894
194 1.7966
195 1.81969
196 1.82159
197 1.82372
198 1.83609
199 1.8385
200 1.85057
201 1.86095
202 1.86772
203 1.87812
204 1.88538
205 1.89586
206 1.9059
207 1.91568
208 1.92547
209 1.94357
210 1.96896
211 1.97596
212 1.98012
213 1.98813
214 1.99452
215 2.00583
216 2.01282
217 2.01523
218 2.02912
219 2.0411
220 2.05605
221 2.05979
222 2.06063
223 2.067
224 2.09056
225 2.09168
226 2.09989
227 2.10699
228 2.12401
229 2.13908
230 2.14677
231 2.14973
232 2.15445
233 2.18121
234 2.19217
235 2.19393
236 2.20161
237 2.20756
238 2.21393
239 2.21753
240 2.2305
241 2.23462
242 2.26151
243 2.26244
244 2.28009
245 2.28874
246 2.31659
247 2.32096
248 2.33383
249 2.33905
250 2.34178
251 2.34715
252 2.35057
253 2.35564
254 2.36108
255 2.37581
256 2.37688
257 2.38795
258 2.40006
259 2.44466
260 2.44997
261 2.45174
262 2.45622
263 2.46549
264 2.47505
265 2.48618
266 2.50167
267 2.50745
268 2.51399
269 2.51663
270 2.5206
271 2.53763
272 2.53871
273 2.54879
274 2.55376
275 2.56814
276 2.57862
277 2.58429
278 2.60638
279 2.61231
280 2.6158
281 2.62759
282 2.62993
283 2.6393
284 2.65262
285 2.66244
286 2.66548
287 2.67479
288 2.68279
289 2.717
290 2.72576
291 2.73676
292 2.73984
293 2.74093
294 2.75383
295 2.76387
296 2.76648
297 2.78087
298 2.78256
299 2.80374
300 2.8061
301 2.81199
302 2.81451
303 2.82568
304 2.83275
305 2.83388
306 2.86616
307 2.87235
308 2.88337
309 2.8846
310 2.88809
311 2.89494
312 2.90532
313 2.90775
314 2.91973
315 2.9292
316 2.93213
317 2.94168
318 2.94868
319 2.95189
320 2.96149
321 2.96977
322 2.9806
323 2.9897
