1 0.00203
2 0.00728
3 0.01215
4 0.02129
5 0.02366
6 0.03677
7 0.03937
8 0.05119
9 0.06172
10 0.07402
11 0.08778
12 0.08917
13 0.09561
14 0.10643
15 0.10947
16 0.1215
17 0.12643
18 0.14292
19 0.14895
20 0.16722
21 0.16995
22 0.1742
23 0.17854
24 0.18178
25 0.18503
26 0.19608
27 0.20121
28 0.20348
29 0.20875
30 0.21554
31 0.22642
32 0.23012
33 0.23442
34 0.24173
35 0.24416
36 0.25438
37 0.2666
38 0.27149
39 0.27251
40 0.27894
41 0.28658
42 0.29298
43 0.30059
44 0.30813
45 0.31717
46 0.32323
47 0.33204
48 0.3362
49 0.34361
50 0.34944
51 0.35178
52 0.35544
53 0.3577
54 0.37076
55 0.37639
56 0.38603
57 0.39035
58 0.39924
59 0.40515
60 0.4225
61 0.42426
62 0.42689
63 0.42876
64 0.43557
65 0.4415
66 0.44528
67 0.4558
68 0.47688
69 0.47948
70 0.49049
71 0.49168
72 0.49537
73 0.49937
74 0.50502
75 0.51396
76 0.52197
77 0.52414
78 0.52612
79 0.53067
80 0.53486
81 0.53634
82 0.54755
83 0.56032
84 0.56834
85 0.57414
86 0.58014
87 0.58317
88 0.59343
89 0.59883
90 0.60359
91 0.6092
92 0.61106
93 0.61736
94 0.62577
95 0.63355
96 0.64988
97 0.65888
98 0.67102
99 0.67231
100 0.6804
101 0.68815
102 0.69507
103 0.69774
104 0.70172
105 0.71716
106 0.72227
107 0.73299
108 0.73936
109 0.74811
110 0.75511
111 0.75733
112 0.76021
113 0.76965
114 0.77149
115 0.78422
116 0.7885
117 0.79589
118 0.80305
119 0.80565
120 0.8098
121 0.81512
122 0.82027
123 0.83806
124 0.84019
125 0.84446
126 0.84769
127 0.85021
128 0.85293
129 0.85932
130 0.86121
131 0.87171
132 0.87512
133 0.88146
134 0.8886
135 0.8982
136 0.90066
137 0.9056
138 0.91787
139 0.92601
140 0.93587
141 0.94664
142 0.95106
143 0.95484
144 0.95832
145 0.96921
146 0.97335
147 0.97825
148 0.98362
149 0.98718
150 1.00132
151 1.00689
152 1.01854
153 1.02341
154 1.02936
155 1.03203
156 1.03849
157 1.04819
158 1.05232
159 1.06899
160 1.07318
161 1.09418
162 1.10433
163 1.1106
164 1.11572
165 1.12149
166 1.13466
167 1.13758
168 1.14076
169 1.14957
170 1.15238
171 1.15707
172 1.16894
173 1.18143
174 1.18763
175 1.18912
176 1.20231
177 1.20636
178 1.2082
179 1.21432
180 1.2158
181 1.22877
182 1.23974
183 1.2475
184 1.25763
185 1.26103
186 1.26297
187 1.26793
188 1.26972
189 1.27871
190 1.29497
191 1.30415
192 1.31776
193 1.33066
194 1.34984
195 1.37212
196 1.38089
197 1.38866
198 1.40431
199 1.41636
200 1.42128
201 1.42719
202 1.43116
203 1.44179
204 1.44822
205 1.45061
206 1.45943
207 1.46445
208 1.4758
209 1.48065
210 1.48742
211 1.49789
212 1.50179
213 1.51357
214 1.51756
215 1.52135
216 1.52327
217 1.52681
218 1.52843
219 1.53387
220 1.53919
221 1.54961
222 1.55498
223 1.55724
224 1.56652
225 1.57016
226 1.57685
227 1.57934
228 1.60183
229 1.60747
230 1.61344
231 1.61778
232 1.62736
233 1.63195
234 1.63765
235 1.64308
236 1.66691
237 1.66793
238 1.67184
239 1.68258
240 1.68716
241 1.69143
242 1.69254
243 1.70811
244 1.7122
245 1.72813
246 1.73174
247 1.73468
248 1.74029
249 1.74579
250 1.7474
251 1.76024
252 1.77287
253 1.79304
254 1.79772
255 1.8034
256 1.81248
257 1.81462
258 1.85066
259 1.85932
260 1.87021
261 1.87412
262 1.87701
263 1.88293
264 1.89742
265 1.8985
266 1.90814
267 1.92358
268 1.92639
269 1.92809
270 1.94163
271 1.94401
272 1.94649
273 1.95098
274 1.95581
275 1.9641
276 1.9659
277 1.97214
278 1.98512
279 1.9924
280 1.99527
281 2.00135
282 2.01079
283 2.01773
284 2.03842
285 2.04792
286 2.0527
287 2.06214
288 2.0651
289 2.08492
290 2.09637
291 2.09816
292 2.10471
293 2.1099
294 2.1143
295 2.1182
296 2.12304
297 2.12884
298 2.13414
299 2.13868
300 2.14841
301 2.14954
302 2.1633
303 2.16825
304 2.1772
305 2.18304
306 2.18802
307 2.19024
308 2.19488
309 2.20196
310 2.20385
311 2.22591
312 2.23039
313 2.23281
314 2.23732
315 2.24021
316 2.24766
317 2.25028
318 2.2634
319 2.27414
320 2.2783
321 2.29252
322 2.29512
323 2.30204
324 2.30884
325 2.31631
326 2.32029
327 2.37151
328 2.37376
329 2.38887
330 2.39722
331 2.40651
332 2.41912
333 2.42372
334 2.42532
335 2.42742
336 2.43208
337 2.44446
338 2.45131
339 2.45541
340 2.46366
341 2.46568
342 2.4711
343 2.47979
344 2.48494
345 2.48975
346 2.49759
347 2.50446
348 2.52083
349 2.52422
350 2.53209
351 2.53672
352 2.53895
353 2.54603
354 2.55694
355 2.56387
356 2.56959
357 2.57225
358 2.57961
359 2.58601
360 2.59724
361 2.60385
362 2.60892
363 2.61326
364 2.62581
365 2.6302
366 2.64039
367 2.64656
368 2.65676
369 2.66959
370 2.67751
371 2.68845
372 2.69348
373 2.70703
374 2.7087
375 2.718
376 2.73177
377 2.73517
378 2.73986
379 2.74754
380 2.75442
381 2.76716
382 2.77362
383 2.78615
384 2.78858
385 2.79398
386 2.79815
387 2.80831
388 2.811
389 2.81432
390 2.82677
391 2.83953
392 2.84685
393 2.84878
394 2.85065
395 2.85446
396 2.85909
397 2.86169
398 2.86937
399 2.88034
400 2.88197
401 2.88744
402 2.88849
403 2.89861
404 2.90005
405 2.9022
406 2.92046
407 2.92818
408 2.94198
409 2.9615
410 2.9649
411 2.967
412 2.98303
413 2.99855
