1 0.00619
2 0.01046
3 0.01232
4 0.02096
5 0.02406
6 0.02882
7 0.03197
8 0.03464
9 0.0429
10 0.04742
11 0.05026
12 0.05799
13 0.07077
14 0.08147
15 0.08679
16 0.0921
17 0.10015
18 0.10405
19 0.11002
20 0.11139
21 0.11734
22 0.11849
23 0.12353
24 0.13408
25 0.14039
26 0.15211
27 0.15384
28 0.15617
29 0.16055
30 0.16998
31 0.17185
32 0.17994
33 0.21019
34 0.21321
35 0.22174
36 0.22843
37 0.23887
38 0.24864
39 0.27138
40 0.27989
41 0.28162
42 0.28508
43 0.29334
44 0.29685
45 0.30208
46 0.31997
47 0.32591
48 0.33098
49 0.3695
50 0.37198
51 0.3798
52 0.38291
53 0.3935
54 0.39712
55 0.40102
56 0.40977
57 0.41365
58 0.41995
59 0.43184
60 0.43482
61 0.45909
62 0.46006
63 0.46121
64 0.48093
65 0.48252
66 0.48591
67 0.49192
68 0.49815
69 0.50109
70 0.51311
71 0.51451
72 0.51652
73 0.51942
74 0.54698
75 0.55098
76 0.57273
77 0.57457
78 0.59889
79 0.60405
80 0.61672
81 0.63055
82 0.63591
83 0.63871
84 0.64219
85 0.64895
86 0.66096
87 0.66611
88 0.67202
89 0.68375
90 0.68985
91 0.6927
92 0.70468
93 0.71065
94 0.71528
95 0.72798
96 0.73123
97 0.74513
98 0.74843
99 0.77703
100 0.77816
101 0.78419
102 0.79827
103 0.8022
104 0.8068
105 0.81579
106 0.81785
107 0.82123
108 0.82997
109 0.86135
110 0.86374
111 0.88339
112 0.88572
113 0.8923
114 0.89666
115 0.89944
116 0.90416
117 0.91455
118 0.93077
119 0.93645
120 0.94595
121 0.96064
122 0.97108
123 0.97464
124 0.98067
125 0.98881
126 0.99238
127 0.99786
128 1.0019
129 1.02666
130 1.03236
131 1.04788
132 1.0676
133 1.07414
134 1.07924
135 1.09241
136 1.10627
137 1.11211
138 1.11853
139 1.14517
140 1.15498
141 1.1597
142 1.16716
143 1.17739
144 1.18473
145 1.19178
146 1.19429
147 1.21424
148 1.2264
149 1.24741
150 1.25724
151 1.2701
152 1.27656
153 1.29759
154 1.30218
155 1.31003
156 1.31688
157 1.31963
158 1.32223
159 1.3299
160 1.34532
161 1.34757
162 1.35887
163 1.36452
164 1.38037
165 1.38261
166 1.38492
167 1.39145
168 1.40028
169 1.40399
170 1.40879
171 1.42118
172 1.42913
173 1.44753
174 1.46066
175 1.47218
176 1.47653
177 1.47845
178 1.48561
179 1.49201
180 1.49445
181 1.51406
182 1.52806
183 1.52999
184 1.54786
185 1.57002
186 1.57297
187 1.58079
188 1.58831
189 1.59293
190 1.5992
191 1.60446
192 1.61127
193 1.61763
194 1.61945
195 1.62335
196 1.63491
197 1.64063
198 1.64332
199 1.64479
200 1.65185
201 1.66219
202 1.67489
203 1.67937
204 1.71543
205 1.73002
206 1.76215
207 1.7679
208 1.78027
209 1.80031
210 1.80615
211 1.81717
212 1.82055
213 1.82659
214 1.85192
215 1.8618
216 1.8694
217 1.87316
218 1.88142
219 1.89005
220 1.89731
221 1.90175
222 1.90474
223 1.90881
224 1.91114
225 1.91812
226 1.92886
227 1.93621
228 1.94074
229 1.95504
230 1.96168
231 1.97896
232 1.98558
233 2.00706
234 2.02071
235 2.02965
236 2.03511
237 2.046
238 2.05447
239 2.05699
240 2.06847
241 2.07297
242 2.07638
243 2.09459
244 2.09774
245 2.10308
246 2.1215
247 2.1235
248 2.12532
249 2.13783
250 2.14379
251 2.14664
252 2.14761
253 2.1533
254 2.15688
255 2.16274
256 2.17678
257 2.18295
258 2.18582
259 2.21096
260 2.22207
261 2.23425
262 2.26927
263 2.27842
264 2.28905
265 2.29543
266 2.30694
267 2.32369
268 2.33303
269 2.34048
270 2.34943
271 2.3622
272 2.36621
273 2.37733
274 2.38738
275 2.39478
276 2.42284
277 2.42514
278 2.429
279 2.44441
280 2.46281
281 2.46836
282 2.4731
283 2.49215
284 2.50795
285 2.51509
286 2.52245
287 2.52802
288 2.54743
289 2.55247
290 2.56061
291 2.57043
292 2.57937
293 2.5837
294 2.59506
295 2.59948
296 2.61172
297 2.61482
298 2.62272
299 2.63142
300 2.63505
301 2.64056
302 2.64693
303 2.65003
304 2.67064
305 2.67728
306 2.68095
307 2.68394
308 2.69506
309 2.72311
310 2.72711
311 2.76325
312 2.77507
313 2.77629
314 2.79083
315 2.79367
316 2.80133
317 2.80792
318 2.81836
319 2.85762
320 2.88115
321 2.8839
322 2.89161
323 2.90466
324 2.9082
325 2.92242
326 2.92922
327 2.9434
328 2.94856
329 2.97195
330 2.98287
331 2.99244
