1 0.00236
2 0.00656
3 0.0087
4 0.02091
5 0.02548
6 0.03747
7 0.04496
8 0.04971
9 0.06471
10 0.07183
11 0.07655
12 0.08182
13 0.08948
14 0.09097
15 0.10331
16 0.10873
17 0.1155
18 0.11932
19 0.12647
20 0.13109
21 0.14618
22 0.15286
23 0.15947
24 0.16454
25 0.16726
26 0.17129
27 0.17424
28 0.1757
29 0.17717
30 0.1828
31 0.1896
32 0.19476
33 0.19989
34 0.20568
35 0.23404
36 0.23918
37 0.24483
38 0.24687
39 0.25257
40 0.25934
41 0.26837
42 0.27307
43 0.28591
44 0.29367
45 0.29711
46 0.30051
47 0.31094
48 0.31644
49 0.3211
50 0.32629
51 0.33162
52 0.33558
53 0.35007
54 0.36903
55 0.37381
56 0.377
57 0.38144
58 0.38781
59 0.39649
60 0.39946
61 0.40182
62 0.40556
63 0.41313
64 0.42421
65 0.43016
66 0.43742
67 0.44344
68 0.44976
69 0.45362
70 0.45549
71 0.45697
72 0.46216
73 0.46732
74 0.47897
75 0.49371
76 0.49791
77 0.50459
78 0.50858
79 0.51131
80 0.51912
81 0.53996
82 0.54618
83 0.56089
84 0.56454
85 0.57699
86 0.59173
87 0.59356
88 0.59459
89 0.5997
90 0.6108
91 0.6131
92 0.61706
93 0.62851
94 0.63084
95 0.63495
96 0.64549
97 0.65883
98 0.67002
99 0.68617
100 0.69647
101 0.70194
102 0.7048
103 0.72386
104 0.72663
105 0.7294
106 0.73713
107 0.74151
108 0.74305
109 0.74697
110 0.75238
111 0.77015
112 0.78183
113 0.78721
114 0.79471
115 0.79826
116 0.81065
117 0.81683
118 0.82756
119 0.83667
120 0.83783
121 0.85008
122 0.8554
123 0.86597
124 0.86791
125 0.87231
126 0.87911
127 0.88338
128 0.89388
129 0.90812
130 0.91023
131 0.92087
132 0.92304
133 0.92802
134 0.93534
135 0.94629
136 0.9518
137 0.95583
138 0.95878
139 0.96636
140 0.98169
141 0.98968
142 0.99908
143 1.02113
144 1.03185
145 1.05126
146 1.06459
147 1.07109
148 1.07631
149 1.0824
150 1.08864
151 1.09235
152 1.09457
153 1.09858
154 1.10912
155 1.11509
156 1.11665
157 1.1234
158 1.12938
159 1.14169
160 1.1437
161 1.15261
162 1.16285
163 1.16655
164 1.17336
165 1.18147
166 1.18891
167 1.2058
168 1.20994
169 1.22111
170 1.22244
171 1.23914
172 1.25036
173 1.25304
174 1.25786
175 1.27103
176 1.27972
177 1.28647
178 1.31408
179 1.3179
180 1.32107
181 1.32524
182 1.3271
183 1.32831
184 1.33049
185 1.34879
186 1.35301
187 1.35824
188 1.36337
189 1.36572
190 1.37415
191 1.37802
192 1.38334
193 1.38884
194 1.39049
195 1.39511
196 1.39683
197 1.40256
198 1.40598
199 1.41261
200 1.41665
201 1.41885
202 1.42178
203 1.43466
204 1.44226
205 1.44862
206 1.4681
207 1.47816
208 1.48049
209 1.48612
210 1.48985
211 1.49738
212 1.50616
213 1.50979
214 1.51723
215 1.52553
216 1.52899
217 1.53098
218 1.53511
219 1.54641
220 1.56602
221 1.56905
222 1.5725
223 1.58004
224 1.59173
225 1.59855
226 1.62502
227 1.63908
228 1.64209
229 1.6463
230 1.64824
231 1.65273
232 1.65371
233 1.66161
234 1.67089
235 1.68127
236 1.69331
237 1.69826
238 1.70337
239 1.71233
240 1.72244
241 1.7253
242 1.72654
243 1.73891
244 1.74743
245 1.75016
246 1.75567
247 1.75818
248 1.77028
249 1.77714
250 1.78122
251 1.7943
252 1.8049
253 1.81534
254 1.83577
255 1.85167
256 1.85363
257 1.86185
258 1.86621
259 1.87326
260 1.87614
261 1.87905
262 1.88384
263 1.88635
264 1.90431
265 1.90827
266 1.91053
267 1.91564
268 1.92716
269 1.92897
270 1.93233
271 1.93657
272 1.9427
273 1.94576
274 1.94817
275 1.95786
276 1.97591
277 1.98093
278 1.98859
279 1.99838
280 2.00662
281 2.00878
282 2.01317
283 2.02734
284 2.03735
285 2.04077
286 2.04866
287 2.0543
288 2.0601
289 2.06769
290 2.08218
291 2.08709
292 2.08916
293 2.09466
294 2.11047
295 2.12382
296 2.12689
297 2.13687
298 2.13815
299 2.14385
300 2.15272
301 2.1621
302 2.16911
303 2.18009
304 2.19154
305 2.19538
306 2.20344
307 2.20751
308 2.21001
309 2.21958
310 2.22855
311 2.23438
312 2.24859
313 2.25424
314 2.27011
315 2.2736
316 2.28
317 2.286
318 2.29368
319 2.30302
320 2.31547
321 2.32828
322 2.33321
323 2.34642
324 2.34888
325 2.35197
326 2.35919
327 2.37313
328 2.38043
329 2.38595
330 2.38859
331 2.40015
332 2.405
333 2.41217
334 2.41713
335 2.42477
336 2.43272
337 2.43487
338 2.44501
339 2.46708
340 2.4738
341 2.47645
342 2.48824
343 2.49192
344 2.49933
345 2.51553
346 2.52019
347 2.52269
348 2.52578
349 2.52823
350 2.53183
351 2.53807
352 2.5506
353 2.5614
354 2.56874
355 2.58015
356 2.59508
357 2.59895
358 2.60174
359 2.6146
360 2.62074
361 2.62491
362 2.63308
363 2.64191
364 2.65059
365 2.65246
366 2.66165
367 2.66484
368 2.67029
369 2.6745
370 2.68341
371 2.69368
372 2.69931
373 2.70883
374 2.71133
375 2.72825
376 2.74028
377 2.74914
378 2.75445
379 2.75861
380 2.76944
381 2.79052
382 2.79241
383 2.80968
384 2.81444
385 2.82826
386 2.83127
387 2.84088
388 2.84713
389 2.8588
390 2.86658
391 2.87333
392 2.87626
393 2.88672
394 2.89182
395 2.89974
396 2.91586
397 2.91803
398 2.93261
399 2.95301
400 2.95492
401 2.95676
402 2.97164
403 2.97472
404 2.98423
405 2.98676
406 2.99179
