1 0.00251
2 0.00516
3 0.00941
4 0.02295
5 0.0256
6 0.02739
7 0.02974
8 0.03308
9 0.04523
10 0.04793
11 0.05308
12 0.0603
13 0.07119
14 0.0793
15 0.08353
16 0.08868
17 0.09251
18 0.09344
19 0.09502
20 0.10701
21 0.11087
22 0.11693
23 0.11956
24 0.1334
25 0.13453
26 0.14208
27 0.14353
28 0.15097
29 0.15594
30 0.15935
31 0.18008
32 0.18406
33 0.18676
34 0.1907
35 0.19415
36 0.20134
37 0.20459
38 0.21058
39 0.21536
40 0.21929
41 0.22387
42 0.23081
43 0.24263
44 0.2439
45 0.25778
46 0.26374
47 0.27837
48 0.28954
49 0.30588
50 0.31571
51 0.32653
52 0.32852
53 0.33065
54 0.33524
55 0.34343
56 0.34783
57 0.35223
58 0.36696
59 0.37484
60 0.37808
61 0.39566
62 0.39992
63 0.40402
64 0.41617
65 0.41918
66 0.42595
67 0.4331
68 0.43448
69 0.44578
70 0.45393
71 0.46206
72 0.47299
73 0.47997
74 0.48752
75 0.50268
76 0.50991
77 0.52443
78 0.53631
79 0.54808
80 0.55574
81 0.56025
82 0.57483
83 0.58322
84 0.5938
85 0.59851
86 0.60348
87 0.6094
88 0.61713
89 0.62441
90 0.64435
91 0.65329
92 0.65924
93 0.66547
94 0.66774
95 0.67458
96 0.67933
97 0.68162
98 0.68553
99 0.68751
100 0.69738
101 0.70256
102 0.70491
103 0.71026
104 0.72706
105 0.73146
106 0.74192
107 0.74641
108 0.74873
109 0.7508
110 0.76151
111 0.78781
112 0.80403
113 0.81998
114 0.83464
115 0.84257
116 0.8459
117 0.85026
118 0.85913
119 0.86791
120 0.87695
121 0.89005
122 0.89647
123 0.9021
124 0.90621
125 0.91646
126 0.9222
127 0.93322
128 0.93442
129 0.94073
130 0.96447
131 0.96871
132 0.98446
133 0.98776
134 0.99071
135 0.99433
136 0.99611
137 1.01014
138 1.01624
139 1.01838
140 1.03157
141 1.04393
142 1.04651
143 1.05298
144 1.0585
145 1.06996
146 1.10692
147 1.11195
148 1.11456
149 1.11855
150 1.11965
151 1.12435
152 1.13313
153 1.14601
154 1.15095
155 1.16046
156 1.16803
157 1.17917
158 1.18208
159 1.18617
160 1.19602
161 1.2096
162 1.21999
163 1.23171
164 1.24173
165 1.2441
166 1.24906
167 1.26414
168 1.2883
169 1.29621
170 1.31171
171 1.32411
172 1.33799
173 1.34089
174 1.35451
175 1.37397
176 1.38981
177 1.39368
178 1.39844
179 1.40337
180 1.4101
181 1.42377
182 1.42747
183 1.43578
184 1.44491
185 1.44697
186 1.45161
187 1.45799
188 1.47157
189 1.47991
190 1.48275
191 1.48602
192 1.49075
193 1.50817
194 1.51088
195 1.51333
196 1.52201
197 1.5452
198 1.56185
199 1.57259
200 1.58123
201 1.59414
202 1.60177
203 1.62443
204 1.63629
205 1.64239
206 1.64923
207 1.65112
208 1.66683
209 1.6752
210 1.67982
211 1.68408
212 1.70724
213 1.73258
214 1.73378
215 1.74139
216 1.7523
217 1.76103
218 1.77354
219 1.80221
220 1.80565
221 1.81033
222 1.8269
223 1.83
224 1.83803
225 1.848
226 1.85703
227 1.88271
228 1.90199
229 1.90725
230 1.9107
231 1.91737
232 1.93672
233 1.94062
234 1.95693
235 1.97502
236 1.98201
237 1.98563
238 1.98987
239 1.99906
240 2.02642
241 2.0346
242 2.03741
243 2.04263
244 2.05359
245 2.07131
246 2.07269
247 2.08616
248 2.10025
249 2.1112
250 2.12351
251 2.1301
252 2.13243
253 2.14715
254 2.16223
255 2.16545
256 2.17498
257 2.17788
258 2.18832
259 2.18984
260 2.19506
261 2.19939
262 2.20993
263 2.21398
264 2.21785
265 2.22451
266 2.23471
267 2.23825
268 2.24679
269 2.25201
270 2.26165
271 2.28533
272 2.28919
273 2.31086
274 2.33295
275 2.33836
276 2.34856
277 2.35081
278 2.35404
279 2.36206
280 2.36481
281 2.36854
282 2.38617
283 2.39563
284 2.39924
285 2.41165
286 2.41703
287 2.42869
288 2.43809
289 2.44745
290 2.45531
291 2.46482
292 2.47002
293 2.48005
294 2.48393
295 2.48778
296 2.50062
297 2.51056
298 2.54202
299 2.5488
300 2.56359
301 2.57974
302 2.58099
303 2.58691
304 2.5926
305 2.60017
306 2.60282
307 2.6106
308 2.61554
309 2.62079
310 2.63327
311 2.63492
312 2.6444
313 2.64923
314 2.65043
315 2.65548
316 2.66536
317 2.67594
318 2.681
319 2.68267
320 2.70065
321 2.70828
322 2.72235
323 2.72498
324 2.72738
325 2.73989
326 2.74531
327 2.75021
328 2.75531
329 2.76491
330 2.76938
331 2.77841
332 2.78332
333 2.78964
334 2.79167
335 2.79803
336 2.80779
337 2.81206
338 2.82236
339 2.83655
340 2.85718
341 2.85889
342 2.87448
343 2.88768
344 2.89602
345 2.89724
346 2.92279
347 2.92921
348 2.9357
349 2.93874
350 2.94963
351 2.96477
352 2.96758
353 2.97396
354 2.98573
355 2.99019
