1 0.00403
2 0.02557
3 0.03832
4 0.04214
5 0.04623
6 0.04825
7 0.05036
8 0.05359
9 0.0666
10 0.07678
11 0.08319
12 0.09136
13 0.09703
14 0.11277
15 0.11601
16 0.13375
17 0.13649
18 0.14714
19 0.15027
20 0.16563
21 0.1889
22 0.21322
23 0.21984
24 0.23673
25 0.24721
26 0.25448
27 0.25661
28 0.26108
29 0.27169
30 0.27834
31 0.28027
32 0.29818
33 0.30204
34 0.32345
35 0.32606
36 0.33313
37 0.34311
38 0.36027
39 0.37386
40 0.37729
41 0.37854
42 0.40016
43 0.40991
44 0.42127
45 0.4266
46 0.45997
47 0.46562
48 0.4687
49 0.47795
50 0.48684
51 0.50292
52 0.51857
53 0.52856
54 0.53793
55 0.54034
56 0.5875
57 0.59108
58 0.59497
59 0.61003
60 0.6153
61 0.61816
62 0.62726
63 0.64091
64 0.65336
65 0.65552
66 0.66364
67 0.67033
68 0.69891
69 0.71247
70 0.73639
71 0.74571
72 0.76328
73 0.77604
74 0.79154
75 0.79452
76 0.80857
77 0.81446
78 0.81859
79 0.8326
80 0.84141
81 0.84571
82 0.85472
83 0.86743
84 0.87096
85 0.88047
86 0.88683
87 0.90703
88 0.91518
89 0.91624
90 0.92418
91 0.92824
92 0.9305
93 0.94258
94 0.94833
95 0.96321
96 0.97085
97 0.9876
98 0.98992
99 0.99537
100 1.00232
101 1.01245
102 1.01805
103 1.03962
104 1.05065
105 1.05957
106 1.0624
107 1.07299
108 1.07805
109 1.09706
110 1.10226
111 1.10545
112 1.12758
113 1.13075
114 1.13635
115 1.14279
116 1.15442
117 1.15628
118 1.16673
119 1.19023
120 1.20106
121 1.21325
122 1.22436
123 1.23136
124 1.23729
125 1.27176
126 1.27458
127 1.30211
128 1.3069
129 1.30803
130 1.31365
131 1.31529
132 1.33144
133 1.33451
134 1.35608
135 1.35853
136 1.36942
137 1.39409
138 1.40144
139 1.4192
140 1.43857
141 1.45811
142 1.49859
143 1.51119
144 1.52008
145 1.53263
146 1.53591
147 1.53688
148 1.55652
149 1.56146
150 1.57485
151 1.58635
152 1.59924
153 1.60686
154 1.62038
155 1.62587
156 1.64169
157 1.66725
158 1.6913
159 1.7006
160 1.70468
161 1.71271
162 1.71828
163 1.72144
164 1.72616
165 1.73604
166 1.73735
167 1.74834
168 1.75568
169 1.76992
170 1.77378
171 1.77496
172 1.77762
173 1.78888
174 1.79334
175 1.8224
176 1.82377
177 1.83384
178 1.84449
179 1.85401
180 1.86605
181 1.86767
182 1.87553
183 1.89243
184 1.9103
185 1.91726
186 1.92553
187 1.93491
188 1.93853
189 1.95724
190 1.97472
191 1.97987
192 1.99177
193 2.00385
194 2.00837
195 2.01228
196 2.02013
197 2.02649
198 2.0431
199 2.04742
200 2.0602
201 2.06173
202 2.06998
203 2.07195
204 2.07605
205 2.08223
206 2.08611
207 2.08836
208 2.09043
209 2.09233
210 2.10054
211 2.10165
212 2.12911
213 2.15333
214 2.1638
215 2.19069
216 2.19808
217 2.20536
218 2.20726
219 2.21168
220 2.21421
221 2.22486
222 2.23395
223 2.23634
224 2.24575
225 2.25949
226 2.26701
227 2.2704
228 2.27464
229 2.28439
230 2.29048
231 2.29256
232 2.31495
233 2.32314
234 2.33035
235 2.33314
236 2.34267
237 2.34685
238 2.36419
239 2.37036
240 2.39766
241 2.42558
242 2.43441
243 2.44929
244 2.45078
245 2.45528
246 2.46768
247 2.48618
248 2.48753
249 2.49624
250 2.50793
251 2.513
252 2.52014
253 2.5252
254 2.54121
255 2.54343
256 2.5489
257 2.56157
258 2.57261
259 2.59302
260 2.62502
261 2.64138
262 2.64475
263 2.65413
264 2.671
265 2.67332
266 2.67758
267 2.69421
268 2.69959
269 2.71842
270 2.72244
271 2.73036
272 2.73604
273 2.73872
274 2.75529
275 2.76191
276 2.77652
277 2.78149
278 2.78541
279 2.79766
280 2.80663
281 2.80924
282 2.8241
283 2.82631
284 2.82946
285 2.83206
286 2.84482
287 2.86352
288 2.88104
289 2.88783
290 2.89503
291 2.89636
292 2.90462
293 2.92477
294 2.93146
295 2.93319
296 2.93944
297 2.94363
298 2.95026
299 2.97311
300 2.9746
301 2.9818
302 2.99407
