1 0.00215
2 0.0057
3 0.01234
4 0.01498
5 0.01953
6 0.02085
7 0.02793
8 0.03416
9 0.03529
10 0.04435
11 0.05024
12 0.05348
13 0.06624
14 0.06932
15 0.08415
16 0.08947
17 0.10019
18 0.10978
19 0.11399
20 0.12259
21 0.14289
22 0.14774
23 0.14995
24 0.15185
25 0.15638
26 0.16045
27 0.16537
28 0.16989
29 0.17672
30 0.18013
31 0.18551
32 0.21194
33 0.21675
34 0.22096
35 0.22536
36 0.22904
37 0.23888
38 0.24547
39 0.25791
40 0.26287
41 0.26808
42 0.27233
43 0.2756
44 0.2809
45 0.28805
46 0.29086
47 0.29838
48 0.30338
49 0.31573
50 0.3295
51 0.33403
52 0.33652
53 0.339
54 0.3427
55 0.35679
56 0.36172
57 0.36416
58 0.36897
59 0.37819
60 0.39473
61 0.40617
62 0.4159
63 0.41822
64 0.42334
65 0.42731
66 0.43176
67 0.43567
68 0.44266
69 0.45843
70 0.46452
71 0.46725
72 0.47963
73 0.48187
74 0.48833
75 0.49675
76 0.50603
77 0.5118
78 0.5186
79 0.52734
80 0.53296
81 0.53756
82 0.54513
83 0.55364
84 0.55594
85 0.56997
86 0.581
87 0.58898
88 0.59034
89 0.59728
90 0.59837
91 0.60144
92 0.61264
93 0.62551
94 0.65029
95 0.65256
96 0.65934
97 0.66213
98 0.67116
99 0.67405
100 0.67731
101 0.67984
102 0.6875
103 0.69307
104 0.70613
105 0.71398
106 0.72229
107 0.72689
108 0.7364
109 0.75366
110 0.76028
111 0.7688
112 0.77911
113 0.78101
114 0.78747
115 0.78892
116 0.79546
117 0.79824
118 0.80242
119 0.80581
120 0.81048
121 0.81511
122 0.81816
123 0.82647
124 0.83041
125 0.83544
126 0.84616
127 0.86073
128 0.86269
129 0.86656
130 0.87318
131 0.89336
132 0.90023
133 0.91057
134 0.91269
135 0.91541
136 0.92031
137 0.92343
138 0.93795
139 0.96172
140 0.96688
141 0.97035
142 0.97303
143 0.97679
144 0.98056
145 0.98379
146 1.00517
147 1.00876
148 1.01531
149 1.02072
150 1.02308
151 1.02837
152 1.04545
153 1.05014
154 1.05381
155 1.05862
156 1.0628
157 1.06745
158 1.07717
159 1.09059
160 1.09403
161 1.09851
162 1.1479
163 1.15468
164 1.15729
165 1.1587
166 1.16714
167 1.17742
168 1.18293
169 1.18873
170 1.21222
171 1.22129
172 1.22529
173 1.25697
174 1.26397
175 1.27088
176 1.27905
177 1.29063
178 1.30469
179 1.30666
180 1.31161
181 1.31605
182 1.32623
183 1.32797
184 1.33845
185 1.33993
186 1.34211
187 1.34728
188 1.34995
189 1.35784
190 1.37145
191 1.37585
192 1.39162
193 1.39356
194 1.39985
195 1.40607
196 1.41499
197 1.41738
198 1.42185
199 1.426
200 1.4334
201 1.43867
202 1.46174
203 1.46526
204 1.47102
205 1.47649
206 1.4905
207 1.50225
208 1.50714
209 1.51333
210 1.51659
211 1.52146
212 1.52417
213 1.53019
214 1.53357
215 1.53567
216 1.54353
217 1.54939
218 1.56999
219 1.58058
220 1.58378
221 1.60268
222 1.61436
223 1.64494
224 1.66151
225 1.67428
226 1.68168
227 1.68299
228 1.68972
229 1.71215
230 1.71515
231 1.71715
232 1.72018
233 1.7284
234 1.74233
235 1.7493
236 1.76133
237 1.76247
238 1.77382
239 1.77594
240 1.78193
241 1.79672
242 1.79984
243 1.81236
244 1.81639
245 1.82219
246 1.83438
247 1.84026
248 1.84868
249 1.85439
250 1.85821
251 1.87131
252 1.88791
253 1.89405
254 1.90508
255 1.90825
256 1.91384
257 1.9208
258 1.92306
259 1.9257
260 1.92829
261 1.93605
262 1.93846
263 1.94318
264 1.96039
265 1.96493
266 1.96843
267 2.00196
268 2.00895
269 2.01629
270 2.02038
271 2.03039
272 2.04008
273 2.04507
274 2.04824
275 2.0532
276 2.05624
277 2.07776
278 2.0815
279 2.08584
280 2.089
281 2.09268
282 2.10063
283 2.11114
284 2.11811
285 2.1458
286 2.15588
287 2.1669
288 2.17004
289 2.17132
290 2.17653
291 2.18763
292 2.19461
293 2.20856
294 2.22159
295 2.22315
296 2.22596
297 2.23039
298 2.23205
299 2.24803
300 2.25222
301 2.25998
302 2.26237
303 2.26942
304 2.27195
305 2.28056
306 2.29104
307 2.30034
308 2.30698
309 2.31142
310 2.33092
311 2.33408
312 2.33749
313 2.34736
314 2.35098
315 2.35252
316 2.35937
317 2.36269
318 2.41757
319 2.43145
320 2.45998
321 2.46415
322 2.47228
323 2.47865
324 2.48989
325 2.49243
326 2.50631
327 2.50864
328 2.51049
329 2.51725
330 2.5205
331 2.52357
332 2.52817
333 2.54207
334 2.54528
335 2.55351
336 2.56896
337 2.57709
338 2.58002
339 2.58688
340 2.58901
341 2.5903
342 2.59159
343 2.59505
344 2.60154
345 2.62108
346 2.62263
347 2.64281
348 2.65847
349 2.66729
350 2.67133
351 2.69116
352 2.71122
353 2.71758
354 2.72583
355 2.72808
356 2.73817
357 2.74177
358 2.75201
359 2.7566
360 2.75952
361 2.76044
362 2.76662
363 2.77531
364 2.81128
365 2.81621
366 2.83146
367 2.83704
368 2.84248
369 2.84385
370 2.85083
371 2.85361
372 2.85566
373 2.86193
374 2.87004
375 2.89051
376 2.90317
377 2.91696
378 2.93258
379 2.94234
380 2.94668
381 2.95723
382 2.96579
383 2.96954
384 2.98292
385 2.98816
