1 0.00247
2 0.01275
3 0.01509
4 0.02846
5 0.03288
6 0.04008
7 0.04776
8 0.05311
9 0.05578
10 0.06146
11 0.0669
12 0.07048
13 0.08141
14 0.08415
15 0.09313
16 0.10931
17 0.11289
18 0.11862
19 0.12544
20 0.12777
21 0.14052
22 0.14409
23 0.15239
24 0.1582
25 0.1608
26 0.16354
27 0.16547
28 0.17133
29 0.18993
30 0.19818
31 0.20844
32 0.21875
33 0.22801
34 0.24103
35 0.24924
36 0.2635
37 0.26779
38 0.27264
39 0.27564
40 0.28347
41 0.29751
42 0.30086
43 0.31965
44 0.33269
45 0.33869
46 0.34104
47 0.34309
48 0.34752
49 0.35963
50 0.38211
51 0.38499
52 0.39537
53 0.40042
54 0.40584
55 0.40674
56 0.41106
57 0.41822
58 0.42175
59 0.42599
60 0.4385
61 0.44852
62 0.46413
63 0.47365
64 0.47611
65 0.48973
66 0.49251
67 0.49947
68 0.5013
69 0.51926
70 0.52149
71 0.52824
72 0.53921
73 0.54332
74 0.55001
75 0.55532
76 0.5593
77 0.56179
78 0.56462
79 0.56666
80 0.57342
81 0.57945
82 0.59035
83 0.59918
84 0.61506
85 0.61829
86 0.62935
87 0.64326
88 0.65777
89 0.67323
90 0.67969
91 0.69126
92 0.69757
93 0.7081
94 0.71833
95 0.72678
96 0.73056
97 0.734
98 0.74068
99 0.74784
100 0.75119
101 0.75683
102 0.75849
103 0.77057
104 0.78971
105 0.79346
106 0.80171
107 0.8049
108 0.8063
109 0.8099
110 0.82164
111 0.82897
112 0.83476
113 0.84054
114 0.84529
115 0.85258
116 0.86329
117 0.86882
118 0.88338
119 0.88602
120 0.88717
121 0.88969
122 0.89107
123 0.89785
124 0.90872
125 0.91423
126 0.92593
127 0.93646
128 0.94756
129 0.96037
130 0.9627
131 0.97562
132 0.99146
133 1.00542
134 1.01636
135 1.02833
136 1.04186
137 1.05759
138 1.06102
139 1.06922
140 1.07309
141 1.07494
142 1.08129
143 1.08835
144 1.09151
145 1.10072
146 1.10663
147 1.11738
148 1.1244
149 1.13786
150 1.15239
151 1.15695
152 1.16091
153 1.17276
154 1.17875
155 1.185
156 1.18816
157 1.18962
158 1.20427
159 1.21249
160 1.22345
161 1.22523
162 1.23482
163 1.24043
164 1.24327
165 1.25431
166 1.2622
167 1.27543
168 1.28571
169 1.29527
170 1.2992
171 1.30114
172 1.30948
173 1.31871
174 1.32341
175 1.33205
176 1.33772
177 1.34407
178 1.34674
179 1.34829
180 1.35165
181 1.37424
182 1.38047
183 1.38881
184 1.39385
185 1.39773
186 1.40809
187 1.41723
188 1.44809
189 1.45234
190 1.45719
191 1.46201
192 1.4751
193 1.48174
194 1.48724
195 1.48973
196 1.49456
197 1.49942
198 1.50482
199 1.50773
200 1.51885
201 1.53245
202 1.53792
203 1.54721
204 1.55507
205 1.55669
206 1.56055
207 1.56174
208 1.56549
209 1.57245
210 1.57895
211 1.59579
212 1.60619
213 1.61145
214 1.63405
215 1.64205
216 1.65613
217 1.65766
218 1.66024
219 1.67257
220 1.6739
221 1.68756
222 1.6921
223 1.70023
224 1.71475
225 1.7203
226 1.72594
227 1.72768
228 1.749
229 1.75408
230 1.75928
231 1.78804
232 1.79795
233 1.79958
234 1.80296
235 1.80811
236 1.81208
237 1.82496
238 1.83134
239 1.84263
240 1.84658
241 1.85606
242 1.87349
243 1.88075
244 1.88711
245 1.89404
246 1.91477
247 1.92314
248 1.92716
249 1.93258
250 1.93948
251 1.95027
252 1.95784
253 1.96674
254 1.97931
255 1.98667
256 1.99216
257 1.99427
258 2.00103
259 2.02751
260 2.03047
261 2.04648
262 2.05725
263 2.05954
264 2.07583
265 2.08077
266 2.08307
267 2.0909
268 2.10053
269 2.10783
270 2.11455
271 2.11637
272 2.12264
273 2.12812
274 2.13269
275 2.13389
276 2.13561
277 2.13897
278 2.15108
279 2.15933
280 2.17383
281 2.17568
282 2.18889
283 2.19655
284 2.20089
285 2.20468
286 2.21827
287 2.22556
288 2.24167
289 2.2586
290 2.2687
291 2.28092
292 2.29285
293 2.30323
294 2.31764
295 2.31935
296 2.32585
297 2.33111
298 2.35505
299 2.35898
300 2.38931
301 2.39241
302 2.40582
303 2.41518
304 2.42113
305 2.43128
306 2.44468
307 2.4475
308 2.4499
309 2.4668
310 2.47212
311 2.4797
312 2.4811
313 2.48567
314 2.50149
315 2.51461
316 2.5267
317 2.53283
318 2.53394
319 2.55297
320 2.56074
321 2.5669
322 2.577
323 2.58479
324 2.59527
325 2.6196
326 2.6361
327 2.63917
328 2.64952
329 2.65477
330 2.67348
331 2.6777
332 2.693
333 2.69572
334 2.69962
335 2.70887
336 2.72099
337 2.72767
338 2.73281
339 2.74161
340 2.74584
341 2.75301
342 2.75893
343 2.77192
344 2.78345
345 2.78996
346 2.79656
347 2.80513
348 2.82552
349 2.82848
350 2.83989
351 2.84361
352 2.84995
353 2.8696
354 2.88273
355 2.89928
356 2.90602
357 2.90829
358 2.91811
359 2.93962
360 2.95083
361 2.95832
362 2.9622
363 2.96633
364 2.97076
365 2.97291
366 2.97768
367 2.98671
368 2.9977
