1 0.00817
2 0.01282
3 0.02441
4 0.03606
5 0.0474
6 0.05189
7 0.05611
8 0.07066
9 0.09103
10 0.09615
11 0.10592
12 0.11197
13 0.1268
14 0.13788
15 0.14529
16 0.14648
17 0.15082
18 0.15475
19 0.16235
20 0.16488
21 0.17116
22 0.18342
23 0.18749
24 0.18848
25 0.19741
26 0.20076
27 0.2096
28 0.23348
29 0.24519
30 0.24838
31 0.25582
32 0.27295
33 0.28112
34 0.29827
35 0.32409
36 0.33588
37 0.34153
38 0.36435
39 0.37006
40 0.37805
41 0.39859
42 0.40259
43 0.40977
44 0.4154
45 0.41683
46 0.4202
47 0.43051
48 0.43331
49 0.4429
50 0.45748
51 0.45935
52 0.46044
53 0.46332
54 0.46642
55 0.47424
56 0.47916
57 0.48363
58 0.49493
59 0.49856
60 0.50371
61 0.5086
62 0.5155
63 0.5187
64 0.52221
65 0.5271
66 0.5331
67 0.54725
68 0.5635
69 0.5774
70 0.58923
71 0.60281
72 0.6107
73 0.62881
74 0.63648
75 0.6462
76 0.64918
77 0.65148
78 0.66337
79 0.67523
80 0.68727
81 0.69396
82 0.70029
83 0.70894
84 0.71233
85 0.7307
86 0.73944
87 0.75598
88 0.76338
89 0.76517
90 0.78198
91 0.786
92 0.80299
93 0.80994
94 0.83414
95 0.83576
96 0.84396
97 0.85423
98 0.86211
99 0.86347
100 0.88268
101 0.89014
102 0.90752
103 0.91227
104 0.92384
105 0.93647
106 0.93812
107 0.95201
108 0.95683
109 0.96662
110 0.99799
111 1.0094
112 1.01268
113 1.01565
114 1.01955
115 1.03116
116 1.03506
117 1.03816
118 1.05677
119 1.06733
120 1.08239
121 1.09551
122 1.10012
123 1.10948
124 1.11234
125 1.11899
126 1.12962
127 1.13088
128 1.14179
129 1.15391
130 1.16454
131 1.1684
132 1.1827
133 1.19849
134 1.20184
135 1.20561
136 1.20886
137 1.2194
138 1.2341
139 1.2397
140 1.2548
141 1.26888
142 1.286
143 1.29332
144 1.30176
145 1.31608
146 1.32212
147 1.32847
148 1.34058
149 1.34625
150 1.35444
151 1.36169
152 1.37108
153 1.38129
154 1.39233
155 1.398
156 1.40571
157 1.40922
158 1.41122
159 1.4218
160 1.42508
161 1.42792
162 1.43224
163 1.43507
164 1.43941
165 1.4528
166 1.45528
167 1.46681
168 1.47021
169 1.47845
170 1.48364
171 1.49981
172 1.50724
173 1.5221
174 1.52356
175 1.53246
176 1.5405
177 1.54375
178 1.54639
179 1.55251
180 1.56823
181 1.59219
182 1.59601
183 1.60725
184 1.60899
185 1.6205
186 1.63351
187 1.64527
188 1.65018
189 1.6566
190 1.66586
191 1.66741
192 1.66963
193 1.68359
194 1.68502
195 1.70208
196 1.70408
197 1.72599
198 1.73044
199 1.74127
200 1.75186
201 1.76841
202 1.77267
203 1.7988
204 1.80225
205 1.80977
206 1.81527
207 1.825
208 1.82952
209 1.83399
210 1.8455
211 1.8582
212 1.86438
213 1.87582
214 1.89378
215 1.89585
216 1.90554
217 1.90941
218 1.91172
219 1.91569
220 1.92241
221 1.92841
222 1.94568
223 1.96362
224 1.96642
225 1.97229
226 1.97346
227 1.98519
228 1.98642
229 1.99312
230 1.9969
231 2.01435
232 2.02341
233 2.02643
234 2.03406
235 2.04561
236 2.04943
237 2.0506
238 2.05407
239 2.06026
240 2.07927
241 2.08822
242 2.09734
243 2.11329
244 2.13994
245 2.15062
246 2.15188
247 2.16381
248 2.17614
249 2.181
250 2.19149
251 2.19365
252 2.20607
253 2.21462
254 2.23271
255 2.2441
256 2.25704
257 2.26285
258 2.26485
259 2.29534
260 2.3025
261 2.31052
262 2.31635
263 2.331
264 2.33834
265 2.34224
266 2.34758
267 2.36068
268 2.3627
269 2.38523
270 2.39035
271 2.40789
272 2.45639
273 2.46246
274 2.46945
275 2.49549
276 2.50808
277 2.52654
278 2.53377
279 2.54124
280 2.54279
281 2.55332
282 2.56188
283 2.57217
284 2.59239
285 2.59532
286 2.62403
287 2.65035
288 2.67636
289 2.68526
290 2.69771
291 2.70187
292 2.71368
293 2.71898
294 2.72104
295 2.74442
296 2.7479
297 2.75554
298 2.75896
299 2.77669
300 2.80872
301 2.81567
302 2.82278
303 2.83056
304 2.8395
305 2.84213
306 2.84703
307 2.85138
308 2.88575
309 2.89087
310 2.89722
311 2.91348
312 2.92564
313 2.93791
314 2.94033
315 2.95439
316 2.9709
317 2.98973
