1 0.00166
2 0.00371
3 0.0084
4 0.00997
5 0.01235
6 0.01885
7 0.02188
8 0.02458
9 0.0274
10 0.0329
11 0.03879
12 0.04104
13 0.0425
14 0.04554
15 0.05187
16 0.05581
17 0.05858
18 0.06113
19 0.06568
20 0.06777
21 0.07398
22 0.08484
23 0.09384
24 0.09535
25 0.09955
26 0.10384
27 0.10555
28 0.10981
29 0.11847
30 0.13058
31 0.13257
32 0.14095
33 0.1525
34 0.1646
35 0.17091
36 0.17751
37 0.18385
38 0.18898
39 0.19782
40 0.20168
41 0.20653
42 0.20992
43 0.21453
44 0.2165
45 0.22328
46 0.22983
47 0.23509
48 0.23954
49 0.24634
50 0.2495
51 0.25394
52 0.2574
53 0.26707
54 0.27899
55 0.2872
56 0.29124
57 0.29722
58 0.30073
59 0.30205
60 0.30626
61 0.30848
62 0.3117
63 0.31675
64 0.3312
65 0.33617
66 0.33922
67 0.34421
68 0.3544
69 0.36985
70 0.37861
71 0.38614
72 0.39178
73 0.39942
74 0.4028
75 0.41473
76 0.4179
77 0.42047
78 0.42644
79 0.42919
80 0.44139
81 0.44224
82 0.44889
83 0.45133
84 0.45407
85 0.46246
86 0.46522
87 0.46838
88 0.47065
89 0.47473
90 0.48429
91 0.48719
92 0.49391
93 0.49586
94 0.49999
95 0.51686
96 0.5207
97 0.52511
98 0.53894
99 0.54181
100 0.54694
101 0.5528
102 0.56126
103 0.56973
104 0.57377
105 0.57975
106 0.58405
107 0.59112
108 0.59584
109 0.60091
110 0.60766
111 0.60958
112 0.62143
113 0.62723
114 0.63342
115 0.64064
116 0.6468
117 0.65064
118 0.67189
119 0.6754
120 0.69274
121 0.69688
122 0.70101
123 0.70284
124 0.71036
125 0.71211
126 0.72032
127 0.7261
128 0.73625
129 0.74066
130 0.74461
131 0.75909
132 0.77371
133 0.78394
134 0.78712
135 0.78812
136 0.78937
137 0.79346
138 0.79784
139 0.80926
140 0.82012
141 0.83414
142 0.83738
143 0.85112
144 0.85741
145 0.8689
146 0.87753
147 0.88209
148 0.89362
149 0.89609
150 0.90096
151 0.90669
152 0.91742
153 0.93052
154 0.93294
155 0.93626
156 0.94392
157 0.94757
158 0.9495
159 0.95291
160 0.9562
161 0.96097
162 0.96371
163 0.96624
164 0.97457
165 0.97566
166 0.97935
167 0.98282
168 0.98799
169 1.00512
170 1.00944
171 1.01546
172 1.01663
173 1.02285
174 1.041
175 1.04273
176 1.05283
177 1.05733
178 1.06068
179 1.07012
180 1.07435
181 1.0824
182 1.09118
183 1.09686
184 1.09865
185 1.10553
186 1.1063
187 1.10911
188 1.12284
189 1.12478
190 1.13176
191 1.13957
192 1.14608
193 1.15145
194 1.1563
195 1.16626
196 1.17306
197 1.1761
198 1.18074
199 1.18312
200 1.20027
201 1.20417
202 1.20819
203 1.21236
204 1.21852
205 1.22366
206 1.22562
207 1.22897
208 1.23173
209 1.23982
210 1.25715
211 1.27727
212 1.29436
213 1.29689
214 1.30247
215 1.30433
216 1.30815
217 1.32117
218 1.33192
219 1.35218
220 1.35833
221 1.3758
222 1.38319
223 1.39363
224 1.396
225 1.40925
226 1.41774
227 1.42973
228 1.43869
229 1.4432
230 1.44668
231 1.44945
232 1.45278
233 1.45764
234 1.46036
235 1.46441
236 1.46654
237 1.47111
238 1.47519
239 1.48112
240 1.48958
241 1.49869
242 1.51152
243 1.51948
244 1.52987
245 1.53824
246 1.5412
247 1.5496
248 1.5527
249 1.56467
250 1.56956
251 1.59754
252 1.60696
253 1.61786
254 1.62708
255 1.62814
256 1.63302
257 1.6436
258 1.65202
259 1.66752
260 1.67292
261 1.67691
262 1.68316
263 1.68609
264 1.69551
265 1.69944
266 1.70253
267 1.71622
268 1.72405
269 1.72924
270 1.73215
271 1.73739
272 1.74097
273 1.74786
274 1.75306
275 1.76346
276 1.7972
277 1.80745
278 1.80912
279 1.81367
280 1.8311
281 1.83723
282 1.84029
283 1.8486
284 1.85842
285 1.86119
286 1.87297
287 1.88671
288 1.88971
289 1.895
290 1.90165
291 1.9044
292 1.91789
293 1.93888
294 1.95556
295 1.96537
296 1.97114
297 1.9821
298 1.9887
299 1.99021
300 1.99211
301 1.99526
302 2.00006
303 2.00653
304 2.01282
305 2.01994
306 2.02837
307 2.05034
308 2.05185
309 2.05819
310 2.06043
311 2.0655
312 2.0686
313 2.07242
314 2.08351
315 2.0882
316 2.09115
317 2.09625
318 2.10241
319 2.10444
320 2.12316
321 2.14366
322 2.14721
323 2.15166
324 2.1581
325 2.16923
326 2.17813
327 2.19107
328 2.19689
329 2.20827
330 2.21413
331 2.22721
332 2.23434
333 2.23585
334 2.25197
335 2.25559
336 2.25817
337 2.27183
338 2.27677
339 2.29505
340 2.30476
341 2.31286
342 2.31771
343 2.32512
344 2.34256
345 2.34703
346 2.34901
347 2.3534
348 2.36382
349 2.36829
350 2.37936
351 2.39361
352 2.39829
353 2.42186
354 2.43063
355 2.43395
356 2.43603
357 2.44272
358 2.4458
359 2.4501
360 2.45138
361 2.45846
362 2.46665
363 2.46848
364 2.47998
365 2.48567
366 2.49839
367 2.50695
368 2.51044
369 2.51701
370 2.52824
371 2.53471
372 2.54633
373 2.5568
374 2.5631
375 2.57585
376 2.58776
377 2.59465
378 2.60624
379 2.62401
380 2.62579
381 2.63163
382 2.6491
383 2.65785
384 2.66667
385 2.68306
386 2.68825
387 2.69136
388 2.70078
389 2.71562
390 2.72533
391 2.73209
392 2.73483
393 2.73904
394 2.74317
395 2.74844
396 2.75309
397 2.76768
398 2.77765
399 2.78221
400 2.79417
401 2.79794
402 2.80702
403 2.8163
404 2.82741
405 2.8333
406 2.83763
407 2.84173
408 2.84704
409 2.85208
410 2.8554
411 2.86154
412 2.86891
413 2.877
414 2.8799
415 2.88181
416 2.8858
417 2.89415
418 2.89915
419 2.90629
420 2.92014
421 2.93693
422 2.94649
423 2.94832
424 2.9554
425 2.95849
426 2.97153
427 2.97903
428 2.98116
429 2.99199
