1 0.00319
2 0.00444
3 0.01423
4 0.02758
5 0.03279
6 0.04773
7 0.05657
8 0.06602
9 0.07193
10 0.07422
11 0.08405
12 0.10051
13 0.12078
14 0.13172
15 0.13542
16 0.1386
17 0.15986
18 0.17596
19 0.19709
20 0.21763
21 0.21902
22 0.24308
23 0.24904
24 0.26008
25 0.26335
26 0.27668
27 0.2804
28 0.28375
29 0.29176
30 0.30389
31 0.30936
32 0.31731
33 0.3315
34 0.34442
35 0.34648
36 0.35173
37 0.35757
38 0.37057
39 0.38391
40 0.39376
41 0.41068
42 0.41426
43 0.41964
44 0.43545
45 0.45247
46 0.4802
47 0.48866
48 0.53551
49 0.53801
50 0.54148
51 0.54842
52 0.5527
53 0.55719
54 0.56367
55 0.56889
56 0.59452
57 0.61262
58 0.63605
59 0.63803
60 0.64556
61 0.65437
62 0.65787
63 0.66166
64 0.66469
65 0.66646
66 0.67552
67 0.69821
68 0.71408
69 0.72589
70 0.73568
71 0.73715
72 0.74866
73 0.75627
74 0.75898
75 0.78015
76 0.78473
77 0.78846
78 0.7939
79 0.80192
80 0.8062
81 0.81564
82 0.82047
83 0.82636
84 0.82861
85 0.84433
86 0.84661
87 0.86134
88 0.87656
89 0.88767
90 0.89542
91 0.91062
92 0.91919
93 0.92687
94 0.95072
95 0.9525
96 0.9627
97 0.96828
98 0.97046
99 0.97585
100 0.98896
101 1.00118
102 1.00934
103 1.01085
104 1.01454
105 1.03068
106 1.05467
107 1.0675
108 1.08021
109 1.10206
110 1.12482
111 1.13018
112 1.13394
113 1.14531
114 1.14824
115 1.15784
116 1.17479
117 1.1926
118 1.19678
119 1.21306
120 1.22595
121 1.24442
122 1.24857
123 1.26438
124 1.26568
125 1.26688
126 1.27402
127 1.28655
128 1.3085
129 1.31487
130 1.33298
131 1.3371
132 1.34728
133 1.35089
134 1.37084
135 1.38435
136 1.40427
137 1.41021
138 1.41321
139 1.41852
140 1.42246
141 1.42549
142 1.4343
143 1.43824
144 1.44544
145 1.44862
146 1.44989
147 1.45168
148 1.4622
149 1.47664
150 1.4781
151 1.49029
152 1.49677
153 1.50327
154 1.5126
155 1.53046
156 1.54035
157 1.55636
158 1.57277
159 1.57632
160 1.57989
161 1.58335
162 1.58751
163 1.58859
164 1.59223
165 1.60122
166 1.63009
167 1.63637
168 1.63954
169 1.66558
170 1.67136
171 1.67297
172 1.67705
173 1.68559
174 1.69897
175 1.70285
176 1.72562
177 1.73521
178 1.73683
179 1.73873
180 1.74645
181 1.74832
182 1.75446
183 1.75992
184 1.76676
185 1.77744
186 1.78389
187 1.79892
188 1.80162
189 1.80527
190 1.81062
191 1.82856
192 1.85744
193 1.88473
194 1.89374
195 1.89704
196 1.90062
197 1.90661
198 1.91448
199 1.93083
200 1.93221
201 1.93673
202 1.94204
203 1.94564
204 1.95153
205 1.95682
206 1.96091
207 1.96736
208 1.97123
209 1.97864
210 1.98446
211 1.99549
212 2.00025
213 2.0018
214 2.01471
215 2.0283
216 2.0521
217 2.05632
218 2.06091
219 2.07106
220 2.07401
221 2.07716
222 2.08506
223 2.10324
224 2.10572
225 2.11412
226 2.12024
227 2.13599
228 2.14357
229 2.14952
230 2.15191
231 2.16962
232 2.17646
233 2.19011
234 2.19981
235 2.20359
236 2.2199
237 2.22476
238 2.23076
239 2.23634
240 2.25155
241 2.25677
242 2.26459
243 2.26748
244 2.28354
245 2.30271
246 2.30625
247 2.31353
248 2.35117
249 2.35494
250 2.36881
251 2.37792
252 2.38293
253 2.39723
254 2.42744
255 2.4457
256 2.45351
257 2.47075
258 2.48089
259 2.48853
260 2.50622
261 2.51163
262 2.53182
263 2.5411
264 2.55892
265 2.57331
266 2.57808
267 2.58279
268 2.58394
269 2.6044
270 2.60987
271 2.61412
272 2.6324
273 2.64294
274 2.65908
275 2.67423
276 2.68585
277 2.69223
278 2.7098
279 2.71784
280 2.73513
281 2.73711
282 2.7514
283 2.76876
284 2.77835
285 2.78571
286 2.79192
287 2.79613
288 2.81446
289 2.82312
290 2.82918
291 2.8321
292 2.852
293 2.85421
294 2.87478
295 2.8777
296 2.88106
297 2.88462
298 2.89013
299 2.90952
300 2.91288
301 2.91487
302 2.92468
303 2.92918
304 2.93887
305 2.9582
306 2.97426
307 2.99167
308 2.99361
309 2.99668
