1 0.00414
2 0.01271
3 0.02422
4 0.031
5 0.03457
6 0.03995
7 0.04695
8 0.0495
9 0.05586
10 0.06695
11 0.07115
12 0.08035
13 0.08495
14 0.08584
15 0.09468
16 0.09688
17 0.10059
18 0.1051
19 0.11906
20 0.12056
21 0.12427
22 0.13109
23 0.14254
24 0.14817
25 0.1614
26 0.16468
27 0.16656
28 0.17414
29 0.17602
30 0.17942
31 0.18149
32 0.18714
33 0.19264
34 0.19694
35 0.20831
36 0.21413
37 0.2209
38 0.22245
39 0.22542
40 0.23181
41 0.23438
42 0.23638
43 0.24745
44 0.25238
45 0.26034
46 0.27934
47 0.28185
48 0.28829
49 0.29012
50 0.30177
51 0.3042
52 0.30684
53 0.30844
54 0.32647
55 0.32912
56 0.33257
57 0.33853
58 0.35733
59 0.3605
60 0.36391
61 0.37034
62 0.37199
63 0.37683
64 0.38243
65 0.40195
66 0.41067
67 0.41421
68 0.41707
69 0.42465
70 0.42681
71 0.43265
72 0.43423
73 0.44089
74 0.44773
75 0.44972
76 0.4628
77 0.48082
78 0.48907
79 0.49504
80 0.49959
81 0.50449
82 0.50669
83 0.52071
84 0.5345
85 0.54222
86 0.54574
87 0.55912
88 0.56148
89 0.56734
90 0.5702
91 0.57812
92 0.58101
93 0.5895
94 0.5966
95 0.60611
96 0.60798
97 0.61698
98 0.61881
99 0.62207
100 0.64376
101 0.65348
102 0.65902
103 0.67734
104 0.69018
105 0.69294
106 0.69709
107 0.70427
108 0.70745
109 0.70986
110 0.73844
111 0.74051
112 0.74864
113 0.7508
114 0.75954
115 0.77449
116 0.79265
117 0.79865
118 0.80276
119 0.8081
120 0.82271
121 0.8305
122 0.83334
123 0.84147
124 0.84796
125 0.85039
126 0.85399
127 0.86992
128 0.87248
129 0.88301
130 0.89794
131 0.90006
132 0.9023
133 0.91579
134 0.91814
135 0.92165
136 0.92414
137 0.93417
138 0.95341
139 0.9595
140 0.96159
141 0.969
142 0.98122
143 0.98458
144 1.00146
145 1.00488
146 1.0161
147 1.02302
148 1.02795
149 1.03754
150 1.04293
151 1.047
152 1.04922
153 1.05811
154 1.07503
155 1.0772
156 1.08181
157 1.09284
158 1.0961
159 1.09713
160 1.10688
161 1.11079
162 1.11671
163 1.12069
164 1.12895
165 1.14109
166 1.14354
167 1.1462
168 1.15057
169 1.15306
170 1.15893
171 1.1613
172 1.16382
173 1.17109
174 1.17466
175 1.17662
176 1.17756
177 1.18581
178 1.18779
179 1.19608
180 1.21967
181 1.22412
182 1.24442
183 1.24648
184 1.2509
185 1.2529
186 1.26384
187 1.27424
188 1.27964
189 1.2873
190 1.31044
191 1.31674
192 1.32527
193 1.33208
194 1.3374
195 1.34191
196 1.34922
197 1.35675
198 1.3602
199 1.36795
200 1.37869
201 1.39659
202 1.40316
203 1.41169
204 1.42493
205 1.43528
206 1.4831
207 1.48891
208 1.49636
209 1.51016
210 1.52687
211 1.53556
212 1.54036
213 1.54246
214 1.55589
215 1.55803
216 1.55975
217 1.56498
218 1.57511
219 1.57897
220 1.5848
221 1.59116
222 1.6046
223 1.60682
224 1.61087
225 1.61802
226 1.63196
227 1.64622
228 1.6546
229 1.66075
230 1.67202
231 1.67617
232 1.69092
233 1.69997
234 1.70703
235 1.71617
236 1.73643
237 1.75008
238 1.76024
239 1.77926
240 1.78769
241 1.7936
242 1.79663
243 1.80476
244 1.81341
245 1.8329
246 1.84775
247 1.85191
248 1.86233
249 1.86387
250 1.8915
251 1.8939
252 1.90744
253 1.91328
254 1.92217
255 1.9247
256 1.93535
257 1.94412
258 1.94862
259 1.95464
260 1.95659
261 1.96069
262 1.97973
263 1.98649
264 1.98884
265 2.00226
266 2.00401
267 2.01152
268 2.01596
269 2.02699
270 2.03035
271 2.04316
272 2.05495
273 2.06287
274 2.06759
275 2.0757
276 2.08104
277 2.08781
278 2.09311
279 2.10172
280 2.1229
281 2.12454
282 2.14699
283 2.15033
284 2.16029
285 2.17414
286 2.1798
287 2.18495
288 2.19657
289 2.19921
290 2.20406
291 2.21524
292 2.22484
293 2.2471
294 2.25618
295 2.27089
296 2.28238
297 2.29325
298 2.29806
299 2.29977
300 2.30879
301 2.31491
302 2.32023
303 2.32933
304 2.34641
305 2.35017
306 2.35528
307 2.36298
308 2.36591
309 2.37646
310 2.39206
311 2.41131
312 2.42179
313 2.43505
314 2.44047
315 2.47971
316 2.48422
317 2.48643
318 2.49563
319 2.49926
320 2.5081
321 2.52477
322 2.54004
323 2.55312
324 2.55879
325 2.56918
326 2.57255
327 2.57581
328 2.59419
329 2.60534
330 2.61021
331 2.61976
332 2.62274
333 2.62621
334 2.63565
335 2.64318
336 2.64792
337 2.66152
338 2.67095
339 2.67331
340 2.68289
341 2.6952
342 2.70112
343 2.72007
344 2.73069
345 2.73227
346 2.73887
347 2.74553
348 2.74702
349 2.75206
350 2.77104
351 2.77561
352 2.7844
353 2.78778
354 2.7897
355 2.79335
356 2.79986
357 2.80926
358 2.81715
359 2.82212
360 2.83308
361 2.83855
362 2.8451
363 2.84878
364 2.85214
365 2.86494
366 2.86642
367 2.87144
368 2.88341
369 2.89552
370 2.90823
371 2.91192
372 2.93066
373 2.93368
374 2.94202
375 2.95202
376 2.95943
377 2.96751
378 2.97813
379 2.98163
380 2.98554
381 2.98717
382 2.98837
383 2.99667
