1 0.00243
2 0.01097
3 0.01191
4 0.01952
5 0.02478
6 0.02635
7 0.04554
8 0.05616
9 0.06307
10 0.0644
11 0.07231
12 0.07419
13 0.08083
14 0.08559
15 0.08915
16 0.09249
17 0.09545
18 0.10018
19 0.10587
20 0.10843
21 0.11182
22 0.11511
23 0.12007
24 0.12115
25 0.12685
26 0.14173
27 0.15326
28 0.1634
29 0.17253
30 0.17436
31 0.17847
32 0.18545
33 0.18853
34 0.19319
35 0.19985
36 0.21188
37 0.21991
38 0.22699
39 0.23
40 0.2329
41 0.24666
42 0.25967
43 0.26396
44 0.27414
45 0.27971
46 0.28596
47 0.29307
48 0.29411
49 0.29731
50 0.30262
51 0.3048
52 0.30783
53 0.31091
54 0.31611
55 0.31924
56 0.33073
57 0.33757
58 0.34622
59 0.35719
60 0.37561
61 0.38701
62 0.40176
63 0.4075
64 0.41315
65 0.42136
66 0.4332
67 0.4448
68 0.44682
69 0.44907
70 0.45446
71 0.47165
72 0.47587
73 0.4784
74 0.48669
75 0.48971
76 0.49569
77 0.5025
78 0.50868
79 0.52142
80 0.53018
81 0.53489
82 0.5567
83 0.56089
84 0.5644
85 0.57372
86 0.57601
87 0.58292
88 0.58586
89 0.59701
90 0.60247
91 0.60854
92 0.61263
93 0.61395
94 0.62193
95 0.62842
96 0.63499
97 0.63641
98 0.65361
99 0.66815
100 0.67378
101 0.67902
102 0.68187
103 0.69293
104 0.69765
105 0.72382
106 0.72687
107 0.73191
108 0.73477
109 0.7395
110 0.766
111 0.77127
112 0.77371
113 0.77616
114 0.78962
115 0.79261
116 0.79745
117 0.80617
118 0.81696
119 0.81863
120 0.82239
121 0.82578
122 0.83035
123 0.83662
124 0.84462
125 0.85458
126 0.86149
127 0.86619
128 0.86827
129 0.88296
130 0.88559
131 0.88823
132 0.89482
133 0.92107
134 0.92844
135 0.93266
136 0.93898
137 0.94438
138 0.94729
139 0.95188
140 0.9607
141 0.97134
142 0.97831
143 0.98071
144 0.98885
145 0.99051
146 0.99466
147 0.99629
148 1.01604
149 1.03099
150 1.04057
151 1.04801
152 1.05046
153 1.06003
154 1.06965
155 1.0721
156 1.07566
157 1.07956
158 1.08229
159 1.09022
160 1.09632
161 1.10477
162 1.10646
163 1.11813
164 1.12695
165 1.13352
166 1.1489
167 1.17197
168 1.17694
169 1.17922
170 1.1878
171 1.19933
172 1.21928
173 1.22672
174 1.23447
175 1.23936
176 1.24626
177 1.27051
178 1.28179
179 1.29264
180 1.30725
181 1.30943
182 1.31902
183 1.33734
184 1.34176
185 1.34544
186 1.35444
187 1.35824
188 1.36492
189 1.3677
190 1.38225
191 1.38493
192 1.38893
193 1.39974
194 1.41949
195 1.42569
196 1.4284
197 1.43224
198 1.43843
199 1.4428
200 1.45313
201 1.45944
202 1.48099
203 1.49455
204 1.49981
205 1.51465
206 1.52074
207 1.52727
208 1.5299
209 1.54037
210 1.54957
211 1.55329
212 1.57393
213 1.58446
214 1.58638
215 1.59567
216 1.60599
217 1.60699
218 1.61281
219 1.62161
220 1.6281
221 1.63347
222 1.65277
223 1.67541
224 1.68078
225 1.68895
226 1.70067
227 1.70732
228 1.7127
229 1.72639
230 1.72973
231 1.73103
232 1.74147
233 1.74793
234 1.75238
235 1.76651
236 1.77788
237 1.78087
238 1.79042
239 1.80068
240 1.80322
241 1.80698
242 1.81566
243 1.8273
244 1.835
245 1.84264
246 1.84682
247 1.86306
248 1.86857
249 1.87669
250 1.88164
251 1.8862
252 1.90516
253 1.92713
254 1.92843
255 1.93213
256 1.93679
257 1.94387
258 1.96143
259 1.9708
260 1.97549
261 1.98468
262 1.99166
263 2.00166
264 2.02543
265 2.03235
266 2.03692
267 2.04144
268 2.04527
269 2.05165
270 2.0603
271 2.06417
272 2.06769
273 2.07265
274 2.07531
275 2.08738
276 2.0917
277 2.10144
278 2.10961
279 2.11319
280 2.11647
281 2.12712
282 2.13514
283 2.13686
284 2.14978
285 2.17102
286 2.18051
287 2.18737
288 2.19506
289 2.19745
290 2.20257
291 2.20571
292 2.22579
293 2.2303
294 2.2429
295 2.25128
296 2.26766
297 2.27098
298 2.27273
299 2.27576
300 2.28449
301 2.29296
302 2.29953
303 2.30102
304 2.30359
305 2.31761
306 2.32023
307 2.32712
308 2.33452
309 2.33803
310 2.34314
311 2.34681
312 2.35134
313 2.3605
314 2.36202
315 2.36604
316 2.37049
317 2.37355
318 2.37707
319 2.3857
320 2.39182
321 2.39441
322 2.40369
323 2.40529
324 2.42418
325 2.4268
326 2.43609
327 2.45442
328 2.46063
329 2.47053
330 2.48404
331 2.48694
332 2.4953
333 2.50807
334 2.5183
335 2.52841
336 2.535
337 2.53932
338 2.54076
339 2.55048
340 2.55341
341 2.55533
342 2.55881
343 2.563
344 2.56473
345 2.57006
346 2.58103
347 2.58442
348 2.58895
349 2.59655
350 2.60034
351 2.60952
352 2.61863
353 2.62517
354 2.6284
355 2.64502
356 2.65169
357 2.65491
358 2.66765
359 2.67318
360 2.67943
361 2.6861
362 2.6916
363 2.69561
364 2.69909
365 2.73031
366 2.73528
367 2.7403
368 2.75085
369 2.77164
370 2.77686
371 2.78346
372 2.79876
373 2.81772
374 2.82567
375 2.83095
376 2.83852
377 2.84832
378 2.85285
379 2.85936
380 2.86716
381 2.87259
382 2.88089
383 2.88493
384 2.88643
385 2.89571
386 2.90873
387 2.9296
388 2.93233
389 2.93568
390 2.94372
391 2.95314
392 2.95462
393 2.97375
394 2.98102
395 2.9825
396 2.9843
397 2.99101
398 2.99509
