1 0.00167
2 0.0094
3 0.02051
4 0.02713
5 0.03348
6 0.0387
7 0.05174
8 0.06396
9 0.06619
10 0.06908
11 0.07238
12 0.0788
13 0.08978
14 0.09384
15 0.09813
16 0.10742
17 0.11471
18 0.118
19 0.12618
20 0.13393
21 0.13668
22 0.1449
23 0.14685
24 0.14906
25 0.15706
26 0.16362
27 0.16777
28 0.19217
29 0.19458
30 0.20482
31 0.20898
32 0.21252
33 0.21749
34 0.22362
35 0.22517
36 0.22903
37 0.23572
38 0.23929
39 0.24199
40 0.24371
41 0.24838
42 0.26431
43 0.27155
44 0.30264
45 0.31526
46 0.32368
47 0.33894
48 0.34092
49 0.34316
50 0.34916
51 0.36844
52 0.38282
53 0.38614
54 0.39521
55 0.40413
56 0.40547
57 0.40931
58 0.41231
59 0.41753
60 0.42109
61 0.42841
62 0.43373
63 0.44033
64 0.44365
65 0.44682
66 0.45658
67 0.46727
68 0.46954
69 0.47149
70 0.47534
71 0.48144
72 0.48363
73 0.49082
74 0.50326
75 0.51412
76 0.52107
77 0.52776
78 0.53308
79 0.5391
80 0.54778
81 0.55197
82 0.55408
83 0.5588
84 0.56728
85 0.5879
86 0.59014
87 0.60145
88 0.60735
89 0.61179
90 0.61673
91 0.62787
92 0.63194
93 0.64391
94 0.65354
95 0.65836
96 0.66335
97 0.66948
98 0.67161
99 0.68146
100 0.68666
101 0.68841
102 0.69251
103 0.69504
104 0.71005
105 0.7328
106 0.73766
107 0.74467
108 0.75776
109 0.76235
110 0.76697
111 0.77246
112 0.79995
113 0.8139
114 0.81648
115 0.82447
116 0.82865
117 0.83737
118 0.84422
119 0.86281
120 0.86446
121 0.87031
122 0.87671
123 0.88074
124 0.88278
125 0.88776
126 0.89014
127 0.89849
128 0.90191
129 0.90733
130 0.90937
131 0.91311
132 0.91627
133 0.94018
134 0.95019
135 0.95495
136 0.96642
137 0.96853
138 0.97613
139 0.98735
140 0.99692
141 1.00007
142 1.0092
143 1.02266
144 1.03444
145 1.0483
146 1.05201
147 1.06332
148 1.06699
149 1.07
150 1.08139
151 1.08886
152 1.09443
153 1.09574
154 1.09926
155 1.10141
156 1.1078
157 1.11213
158 1.11512
159 1.12352
160 1.12786
161 1.13062
162 1.13339
163 1.13939
164 1.14235
165 1.15318
166 1.16106
167 1.18465
168 1.18859
169 1.19157
170 1.19611
171 1.20718
172 1.21259
173 1.21534
174 1.22405
175 1.23022
176 1.23735
177 1.25142
178 1.25617
179 1.26941
180 1.27284
181 1.27491
182 1.28119
183 1.28386
184 1.28833
185 1.30241
186 1.31042
187 1.31984
188 1.33906
189 1.3428
190 1.35025
191 1.35313
192 1.35861
193 1.36496
194 1.36969
195 1.37378
196 1.37542
197 1.38524
198 1.38806
199 1.39444
200 1.40597
201 1.41542
202 1.42385
203 1.43545
204 1.44809
205 1.45101
206 1.45611
207 1.45821
208 1.46515
209 1.46804
210 1.48766
211 1.49956
212 1.50341
213 1.50757
214 1.50984
215 1.51287
216 1.51611
217 1.52014
218 1.535
219 1.53674
220 1.5395
221 1.54126
222 1.54413
223 1.55338
224 1.55901
225 1.56936
226 1.57362
227 1.57557
228 1.58784
229 1.59467
230 1.59843
231 1.60282
232 1.61412
233 1.62086
234 1.63486
235 1.63799
236 1.64467
237 1.66088
238 1.67265
239 1.68039
240 1.68324
241 1.68623
242 1.68929
243 1.69105
244 1.69467
245 1.70645
246 1.70951
247 1.71231
248 1.71984
249 1.72377
250 1.72552
251 1.72702
252 1.73111
253 1.73958
254 1.7436
255 1.75046
256 1.75265
257 1.76941
258 1.78165
259 1.78714
260 1.79117
261 1.79762
262 1.80317
263 1.81487
264 1.81957
265 1.82809
266 1.84322
267 1.84479
268 1.84925
269 1.85102
270 1.85521
271 1.86142
272 1.86536
273 1.86971
274 1.8753
275 1.87986
276 1.8868
277 1.89122
278 1.9021
279 1.91498
280 1.93445
281 1.93604
282 1.93924
283 1.94192
284 1.94583
285 1.95224
286 1.96045
287 1.97215
288 1.97714
289 1.98583
290 1.98827
291 1.99711
292 1.99838
293 2.00189
294 2.00634
295 2.0109
296 2.02191
297 2.02742
298 2.03473
299 2.04227
300 2.05182
301 2.05493
302 2.07112
303 2.07509
304 2.07748
305 2.08381
306 2.08806
307 2.09036
308 2.09443
309 2.10652
310 2.11978
311 2.12151
312 2.12861
313 2.1324
314 2.13395
315 2.14032
316 2.15738
317 2.1586
318 2.16409
319 2.16853
320 2.18455
321 2.19827
322 2.20712
323 2.2112
324 2.21482
325 2.21959
326 2.22478
327 2.23274
328 2.23555
329 2.23767
330 2.24981
331 2.25259
332 2.25952
333 2.26129
334 2.27559
335 2.27961
336 2.28167
337 2.29478
338 2.31062
339 2.31294
340 2.32657
341 2.3379
342 2.34761
343 2.36743
344 2.37714
345 2.38705
346 2.39877
347 2.39986
348 2.41292
349 2.41624
350 2.41883
351 2.44273
352 2.44919
353 2.45793
354 2.48163
355 2.48741
356 2.49219
357 2.50778
358 2.5092
359 2.52854
360 2.53016
361 2.5349
362 2.54398
363 2.55173
364 2.57038
365 2.58096
366 2.58901
367 2.60215
368 2.61058
369 2.62798
370 2.63495
371 2.64615
372 2.66033
373 2.67419
374 2.68637
375 2.68822
376 2.69933
377 2.71196
378 2.7192
379 2.72401
380 2.7314
381 2.738
382 2.74381
383 2.74589
384 2.76289
385 2.76753
386 2.79778
387 2.80828
388 2.81424
389 2.81653
390 2.81779
391 2.82109
392 2.83085
393 2.8388
394 2.84309
395 2.8485
396 2.85357
397 2.8652
398 2.86892
399 2.88278
400 2.88409
401 2.88891
402 2.89512
403 2.90188
404 2.90944
405 2.91581
406 2.92509
407 2.94417
408 2.9503
409 2.95503
410 2.9621
411 2.96673
412 2.97179
413 2.98016
414 2.98668
415 2.9885
