1 0.00772
2 0.018
3 0.02152
4 0.02353
5 0.02885
6 0.03045
7 0.03381
8 0.03789
9 0.04534
10 0.04861
11 0.05501
12 0.06354
13 0.06682
14 0.0745
15 0.07579
16 0.08348
17 0.08933
18 0.09617
19 0.09982
20 0.10227
21 0.10947
22 0.11104
23 0.12581
24 0.13231
25 0.13382
26 0.15473
27 0.1605
28 0.16447
29 0.17195
30 0.17916
31 0.18175
32 0.18475
33 0.18729
34 0.19347
35 0.20975
36 0.2134
37 0.22656
38 0.22977
39 0.24881
40 0.27156
41 0.27861
42 0.29457
43 0.30446
44 0.30628
45 0.31211
46 0.31845
47 0.31973
48 0.32382
49 0.33634
50 0.34511
51 0.34759
52 0.3506
53 0.36513
54 0.36605
55 0.3686
56 0.38075
57 0.38344
58 0.38856
59 0.40492
60 0.40769
61 0.41781
62 0.42059
63 0.42834
64 0.43358
65 0.44332
66 0.45968
67 0.46238
68 0.46571
69 0.47497
70 0.48026
71 0.50445
72 0.50626
73 0.52495
74 0.52771
75 0.53508
76 0.54044
77 0.54222
78 0.55171
79 0.5577
80 0.56562
81 0.57111
82 0.58048
83 0.58903
84 0.59697
85 0.60968
86 0.62
87 0.62474
88 0.62591
89 0.62951
90 0.63346
91 0.64947
92 0.65533
93 0.65783
94 0.66057
95 0.66359
96 0.67362
97 0.67595
98 0.67824
99 0.68182
100 0.68586
101 0.70478
102 0.71534
103 0.7187
104 0.72564
105 0.74422
106 0.75275
107 0.75676
108 0.7586
109 0.76831
110 0.77824
111 0.78511
112 0.7916
113 0.80337
114 0.8159
115 0.81894
116 0.82245
117 0.83149
118 0.83897
119 0.84282
120 0.84678
121 0.85534
122 0.85662
123 0.8585
124 0.86561
125 0.87889
126 0.8854
127 0.88765
128 0.91422
129 0.92299
130 0.92545
131 0.9405
132 0.94687
133 0.96126
134 0.96697
135 0.96798
136 0.97223
137 0.97977
138 0.9992
139 1.00287
140 1.00636
141 1.00778
142 1.01138
143 1.01994
144 1.02496
145 1.02703
146 1.03112
147 1.05548
148 1.05856
149 1.06772
150 1.07234
151 1.07401
152 1.0918
153 1.10108
154 1.10302
155 1.11109
156 1.11288
157 1.11695
158 1.15924
159 1.16309
160 1.16884
161 1.18437
162 1.19533
163 1.20899
164 1.21396
165 1.22116
166 1.2257
167 1.24531
168 1.2504
169 1.25335
170 1.25543
171 1.26954
172 1.27308
173 1.28794
174 1.29866
175 1.31078
176 1.31494
177 1.31815
178 1.32657
179 1.33294
180 1.33767
181 1.34884
182 1.35395
183 1.35681
184 1.36609
185 1.39026
186 1.40801
187 1.41359
188 1.41722
189 1.43921
190 1.45998
191 1.46164
192 1.46491
193 1.46814
194 1.47095
195 1.47467
196 1.49102
197 1.4987
198 1.50021
199 1.50472
200 1.50655
201 1.50936
202 1.523
203 1.53973
204 1.54502
205 1.54993
206 1.55964
207 1.56499
208 1.569
209 1.57334
210 1.5873
211 1.59006
212 1.59705
213 1.60099
214 1.60585
215 1.62041
216 1.63071
217 1.63273
218 1.63625
219 1.63847
220 1.66693
221 1.67086
222 1.67601
223 1.68123
224 1.68839
225 1.69296
226 1.71072
227 1.71825
228 1.72504
229 1.74627
230 1.75039
231 1.75578
232 1.75873
233 1.76995
234 1.77133
235 1.77801
236 1.78236
237 1.78529
238 1.79299
239 1.79698
240 1.80482
241 1.80674
242 1.81481
243 1.81713
244 1.82816
245 1.84083
246 1.84281
247 1.85609
248 1.8674
249 1.87874
250 1.88213
251 1.88601
252 1.88718
253 1.89861
254 1.90726
255 1.91196
256 1.91932
257 1.92181
258 1.93261
259 1.93907
260 1.94629
261 1.95893
262 1.96598
263 1.99094
264 1.99774
265 2.00424
266 2.01119
267 2.02588
268 2.03342
269 2.04383
270 2.05122
271 2.06552
272 2.07559
273 2.07673
274 2.08025
275 2.09253
276 2.10016
277 2.10318
278 2.10758
279 2.11565
280 2.11894
281 2.12051
282 2.12566
283 2.13002
284 2.13267
285 2.15791
286 2.16314
287 2.16464
288 2.17122
289 2.17318
290 2.17708
291 2.18585
292 2.18865
293 2.20755
294 2.21028
295 2.2175
296 2.2424
297 2.24503
298 2.25407
299 2.27606
300 2.28061
301 2.28355
302 2.28902
303 2.30085
304 2.30267
305 2.31487
306 2.31855
307 2.32038
308 2.3253
309 2.33905
310 2.3508
311 2.35933
312 2.37098
313 2.37435
314 2.37983
315 2.40816
316 2.42133
317 2.43184
318 2.43638
319 2.44006
320 2.44332
321 2.44457
322 2.45582
323 2.46072
324 2.46368
325 2.47939
326 2.49829
327 2.50293
328 2.50743
329 2.51011
330 2.524
331 2.5268
332 2.54227
333 2.54393
334 2.55557
335 2.56328
336 2.56491
337 2.56862
338 2.57785
339 2.5809
340 2.58898
341 2.60167
342 2.60697
343 2.60908
344 2.61222
345 2.61672
346 2.62747
347 2.62981
348 2.64004
349 2.66358
350 2.66881
351 2.67582
352 2.68239
353 2.69119
354 2.69736
355 2.70882
356 2.71178
357 2.7136
358 2.71521
359 2.71999
360 2.75035
361 2.75562
362 2.77705
363 2.78263
364 2.79833
365 2.79942
366 2.80749
367 2.81317
368 2.81677
369 2.82626
370 2.83613
371 2.84271
372 2.84791
373 2.85141
374 2.85848
375 2.86749
376 2.88282
377 2.88442
378 2.90301
379 2.9061
380 2.91426
381 2.91715
382 2.9228
383 2.92558
384 2.93026
385 2.93688
386 2.96015
387 2.96295
388 2.96899
389 2.99801
