1 0.00233
2 0.01061
3 0.01205
4 0.01618
5 0.01945
6 0.02914
7 0.03332
8 0.0389
9 0.046
10 0.0472
11 0.06473
12 0.07707
13 0.08057
14 0.09771
15 0.10533
16 0.11612
17 0.11855
18 0.12472
19 0.13646
20 0.14047
21 0.15695
22 0.16002
23 0.16566
24 0.17317
25 0.17875
26 0.18995
27 0.19713
28 0.1996
29 0.2039
30 0.21873
31 0.2374
32 0.24136
33 0.25069
34 0.25891
35 0.27399
36 0.27846
37 0.28521
38 0.29416
39 0.29805
40 0.31123
41 0.31532
42 0.32657
43 0.34947
44 0.35414
45 0.36058
46 0.36387
47 0.37279
48 0.3748
49 0.38254
50 0.38463
51 0.39439
52 0.3976
53 0.40518
54 0.411
55 0.41302
56 0.41951
57 0.42592
58 0.42944
59 0.43209
60 0.44078
61 0.45177
62 0.45565
63 0.45924
64 0.46933
65 0.47013
66 0.47156
67 0.47538
68 0.47797
69 0.48275
70 0.48683
71 0.50079
72 0.50775
73 0.51584
74 0.52022
75 0.53062
76 0.53524
77 0.53992
78 0.55718
79 0.56039
80 0.56592
81 0.57218
82 0.5782
83 0.5837
84 0.60256
85 0.60651
86 0.61042
87 0.61589
88 0.62211
89 0.62552
90 0.6266
91 0.64039
92 0.647
93 0.64871
94 0.65213
95 0.65709
96 0.66124
97 0.66496
98 0.66822
99 0.66987
100 0.68155
101 0.68584
102 0.69075
103 0.69413
104 0.6984
105 0.70427
106 0.7108
107 0.71377
108 0.73341
109 0.74785
110 0.76372
111 0.76712
112 0.7715
113 0.77602
114 0.78715
115 0.79437
116 0.80028
117 0.82808
118 0.83745
119 0.8514
120 0.86565
121 0.86932
122 0.87136
123 0.89309
124 0.90092
125 0.90434
126 0.91145
127 0.92309
128 0.93149
129 0.93514
130 0.93884
131 0.94077
132 0.94549
133 0.95171
134 0.95819
135 0.96083
136 0.96893
137 0.97456
138 0.97548
139 0.99134
140 0.99906
141 1.01761
142 1.02104
143 1.03123
144 1.03684
145 1.0422
146 1.04548
147 1.04964
148 1.05157
149 1.06881
150 1.07125
151 1.07215
152 1.07614
153 1.09247
154 1.10021
155 1.11001
156 1.11279
157 1.12151
158 1.12886
159 1.14675
160 1.14975
161 1.15703
162 1.16183
163 1.16459
164 1.16885
165 1.17095
166 1.17606
167 1.17902
168 1.18197
169 1.19078
170 1.20552
171 1.20708
172 1.21624
173 1.23241
174 1.23901
175 1.25315
176 1.26219
177 1.26814
178 1.27085
179 1.27474
180 1.28359
181 1.2877
182 1.29915
183 1.3013
184 1.30557
185 1.31557
186 1.32356
187 1.33045
188 1.34744
189 1.35306
190 1.3619
191 1.36453
192 1.36756
193 1.37095
194 1.37942
195 1.38644
196 1.39789
197 1.40489
198 1.40939
199 1.41341
200 1.42162
201 1.44023
202 1.44863
203 1.4708
204 1.47682
205 1.47883
206 1.48373
207 1.4936
208 1.49879
209 1.51684
210 1.52064
211 1.53183
212 1.53598
213 1.53803
214 1.5411
215 1.54885
216 1.56287
217 1.56857
218 1.57172
219 1.58321
220 1.59951
221 1.60169
222 1.60934
223 1.61257
224 1.6218
225 1.62669
226 1.64002
227 1.64785
228 1.65197
229 1.65529
230 1.66795
231 1.6736
232 1.69408
233 1.70899
234 1.71488
235 1.71697
236 1.71952
237 1.7207
238 1.72579
239 1.73671
240 1.73953
241 1.75534
242 1.7661
243 1.77563
244 1.78381
245 1.80344
246 1.81359
247 1.82403
248 1.83332
249 1.85728
250 1.86398
251 1.86892
252 1.87498
253 1.88891
254 1.89508
255 1.90843
256 1.91095
257 1.91575
258 1.91879
259 1.93286
260 1.94186
261 1.95178
262 1.96274
263 1.96992
264 1.97246
265 1.98251
266 1.98647
267 2.00831
268 2.01404
269 2.02211
270 2.02878
271 2.03
272 2.03704
273 2.04569
274 2.04831
275 2.06154
276 2.07274
277 2.07423
278 2.08038
279 2.08326
280 2.09786
281 2.10298
282 2.10729
283 2.11277
284 2.11445
285 2.12075
286 2.12559
287 2.13249
288 2.1469
289 2.15379
290 2.16069
291 2.16443
292 2.16697
293 2.17021
294 2.17508
295 2.18073
296 2.18646
297 2.18833
298 2.19735
299 2.20008
300 2.22209
301 2.23035
302 2.23545
303 2.23728
304 2.25121
305 2.27045
306 2.27795
307 2.2867
308 2.29331
309 2.29812
310 2.30135
311 2.31405
312 2.32011
313 2.32641
314 2.3493
315 2.35292
316 2.35461
317 2.35776
318 2.36653
319 2.37101
320 2.37715
321 2.38575
322 2.39026
323 2.40694
324 2.41529
325 2.42397
326 2.43941
327 2.46069
328 2.46436
329 2.46847
330 2.47302
331 2.47788
332 2.48491
333 2.48974
334 2.51505
335 2.5253
336 2.54526
337 2.55059
338 2.56084
339 2.56376
340 2.5708
341 2.57952
342 2.59067
343 2.59642
344 2.60667
345 2.61585
346 2.61859
347 2.62214
348 2.62719
349 2.63219
350 2.63943
351 2.66233
352 2.66528
353 2.67972
354 2.69088
355 2.69483
356 2.69961
357 2.70216
358 2.70971
359 2.72145
360 2.72585
361 2.7342
362 2.76422
363 2.76776
364 2.77078
365 2.77459
366 2.78015
367 2.79102
368 2.80022
369 2.81492
370 2.82072
371 2.82389
372 2.8455
373 2.85316
374 2.85845
375 2.88799
376 2.89741
377 2.90745
378 2.91486
379 2.91654
380 2.9181
381 2.92395
382 2.92875
383 2.93286
384 2.93592
385 2.94341
386 2.95755
387 2.97399
388 2.98857
