1 0.01485
2 0.01839
3 0.02806
4 0.02941
5 0.03559
6 0.04312
7 0.05428
8 0.05642
9 0.05824
10 0.06539
11 0.06767
12 0.06915
13 0.07469
14 0.07959
15 0.08685
16 0.10018
17 0.10644
18 0.11286
19 0.12174
20 0.12562
21 0.15027
22 0.15494
23 0.16176
24 0.16579
25 0.16918
26 0.18584
27 0.21168
28 0.22356
29 0.22728
30 0.22851
31 0.23277
32 0.24241
33 0.24738
34 0.26995
35 0.27578
36 0.27946
37 0.28855
38 0.29296
39 0.29581
40 0.3041
41 0.3053
42 0.31094
43 0.32073
44 0.33634
45 0.34361
46 0.36052
47 0.37221
48 0.37594
49 0.39964
50 0.41244
51 0.41382
52 0.41484
53 0.41958
54 0.4243
55 0.43476
56 0.43675
57 0.45699
58 0.47447
59 0.47848
60 0.4808
61 0.48411
62 0.49441
63 0.49841
64 0.50331
65 0.51695
66 0.51948
67 0.52222
68 0.52621
69 0.52867
70 0.5351
71 0.53916
72 0.5442
73 0.55074
74 0.55593
75 0.55777
76 0.56223
77 0.57096
78 0.5835
79 0.58584
80 0.58989
81 0.59495
82 0.59962
83 0.60211
84 0.60429
85 0.60792
86 0.62557
87 0.62872
88 0.64009
89 0.64957
90 0.65522
91 0.65769
92 0.66266
93 0.66718
94 0.67471
95 0.68451
96 0.68786
97 0.71775
98 0.7311
99 0.73608
100 0.73976
101 0.74657
102 0.77513
103 0.77723
104 0.77986
105 0.78657
106 0.79218
107 0.7952
108 0.8022
109 0.80415
110 0.80911
111 0.81425
112 0.81701
113 0.82063
114 0.82573
115 0.82989
116 0.83868
117 0.84894
118 0.86312
119 0.86878
120 0.87594
121 0.9086
122 0.9101
123 0.91302
124 0.91857
125 0.93527
126 0.95693
127 0.98123
128 0.98676
129 1.00048
130 1.02448
131 1.02928
132 1.03427
133 1.03529
134 1.04018
135 1.04723
136 1.05254
137 1.06341
138 1.06941
139 1.07575
140 1.08847
141 1.09708
142 1.10172
143 1.10479
144 1.11876
145 1.13859
146 1.15065
147 1.15275
148 1.15678
149 1.16594
150 1.17042
151 1.17736
152 1.17882
153 1.18696
154 1.18995
155 1.20728
156 1.22853
157 1.2404
158 1.24163
159 1.24945
160 1.25248
161 1.26849
162 1.27465
163 1.2802
164 1.28323
165 1.30337
166 1.30823
167 1.31186
168 1.31641
169 1.322
170 1.32673
171 1.32852
172 1.33951
173 1.34255
174 1.34781
175 1.35932
176 1.36798
177 1.37559
178 1.39932
179 1.4052
180 1.40834
181 1.41185
182 1.41767
183 1.42006
184 1.43207
185 1.43534
186 1.44169
187 1.46062
188 1.46233
189 1.47545
190 1.48097
191 1.48608
192 1.49011
193 1.52025
194 1.52259
195 1.52658
196 1.53261
197 1.53935
198 1.54786
199 1.55125
200 1.55392
201 1.55964
202 1.5611
203 1.5762
204 1.58178
205 1.58406
206 1.58988
207 1.60261
208 1.60935
209 1.6131
210 1.62741
211 1.65319
212 1.66591
213 1.669
214 1.67312
215 1.68103
216 1.68695
217 1.69351
218 1.72955
219 1.7374
220 1.74755
221 1.76643
222 1.76989
223 1.7717
224 1.7753
225 1.78381
226 1.79092
227 1.81893
228 1.82522
229 1.82772
230 1.83295
231 1.83629
232 1.8509
233 1.86157
234 1.86634
235 1.87013
236 1.87135
237 1.87369
238 1.89286
239 1.90136
240 1.90844
241 1.91049
242 1.91345
243 1.92346
244 1.92514
245 1.92877
246 1.93028
247 1.93434
248 1.93598
249 1.9387
250 1.94502
251 1.95539
252 1.96563
253 1.97388
254 1.97923
255 1.98126
256 1.98834
257 1.99399
258 1.99742
259 2.01354
260 2.02034
261 2.02573
262 2.03034
263 2.03698
264 2.04409
265 2.055
266 2.05833
267 2.06312
268 2.06732
269 2.08004
270 2.08619
271 2.08856
272 2.10083
273 2.11136
274 2.11363
275 2.11815
276 2.13821
277 2.15035
278 2.15672
279 2.15865
280 2.16594
281 2.16878
282 2.17705
283 2.18216
284 2.18492
285 2.1917
286 2.22601
287 2.23014
288 2.23141
289 2.24365
290 2.25144
291 2.26737
292 2.28108
293 2.28479
294 2.28621
295 2.29348
296 2.29945
297 2.30337
298 2.30656
299 2.30897
300 2.31037
301 2.32213
302 2.32615
303 2.3334
304 2.34684
305 2.3484
306 2.35601
307 2.36239
308 2.36595
309 2.39248
310 2.405
311 2.40934
312 2.41142
313 2.41532
314 2.42345
315 2.43729
316 2.45998
317 2.47562
318 2.48093
319 2.48301
320 2.48837
321 2.49151
322 2.49479
323 2.51965
324 2.5264
325 2.52762
326 2.53156
327 2.5373
328 2.55261
329 2.55625
330 2.57035
331 2.57396
332 2.58115
333 2.58504
334 2.59834
335 2.61791
336 2.6217
337 2.63878
338 2.65061
339 2.66081
340 2.66345
341 2.66849
342 2.67039
343 2.68073
344 2.68644
345 2.70984
346 2.7254
347 2.73888
348 2.75367
349 2.7707
350 2.77968
351 2.78276
352 2.78582
353 2.78962
354 2.79803
355 2.80295
356 2.80562
357 2.81836
358 2.82402
359 2.82658
360 2.83594
361 2.83771
362 2.84309
363 2.84712
364 2.85703
365 2.86823
366 2.87192
367 2.88742
368 2.89251
369 2.90585
370 2.91138
371 2.91544
372 2.91861
373 2.92466
374 2.9308
375 2.93698
376 2.97538
377 2.98103
378 2.98801
379 2.99193
