1 0.00393
2 0.00669
3 0.01553
4 0.01792
5 0.0209
6 0.02441
7 0.02746
8 0.03548
9 0.03759
10 0.0408
11 0.04238
12 0.05026
13 0.06222
14 0.06744
15 0.07838
16 0.09639
17 0.10371
18 0.10856
19 0.11484
20 0.11892
21 0.12405
22 0.13265
23 0.13811
24 0.13934
25 0.14536
26 0.15658
27 0.16211
28 0.17447
29 0.17708
30 0.18436
31 0.18698
32 0.19328
33 0.20147
34 0.21042
35 0.21252
36 0.21539
37 0.22014
38 0.22476
39 0.22658
40 0.23721
41 0.23918
42 0.24557
43 0.24893
44 0.2511
45 0.2592
46 0.28261
47 0.29454
48 0.29816
49 0.30409
50 0.30843
51 0.31888
52 0.32743
53 0.33875
54 0.34557
55 0.35243
56 0.35476
57 0.36684
58 0.36923
59 0.37193
60 0.37766
61 0.37982
62 0.39576
63 0.40772
64 0.41273
65 0.41914
66 0.42868
67 0.43785
68 0.44112
69 0.45064
70 0.45359
71 0.46044
72 0.46278
73 0.47152
74 0.49852
75 0.50204
76 0.50336
77 0.51961
78 0.52409
79 0.52886
80 0.53135
81 0.53476
82 0.55404
83 0.55658
84 0.58521
85 0.58999
86 0.59786
87 0.60092
88 0.61428
89 0.62209
90 0.62381
91 0.62655
92 0.63435
93 0.63968
94 0.65455
95 0.67855
96 0.67973
97 0.68469
98 0.69067
99 0.6977
100 0.70287
101 0.70729
102 0.71325
103 0.71561
104 0.72321
105 0.7243
106 0.72821
107 0.73243
108 0.7402
109 0.74518
110 0.74839
111 0.75256
112 0.75574
113 0.76892
114 0.77198
115 0.77967
116 0.78387
117 0.79828
118 0.80239
119 0.80631
120 0.83314
121 0.84102
122 0.8557
123 0.86184
124 0.87146
125 0.88256
126 0.88606
127 0.89098
128 0.90141
129 0.92839
130 0.93564
131 0.93997
132 0.95421
133 0.95544
134 0.95755
135 0.9599
136 0.96307
137 0.97079
138 0.98781
139 0.99036
140 1.01405
141 1.01801
142 1.0375
143 1.04071
144 1.07524
145 1.07739
146 1.08171
147 1.09798
148 1.10641
149 1.11044
150 1.11822
151 1.11957
152 1.12683
153 1.13494
154 1.13796
155 1.15666
156 1.16434
157 1.16572
158 1.17688
159 1.18039
160 1.18532
161 1.20105
162 1.2044
163 1.20712
164 1.22276
165 1.22588
166 1.23231
167 1.24335
168 1.24834
169 1.25405
170 1.25701
171 1.27371
172 1.28294
173 1.28838
174 1.31159
175 1.32981
176 1.33894
177 1.34604
178 1.34942
179 1.35514
180 1.37444
181 1.38159
182 1.39571
183 1.40323
184 1.41186
185 1.42102
186 1.43008
187 1.43617
188 1.45049
189 1.45994
190 1.46428
191 1.47245
192 1.47639
193 1.47832
194 1.49073
195 1.49336
196 1.49742
197 1.50504
198 1.50703
199 1.51527
200 1.5235
201 1.52744
202 1.53224
203 1.53782
204 1.54469
205 1.55587
206 1.55899
207 1.56214
208 1.58405
209 1.59024
210 1.60387
211 1.6131
212 1.61456
213 1.62471
214 1.63035
215 1.63146
216 1.63314
217 1.63706
218 1.64408
219 1.66305
220 1.66993
221 1.67211
222 1.67667
223 1.69048
224 1.70694
225 1.71699
226 1.71862
227 1.72084
228 1.72381
229 1.72514
230 1.73012
231 1.7395
232 1.74188
233 1.74548
234 1.7472
235 1.75905
236 1.76624
237 1.77302
238 1.77773
239 1.78586
240 1.81199
241 1.81316
242 1.82529
243 1.83475
244 1.84577
245 1.86429
246 1.86959
247 1.87381
248 1.88311
249 1.8908
250 1.90321
251 1.90834
252 1.91613
253 1.9249
254 1.92673
255 1.93034
256 1.93283
257 1.94102
258 1.95417
259 1.95739
260 1.96036
261 1.96195
262 1.97461
263 1.9826
264 1.9867
265 1.99226
266 2.00291
267 2.02292
268 2.03862
269 2.04217
270 2.05558
271 2.06116
272 2.07819
273 2.08099
274 2.09765
275 2.10867
276 2.11348
277 2.11811
278 2.12807
279 2.13236
280 2.15523
281 2.16168
282 2.1662
283 2.17199
284 2.17922
285 2.18187
286 2.1923
287 2.20355
288 2.20903
289 2.21104
290 2.21672
291 2.21994
292 2.22565
293 2.22811
294 2.23164
295 2.2405
296 2.25355
297 2.25697
298 2.25892
299 2.26074
300 2.26172
301 2.27229
302 2.27344
303 2.29183
304 2.29291
305 2.29505
306 2.30274
307 2.30798
308 2.33181
309 2.34071
310 2.35322
311 2.35662
312 2.35806
313 2.36358
314 2.37623
315 2.38067
316 2.39119
317 2.41079
318 2.41876
319 2.43063
320 2.43525
321 2.45312
322 2.47819
323 2.49195
324 2.50818
325 2.52619
326 2.52995
327 2.53771
328 2.5451
329 2.55037
330 2.57651
331 2.57913
332 2.58137
333 2.58814
334 2.59527
335 2.60688
336 2.61026
337 2.61186
338 2.61787
339 2.61977
340 2.62334
341 2.62704
342 2.6291
343 2.63111
344 2.6365
345 2.66026
346 2.66591
347 2.67374
348 2.67605
349 2.67836
350 2.68105
351 2.68461
352 2.69005
353 2.70682
354 2.71338
355 2.72338
356 2.73156
357 2.73437
358 2.74832
359 2.75342
360 2.76306
361 2.76636
362 2.76986
363 2.77316
364 2.78644
365 2.80366
366 2.80572
367 2.8128
368 2.82821
369 2.83254
370 2.83543
371 2.8446
372 2.85294
373 2.85725
374 2.8596
375 2.86856
376 2.8793
377 2.88933
378 2.90597
379 2.91124
380 2.92055
381 2.92636
382 2.93757
383 2.94061
384 2.95114
385 2.95436
386 2.96068
387 2.97164
388 2.9767
389 2.99047
