1 0.00278
2 0.00728
3 0.01077
4 0.01339
5 0.01953
6 0.02111
7 0.02594
8 0.03328
9 0.04463
10 0.05067
11 0.06006
12 0.06431
13 0.06878
14 0.0742
15 0.08732
16 0.09248
17 0.10486
18 0.10829
19 0.13587
20 0.14669
21 0.14767
22 0.15635
23 0.16018
24 0.17883
25 0.18163
26 0.18721
27 0.20081
28 0.21115
29 0.21414
30 0.23526
31 0.23812
32 0.24731
33 0.25157
34 0.25527
35 0.26089
36 0.26223
37 0.26577
38 0.27442
39 0.27633
40 0.27828
41 0.29578
42 0.30919
43 0.31322
44 0.31623
45 0.33845
46 0.34328
47 0.34716
48 0.35295
49 0.3637
50 0.37505
51 0.39312
52 0.40287
53 0.40674
54 0.41627
55 0.43326
56 0.43639
57 0.44881
58 0.45501
59 0.46141
60 0.47791
61 0.48022
62 0.49853
63 0.50767
64 0.51633
65 0.53172
66 0.53782
67 0.54389
68 0.54796
69 0.55434
70 0.55812
71 0.56015
72 0.57097
73 0.57534
74 0.5889
75 0.62208
76 0.63554
77 0.64637
78 0.65553
79 0.67249
80 0.68379
81 0.69013
82 0.70175
83 0.71341
84 0.72941
85 0.74564
86 0.75247
87 0.75823
88 0.76347
89 0.77024
90 0.77634
91 0.78276
92 0.78899
93 0.80005
94 0.80191
95 0.8112
96 0.8141
97 0.81962
98 0.8215
99 0.82791
100 0.83068
101 0.83926
102 0.84545
103 0.84866
104 0.85312
105 0.85649
106 0.86328
107 0.86558
108 0.87806
109 0.89061
110 0.89581
111 0.90968
112 0.9133
113 0.91768
114 0.92723
115 0.94146
116 0.94927
117 0.96188
118 0.96904
119 0.97837
120 0.98501
121 0.98882
122 0.9921
123 1.00088
124 1.00895
125 1.01883
126 1.03631
127 1.04028
128 1.04329
129 1.05414
130 1.05699
131 1.0629
132 1.0682
133 1.0759
134 1.0902
135 1.1077
136 1.10886
137 1.13602
138 1.13815
139 1.14407
140 1.14729
141 1.15088
142 1.16562
143 1.18266
144 1.19313
145 1.20204
146 1.2061
147 1.23269
148 1.23801
149 1.25303
150 1.25764
151 1.26849
152 1.26998
153 1.28311
154 1.29346
155 1.29766
156 1.30584
157 1.31026
158 1.31623
159 1.3307
160 1.343
161 1.35916
162 1.3784
163 1.38318
164 1.39337
165 1.40097
166 1.40576
167 1.42036
168 1.42516
169 1.43236
170 1.43918
171 1.44191
172 1.44393
173 1.45609
174 1.47149
175 1.48108
176 1.48517
177 1.49196
178 1.50105
179 1.51968
180 1.52421
181 1.54883
182 1.56463
183 1.58764
184 1.5917
185 1.59624
186 1.61002
187 1.62574
188 1.63889
189 1.64442
190 1.66222
191 1.67398
192 1.68233
193 1.68602
194 1.69552
195 1.70207
196 1.71261
197 1.71687
198 1.73099
199 1.75268
200 1.76426
201 1.7654
202 1.77147
203 1.78101
204 1.7951
205 1.80059
206 1.80314
207 1.82655
208 1.83667
209 1.83978
210 1.84358
211 1.85353
212 1.85723
213 1.86226
214 1.87598
215 1.88307
216 1.89048
217 1.90859
218 1.92828
219 1.93586
220 1.95022
221 1.95695
222 1.97063
223 1.97302
224 1.98158
225 1.98342
226 1.98623
227 1.988
228 1.99739
229 2.0072
230 2.01369
231 2.02188
232 2.02485
233 2.04892
234 2.05576
235 2.06694
236 2.07095
237 2.07287
238 2.08946
239 2.09304
240 2.10635
241 2.10938
242 2.1267
243 2.13558
244 2.14298
245 2.15021
246 2.15861
247 2.17036
248 2.18593
249 2.18809
250 2.19149
251 2.19655
252 2.20913
253 2.2219
254 2.22384
255 2.22703
256 2.2439
257 2.25331
258 2.26092
259 2.27535
260 2.27986
261 2.28737
262 2.2971
263 2.30044
264 2.31074
265 2.32335
266 2.33208
267 2.34877
268 2.35363
269 2.35909
270 2.36925
271 2.37188
272 2.40244
273 2.41555
274 2.41666
275 2.4275
276 2.43423
277 2.44442
278 2.44953
279 2.45865
280 2.46495
281 2.50165
282 2.50607
283 2.51327
284 2.51979
285 2.52161
286 2.52634
287 2.52942
288 2.54322
289 2.55668
290 2.56483
291 2.56976
292 2.57226
293 2.58182
294 2.58428
295 2.60401
296 2.61387
297 2.6151
298 2.62082
299 2.63392
300 2.63713
301 2.65016
302 2.65749
303 2.66486
304 2.6793
305 2.692
306 2.69946
307 2.70388
308 2.70674
309 2.71764
310 2.72864
311 2.73789
312 2.74147
313 2.74976
314 2.75616
315 2.76487
316 2.76687
317 2.78108
318 2.78294
319 2.79046
320 2.80022
321 2.81404
322 2.81663
323 2.81949
324 2.82752
325 2.84385
326 2.85635
327 2.85865
328 2.86363
329 2.87254
330 2.88233
331 2.89271
332 2.90411
333 2.9109
334 2.91633
335 2.93207
336 2.94169
337 2.94329
338 2.95234
339 2.96079
340 2.9818
341 2.98944
342 2.9976
