1 0.00497
2 0.01045
3 0.01576
4 0.01778
5 0.02473
6 0.029
7 0.03066
8 0.03674
9 0.04767
10 0.04899
11 0.05348
12 0.06315
13 0.08127
14 0.08471
15 0.08671
16 0.09518
17 0.10266
18 0.12415
19 0.12969
20 0.15565
21 0.17324
22 0.18164
23 0.18599
24 0.19123
25 0.20561
26 0.21154
27 0.22771
28 0.23709
29 0.23919
30 0.24165
31 0.24713
32 0.24794
33 0.25353
34 0.26946
35 0.27465
36 0.29294
37 0.2952
38 0.3218
39 0.33273
40 0.3355
41 0.34396
42 0.34619
43 0.34745
44 0.3533
45 0.36065
46 0.36317
47 0.36613
48 0.36935
49 0.37845
50 0.39774
51 0.40592
52 0.4182
53 0.41974
54 0.42828
55 0.43485
56 0.43842
57 0.44145
58 0.44288
59 0.46246
60 0.472
61 0.47941
62 0.48974
63 0.503
64 0.50696
65 0.51551
66 0.53107
67 0.53522
68 0.54417
69 0.5476
70 0.5554
71 0.57071
72 0.57838
73 0.58197
74 0.58374
75 0.5886
76 0.5966
77 0.61631
78 0.61839
79 0.61956
80 0.63173
81 0.63567
82 0.63914
83 0.65033
84 0.66645
85 0.68573
86 0.68992
87 0.71126
88 0.7136
89 0.72044
90 0.72638
91 0.72847
92 0.73974
93 0.74388
94 0.75084
95 0.75914
96 0.76712
97 0.77213
98 0.77415
99 0.77862
100 0.7803
101 0.787
102 0.81676
103 0.83052
104 0.8321
105 0.83988
106 0.8505
107 0.8568
108 0.86148
109 0.88042
110 0.91553
111 0.93301
112 0.95424
113 0.95967
114 0.96124
115 0.96418
116 0.97143
117 0.97534
118 0.97723
119 0.98661
120 0.99028
121 1.00574
122 1.02186
123 1.04029
124 1.0436
125 1.05155
126 1.06007
127 1.07015
128 1.08275
129 1.08431
130 1.09306
131 1.09782
132 1.10156
133 1.1102
134 1.12933
135 1.13419
136 1.14635
137 1.15713
138 1.16062
139 1.16198
140 1.16385
141 1.16814
142 1.17187
143 1.18481
144 1.19231
145 1.19564
146 1.20024
147 1.20549
148 1.2091
149 1.22686
150 1.23943
151 1.24455
152 1.24618
153 1.24879
154 1.25628
155 1.26451
156 1.27045
157 1.27404
158 1.28463
159 1.2877
160 1.2971
161 1.31185
162 1.31498
163 1.34404
164 1.35203
165 1.35419
166 1.3573
167 1.36286
168 1.3871
169 1.39236
170 1.39594
171 1.40307
172 1.40967
173 1.42586
174 1.42849
175 1.43747
176 1.45377
177 1.4623
178 1.46853
179 1.47603
180 1.47958
181 1.48312
182 1.48914
183 1.49838
184 1.50376
185 1.50981
186 1.52076
187 1.53168
188 1.53586
189 1.55414
190 1.57968
191 1.59182
192 1.60524
193 1.60938
194 1.63362
195 1.63607
196 1.6398
197 1.65853
198 1.66637
199 1.68377
200 1.69871
201 1.70562
202 1.71268
203 1.71519
204 1.71895
205 1.72114
206 1.72447
207 1.74577
208 1.75074
209 1.75967
210 1.76517
211 1.76711
212 1.79441
213 1.80737
214 1.8087
215 1.82023
216 1.82867
217 1.83529
218 1.84324
219 1.85321
220 1.85665
221 1.86434
222 1.86913
223 1.89222
224 1.89977
225 1.90457
226 1.91238
227 1.91702
228 1.93221
229 1.93874
230 1.94191
231 1.94966
232 1.96161
233 1.96919
234 1.98095
235 1.99011
236 1.99617
237 2.00009
238 2.00454
239 2.00681
240 2.00816
241 2.01323
242 2.01792
243 2.02214
244 2.02878
245 2.04584
246 2.04838
247 2.0554
248 2.06284
249 2.0972
250 2.10095
251 2.11715
252 2.12262
253 2.12369
254 2.14266
255 2.15511
256 2.17403
257 2.17938
258 2.18267
259 2.18619
260 2.19773
261 2.2002
262 2.21809
263 2.22343
264 2.24386
265 2.24785
266 2.25112
267 2.27598
268 2.28718
269 2.29434
270 2.30095
271 2.31286
272 2.32074
273 2.3251
274 2.34049
275 2.34203
276 2.34894
277 2.35255
278 2.3619
279 2.3744
280 2.3843
281 2.39595
282 2.39809
283 2.40944
284 2.42453
285 2.43243
286 2.44778
287 2.45581
288 2.47
289 2.47156
290 2.47455
291 2.48058
292 2.48417
293 2.48707
294 2.49016
295 2.49334
296 2.51092
297 2.5193
298 2.52342
299 2.53591
300 2.55595
301 2.55746
302 2.56464
303 2.57672
304 2.59813
305 2.60612
306 2.6134
307 2.61564
308 2.62323
309 2.63703
310 2.64107
311 2.64817
312 2.67043
313 2.67345
314 2.67697
315 2.69674
316 2.70265
317 2.71682
318 2.73596
319 2.73854
320 2.74289
321 2.74702
322 2.75637
323 2.76065
324 2.77528
325 2.78996
326 2.79134
327 2.80122
328 2.8282
329 2.83524
330 2.83708
331 2.8401
332 2.85715
333 2.86019
334 2.89494
335 2.90179
336 2.90434
337 2.91443
338 2.91924
339 2.92187
340 2.93472
341 2.93634
342 2.94287
343 2.94826
344 2.95313
345 2.95462
346 2.95565
347 2.96202
348 2.98796
349 2.9927
350 2.99619
