1 0.00771
2 0.01125
3 0.01688
4 0.01954
5 0.02968
6 0.03973
7 0.05147
8 0.05403
9 0.06233
10 0.06937
11 0.07812
12 0.07989
13 0.08266
14 0.09546
15 0.10171
16 0.11506
17 0.12173
18 0.12781
19 0.13784
20 0.13909
21 0.15408
22 0.16704
23 0.18054
24 0.18255
25 0.19369
26 0.19897
27 0.21516
28 0.21888
29 0.23334
30 0.24663
31 0.25589
32 0.26705
33 0.27128
34 0.27319
35 0.27642
36 0.28463
37 0.29459
38 0.30168
39 0.30797
40 0.31552
41 0.32094
42 0.32401
43 0.33086
44 0.35096
45 0.36571
46 0.37762
47 0.38687
48 0.39613
49 0.40083
50 0.40992
51 0.41183
52 0.42034
53 0.43425
54 0.43948
55 0.44176
56 0.44654
57 0.44811
58 0.4513
59 0.46468
60 0.4749
61 0.48294
62 0.49049
63 0.49702
64 0.50218
65 0.5101
66 0.5285
67 0.53036
68 0.54247
69 0.55436
70 0.56716
71 0.57002
72 0.57308
73 0.57583
74 0.59524
75 0.6021
76 0.62851
77 0.63313
78 0.65979
79 0.66374
80 0.67189
81 0.67997
82 0.68228
83 0.68372
84 0.68843
85 0.69143
86 0.69579
87 0.70052
88 0.70249
89 0.70865
90 0.7109
91 0.71197
92 0.72184
93 0.7336
94 0.75352
95 0.76042
96 0.76711
97 0.77087
98 0.7752
99 0.78412
100 0.81713
101 0.82001
102 0.82843
103 0.83092
104 0.8379
105 0.84388
106 0.84897
107 0.85508
108 0.86163
109 0.8738
110 0.87783
111 0.88607
112 0.89645
113 0.90436
114 0.9135
115 0.91572
116 0.92467
117 0.93266
118 0.93901
119 0.9454
120 0.95224
121 0.96418
122 0.9791
123 0.98023
124 0.9883
125 0.99285
126 1.0088
127 1.02243
128 1.02534
129 1.02676
130 1.03032
131 1.03582
132 1.07167
133 1.07504
134 1.08288
135 1.08823
136 1.09388
137 1.12578
138 1.1329
139 1.13872
140 1.14276
141 1.15298
142 1.17443
143 1.18198
144 1.18408
145 1.19593
146 1.20154
147 1.21063
148 1.2278
149 1.25151
150 1.25593
151 1.26083
152 1.27105
153 1.28468
154 1.2869
155 1.28887
156 1.29051
157 1.29925
158 1.32258
159 1.33247
160 1.33565
161 1.34481
162 1.36823
163 1.3725
164 1.38186
165 1.39667
166 1.40137
167 1.41135
168 1.41445
169 1.41749
170 1.42424
171 1.43009
172 1.43892
173 1.44523
174 1.45104
175 1.45456
176 1.46294
177 1.47144
178 1.4786
179 1.4931
180 1.50279
181 1.51147
182 1.51769
183 1.53126
184 1.53379
185 1.54156
186 1.56588
187 1.57504
188 1.58163
189 1.58516
190 1.58795
191 1.58913
192 1.59959
193 1.62881
194 1.63697
195 1.64535
196 1.6481
197 1.65504
198 1.66149
199 1.67138
200 1.67997
201 1.68352
202 1.69708
203 1.70138
204 1.70576
205 1.71564
206 1.72472
207 1.73225
208 1.74579
209 1.74973
210 1.75449
211 1.77187
212 1.77949
213 1.80113
214 1.80382
215 1.82493
216 1.84072
217 1.87309
218 1.88707
219 1.89082
220 1.89393
221 1.90041
222 1.90275
223 1.92048
224 1.93433
225 1.93795
226 1.94477
227 1.94812
228 1.95628
229 1.9594
230 1.96846
231 1.97678
232 1.97877
233 1.98302
234 2.00466
235 2.00732
236 2.01244
237 2.0336
238 2.0381
239 2.0425
240 2.04676
241 2.05479
242 2.07688
243 2.08413
244 2.08605
245 2.09342
246 2.09738
247 2.12226
248 2.12341
249 2.12849
250 2.13427
251 2.15291
252 2.16305
253 2.16443
254 2.16643
255 2.1824
256 2.1979
257 2.20278
258 2.20534
259 2.20711
260 2.21607
261 2.22256
262 2.23064
263 2.25267
264 2.2552
265 2.26877
266 2.28517
267 2.3027
268 2.31352
269 2.33028
270 2.33511
271 2.34089
272 2.3539
273 2.36358
274 2.37349
275 2.37746
276 2.38514
277 2.38751
278 2.38992
279 2.39785
280 2.43092
281 2.44001
282 2.44587
283 2.45172
284 2.45917
285 2.46316
286 2.48324
287 2.48715
288 2.49697
289 2.50795
290 2.50887
291 2.52115
292 2.54074
293 2.54987
294 2.56436
295 2.58402
296 2.58759
297 2.60711
298 2.61248
299 2.62621
300 2.6453
301 2.66838
302 2.69801
303 2.70144
304 2.70994
305 2.71185
306 2.71447
307 2.72205
308 2.72444
309 2.72754
310 2.74592
311 2.76843
312 2.77974
313 2.78814
314 2.81797
315 2.82474
316 2.83597
317 2.83711
318 2.85161
319 2.86787
320 2.87147
321 2.87463
322 2.88345
323 2.90142
324 2.911
325 2.91856
326 2.92168
327 2.92792
328 2.94231
329 2.95604
330 2.96239
331 2.98144
332 2.99428
