1 0.00246
2 0.00398
3 0.00841
4 0.01759
5 0.01941
6 0.02437
7 0.0298
8 0.03199
9 0.03674
10 0.04041
11 0.0417
12 0.04331
13 0.06624
14 0.07667
15 0.08074
16 0.08564
17 0.09093
18 0.09294
19 0.10236
20 0.10739
21 0.11515
22 0.11844
23 0.11998
24 0.12207
25 0.13122
26 0.13209
27 0.13476
28 0.13778
29 0.14225
30 0.15516
31 0.15792
32 0.16052
33 0.17088
34 0.17226
35 0.17371
36 0.17686
37 0.18132
38 0.18784
39 0.19226
40 0.19873
41 0.20109
42 0.22129
43 0.2331
44 0.25436
45 0.25636
46 0.26523
47 0.27061
48 0.27558
49 0.28241
50 0.31747
51 0.32092
52 0.32297
53 0.32599
54 0.33645
55 0.34233
56 0.34683
57 0.35723
58 0.36246
59 0.36689
60 0.36865
61 0.38497
62 0.38873
63 0.39489
64 0.39814
65 0.41242
66 0.426
67 0.43063
68 0.43947
69 0.47203
70 0.48086
71 0.48376
72 0.48606
73 0.48964
74 0.50291
75 0.50884
76 0.51362
77 0.51883
78 0.52235
79 0.54071
80 0.54779
81 0.56221
82 0.56745
83 0.57394
84 0.58339
85 0.59104
86 0.59975
87 0.60444
88 0.60627
89 0.60807
90 0.61635
91 0.61851
92 0.62008
93 0.62868
94 0.63146
95 0.63535
96 0.64475
97 0.64756
98 0.65498
99 0.65953
100 0.66483
101 0.66806
102 0.67894
103 0.68908
104 0.69336
105 0.70376
106 0.73131
107 0.73607
108 0.74683
109 0.75312
110 0.76599
111 0.7746
112 0.77847
113 0.78442
114 0.78716
115 0.78822
116 0.79458
117 0.81082
118 0.81498
119 0.82068
120 0.82313
121 0.833
122 0.85048
123 0.85262
124 0.86372
125 0.87151
126 0.87476
127 0.8812
128 0.88604
129 0.8944
130 0.91473
131 0.91661
132 0.92012
133 0.92358
134 0.93291
135 0.94072
136 0.94473
137 0.94981
138 0.95106
139 0.95259
140 0.95852
141 0.96608
142 0.98887
143 0.99337
144 0.99562
145 0.9987
146 1.00397
147 1.00916
148 1.02128
149 1.0331
150 1.04065
151 1.04855
152 1.06355
153 1.06824
154 1.07272
155 1.07534
156 1.09103
157 1.09638
158 1.10155
159 1.1169
160 1.12317
161 1.12949
162 1.13493
163 1.15368
164 1.15794
165 1.16754
166 1.17684
167 1.18806
168 1.19959
169 1.22135
170 1.23295
171 1.24089
172 1.24494
173 1.25932
174 1.27061
175 1.27965
176 1.28969
177 1.30011
178 1.3011
179 1.31867
180 1.32099
181 1.32668
182 1.33591
183 1.346
184 1.34794
185 1.35339
186 1.36199
187 1.36547
188 1.36882
189 1.37571
190 1.38309
191 1.38927
192 1.401
193 1.40833
194 1.41886
195 1.42276
196 1.43786
197 1.4422
198 1.45609
199 1.4582
200 1.48034
201 1.49058
202 1.49633
203 1.49907
204 1.50686
205 1.5149
206 1.52664
207 1.53214
208 1.54518
209 1.55329
210 1.57053
211 1.59812
212 1.60452
213 1.60889
214 1.61663
215 1.61977
216 1.62126
217 1.62487
218 1.63324
219 1.63756
220 1.64064
221 1.6442
222 1.64837
223 1.65244
224 1.6651
225 1.67997
226 1.68548
227 1.69458
228 1.69569
229 1.72155
230 1.7237
231 1.73562
232 1.73976
233 1.74986
234 1.75831
235 1.76323
236 1.76475
237 1.76671
238 1.77821
239 1.78798
240 1.81926
241 1.82723
242 1.83931
243 1.8434
244 1.84894
245 1.85344
246 1.86074
247 1.86324
248 1.86494
249 1.86997
250 1.87346
251 1.88308
252 1.88984
253 1.90387
254 1.91554
255 1.92473
256 1.93417
257 1.93526
258 1.94988
259 1.96666
260 1.96938
261 1.97238
262 1.97761
263 1.98542
264 1.98828
265 1.99309
266 1.99939
267 2.00657
268 2.01404
269 2.02071
270 2.02343
271 2.02733
272 2.03554
273 2.04023
274 2.04302
275 2.04548
276 2.06418
277 2.06944
278 2.07446
279 2.08039
280 2.08243
281 2.09333
282 2.11052
283 2.11432
284 2.12383
285 2.13378
286 2.13738
287 2.15656
288 2.18237
289 2.18379
290 2.196
291 2.21065
292 2.23375
293 2.23908
294 2.24201
295 2.24803
296 2.25759
297 2.26584
298 2.27712
299 2.27979
300 2.29094
301 2.29722
302 2.32184
303 2.33004
304 2.33458
305 2.34015
306 2.35245
307 2.35639
308 2.374
309 2.38605
310 2.38867
311 2.39137
312 2.39589
313 2.40385
314 2.41707
315 2.42256
316 2.43583
317 2.44526
318 2.4485
319 2.45404
320 2.46739
321 2.47226
322 2.4756
323 2.48495
324 2.48854
325 2.49182
326 2.49728
327 2.50356
328 2.52036
329 2.52561
330 2.5295
331 2.53443
332 2.53713
333 2.54105
334 2.54222
335 2.56822
336 2.59066
337 2.59919
338 2.62082
339 2.62277
340 2.62666
341 2.6284
342 2.64158
343 2.64671
344 2.65316
345 2.65533
346 2.65656
347 2.67204
348 2.67708
349 2.68106
350 2.68574
351 2.68972
352 2.70536
353 2.7173
354 2.72512
355 2.73061
356 2.73383
357 2.74022
358 2.74205
359 2.75264
360 2.75803
361 2.77652
362 2.78052
363 2.79081
364 2.81893
365 2.82218
366 2.82779
367 2.83147
368 2.84046
369 2.84492
370 2.8493
371 2.86354
372 2.86718
373 2.87159
374 2.87344
375 2.87572
376 2.88008
377 2.88153
378 2.8943
379 2.90449
380 2.90788
381 2.91282
382 2.92063
383 2.92825
384 2.94934
385 2.95875
386 2.98447
387 2.99194
388 2.9968
