1 0.00188
2 0.00332
3 0.00958
4 0.01538
5 0.02249
6 0.02692
7 0.03612
8 0.04493
9 0.04825
10 0.05146
11 0.05854
12 0.06147
13 0.06585
14 0.06823
15 0.06917
16 0.08268
17 0.08488
18 0.08721
19 0.09176
20 0.09557
21 0.10825
22 0.11395
23 0.12367
24 0.12559
25 0.12737
26 0.14123
27 0.14489
28 0.15656
29 0.16399
30 0.17378
31 0.18608
32 0.19322
33 0.19489
34 0.19771
35 0.21655
36 0.21739
37 0.22214
38 0.23245
39 0.23885
40 0.25265
41 0.25748
42 0.25983
43 0.27245
44 0.27812
45 0.28329
46 0.28703
47 0.30572
48 0.31375
49 0.32888
50 0.33076
51 0.33436
52 0.33776
53 0.33889
54 0.342
55 0.353
56 0.36348
57 0.36914
58 0.37145
59 0.38511
60 0.39249
61 0.40291
62 0.41092
63 0.41394
64 0.41579
65 0.42837
66 0.44497
67 0.45316
68 0.45958
69 0.46786
70 0.46931
71 0.47846
72 0.49372
73 0.50084
74 0.50483
75 0.51122
76 0.52143
77 0.52484
78 0.53215
79 0.54
80 0.54257
81 0.553
82 0.55881
83 0.56065
84 0.57363
85 0.57514
86 0.57689
87 0.59201
88 0.59722
89 0.59932
90 0.60045
91 0.60854
92 0.61428
93 0.61992
94 0.63504
95 0.63762
96 0.64267
97 0.64604
98 0.65601
99 0.6596
100 0.66899
101 0.67626
102 0.68845
103 0.69331
104 0.70687
105 0.71547
106 0.72161
107 0.72689
108 0.74421
109 0.74662
110 0.75078
111 0.75644
112 0.78541
113 0.78809
114 0.79671
115 0.8036
116 0.80888
117 0.81081
118 0.81529
119 0.81761
120 0.82768
121 0.83039
122 0.83271
123 0.84201
124 0.84935
125 0.85124
126 0.86705
127 0.86975
128 0.88502
129 0.8864
130 0.89276
131 0.89985
132 0.90676
133 0.91479
134 0.91908
135 0.92509
136 0.9298
137 0.94016
138 0.94426
139 0.95478
140 0.96564
141 0.96762
142 0.97675
143 0.98727
144 1.00096
145 1.00491
146 1.00852
147 1.01342
148 1.01728
149 1.01922
150 1.02711
151 1.03102
152 1.03879
153 1.03995
154 1.04873
155 1.05617
156 1.06229
157 1.06644
158 1.07224
159 1.08097
160 1.08534
161 1.09276
162 1.10886
163 1.11148
164 1.11514
165 1.12186
166 1.13652
167 1.1411
168 1.1453
169 1.1614
170 1.16298
171 1.16426
172 1.17149
173 1.19029
174 1.19534
175 1.20219
176 1.204
177 1.20867
178 1.21196
179 1.21448
180 1.22092
181 1.22465
182 1.23356
183 1.2399
184 1.24697
185 1.25022
186 1.25741
187 1.26183
188 1.27195
189 1.27806
190 1.28942
191 1.30836
192 1.32178
193 1.3265
194 1.33146
195 1.33581
196 1.3546
197 1.36165
198 1.36932
199 1.37059
200 1.37603
201 1.38646
202 1.40677
203 1.40981
204 1.41891
205 1.42195
206 1.43473
207 1.45903
208 1.47277
209 1.4746
210 1.48593
211 1.49625
212 1.50569
213 1.51432
214 1.5196
215 1.52452
216 1.53079
217 1.54198
218 1.55262
219 1.55723
220 1.56497
221 1.56678
222 1.56866
223 1.57095
224 1.57399
225 1.57667
226 1.58126
227 1.58854
228 1.59679
229 1.60149
230 1.6047
231 1.6072
232 1.61475
233 1.61853
234 1.62491
235 1.62914
236 1.63514
237 1.64075
238 1.64217
239 1.65321
240 1.65758
241 1.67765
242 1.68579
243 1.69618
244 1.69803
245 1.71577
246 1.71869
247 1.72375
248 1.74642
249 1.75887
250 1.766
251 1.77708
252 1.78171
253 1.78445
254 1.7878
255 1.79027
256 1.79634
257 1.80261
258 1.80969
259 1.81359
260 1.82118
261 1.82411
262 1.82958
263 1.83173
264 1.84337
265 1.84995
266 1.86225
267 1.86918
268 1.87393
269 1.87855
270 1.88514
271 1.89137
272 1.89309
273 1.90818
274 1.91001
275 1.91793
276 1.93554
277 1.95076
278 1.96298
279 1.9694
280 1.97706
281 1.99688
282 2.00477
283 2.0146
284 2.01664
285 2.0176
286 2.02427
287 2.03039
288 2.03201
289 2.0409
290 2.04299
291 2.04763
292 2.06854
293 2.07693
294 2.08695
295 2.09129
296 2.09497
297 2.09606
298 2.11709
299 2.1216
300 2.13211
301 2.15603
302 2.15935
303 2.17222
304 2.18006
305 2.19204
306 2.1969
307 2.20256
308 2.20742
309 2.2112
310 2.21671
311 2.21887
312 2.2217
313 2.22769
314 2.23331
315 2.24488
316 2.25056
317 2.25807
318 2.27191
319 2.28177
320 2.28489
321 2.28661
322 2.29243
323 2.29999
324 2.30528
325 2.30855
326 2.32087
327 2.32639
328 2.33994
329 2.34483
330 2.34871
331 2.35524
332 2.36241
333 2.37759
334 2.38731
335 2.39021
336 2.39416
337 2.40069
338 2.41018
339 2.4124
340 2.41488
341 2.42308
342 2.42811
343 2.43234
344 2.43565
345 2.45879
346 2.46447
347 2.47166
348 2.47621
349 2.47835
350 2.49685
351 2.49911
352 2.50592
353 2.52759
354 2.52965
355 2.53422
356 2.54864
357 2.56313
358 2.57165
359 2.57315
360 2.57668
361 2.58068
362 2.58647
363 2.58767
364 2.59685
365 2.60557
366 2.61349
367 2.61558
368 2.62076
369 2.63384
370 2.64404
371 2.65758
372 2.65936
373 2.66242
374 2.66762
375 2.67286
376 2.67952
377 2.68915
378 2.70051
379 2.70426
380 2.71693
381 2.72323
382 2.72917
383 2.73884
384 2.74484
385 2.75381
386 2.75754
387 2.76012
388 2.76748
389 2.77084
390 2.77951
391 2.78728
392 2.79503
393 2.79752
394 2.8004
395 2.80665
396 2.81499
397 2.82072
398 2.82309
399 2.8345
400 2.83851
401 2.84327
402 2.85103
403 2.86241
404 2.86781
405 2.8743
406 2.89236
407 2.89384
408 2.89793
409 2.89912
410 2.91914
411 2.92526
412 2.92679
413 2.93339
414 2.93989
415 2.94443
416 2.94774
417 2.95249
418 2.95433
419 2.96385
420 2.97111
421 2.9771
422 2.97966
423 2.98227
424 2.99783
