1 0.0034
2 0.00559
3 0.01162
4 0.0178
5 0.02525
6 0.02866
7 0.04239
8 0.04483
9 0.05183
10 0.06019
11 0.07373
12 0.08578
13 0.09124
14 0.09537
15 0.10091
16 0.12121
17 0.1248
18 0.13044
19 0.13684
20 0.13823
21 0.14155
22 0.14303
23 0.15706
24 0.1602
25 0.16333
26 0.18046
27 0.19527
28 0.19815
29 0.20149
30 0.20277
31 0.20658
32 0.21687
33 0.22222
34 0.23511
35 0.24117
36 0.24782
37 0.25098
38 0.26045
39 0.26604
40 0.28222
41 0.28593
42 0.28716
43 0.29246
44 0.29383
45 0.29661
46 0.29799
47 0.31472
48 0.3188
49 0.32211
50 0.33034
51 0.33586
52 0.35811
53 0.36
54 0.36965
55 0.38407
56 0.38909
57 0.3922
58 0.39736
59 0.40081
60 0.41631
61 0.44123
62 0.45536
63 0.47641
64 0.48177
65 0.48499
66 0.49892
67 0.50872
68 0.51098
69 0.51304
70 0.5259
71 0.53818
72 0.54223
73 0.54659
74 0.54881
75 0.55751
76 0.55868
77 0.57957
78 0.59455
79 0.61118
80 0.61779
81 0.62332
82 0.62766
83 0.63441
84 0.6403
85 0.64452
86 0.64917
87 0.6533
88 0.657
89 0.66349
90 0.6681
91 0.67171
92 0.67539
93 0.68085
94 0.69118
95 0.69764
96 0.70078
97 0.7123
98 0.73796
99 0.74175
100 0.74959
101 0.75436
102 0.76202
103 0.78276
104 0.80317
105 0.81032
106 0.81579
107 0.83789
108 0.8404
109 0.84713
110 0.85242
111 0.86834
112 0.87954
113 0.88466
114 0.88926
115 0.90698
116 0.90967
117 0.9149
118 0.91901
119 0.9206
120 0.93957
121 0.94118
122 0.95111
123 0.95351
124 0.95727
125 0.96195
126 0.96479
127 0.96707
128 0.96889
129 0.98937
130 0.99853
131 1.0021
132 1.01751
133 1.03401
134 1.04766
135 1.07767
136 1.08271
137 1.08932
138 1.09558
139 1.09831
140 1.11825
141 1.13322
142 1.13785
143 1.1397
144 1.14488
145 1.15163
146 1.15261
147 1.16026
148 1.16538
149 1.17311
150 1.17629
151 1.18977
152 1.19869
153 1.2149
154 1.22343
155 1.23236
156 1.25196
157 1.25407
158 1.25963
159 1.26453
160 1.27768
161 1.28278
162 1.28871
163 1.29588
164 1.32119
165 1.32341
166 1.33124
167 1.36708
168 1.37598
169 1.37944
170 1.3905
171 1.39225
172 1.39961
173 1.40251
174 1.40962
175 1.41947
176 1.42269
177 1.43005
178 1.44432
179 1.44929
180 1.45522
181 1.46087
182 1.47154
183 1.48123
184 1.49634
185 1.49959
186 1.51201
187 1.52167
188 1.53372
189 1.54786
190 1.55997
191 1.5653
192 1.57939
193 1.6
194 1.61927
195 1.62625
196 1.63613
197 1.64279
198 1.65407
199 1.65691
200 1.68648
201 1.69245
202 1.69951
203 1.70071
204 1.7127
205 1.71721
206 1.72372
207 1.74022
208 1.75529
209 1.75931
210 1.77728
211 1.78713
212 1.79085
213 1.79907
214 1.81195
215 1.82211
216 1.85013
217 1.86526
218 1.86722
219 1.88084
220 1.88951
221 1.89555
222 1.90033
223 1.91213
224 1.91709
225 1.93716
226 1.94757
227 1.9551
228 1.96268
229 1.96814
230 1.97561
231 1.98232
232 1.99899
233 2.00066
234 2.0239
235 2.03259
236 2.03427
237 2.03685
238 2.04102
239 2.0445
240 2.04915
241 2.08417
242 2.1102
243 2.12313
244 2.12931
245 2.14755
246 2.158
247 2.16358
248 2.16656
249 2.17375
250 2.17647
251 2.20361
252 2.22003
253 2.22537
254 2.23611
255 2.24349
256 2.25262
257 2.25978
258 2.26164
259 2.26358
260 2.27132
261 2.27814
262 2.28722
263 2.3
264 2.30287
265 2.33089
266 2.3337
267 2.3624
268 2.36918
269 2.37549
270 2.37848
271 2.3831
272 2.39332
273 2.40244
274 2.4111
275 2.41314
276 2.41586
277 2.42086
278 2.42985
279 2.44911
280 2.45558
281 2.45778
282 2.46379
283 2.4872
284 2.49908
285 2.50987
286 2.52364
287 2.53624
288 2.55556
289 2.55789
290 2.5705
291 2.60535
292 2.61808
293 2.63607
294 2.64834
295 2.65726
296 2.66142
297 2.67427
298 2.67969
299 2.69712
300 2.72421
301 2.73809
302 2.74981
303 2.7524
304 2.76153
305 2.77276
306 2.77613
307 2.77968
308 2.78433
309 2.78858
310 2.79373
311 2.79579
312 2.81134
313 2.8265
314 2.83429
315 2.84954
316 2.87927
317 2.88454
318 2.90546
319 2.91428
320 2.92864
321 2.94717
322 2.95293
323 2.95638
324 2.95949
325 2.96674
326 2.98615
