1 0.00931
2 0.02013
3 0.0233
4 0.02493
5 0.03433
6 0.04216
7 0.05466
8 0.06712
9 0.07268
10 0.09456
11 0.11112
12 0.12185
13 0.12756
14 0.13626
15 0.15203
16 0.15786
17 0.18056
18 0.18417
19 0.19206
20 0.1936
21 0.20052
22 0.21202
23 0.24907
24 0.25109
25 0.27769
26 0.28647
27 0.31852
28 0.33194
29 0.34195
30 0.36901
31 0.38435
32 0.3941
33 0.39945
34 0.40127
35 0.40292
36 0.41457
37 0.43007
38 0.48218
39 0.49571
40 0.50588
41 0.51639
42 0.51949
43 0.53316
44 0.55703
45 0.57223
46 0.57535
47 0.58493
48 0.59741
49 0.6105
50 0.61224
51 0.62321
52 0.64671
53 0.66003
54 0.6813
55 0.69462
56 0.71371
57 0.72125
58 0.73278
59 0.73472
60 0.75616
61 0.76244
62 0.76853
63 0.77223
64 0.77577
65 0.80139
66 0.82156
67 0.8313
68 0.83312
69 0.84032
70 0.84252
71 0.84638
72 0.8583
73 0.89713
74 0.9147
75 0.93221
76 0.93629
77 1.00111
78 1.00335
79 1.00891
80 1.01284
81 1.02114
82 1.02276
83 1.03864
84 1.04444
85 1.0619
86 1.07066
87 1.07957
88 1.09851
89 1.1083
90 1.12477
91 1.14397
92 1.1475
93 1.16215
94 1.20194
95 1.22843
96 1.23014
97 1.24913
98 1.25305
99 1.27016
100 1.29271
101 1.29953
102 1.30272
103 1.32448
104 1.34621
105 1.3484
106 1.35577
107 1.37134
108 1.38698
109 1.39282
110 1.40235
111 1.4192
112 1.44375
113 1.44479
114 1.45098
115 1.45731
116 1.47043
117 1.48076
118 1.49644
119 1.50248
120 1.51192
121 1.51394
122 1.51577
123 1.51943
124 1.52201
125 1.56666
126 1.57894
127 1.59293
128 1.59672
129 1.59837
130 1.61175
131 1.61847
132 1.6323
133 1.64484
134 1.64652
135 1.65409
136 1.68057
137 1.68841
138 1.69431
139 1.70513
140 1.74078
141 1.76686
142 1.77651
143 1.78219
144 1.79014
145 1.80354
146 1.81673
147 1.82425
148 1.83134
149 1.84518
150 1.84903
151 1.85418
152 1.8587
153 1.87689
154 1.89218
155 1.90217
156 1.91015
157 1.9153
158 1.92227
159 1.94812
160 1.98926
161 2.01823
162 2.02244
163 2.02763
164 2.03446
165 2.03588
166 2.04858
167 2.05054
168 2.0604
169 2.0643
170 2.07034
171 2.07844
172 2.0801
173 2.08576
174 2.09074
175 2.09793
176 2.10423
177 2.10593
178 2.11479
179 2.14253
180 2.14753
181 2.15463
182 2.16639
183 2.18445
184 2.19199
185 2.20261
186 2.23069
187 2.24476
188 2.25189
189 2.26304
190 2.27266
191 2.30425
192 2.31208
193 2.32657
194 2.33809
195 2.34466
196 2.35784
197 2.38988
198 2.39309
199 2.40495
200 2.44283
201 2.46068
202 2.47797
203 2.48267
204 2.51701
205 2.52267
206 2.52848
207 2.5373
208 2.59174
209 2.59909
210 2.63165
211 2.63811
212 2.64181
213 2.64555
214 2.66568
215 2.67003
216 2.7407
217 2.76216
218 2.7764
219 2.77816
220 2.78485
221 2.79139
222 2.82256
223 2.82869
224 2.83393
225 2.83612
226 2.85126
227 2.87766
228 2.89426
229 2.90069
230 2.92802
231 2.93221
232 2.94186
233 2.95369
234 2.96675
