1 0.00274
2 0.00965
3 0.02154
4 0.02732
5 0.02981
6 0.05
7 0.05216
8 0.06375
9 0.07553
10 0.09084
11 0.09939
12 0.10819
13 0.12215
14 0.12528
15 0.13244
16 0.13848
17 0.14593
18 0.15418
19 0.16077
20 0.1618
21 0.1734
22 0.17845
23 0.18146
24 0.19036
25 0.21517
26 0.21975
27 0.22816
28 0.22941
29 0.2378
30 0.24556
31 0.25225
32 0.25536
33 0.2614
34 0.26398
35 0.27071
36 0.27714
37 0.28002
38 0.29277
39 0.3216
40 0.32527
41 0.3288
42 0.33995
43 0.35695
44 0.35811
45 0.36398
46 0.36843
47 0.37824
48 0.38113
49 0.38775
50 0.39937
51 0.40363
52 0.41247
53 0.41407
54 0.41627
55 0.41814
56 0.42228
57 0.42781
58 0.44379
59 0.44646
60 0.4511
61 0.4565
62 0.45938
63 0.46887
64 0.47339
65 0.48406
66 0.49015
67 0.49366
68 0.49731
69 0.50055
70 0.52571
71 0.53244
72 0.54807
73 0.55359
74 0.55803
75 0.56409
76 0.57036
77 0.57425
78 0.58443
79 0.5904
80 0.61521
81 0.62321
82 0.62977
83 0.653
84 0.66225
85 0.66769
86 0.69249
87 0.6962
88 0.70336
89 0.7163
90 0.71951
91 0.7274
92 0.7297
93 0.73982
94 0.75584
95 0.77486
96 0.7856
97 0.79878
98 0.80109
99 0.81584
100 0.81868
101 0.82326
102 0.82857
103 0.83605
104 0.84712
105 0.85588
106 0.86998
107 0.88391
108 0.89399
109 0.90458
110 0.91537
111 0.91902
112 0.93066
113 0.94099
114 0.94751
115 0.95109
116 0.96277
117 0.97171
118 0.97776
119 0.99068
120 0.99528
121 0.99682
122 1.0088
123 1.01911
124 1.02083
125 1.02477
126 1.03465
127 1.04543
128 1.05137
129 1.05363
130 1.06582
131 1.0739
132 1.08184
133 1.09005
134 1.10944
135 1.12344
136 1.12443
137 1.13317
138 1.13637
139 1.13807
140 1.14314
141 1.14717
142 1.16003
143 1.16672
144 1.1692
145 1.18568
146 1.18984
147 1.20069
148 1.21554
149 1.22067
150 1.23915
151 1.25163
152 1.25719
153 1.26578
154 1.27316
155 1.29166
156 1.296
157 1.30218
158 1.31191
159 1.32817
160 1.33581
161 1.34649
162 1.34764
163 1.34875
164 1.35799
165 1.37159
166 1.37386
167 1.38084
168 1.3865
169 1.4094
170 1.42424
171 1.43969
172 1.44232
173 1.45405
174 1.45715
175 1.46526
176 1.47077
177 1.47468
178 1.48111
179 1.488
180 1.49378
181 1.50185
182 1.50916
183 1.51776
184 1.52268
185 1.53968
186 1.5421
187 1.5449
188 1.55906
189 1.5651
190 1.57685
191 1.57814
192 1.59395
193 1.59958
194 1.63345
195 1.65408
196 1.6604
197 1.66885
198 1.68726
199 1.70863
200 1.71415
201 1.72395
202 1.73266
203 1.73653
204 1.73922
205 1.74757
206 1.77025
207 1.77656
208 1.78321
209 1.79019
210 1.79304
211 1.81912
212 1.82797
213 1.83985
214 1.86104
215 1.86697
216 1.87007
217 1.87462
218 1.88437
219 1.88805
220 1.89411
221 1.89824
222 1.90055
223 1.90767
224 1.91958
225 1.92281
226 1.94233
227 1.94854
228 1.97384
229 1.98129
230 1.98491
231 1.9966
232 2.009
233 2.01034
234 2.0202
235 2.02737
236 2.03078
237 2.03429
238 2.0382
239 2.04751
240 2.05061
241 2.06188
242 2.06527
243 2.06881
244 2.07365
245 2.08737
246 2.09872
247 2.10442
248 2.1141
249 2.11571
250 2.1193
251 2.12777
252 2.13498
253 2.14321
254 2.14902
255 2.15538
256 2.16784
257 2.17376
258 2.17802
259 2.19629
260 2.21055
261 2.21269
262 2.21671
263 2.21973
264 2.22585
265 2.22738
266 2.23242
267 2.25392
268 2.26134
269 2.26419
270 2.2733
271 2.28676
272 2.3003
273 2.32699
274 2.33187
275 2.34852
276 2.35429
277 2.3684
278 2.3748
279 2.38165
280 2.38588
281 2.38866
282 2.39713
283 2.40066
284 2.41206
285 2.41561
286 2.43364
287 2.44404
288 2.46703
289 2.482
290 2.49286
291 2.50008
292 2.52076
293 2.52377
294 2.52575
295 2.53124
296 2.53444
297 2.57436
298 2.57703
299 2.59687
300 2.59851
301 2.60793
302 2.61647
303 2.62458
304 2.62964
305 2.63616
306 2.63832
307 2.64359
308 2.66272
309 2.66731
310 2.68396
311 2.69571
312 2.69908
313 2.70082
314 2.71212
315 2.72477
316 2.74381
317 2.74946
318 2.76538
319 2.77054
320 2.77758
321 2.7808
322 2.78937
323 2.80736
324 2.80981
325 2.81989
326 2.82694
327 2.83785
328 2.84806
329 2.8681
330 2.8755
331 2.87879
332 2.90321
333 2.90619
334 2.90959
335 2.92362
336 2.92718
337 2.93305
338 2.94367
339 2.96088
340 2.96782
341 2.97867
342 2.98508
343 2.99216
