1 0.01055
2 0.01337
3 0.01491
4 0.02337
5 0.03606
6 0.03835
7 0.03971
8 0.04228
9 0.05018
10 0.06134
11 0.07715
12 0.08216
13 0.08842
14 0.09273
15 0.09762
16 0.09974
17 0.11517
18 0.12375
19 0.12825
20 0.12927
21 0.13776
22 0.14487
23 0.15004
24 0.15265
25 0.16553
26 0.16864
27 0.17358
28 0.1795
29 0.1852
30 0.19588
31 0.20313
32 0.20702
33 0.20805
34 0.2144
35 0.2187
36 0.22142
37 0.22559
38 0.22799
39 0.24454
40 0.25089
41 0.25981
42 0.28326
43 0.28999
44 0.29171
45 0.30009
46 0.30338
47 0.30484
48 0.3098
49 0.3174
50 0.33307
51 0.3403
52 0.35066
53 0.35436
54 0.3572
55 0.36638
56 0.36889
57 0.37596
58 0.38137
59 0.39325
60 0.39467
61 0.39888
62 0.4148
63 0.41782
64 0.42244
65 0.43425
66 0.43806
67 0.44093
68 0.44484
69 0.44639
70 0.45125
71 0.4537
72 0.46494
73 0.46753
74 0.47136
75 0.47225
76 0.47693
77 0.47905
78 0.48772
79 0.49162
80 0.4931
81 0.50993
82 0.51497
83 0.52047
84 0.53046
85 0.54134
86 0.54843
87 0.55447
88 0.55653
89 0.56258
90 0.56478
91 0.56856
92 0.58028
93 0.58784
94 0.59611
95 0.61662
96 0.6228
97 0.62592
98 0.62794
99 0.63943
100 0.64445
101 0.66187
102 0.66925
103 0.67224
104 0.6799
105 0.69532
106 0.69926
107 0.70316
108 0.7059
109 0.70759
110 0.72324
111 0.73074
112 0.73886
113 0.74293
114 0.74713
115 0.7486
116 0.76401
117 0.7728
118 0.78986
119 0.79263
120 0.79943
121 0.8061
122 0.8134
123 0.82538
124 0.83338
125 0.83632
126 0.84103
127 0.845
128 0.84972
129 0.85366
130 0.85874
131 0.86085
132 0.8681
133 0.87211
134 0.87469
135 0.87857
136 0.88768
137 0.89335
138 0.89477
139 0.89719
140 0.90378
141 0.91549
142 0.92053
143 0.92305
144 0.93201
145 0.93913
146 0.94589
147 0.95389
148 0.96708
149 0.97383
150 0.98584
151 0.99152
152 0.99509
153 1.00165
154 1.00968
155 1.02041
156 1.04131
157 1.04343
158 1.04682
159 1.04941
160 1.05264
161 1.05388
162 1.05744
163 1.0657
164 1.08407
165 1.09563
166 1.10042
167 1.10273
168 1.1073
169 1.1156
170 1.11948
171 1.1342
172 1.14227
173 1.1437
174 1.14522
175 1.14935
176 1.16701
177 1.17473
178 1.17956
179 1.1897
180 1.20351
181 1.21425
182 1.21636
183 1.2217
184 1.22719
185 1.23537
186 1.23657
187 1.242
188 1.24724
189 1.26206
190 1.2842
191 1.28749
192 1.29194
193 1.29575
194 1.29807
195 1.32481
196 1.32797
197 1.33539
198 1.34149
199 1.34849
200 1.35253
201 1.36416
202 1.37483
203 1.37839
204 1.38952
205 1.39697
206 1.42177
207 1.42473
208 1.42869
209 1.43159
210 1.44282
211 1.44941
212 1.45495
213 1.4602
214 1.46144
215 1.46783
216 1.47069
217 1.47581
218 1.47801
219 1.48263
220 1.48952
221 1.49161
222 1.49987
223 1.51131
224 1.51996
225 1.52569
226 1.53964
227 1.54526
228 1.54874
229 1.55482
230 1.58012
231 1.58347
232 1.58696
233 1.58979
234 1.59865
235 1.60216
236 1.6045
237 1.61626
238 1.61975
239 1.62375
240 1.64296
241 1.66617
242 1.67491
243 1.68125
244 1.69269
245 1.69601
246 1.69874
247 1.70088
248 1.70334
249 1.72266
250 1.7305
251 1.73434
252 1.74192
253 1.75012
254 1.75954
255 1.76901
256 1.77068
257 1.7832
258 1.78913
259 1.80058
260 1.80514
261 1.83411
262 1.8401
263 1.84693
264 1.84934
265 1.85556
266 1.86851
267 1.87201
268 1.87835
269 1.88354
270 1.89211
271 1.89747
272 1.90077
273 1.90303
274 1.91469
275 1.9223
276 1.93154
277 1.94577
278 1.95061
279 1.95726
280 1.96989
281 1.97704
282 1.98485
283 1.98597
284 1.98708
285 1.99261
286 2.00086
287 2.00778
288 2.01949
289 2.04222
290 2.0458
291 2.05272
292 2.0617
293 2.06734
294 2.0793
295 2.08684
296 2.09409
297 2.0985
298 2.10476
299 2.11495
300 2.12953
301 2.13713
302 2.14833
303 2.17135
304 2.17532
305 2.18039
306 2.18836
307 2.2007
308 2.2019
309 2.20281
310 2.20592
311 2.22322
312 2.22532
313 2.2335
314 2.2368
315 2.23829
316 2.24927
317 2.25167
318 2.26432
319 2.28561
320 2.29131
321 2.29358
322 2.32282
323 2.33464
324 2.34828
325 2.35363
326 2.35546
327 2.35906
328 2.36491
329 2.37111
330 2.37531
331 2.37635
332 2.38105
333 2.38612
334 2.39084
335 2.39215
336 2.3994
337 2.40239
338 2.41418
339 2.41819
340 2.45037
341 2.45529
342 2.45974
343 2.4616
344 2.46554
345 2.48009
346 2.48684
347 2.49181
348 2.49737
349 2.5014
350 2.50823
351 2.5132
352 2.52014
353 2.54302
354 2.54708
355 2.55019
356 2.55169
357 2.55553
358 2.55873
359 2.56545
360 2.58758
361 2.59043
362 2.59197
363 2.59493
364 2.6024
365 2.60588
366 2.62251
367 2.63096
368 2.64274
369 2.66444
370 2.68091
371 2.68448
372 2.69281
373 2.69844
374 2.71887
375 2.72701
376 2.73362
377 2.73761
378 2.74065
379 2.74956
380 2.75387
381 2.76567
382 2.76945
383 2.77254
384 2.78861
385 2.79657
386 2.80028
387 2.80312
388 2.80726
389 2.82878
390 2.83767
391 2.84314
392 2.84486
393 2.84828
394 2.85128
395 2.87244
396 2.89176
397 2.90778
398 2.91371
399 2.91735
400 2.92025
401 2.94164
402 2.94454
403 2.94647
404 2.9512
405 2.95371
406 2.96014
407 2.96101
408 2.96321
409 2.96828
410 2.97555
411 2.99273
412 2.99568
413 2.99825
