1 0.00892
2 0.0109
3 0.02233
4 0.02902
5 0.03284
6 0.04185
7 0.0483
8 0.05398
9 0.06179
10 0.06551
11 0.06742
12 0.07106
13 0.0792
14 0.08768
15 0.09731
16 0.10138
17 0.1039
18 0.11199
19 0.11577
20 0.11829
21 0.1263
22 0.12897
23 0.13788
24 0.14869
25 0.1546
26 0.16435
27 0.17641
28 0.1877
29 0.19203
30 0.20272
31 0.21247
32 0.23738
33 0.24742
34 0.25535
35 0.2729
36 0.28547
37 0.2887
38 0.29071
39 0.29674
40 0.30392
41 0.30513
42 0.31076
43 0.32227
44 0.32719
45 0.33696
46 0.3517
47 0.37001
48 0.37491
49 0.37951
50 0.38306
51 0.39823
52 0.40095
53 0.4042
54 0.40837
55 0.4123
56 0.42032
57 0.42876
58 0.43968
59 0.45622
60 0.47439
61 0.4818
62 0.50753
63 0.52064
64 0.53197
65 0.54653
66 0.56603
67 0.56845
68 0.59612
69 0.60317
70 0.60477
71 0.62518
72 0.63059
73 0.63592
74 0.63932
75 0.65244
76 0.66585
77 0.6797
78 0.6892
79 0.69922
80 0.71294
81 0.7155
82 0.73183
83 0.74203
84 0.76624
85 0.77148
86 0.7766
87 0.78812
88 0.79365
89 0.81224
90 0.82332
91 0.83321
92 0.836
93 0.85402
94 0.88371
95 0.8992
96 0.90048
97 0.90295
98 0.91761
99 0.92348
100 0.93293
101 0.93482
102 0.9492
103 0.95222
104 0.95869
105 0.96018
106 0.96957
107 0.97652
108 0.98555
109 0.9896
110 0.9947
111 0.99676
112 1.00748
113 1.0186
114 1.03382
115 1.03556
116 1.0505
117 1.05377
118 1.06089
119 1.06909
120 1.08321
121 1.08815
122 1.09295
123 1.09862
124 1.11931
125 1.12926
126 1.13792
127 1.14504
128 1.14802
129 1.15014
130 1.15728
131 1.16279
132 1.16895
133 1.17297
134 1.17666
135 1.19541
136 1.20132
137 1.20613
138 1.20904
139 1.22926
140 1.23622
141 1.24554
142 1.24678
143 1.2519
144 1.26377
145 1.2813
146 1.30261
147 1.30702
148 1.32051
149 1.33234
150 1.34143
151 1.34296
152 1.36164
153 1.37342
154 1.3832
155 1.38769
156 1.39197
157 1.40104
158 1.42373
159 1.43269
160 1.44325
161 1.46115
162 1.4738
163 1.47642
164 1.48007
165 1.51695
166 1.55007
167 1.56022
168 1.56213
169 1.5694
170 1.59862
171 1.60265
172 1.60704
173 1.61543
174 1.63573
175 1.64625
176 1.65702
177 1.66759
178 1.67026
179 1.67377
180 1.69456
181 1.71399
182 1.71852
183 1.74943
184 1.76089
185 1.76736
186 1.78135
187 1.78756
188 1.80127
189 1.80727
190 1.8122
191 1.81588
192 1.81724
193 1.82084
194 1.82743
195 1.83639
196 1.83793
197 1.86158
198 1.88038
199 1.88912
200 1.89818
201 1.90313
202 1.90837
203 1.92198
204 1.92516
205 1.93676
206 1.95124
207 1.95276
208 1.96167
209 1.98568
210 1.99108
211 1.99931
212 2.00045
213 2.0019
214 2.00527
215 2.00955
216 2.01269
217 2.01862
218 2.02549
219 2.0286
220 2.04855
221 2.06021
222 2.0813
223 2.08874
224 2.09356
225 2.09804
226 2.10642
227 2.11265
228 2.1201
229 2.12879
230 2.14548
231 2.15467
232 2.16573
233 2.17418
234 2.18401
235 2.18923
236 2.20012
237 2.20672
238 2.21009
239 2.22489
240 2.2317
241 2.24022
242 2.25077
243 2.26058
244 2.28524
245 2.32474
246 2.34851
247 2.35735
248 2.36638
249 2.38231
250 2.38486
251 2.39002
252 2.39866
253 2.40337
254 2.40647
255 2.40853
256 2.41234
257 2.41972
258 2.43427
259 2.44453
260 2.44745
261 2.45068
262 2.47642
263 2.48422
264 2.50922
265 2.51928
266 2.53207
267 2.54568
268 2.55896
269 2.56077
270 2.56284
271 2.57251
272 2.58747
273 2.60224
274 2.60579
275 2.61178
276 2.62234
277 2.63027
278 2.63425
279 2.64474
280 2.65327
281 2.65524
282 2.66882
283 2.67539
284 2.68232
285 2.69111
286 2.70485
287 2.70766
288 2.73349
289 2.73824
290 2.74659
291 2.74999
292 2.75786
293 2.75993
294 2.78642
295 2.79158
296 2.80615
297 2.80805
298 2.81079
299 2.81311
300 2.82097
301 2.83665
302 2.84073
303 2.84821
304 2.85184
305 2.86272
306 2.87637
307 2.88348
308 2.90233
309 2.91125
310 2.91467
311 2.92053
312 2.92662
313 2.93221
314 2.93791
315 2.94108
316 2.95995
317 2.96568
318 2.98061
