1 0.00693
2 0.00996
3 0.01503
4 0.01713
5 0.02523
6 0.04299
7 0.04542
8 0.05266
9 0.05461
10 0.0648
11 0.07262
12 0.08981
13 0.10305
14 0.1269
15 0.13851
16 0.14158
17 0.14459
18 0.16126
19 0.16888
20 0.17171
21 0.18039
22 0.18246
23 0.19268
24 0.21163
25 0.22168
26 0.22713
27 0.22956
28 0.24691
29 0.25699
30 0.26313
31 0.26608
32 0.28923
33 0.29945
34 0.30592
35 0.32036
36 0.32541
37 0.32762
38 0.32872
39 0.35137
40 0.35367
41 0.36416
42 0.38742
43 0.39904
44 0.40346
45 0.41445
46 0.4445
47 0.4599
48 0.46667
49 0.47431
50 0.49137
51 0.49542
52 0.50439
53 0.5159
54 0.52359
55 0.52668
56 0.53213
57 0.53704
58 0.5491
59 0.56008
60 0.56291
61 0.57651
62 0.58158
63 0.62191
64 0.63157
65 0.63693
66 0.64998
67 0.6615
68 0.67779
69 0.70873
70 0.72811
71 0.73752
72 0.7446
73 0.75619
74 0.77068
75 0.77175
76 0.77349
77 0.78264
78 0.79045
79 0.80488
80 0.842
81 0.86045
82 0.8858
83 0.9004
84 0.90825
85 0.91675
86 0.91833
87 0.94045
88 0.95052
89 0.97102
90 0.97353
91 0.98402
92 0.99089
93 1.00261
94 1.00929
95 1.011
96 1.01551
97 1.03768
98 1.075
99 1.07893
100 1.08823
101 1.09251
102 1.11223
103 1.11797
104 1.12201
105 1.13189
106 1.1389
107 1.15062
108 1.18352
109 1.19671
110 1.19776
111 1.20288
112 1.22594
113 1.2306
114 1.23437
115 1.23741
116 1.24173
117 1.24334
118 1.25106
119 1.25505
120 1.26521
121 1.27972
122 1.29079
123 1.30764
124 1.31293
125 1.33884
126 1.34858
127 1.35093
128 1.35769
129 1.3629
130 1.37652
131 1.38519
132 1.38956
133 1.39073
134 1.40751
135 1.41088
136 1.41277
137 1.4169
138 1.43964
139 1.44245
140 1.45018
141 1.45944
142 1.47562
143 1.48332
144 1.50749
145 1.51931
146 1.52128
147 1.53033
148 1.54279
149 1.55982
150 1.56149
151 1.56392
152 1.57975
153 1.60552
154 1.6104
155 1.62157
156 1.63073
157 1.63868
158 1.64473
159 1.6506
160 1.66071
161 1.67511
162 1.68709
163 1.68986
164 1.6929
165 1.70239
166 1.72119
167 1.73186
168 1.74188
169 1.758
170 1.76154
171 1.77006
172 1.79777
173 1.80958
174 1.83394
175 1.83664
176 1.87099
177 1.87574
178 1.8886
179 1.89034
180 1.90444
181 1.90944
182 1.91781
183 1.92668
184 1.93056
185 1.93175
186 1.94204
187 1.96092
188 1.98391
189 1.98783
190 1.99218
191 2.01221
192 2.02477
193 2.03734
194 2.04666
195 2.05637
196 2.07354
197 2.08276
198 2.0877
199 2.09683
200 2.11127
201 2.11526
202 2.13992
203 2.14101
204 2.1453
205 2.15862
206 2.16118
207 2.16734
208 2.1876
209 2.20034
210 2.23666
211 2.24277
212 2.25701
213 2.26303
214 2.26961
215 2.27496
216 2.29747
217 2.29981
218 2.3016
219 2.31345
220 2.32928
221 2.33336
222 2.33806
223 2.35882
224 2.37795
225 2.38409
226 2.3874
227 2.39213
228 2.39496
229 2.41085
230 2.42278
231 2.43108
232 2.45278
233 2.51173
234 2.51898
235 2.52072
236 2.54613
237 2.56537
238 2.5718
239 2.60266
240 2.61271
241 2.62874
242 2.64172
243 2.64865
244 2.66547
245 2.68905
246 2.69781
247 2.70003
248 2.7259
249 2.74389
250 2.75296
251 2.76378
252 2.7746
253 2.82425
254 2.833
255 2.8438
256 2.85769
257 2.86053
258 2.86772
259 2.8737
260 2.88905
261 2.89474
262 2.89935
263 2.90273
264 2.90629
265 2.92124
266 2.9284
267 2.94099
268 2.94361
269 2.94983
270 2.95667
271 2.96105
272 2.96757
273 2.99277
