1 0.00178
2 0.00371
3 0.00546
4 0.0072
5 0.0138
6 0.01814
7 0.01964
8 0.02508
9 0.02917
10 0.0377
11 0.04606
12 0.04975
13 0.06647
14 0.08275
15 0.08989
16 0.09552
17 0.10034
18 0.11952
19 0.12379
20 0.12564
21 0.13067
22 0.1331
23 0.13865
24 0.14588
25 0.14883
26 0.15113
27 0.16526
28 0.18527
29 0.18823
30 0.20629
31 0.21252
32 0.22097
33 0.22252
34 0.22631
35 0.23111
36 0.23322
37 0.25987
38 0.26358
39 0.26543
40 0.27303
41 0.27559
42 0.28095
43 0.28736
44 0.29569
45 0.30039
46 0.30277
47 0.31509
48 0.32194
49 0.33852
50 0.34115
51 0.34416
52 0.3803
53 0.38894
54 0.39019
55 0.41218
56 0.41409
57 0.43057
58 0.43801
59 0.44784
60 0.44897
61 0.45303
62 0.46164
63 0.47599
64 0.4787
65 0.48177
66 0.4881
67 0.49189
68 0.50976
69 0.51116
70 0.52707
71 0.52884
72 0.53201
73 0.53993
74 0.5439
75 0.55042
76 0.56834
77 0.571
78 0.5976
79 0.60457
80 0.61789
81 0.62969
82 0.63379
83 0.63937
84 0.64215
85 0.64851
86 0.65149
87 0.65835
88 0.67759
89 0.68461
90 0.69296
91 0.70176
92 0.71253
93 0.721
94 0.73097
95 0.73295
96 0.73626
97 0.74152
98 0.75872
99 0.76228
100 0.77445
101 0.78069
102 0.78727
103 0.79124
104 0.80363
105 0.8118
106 0.81473
107 0.81829
108 0.83017
109 0.83608
110 0.84107
111 0.84417
112 0.85609
113 0.87456
114 0.88184
115 0.89017
116 0.89369
117 0.90552
118 0.90826
119 0.93778
120 0.94896
121 0.953
122 0.96167
123 0.97298
124 0.97711
125 0.98585
126 0.98844
127 0.99574
128 1.00943
129 1.01974
130 1.02988
131 1.0357
132 1.04167
133 1.04517
134 1.06103
135 1.06496
136 1.06827
137 1.0868
138 1.09114
139 1.09263
140 1.09755
141 1.12575
142 1.13362
143 1.13771
144 1.14642
145 1.15214
146 1.1624
147 1.16719
148 1.17597
149 1.17787
150 1.18983
151 1.19608
152 1.2071
153 1.21826
154 1.22137
155 1.2247
156 1.22688
157 1.23443
158 1.24106
159 1.24424
160 1.25647
161 1.26259
162 1.26655
163 1.27094
164 1.27888
165 1.28563
166 1.29139
167 1.2963
168 1.30275
169 1.34063
170 1.34918
171 1.36192
172 1.37614
173 1.37774
174 1.3828
175 1.38688
176 1.39074
177 1.39713
178 1.43112
179 1.44036
180 1.45181
181 1.46127
182 1.47345
183 1.4772
184 1.48089
185 1.49122
186 1.49385
187 1.49599
188 1.5023
189 1.50797
190 1.51158
191 1.51335
192 1.51651
193 1.51839
194 1.52554
195 1.52694
196 1.52893
197 1.53073
198 1.53586
199 1.55165
200 1.56133
201 1.57006
202 1.5963
203 1.60258
204 1.62449
205 1.62773
206 1.62953
207 1.6318
208 1.63652
209 1.6391
210 1.64228
211 1.64483
212 1.65797
213 1.68158
214 1.68412
215 1.68948
216 1.70422
217 1.70583
218 1.71698
219 1.72468
220 1.73758
221 1.7428
222 1.75556
223 1.76375
224 1.76679
225 1.77227
226 1.78231
227 1.78656
228 1.79752
229 1.80719
230 1.81622
231 1.83674
232 1.84355
233 1.84737
234 1.87572
235 1.87748
236 1.89238
237 1.89844
238 1.90294
239 1.90971
240 1.93206
241 1.95146
242 1.96032
243 1.96662
244 1.97726
245 1.98076
246 1.98845
247 1.99053
248 1.99235
249 1.99598
250 2.00002
251 2.00716
252 2.01015
253 2.01105
254 2.02074
255 2.02356
256 2.03079
257 2.03818
258 2.0408
259 2.04323
260 2.04704
261 2.05305
262 2.05587
263 2.07683
264 2.08435
265 2.09056
266 2.12328
267 2.13035
268 2.13315
269 2.14517
270 2.15648
271 2.18814
272 2.21683
273 2.22168
274 2.23367
275 2.23594
276 2.24719
277 2.25701
278 2.25973
279 2.26433
280 2.26764
281 2.2764
282 2.28458
283 2.28779
284 2.30051
285 2.30524
286 2.31261
287 2.31486
288 2.33395
289 2.33987
290 2.34956
291 2.36385
292 2.37333
293 2.37734
294 2.3827
295 2.38648
296 2.38855
297 2.40638
298 2.43256
299 2.43486
300 2.44728
301 2.44988
302 2.46642
303 2.47129
304 2.47473
305 2.47593
306 2.47971
307 2.48953
308 2.50697
309 2.51234
310 2.52043
311 2.52442
312 2.5332
313 2.53995
314 2.54933
315 2.55112
316 2.57271
317 2.59105
318 2.59395
319 2.59881
320 2.61592
321 2.62837
322 2.63084
323 2.63263
324 2.64152
325 2.6432
326 2.64714
327 2.6584
328 2.6844
329 2.69246
330 2.69903
331 2.70103
332 2.70422
333 2.70795
334 2.71218
335 2.7135
336 2.71514
337 2.71876
338 2.7301
339 2.73203
340 2.7369
341 2.74163
342 2.74554
343 2.75676
344 2.76106
345 2.76388
346 2.77003
347 2.77438
348 2.77799
349 2.78357
350 2.78687
351 2.79693
352 2.81134
353 2.84197
354 2.84613
355 2.85788
356 2.8757
357 2.88056
358 2.89223
359 2.90245
360 2.90605
361 2.91526
362 2.92151
363 2.93373
364 2.94759
365 2.95374
366 2.96534
367 2.97986
368 2.98225
369 2.984
370 2.98649
371 2.99097
