1 0.00133
2 0.00358
3 0.00899
4 0.01709
5 0.02259
6 0.02659
7 0.03238
8 0.03403
9 0.04424
10 0.05223
11 0.05871
12 0.07217
13 0.0743
14 0.07548
15 0.07882
16 0.0834
17 0.08608
18 0.10472
19 0.1087
20 0.13008
21 0.13405
22 0.14677
23 0.14868
24 0.15145
25 0.15354
26 0.15708
27 0.16248
28 0.18232
29 0.18824
30 0.21234
31 0.21737
32 0.21943
33 0.22473
34 0.24254
35 0.25159
36 0.257
37 0.26076
38 0.27868
39 0.2875
40 0.28955
41 0.30386
42 0.30501
43 0.3096
44 0.31225
45 0.31383
46 0.32106
47 0.32849
48 0.33535
49 0.35816
50 0.36581
51 0.38138
52 0.3971
53 0.40206
54 0.4093
55 0.4133
56 0.41899
57 0.42178
58 0.42847
59 0.43846
60 0.44308
61 0.45859
62 0.4654
63 0.47157
64 0.47589
65 0.48781
66 0.49575
67 0.5028
68 0.50487
69 0.51027
70 0.51505
71 0.5237
72 0.52944
73 0.55555
74 0.5589
75 0.56042
76 0.5617
77 0.56596
78 0.5698
79 0.57456
80 0.57814
81 0.5884
82 0.60512
83 0.60884
84 0.62081
85 0.63416
86 0.64792
87 0.65467
88 0.66461
89 0.67503
90 0.68017
91 0.69734
92 0.7063
93 0.71298
94 0.71549
95 0.72039
96 0.72667
97 0.73426
98 0.74289
99 0.74952
100 0.75614
101 0.76725
102 0.7708
103 0.7845
104 0.78727
105 0.79423
106 0.80239
107 0.80804
108 0.82333
109 0.83483
110 0.84419
111 0.8492
112 0.8533
113 0.85749
114 0.86224
115 0.87465
116 0.87912
117 0.8828
118 0.90122
119 0.91544
120 0.92178
121 0.9264
122 0.92866
123 0.93826
124 0.94917
125 0.96576
126 0.96901
127 0.97658
128 0.98198
129 1.00103
130 1.00693
131 1.00917
132 1.01956
133 1.03972
134 1.04367
135 1.0543
136 1.05655
137 1.06499
138 1.06911
139 1.07677
140 1.08168
141 1.08976
142 1.10158
143 1.10652
144 1.11016
145 1.12997
146 1.14731
147 1.15147
148 1.15396
149 1.1612
150 1.1765
151 1.18595
152 1.18721
153 1.19745
154 1.21263
155 1.21495
156 1.21695
157 1.21928
158 1.22477
159 1.22913
160 1.23436
161 1.23714
162 1.24243
163 1.24865
164 1.25106
165 1.2598
166 1.26462
167 1.27145
168 1.2745
169 1.27761
170 1.29453
171 1.2991
172 1.30484
173 1.30936
174 1.32715
175 1.35254
176 1.35414
177 1.35712
178 1.35832
179 1.36422
180 1.36814
181 1.37455
182 1.37893
183 1.40768
184 1.41143
185 1.41325
186 1.42618
187 1.42906
188 1.43516
189 1.44534
190 1.45841
191 1.46722
192 1.48891
193 1.49818
194 1.50731
195 1.51719
196 1.52498
197 1.53501
198 1.5381
199 1.55458
200 1.55896
201 1.60139
202 1.60346
203 1.60862
204 1.61179
205 1.61667
206 1.64616
207 1.65065
208 1.65425
209 1.65842
210 1.65999
211 1.66767
212 1.67875
213 1.6874
214 1.71539
215 1.74213
216 1.74869
217 1.7545
218 1.75617
219 1.76066
220 1.76464
221 1.76707
222 1.76896
223 1.77105
224 1.77703
225 1.78237
226 1.78494
227 1.78767
228 1.80558
229 1.80704
230 1.81103
231 1.81517
232 1.81836
233 1.82126
234 1.82258
235 1.82716
236 1.85204
237 1.85396
238 1.86866
239 1.87325
240 1.87783
241 1.89984
242 1.90411
243 1.907
244 1.90955
245 1.91898
246 1.93963
247 1.95667
248 1.95935
249 1.96228
250 1.96696
251 1.98417
252 1.99137
253 2.00459
254 2.01049
255 2.02779
256 2.03487
257 2.03779
258 2.06429
259 2.07143
260 2.08085
261 2.10498
262 2.10906
263 2.12504
264 2.13359
265 2.14148
266 2.1498
267 2.15613
268 2.17348
269 2.18321
270 2.18833
271 2.1943
272 2.20978
273 2.21208
274 2.22677
275 2.2428
276 2.24868
277 2.25369
278 2.25583
279 2.2582
280 2.27126
281 2.27287
282 2.28688
283 2.29537
284 2.31169
285 2.3296
286 2.33982
287 2.34897
288 2.35904
289 2.37321
290 2.3753
291 2.38148
292 2.38583
293 2.39906
294 2.41003
295 2.42404
296 2.43353
297 2.43968
298 2.44156
299 2.4464
300 2.45692
301 2.46134
302 2.46563
303 2.4797
304 2.48197
305 2.49355
306 2.49613
307 2.49806
308 2.50442
309 2.53901
310 2.55784
311 2.56624
312 2.57322
313 2.58011
314 2.58144
315 2.60068
316 2.60489
317 2.60941
318 2.62559
319 2.62998
320 2.63245
321 2.6487
322 2.65421
323 2.65696
324 2.65881
325 2.67115
326 2.67872
327 2.68294
328 2.68585
329 2.70998
330 2.71722
331 2.73207
332 2.73559
333 2.7405
334 2.7431
335 2.75036
336 2.75545
337 2.76316
338 2.77126
339 2.77313
340 2.78106
341 2.78231
342 2.78548
343 2.80761
344 2.80953
345 2.81877
346 2.82189
347 2.8319
348 2.83837
349 2.84045
350 2.84722
351 2.8549
352 2.86097
353 2.86286
354 2.88102
355 2.88788
356 2.89799
357 2.90644
358 2.90848
359 2.91313
360 2.91875
361 2.92271
362 2.9275
363 2.93129
364 2.93963
365 2.94676
366 2.96361
367 2.96995
368 2.97311
369 2.98231
370 2.99113
371 2.9958
