1 0.00275
2 0.00999
3 0.01476
4 0.01737
5 0.02317
6 0.04191
7 0.04857
8 0.05134
9 0.06561
10 0.08189
11 0.0873
12 0.09675
13 0.1007
14 0.11435
15 0.12063
16 0.13115
17 0.13341
18 0.13972
19 0.14988
20 0.15821
21 0.16235
22 0.1662
23 0.16893
24 0.17958
25 0.18505
26 0.18732
27 0.20296
28 0.21433
29 0.21907
30 0.22069
31 0.2249
32 0.23792
33 0.24142
34 0.24676
35 0.27287
36 0.27671
37 0.29079
38 0.29963
39 0.31655
40 0.32763
41 0.33625
42 0.34721
43 0.35592
44 0.3669
45 0.37818
46 0.38516
47 0.39456
48 0.39621
49 0.4068
50 0.41069
51 0.4143
52 0.41833
53 0.42207
54 0.4271
55 0.43523
56 0.45251
57 0.45903
58 0.4612
59 0.46355
60 0.47233
61 0.47601
62 0.48121
63 0.49095
64 0.49425
65 0.50071
66 0.51189
67 0.52681
68 0.55502
69 0.55877
70 0.56687
71 0.56936
72 0.58974
73 0.59197
74 0.59729
75 0.61711
76 0.61983
77 0.64124
78 0.65067
79 0.6625
80 0.66921
81 0.69161
82 0.69639
83 0.6985
84 0.7059
85 0.71358
86 0.72382
87 0.73161
88 0.73739
89 0.74818
90 0.75873
91 0.76308
92 0.77249
93 0.77782
94 0.78239
95 0.78413
96 0.78718
97 0.79845
98 0.82539
99 0.85188
100 0.86571
101 0.87072
102 0.87175
103 0.88139
104 0.8913
105 0.90746
106 0.92856
107 0.95803
108 0.98549
109 0.98759
110 0.99258
111 0.99678
112 0.9984
113 1.00665
114 1.01832
115 1.02769
116 1.04339
117 1.04708
118 1.05051
119 1.05923
120 1.06231
121 1.09097
122 1.10481
123 1.109
124 1.11139
125 1.1176
126 1.12569
127 1.12998
128 1.13696
129 1.14002
130 1.15083
131 1.1612
132 1.16299
133 1.17353
134 1.18148
135 1.19116
136 1.20187
137 1.20851
138 1.21395
139 1.2202
140 1.23081
141 1.23512
142 1.23988
143 1.24834
144 1.25809
145 1.28388
146 1.29315
147 1.2982
148 1.3008
149 1.305
150 1.30918
151 1.32214
152 1.32547
153 1.33892
154 1.3428
155 1.3475
156 1.35333
157 1.37985
158 1.38293
159 1.39431
160 1.39623
161 1.40535
162 1.41343
163 1.41501
164 1.41725
165 1.43312
166 1.44215
167 1.45262
168 1.46969
169 1.48086
170 1.48462
171 1.48888
172 1.49279
173 1.49595
174 1.50621
175 1.51554
176 1.51755
177 1.54824
178 1.56787
179 1.57123
180 1.58395
181 1.6034
182 1.61712
183 1.6239
184 1.63622
185 1.65707
186 1.66349
187 1.66719
188 1.68872
189 1.6959
190 1.70375
191 1.7145
192 1.73565
193 1.74747
194 1.75608
195 1.76097
196 1.77498
197 1.78136
198 1.78818
199 1.79453
200 1.79757
201 1.8098
202 1.82039
203 1.83084
204 1.85133
205 1.85604
206 1.88606
207 1.89398
208 1.89627
209 1.90385
210 1.93008
211 1.93672
212 1.94923
213 1.95598
214 1.97497
215 1.98001
216 1.98431
217 1.98882
218 2.00965
219 2.04311
220 2.05334
221 2.06574
222 2.0737
223 2.08516
224 2.09112
225 2.10942
226 2.11234
227 2.12959
228 2.1329
229 2.14835
230 2.15486
231 2.17111
232 2.19944
233 2.20437
234 2.21744
235 2.2244
236 2.24336
237 2.24693
238 2.25901
239 2.26085
240 2.26523
241 2.27031
242 2.27863
243 2.27998
244 2.28162
245 2.29725
246 2.30403
247 2.31339
248 2.31804
249 2.33045
250 2.34648
251 2.3553
252 2.36653
253 2.381
254 2.39219
255 2.39349
256 2.39646
257 2.40494
258 2.40772
259 2.41098
260 2.4156
261 2.43519
262 2.45689
263 2.47013
264 2.47191
265 2.48446
266 2.49047
267 2.51162
268 2.51681
269 2.52448
270 2.5271
271 2.53114
272 2.54198
273 2.55139
274 2.55712
275 2.56317
276 2.56449
277 2.5684
278 2.5737
279 2.57903
280 2.58983
281 2.59607
282 2.59892
283 2.60297
284 2.61312
285 2.62524
286 2.62677
287 2.63011
288 2.63539
289 2.64316
290 2.6556
291 2.66478
292 2.6751
293 2.69104
294 2.6934
295 2.71414
296 2.71549
297 2.72746
298 2.7349
299 2.74125
300 2.74589
301 2.74886
302 2.75282
303 2.75654
304 2.75848
305 2.75979
306 2.77092
307 2.77473
308 2.77898
309 2.7888
310 2.7934
311 2.80568
312 2.80784
313 2.81546
314 2.82815
315 2.83808
316 2.85145
317 2.88392
318 2.89119
319 2.89356
320 2.90717
321 2.91166
322 2.95426
323 2.95995
324 2.96588
325 2.97382
326 2.98006
327 2.98695
328 2.99633
