1 0.00319
2 0.00824
3 0.01313
4 0.02062
5 0.03142
6 0.03723
7 0.04219
8 0.04769
9 0.05022
10 0.05801
11 0.06647
12 0.08536
13 0.10939
14 0.11535
15 0.11887
16 0.1206
17 0.1349
18 0.14865
19 0.14974
20 0.15852
21 0.16841
22 0.17229
23 0.17643
24 0.1819
25 0.18338
26 0.18809
27 0.19301
28 0.21497
29 0.22446
30 0.23754
31 0.24313
32 0.24845
33 0.26454
34 0.26767
35 0.27279
36 0.27781
37 0.27933
38 0.29242
39 0.3008
40 0.31065
41 0.31499
42 0.32978
43 0.33196
44 0.33649
45 0.34457
46 0.35659
47 0.37488
48 0.3854
49 0.39758
50 0.41248
51 0.41678
52 0.42459
53 0.4352
54 0.44268
55 0.46365
56 0.47018
57 0.47941
58 0.48841
59 0.50345
60 0.50887
61 0.51172
62 0.53019
63 0.5386
64 0.54285
65 0.55858
66 0.56684
67 0.58851
68 0.59137
69 0.60228
70 0.6071
71 0.61375
72 0.62541
73 0.63435
74 0.63767
75 0.64554
76 0.65783
77 0.67233
78 0.67506
79 0.68149
80 0.68463
81 0.69463
82 0.69744
83 0.70375
84 0.71467
85 0.72719
86 0.7296
87 0.73641
88 0.74237
89 0.74809
90 0.76201
91 0.76475
92 0.7832
93 0.78666
94 0.79355
95 0.80152
96 0.81016
97 0.81574
98 0.81794
99 0.82769
100 0.8516
101 0.87237
102 0.88531
103 0.88618
104 0.8873
105 0.90738
106 0.90845
107 0.92099
108 0.9306
109 0.93335
110 0.94352
111 0.95706
112 0.95938
113 0.97023
114 0.97172
115 0.9739
116 0.97789
117 0.9811
118 0.99553
119 1.01355
120 1.02519
121 1.03801
122 1.04171
123 1.05593
124 1.07079
125 1.0866
126 1.10393
127 1.11209
128 1.1191
129 1.12257
130 1.12879
131 1.14148
132 1.14856
133 1.15195
134 1.15568
135 1.16124
136 1.17521
137 1.19516
138 1.20031
139 1.2143
140 1.22014
141 1.22569
142 1.2317
143 1.23576
144 1.24062
145 1.24285
146 1.25803
147 1.26586
148 1.28973
149 1.30026
150 1.30751
151 1.31044
152 1.32113
153 1.32953
154 1.33203
155 1.34817
156 1.35218
157 1.35792
158 1.36938
159 1.37657
160 1.38555
161 1.40565
162 1.40733
163 1.40995
164 1.4207
165 1.42813
166 1.44093
167 1.4582
168 1.46279
169 1.46767
170 1.47023
171 1.47706
172 1.48152
173 1.48531
174 1.48754
175 1.50539
176 1.50771
177 1.51394
178 1.51745
179 1.52863
180 1.53182
181 1.53427
182 1.53908
183 1.54307
184 1.54515
185 1.55685
186 1.55818
187 1.56117
188 1.58084
189 1.59606
190 1.59746
191 1.60024
192 1.60864
193 1.6122
194 1.61783
195 1.64251
196 1.65681
197 1.67266
198 1.68715
199 1.69185
200 1.70233
201 1.70519
202 1.71627
203 1.72
204 1.73645
205 1.74917
206 1.75129
207 1.75518
208 1.75921
209 1.76313
210 1.76656
211 1.7749
212 1.78649
213 1.79301
214 1.803
215 1.80493
216 1.82381
217 1.83612
218 1.84233
219 1.85696
220 1.8665
221 1.87513
222 1.87956
223 1.8863
224 1.89369
225 1.89925
226 1.90892
227 1.91476
228 1.9265
229 1.92995
230 1.94354
231 1.94963
232 1.96291
233 1.99416
234 1.99523
235 2.00577
236 2.00763
237 2.02131
238 2.02993
239 2.03243
240 2.04101
241 2.04615
242 2.06045
243 2.07345
244 2.09177
245 2.09564
246 2.09828
247 2.11493
248 2.126
249 2.12807
250 2.13267
251 2.14685
252 2.15564
253 2.17539
254 2.19208
255 2.19565
256 2.20147
257 2.21384
258 2.22941
259 2.23458
260 2.23952
261 2.25002
262 2.27175
263 2.27454
264 2.28486
265 2.29775
266 2.30324
267 2.30908
268 2.31603
269 2.32618
270 2.33175
271 2.33986
272 2.35373
273 2.37764
274 2.38792
275 2.39467
276 2.41236
277 2.42195
278 2.44249
279 2.46261
280 2.4741
281 2.4952
282 2.51672
283 2.52861
284 2.54693
285 2.5589
286 2.56819
287 2.5805
288 2.5942
289 2.60115
290 2.60748
291 2.62072
292 2.6306
293 2.63711
294 2.64931
295 2.65571
296 2.66738
297 2.67578
298 2.68506
299 2.68877
300 2.70052
301 2.71037
302 2.7185
303 2.72452
304 2.72741
305 2.73809
306 2.74342
307 2.75227
308 2.76056
309 2.77178
310 2.77894
311 2.78356
312 2.79184
313 2.7944
314 2.79768
315 2.80601
316 2.83343
317 2.84149
318 2.84936
319 2.85176
320 2.86268
321 2.88793
322 2.8932
323 2.89616
324 2.90201
325 2.90523
326 2.91352
327 2.92546
328 2.94634
329 2.95935
330 2.96803
331 2.97278
