1 0.00825
2 0.0102
3 0.01808
4 0.021
5 0.03379
6 0.03572
7 0.04332
8 0.04791
9 0.06328
10 0.06643
11 0.07237
12 0.11218
13 0.11722
14 0.12288
15 0.13402
16 0.13635
17 0.13792
18 0.13928
19 0.14254
20 0.15292
21 0.156
22 0.16258
23 0.16713
24 0.17805
25 0.18015
26 0.1874
27 0.19018
28 0.19171
29 0.19987
30 0.20808
31 0.22932
32 0.23652
33 0.23931
34 0.2423
35 0.24541
36 0.25681
37 0.26445
38 0.27722
39 0.28769
40 0.29035
41 0.2934
42 0.29896
43 0.31128
44 0.3162
45 0.33824
46 0.34653
47 0.35788
48 0.35939
49 0.38135
50 0.38513
51 0.39392
52 0.42587
53 0.43692
54 0.44431
55 0.4467
56 0.47809
57 0.48538
58 0.49357
59 0.50495
60 0.51354
61 0.51591
62 0.52445
63 0.53298
64 0.53587
65 0.53984
66 0.5423
67 0.55175
68 0.57188
69 0.59801
70 0.61137
71 0.61498
72 0.62515
73 0.64791
74 0.65124
75 0.67326
76 0.67659
77 0.68014
78 0.68597
79 0.6888
80 0.69259
81 0.69399
82 0.7033
83 0.71852
84 0.73197
85 0.73621
86 0.74184
87 0.74856
88 0.76634
89 0.768
90 0.77926
91 0.79133
92 0.79518
93 0.80506
94 0.82229
95 0.82748
96 0.83054
97 0.87241
98 0.87455
99 0.87745
100 0.8834
101 0.90278
102 0.91723
103 0.92651
104 0.9604
105 0.96864
106 0.97024
107 0.98155
108 0.99376
109 1.00344
110 1.02196
111 1.026
112 1.02734
113 1.03938
114 1.04232
115 1.05822
116 1.05955
117 1.06275
118 1.07745
119 1.08544
120 1.11058
121 1.11585
122 1.12006
123 1.1256
124 1.1295
125 1.1323
126 1.14198
127 1.14708
128 1.16097
129 1.18183
130 1.18669
131 1.18814
132 1.19219
133 1.20121
134 1.20268
135 1.20672
136 1.23119
137 1.24097
138 1.25106
139 1.26804
140 1.26997
141 1.27654
142 1.28002
143 1.2973
144 1.30014
145 1.31384
146 1.31815
147 1.32091
148 1.32654
149 1.35132
150 1.3708
151 1.38123
152 1.38753
153 1.38883
154 1.41958
155 1.43056
156 1.43212
157 1.44151
158 1.44572
159 1.44894
160 1.46098
161 1.46228
162 1.47881
163 1.48492
164 1.48977
165 1.50364
166 1.50955
167 1.51298
168 1.52875
169 1.53548
170 1.54099
171 1.54625
172 1.56444
173 1.58171
174 1.60398
175 1.61787
176 1.63128
177 1.63577
178 1.64098
179 1.64435
180 1.64948
181 1.676
182 1.68606
183 1.69717
184 1.70774
185 1.71902
186 1.72018
187 1.73085
188 1.73875
189 1.74693
190 1.74905
191 1.75188
192 1.75723
193 1.76432
194 1.77044
195 1.7817
196 1.783
197 1.79659
198 1.79991
199 1.8093
200 1.83351
201 1.85817
202 1.86309
203 1.88394
204 1.887
205 1.88971
206 1.91763
207 1.93533
208 1.94136
209 1.95239
210 1.95385
211 1.97605
212 1.9794
213 1.98459
214 1.98886
215 2.00029
216 2.00647
217 2.01404
218 2.01764
219 2.0271
220 2.0357
221 2.04033
222 2.04562
223 2.04971
224 2.05162
225 2.06282
226 2.07278
227 2.11718
228 2.14528
229 2.1742
230 2.17572
231 2.19265
232 2.20224
233 2.22128
234 2.23608
235 2.23786
236 2.2408
237 2.24215
238 2.24671
239 2.25918
240 2.2725
241 2.27405
242 2.30532
243 2.3112
244 2.32919
245 2.33132
246 2.33658
247 2.34517
248 2.36741
249 2.37822
250 2.38259
251 2.38548
252 2.39313
253 2.39446
254 2.43227
255 2.4374
256 2.44439
257 2.4485
258 2.47894
259 2.48201
260 2.48992
261 2.49332
262 2.50123
263 2.51109
264 2.51471
265 2.52773
266 2.53259
267 2.54076
268 2.54209
269 2.548
270 2.55353
271 2.55965
272 2.57413
273 2.6141
274 2.62211
275 2.62551
276 2.6312
277 2.64338
278 2.64639
279 2.67448
280 2.68611
281 2.68931
282 2.69262
283 2.70063
284 2.70355
285 2.72797
286 2.73513
287 2.74189
288 2.74881
289 2.7581
290 2.76368
291 2.76855
292 2.77309
293 2.78112
294 2.78434
295 2.79075
296 2.79711
297 2.80148
298 2.8143
299 2.82191
300 2.82472
301 2.83321
302 2.86182
303 2.86724
304 2.87851
305 2.88184
306 2.89565
307 2.90403
308 2.91056
309 2.92963
310 2.93947
311 2.9438
312 2.95083
313 2.96029
314 2.98035
315 2.98393
316 2.98584
317 2.98907
