1 0.00126
2 0.00279
3 0.02007
4 0.02355
5 0.0265
6 0.02936
7 0.03929
8 0.04238
9 0.04863
10 0.05746
11 0.06376
12 0.06924
13 0.07852
14 0.08132
15 0.0832
16 0.08894
17 0.09235
18 0.09933
19 0.10622
20 0.10972
21 0.11246
22 0.11716
23 0.12123
24 0.12734
25 0.13027
26 0.13201
27 0.14736
28 0.15509
29 0.17323
30 0.17971
31 0.18594
32 0.18781
33 0.18932
34 0.19802
35 0.21132
36 0.21645
37 0.21913
38 0.2274
39 0.23899
40 0.244
41 0.24604
42 0.25788
43 0.27434
44 0.27841
45 0.28689
46 0.28902
47 0.30769
48 0.3137
49 0.33008
50 0.33422
51 0.34036
52 0.34844
53 0.35191
54 0.35396
55 0.35865
56 0.36104
57 0.37564
58 0.37802
59 0.40275
60 0.408
61 0.41253
62 0.42244
63 0.42694
64 0.43045
65 0.43897
66 0.44599
67 0.45396
68 0.45748
69 0.45975
70 0.46345
71 0.46886
72 0.48583
73 0.4961
74 0.52138
75 0.5262
76 0.53231
77 0.54224
78 0.55086
79 0.55465
80 0.56727
81 0.57853
82 0.58523
83 0.59248
84 0.59943
85 0.6022
86 0.60441
87 0.60909
88 0.61275
89 0.61374
90 0.63171
91 0.63785
92 0.65319
93 0.66944
94 0.68007
95 0.6823
96 0.68453
97 0.68923
98 0.69563
99 0.70386
100 0.71
101 0.71368
102 0.72232
103 0.72785
104 0.73539
105 0.74718
106 0.75802
107 0.77034
108 0.78783
109 0.7923
110 0.79759
111 0.80129
112 0.81243
113 0.81543
114 0.82574
115 0.8313
116 0.83717
117 0.83813
118 0.85375
119 0.85634
120 0.86026
121 0.86158
122 0.86424
123 0.88272
124 0.89002
125 0.90026
126 0.90328
127 0.90591
128 0.91713
129 0.91968
130 0.92205
131 0.93179
132 0.93889
133 0.94515
134 0.96004
135 0.96522
136 0.97182
137 0.99649
138 1.01589
139 1.02413
140 1.0316
141 1.03347
142 1.03998
143 1.04488
144 1.0543
145 1.05601
146 1.06809
147 1.07908
148 1.0817
149 1.08822
150 1.08978
151 1.09661
152 1.10126
153 1.10415
154 1.11262
155 1.12874
156 1.13227
157 1.1347
158 1.13628
159 1.14317
160 1.15059
161 1.15301
162 1.16998
163 1.17774
164 1.17968
165 1.18327
166 1.18784
167 1.19223
168 1.2053
169 1.21463
170 1.2218
171 1.23995
172 1.24862
173 1.2556
174 1.27214
175 1.2751
176 1.27897
177 1.2867
178 1.29874
179 1.30377
180 1.31235
181 1.32815
182 1.34075
183 1.34998
184 1.35914
185 1.36441
186 1.36955
187 1.3779
188 1.38192
189 1.39417
190 1.39607
191 1.40463
192 1.41094
193 1.41367
194 1.42897
195 1.43808
196 1.44057
197 1.46103
198 1.46266
199 1.47304
200 1.47558
201 1.47862
202 1.49053
203 1.49955
204 1.50398
205 1.52338
206 1.52945
207 1.53219
208 1.53967
209 1.5457
210 1.54763
211 1.56106
212 1.57893
213 1.57975
214 1.58148
215 1.58379
216 1.58939
217 1.59565
218 1.60328
219 1.60932
220 1.61915
221 1.64727
222 1.65129
223 1.65679
224 1.67173
225 1.6733
226 1.67458
227 1.69223
228 1.70552
229 1.71195
230 1.72372
231 1.72731
232 1.75128
233 1.75885
234 1.77217
235 1.78201
236 1.79177
237 1.79854
238 1.80031
239 1.80511
240 1.80873
241 1.84376
242 1.84981
243 1.85383
244 1.8592
245 1.87342
246 1.88696
247 1.89196
248 1.89673
249 1.90378
250 1.90984
251 1.9295
252 1.93445
253 1.94556
254 1.95635
255 1.96779
256 1.97357
257 1.98021
258 1.98647
259 1.99653
260 2.00157
261 2.00777
262 2.00896
263 2.02543
264 2.03182
265 2.04475
266 2.05123
267 2.05604
268 2.08402
269 2.10703
270 2.10896
271 2.11753
272 2.1242
273 2.13182
274 2.13824
275 2.1545
276 2.16119
277 2.17412
278 2.17811
279 2.18555
280 2.19686
281 2.20895
282 2.22596
283 2.24591
284 2.25336
285 2.26953
286 2.2741
287 2.27959
288 2.28872
289 2.29239
290 2.29471
291 2.29942
292 2.32913
293 2.33276
294 2.33542
295 2.33769
296 2.34181
297 2.34334
298 2.35057
299 2.35401
300 2.37653
301 2.38157
302 2.39907
303 2.4057
304 2.41115
305 2.42968
306 2.44815
307 2.45668
308 2.46406
309 2.47061
310 2.47471
311 2.48497
312 2.49331
313 2.49828
314 2.50079
315 2.5041
316 2.50667
317 2.52105
318 2.52797
319 2.53193
320 2.54307
321 2.54542
322 2.55218
323 2.55841
324 2.57414
325 2.58391
326 2.58975
327 2.60317
328 2.60478
329 2.60885
330 2.61532
331 2.62255
332 2.63196
333 2.64385
334 2.65001
335 2.6683
336 2.67342
337 2.68775
338 2.69086
339 2.70723
340 2.71366
341 2.72662
342 2.74164
343 2.75191
344 2.7548
345 2.77194
346 2.78185
347 2.78325
348 2.78877
349 2.79156
350 2.80085
351 2.80732
352 2.80877
353 2.82722
354 2.83528
355 2.83667
356 2.84854
357 2.85188
358 2.86321
359 2.86504
360 2.87207
361 2.88059
362 2.88256
363 2.88605
364 2.88934
365 2.90255
366 2.9084
367 2.91153
368 2.91949
369 2.9235
370 2.92548
371 2.94236
372 2.94474
373 2.94614
374 2.9498
375 2.95811
376 2.96744
377 2.97104
378 2.99579
379 2.99871
