1 0.00679
2 0.01264
3 0.01572
4 0.02576
5 0.03069
6 0.03223
7 0.03374
8 0.0351
9 0.04765
10 0.05958
11 0.06561
12 0.06804
13 0.07463
14 0.08491
15 0.1041
16 0.10693
17 0.11932
18 0.12294
19 0.12953
20 0.13322
21 0.13914
22 0.14393
23 0.15154
24 0.15472
25 0.15807
26 0.16264
27 0.17426
28 0.1817
29 0.19093
30 0.1976
31 0.19949
32 0.2032
33 0.20644
34 0.20856
35 0.21897
36 0.22667
37 0.23056
38 0.24132
39 0.25241
40 0.25729
41 0.25897
42 0.2648
43 0.26734
44 0.27463
45 0.2773
46 0.28125
47 0.28352
48 0.29149
49 0.29607
50 0.29931
51 0.30786
52 0.31648
53 0.31906
54 0.32585
55 0.353
56 0.36977
57 0.3787
58 0.38069
59 0.38532
60 0.39337
61 0.40187
62 0.40727
63 0.42509
64 0.44845
65 0.46183
66 0.46427
67 0.46574
68 0.46818
69 0.47627
70 0.48027
71 0.48289
72 0.48842
73 0.50633
74 0.50856
75 0.51056
76 0.52094
77 0.52308
78 0.52771
79 0.53191
80 0.53396
81 0.5358
82 0.53863
83 0.54307
84 0.54988
85 0.5774
86 0.57857
87 0.57984
88 0.603
89 0.60967
90 0.62509
91 0.65273
92 0.66712
93 0.67315
94 0.67653
95 0.68546
96 0.68772
97 0.69115
98 0.69756
99 0.71052
100 0.71439
101 0.71772
102 0.72087
103 0.72769
104 0.7365
105 0.75688
106 0.75816
107 0.77946
108 0.78999
109 0.79217
110 0.80675
111 0.81576
112 0.81828
113 0.82308
114 0.82792
115 0.83445
116 0.84739
117 0.85268
118 0.85447
119 0.8581
120 0.86145
121 0.86973
122 0.87726
123 0.88373
124 0.88832
125 0.89912
126 0.90124
127 0.90535
128 0.91011
129 0.92583
130 0.92713
131 0.93077
132 0.94566
133 0.94734
134 0.95647
135 0.95807
136 0.96635
137 0.97143
138 0.97507
139 0.98673
140 0.99136
141 1.00625
142 1.01775
143 1.02118
144 1.02351
145 1.02902
146 1.04164
147 1.04904
148 1.06824
149 1.10009
150 1.10327
151 1.10744
152 1.11347
153 1.11658
154 1.12468
155 1.14751
156 1.15156
157 1.15368
158 1.17419
159 1.18752
160 1.19085
161 1.19965
162 1.20516
163 1.21347
164 1.21869
165 1.22391
166 1.22611
167 1.23038
168 1.23297
169 1.25831
170 1.27043
171 1.27351
172 1.27787
173 1.28512
174 1.28776
175 1.29237
176 1.32069
177 1.32624
178 1.32998
179 1.34694
180 1.35017
181 1.35542
182 1.35669
183 1.36026
184 1.37444
185 1.37831
186 1.38317
187 1.38908
188 1.4014
189 1.40824
190 1.41687
191 1.42319
192 1.43556
193 1.44415
194 1.44683
195 1.44869
196 1.45159
197 1.46188
198 1.46923
199 1.47635
200 1.48262
201 1.48415
202 1.48615
203 1.4952
204 1.50365
205 1.51201
206 1.51851
207 1.5225
208 1.53241
209 1.53459
210 1.54824
211 1.56331
212 1.56837
213 1.57034
214 1.57457
215 1.58014
216 1.59
217 1.59999
218 1.61097
219 1.61239
220 1.62006
221 1.62498
222 1.62865
223 1.63422
224 1.63619
225 1.64535
226 1.64716
227 1.65128
228 1.65565
229 1.66615
230 1.67161
231 1.68658
232 1.69032
233 1.69367
234 1.69921
235 1.70099
236 1.71086
237 1.71851
238 1.72616
239 1.72736
240 1.73471
241 1.75315
242 1.75615
243 1.76068
244 1.76409
245 1.77074
246 1.7732
247 1.78238
248 1.7858
249 1.7902
250 1.8024
251 1.81914
252 1.82311
253 1.83501
254 1.85904
255 1.8616
256 1.8755
257 1.88399
258 1.89922
259 1.92346
260 1.9287
261 1.94101
262 1.94498
263 1.95403
264 1.95735
265 1.95965
266 1.96901
267 1.97851
268 1.98876
269 1.99502
270 2.00184
271 2.00521
272 2.01547
273 2.02232
274 2.02784
275 2.03702
276 2.03817
277 2.04128
278 2.0448
279 2.04755
280 2.06868
281 2.07325
282 2.08243
283 2.10137
284 2.10818
285 2.11086
286 2.11278
287 2.12334
288 2.12451
289 2.13004
290 2.14778
291 2.1501
292 2.15501
293 2.16204
294 2.17161
295 2.18582
296 2.19378
297 2.21337
298 2.22055
299 2.23303
300 2.24126
301 2.25828
302 2.26127
303 2.26572
304 2.26801
305 2.27226
306 2.27965
307 2.28547
308 2.28685
309 2.28828
310 2.29328
311 2.31962
312 2.32483
313 2.32705
314 2.34994
315 2.35898
316 2.3605
317 2.37211
318 2.38954
319 2.39857
320 2.40094
321 2.40695
322 2.43678
323 2.4447
324 2.44717
325 2.46182
326 2.46588
327 2.4688
328 2.47391
329 2.47694
330 2.47962
331 2.48322
332 2.48688
333 2.50165
334 2.50916
335 2.51805
336 2.52855
337 2.53109
338 2.54993
339 2.57022
340 2.57379
341 2.59957
342 2.60134
343 2.60676
344 2.61064
345 2.61678
346 2.62232
347 2.62516
348 2.62709
349 2.62988
350 2.63545
351 2.63884
352 2.64931
353 2.65144
354 2.65362
355 2.65706
356 2.66219
357 2.6673
358 2.69236
359 2.70518
360 2.70865
361 2.71457
362 2.72412
363 2.72563
364 2.72823
365 2.7301
366 2.73476
367 2.7395
368 2.74517
369 2.75797
370 2.76506
371 2.77102
372 2.77592
373 2.78351
374 2.78627
375 2.80318
376 2.81888
377 2.83031
378 2.8336
379 2.84623
380 2.85461
381 2.85741
382 2.86139
383 2.8725
384 2.88654
385 2.90563
386 2.93781
387 2.94159
388 2.94504
389 2.95164
390 2.96138
391 2.96423
392 2.97098
393 2.97327
394 2.98579
395 2.99584
