1 0.00587
2 0.02049
3 0.02261
4 0.02574
5 0.04396
6 0.04685
7 0.04942
8 0.05639
9 0.06851
10 0.08339
11 0.08523
12 0.08631
13 0.11678
14 0.12064
15 0.12445
16 0.1296
17 0.13277
18 0.13778
19 0.14079
20 0.14775
21 0.16023
22 0.16537
23 0.16929
24 0.17546
25 0.18023
26 0.18918
27 0.19543
28 0.2046
29 0.20603
30 0.23659
31 0.23947
32 0.24389
33 0.25856
34 0.2676
35 0.26966
36 0.27617
37 0.29556
38 0.3008
39 0.32562
40 0.32715
41 0.33427
42 0.34647
43 0.35679
44 0.35962
45 0.36223
46 0.3702
47 0.37645
48 0.39657
49 0.40287
50 0.41248
51 0.41566
52 0.42944
53 0.44579
54 0.46116
55 0.49522
56 0.49894
57 0.50723
58 0.50971
59 0.51282
60 0.5222
61 0.54263
62 0.55246
63 0.5555
64 0.55772
65 0.57769
66 0.58659
67 0.59145
68 0.59914
69 0.60016
70 0.61262
71 0.63112
72 0.6348
73 0.63752
74 0.64036
75 0.65353
76 0.6579
77 0.66381
78 0.67159
79 0.67602
80 0.69725
81 0.69991
82 0.71595
83 0.72446
84 0.73425
85 0.74629
86 0.75848
87 0.77028
88 0.77459
89 0.77807
90 0.78144
91 0.79454
92 0.79905
93 0.80375
94 0.81162
95 0.82042
96 0.82359
97 0.84652
98 0.86278
99 0.87478
100 0.88848
101 0.8991
102 0.90532
103 0.90862
104 0.91375
105 0.93745
106 0.94291
107 0.94461
108 0.95162
109 0.96443
110 0.98314
111 0.98759
112 0.98913
113 0.99436
114 1.00175
115 1.02437
116 1.03143
117 1.03535
118 1.0417
119 1.06391
120 1.07751
121 1.08309
122 1.08475
123 1.08774
124 1.11355
125 1.12767
126 1.13533
127 1.13724
128 1.14172
129 1.14502
130 1.17436
131 1.18836
132 1.19433
133 1.19685
134 1.20028
135 1.20745
136 1.21601
137 1.23278
138 1.24116
139 1.25909
140 1.26157
141 1.26755
142 1.27056
143 1.28644
144 1.29144
145 1.29938
146 1.30373
147 1.31973
148 1.34252
149 1.3897
150 1.40978
151 1.42438
152 1.44657
153 1.47938
154 1.50227
155 1.51123
156 1.52772
157 1.53981
158 1.55137
159 1.56011
160 1.56144
161 1.57984
162 1.58279
163 1.58844
164 1.59247
165 1.60017
166 1.62387
167 1.64011
168 1.6818
169 1.69185
170 1.69945
171 1.7097
172 1.71344
173 1.73071
174 1.74091
175 1.74909
176 1.76198
177 1.76978
178 1.78306
179 1.80367
180 1.81951
181 1.82298
182 1.82811
183 1.84115
184 1.87542
185 1.87972
186 1.88734
187 1.90342
188 1.91065
189 1.91741
190 1.9209
191 1.92408
192 1.93338
193 1.94519
194 1.94997
195 1.95965
196 1.97089
197 1.97903
198 1.99314
199 1.99812
200 2.00306
201 2.00597
202 2.01353
203 2.01448
204 2.02034
205 2.03324
206 2.03934
207 2.04489
208 2.05793
209 2.06503
210 2.06727
211 2.07959
212 2.08943
213 2.09544
214 2.11483
215 2.12095
216 2.12482
217 2.12841
218 2.13469
219 2.13902
220 2.14454
221 2.16052
222 2.17432
223 2.18976
224 2.19402
225 2.20576
226 2.23136
227 2.24597
228 2.26152
229 2.2655
230 2.28488
231 2.29243
232 2.29558
233 2.30914
234 2.31964
235 2.33368
236 2.34531
237 2.35216
238 2.37035
239 2.38322
240 2.39475
241 2.40362
242 2.41163
243 2.42184
244 2.42514
245 2.43668
246 2.44231
247 2.45612
248 2.47636
249 2.47945
250 2.49849
251 2.51401
252 2.51959
253 2.54125
254 2.54879
255 2.57878
256 2.58532
257 2.59527
258 2.61077
259 2.62869
260 2.64534
261 2.65648
262 2.66224
263 2.67155
264 2.67387
265 2.67841
266 2.68406
267 2.68785
268 2.70229
269 2.7244
270 2.72943
271 2.73827
272 2.73977
273 2.77265
274 2.77776
275 2.78813
276 2.79662
277 2.80566
278 2.83048
279 2.83826
280 2.84937
281 2.85923
282 2.86515
283 2.87043
284 2.87934
285 2.88811
286 2.8951
287 2.91284
288 2.92563
289 2.92916
290 2.93731
291 2.94324
292 2.9463
293 2.96328
294 2.99973
