1 0.00443
2 0.00665
3 0.01427
4 0.02662
5 0.03102
6 0.03425
7 0.03524
8 0.04528
9 0.04694
10 0.04891
11 0.05377
12 0.05871
13 0.05975
14 0.06616
15 0.07195
16 0.07787
17 0.08081
18 0.08531
19 0.09153
20 0.11373
21 0.12396
22 0.13733
23 0.14788
24 0.153
25 0.15651
26 0.16699
27 0.16852
28 0.18129
29 0.18755
30 0.1944
31 0.2037
32 0.20837
33 0.21753
34 0.24675
35 0.25329
36 0.26303
37 0.28106
38 0.28345
39 0.2851
40 0.29389
41 0.29539
42 0.30046
43 0.30429
44 0.31139
45 0.31701
46 0.32031
47 0.32984
48 0.3337
49 0.33721
50 0.35124
51 0.35281
52 0.35486
53 0.35707
54 0.36253
55 0.36765
56 0.37312
57 0.38826
58 0.3944
59 0.40153
60 0.40277
61 0.40817
62 0.41252
63 0.41909
64 0.42201
65 0.43237
66 0.43778
67 0.44153
68 0.44918
69 0.4509
70 0.45585
71 0.46185
72 0.46777
73 0.48324
74 0.48612
75 0.48906
76 0.49174
77 0.50345
78 0.5225
79 0.53329
80 0.54474
81 0.54882
82 0.55796
83 0.56548
84 0.56655
85 0.58035
86 0.58353
87 0.60285
88 0.60494
89 0.61506
90 0.61722
91 0.6435
92 0.65285
93 0.66282
94 0.6669
95 0.66954
96 0.67946
97 0.68766
98 0.69203
99 0.69396
100 0.69649
101 0.70436
102 0.70589
103 0.71291
104 0.7205
105 0.72676
106 0.73342
107 0.73981
108 0.75438
109 0.77487
110 0.77922
111 0.788
112 0.791
113 0.79764
114 0.8
115 0.8031
116 0.80526
117 0.81756
118 0.82658
119 0.82865
120 0.84517
121 0.85246
122 0.85398
123 0.85813
124 0.86028
125 0.86969
126 0.8772
127 0.89144
128 0.90009
129 0.90717
130 0.91054
131 0.91434
132 0.91586
133 0.92306
134 0.92442
135 0.92552
136 0.92871
137 0.9333
138 0.93641
139 0.94288
140 0.95207
141 0.95427
142 0.95787
143 0.96201
144 0.98563
145 0.99609
146 1.03128
147 1.03736
148 1.04107
149 1.04999
150 1.05597
151 1.05974
152 1.06498
153 1.0673
154 1.07758
155 1.08298
156 1.08703
157 1.09306
158 1.10189
159 1.10955
160 1.11855
161 1.12206
162 1.13861
163 1.14129
164 1.14489
165 1.15332
166 1.15817
167 1.16065
168 1.16419
169 1.16958
170 1.17581
171 1.1875
172 1.19095
173 1.19516
174 1.19871
175 1.20441
176 1.21121
177 1.21961
178 1.22956
179 1.23634
180 1.24605
181 1.24749
182 1.27403
183 1.27954
184 1.28838
185 1.29442
186 1.29788
187 1.29968
188 1.30256
189 1.3046
190 1.31196
191 1.32504
192 1.32796
193 1.33018
194 1.33624
195 1.34141
196 1.34391
197 1.35292
198 1.36261
199 1.36697
200 1.37184
201 1.37573
202 1.37897
203 1.38439
204 1.39726
205 1.40702
206 1.40867
207 1.41239
208 1.41987
209 1.43204
210 1.43624
211 1.4389
212 1.44614
213 1.45685
214 1.48011
215 1.48367
216 1.49192
217 1.49355
218 1.5143
219 1.53239
220 1.53874
221 1.54054
222 1.54947
223 1.55986
224 1.5637
225 1.57094
226 1.57938
227 1.60202
228 1.60632
229 1.61663
230 1.62166
231 1.62839
232 1.64098
233 1.64808
234 1.65151
235 1.65412
236 1.67355
237 1.68793
238 1.6961
239 1.70911
240 1.71891
241 1.7306
242 1.73566
243 1.74075
244 1.74686
245 1.76015
246 1.79703
247 1.80444
248 1.80906
249 1.81322
250 1.8213
251 1.82875
252 1.84148
253 1.84558
254 1.84731
255 1.85949
256 1.86082
257 1.86543
258 1.87084
259 1.89453
260 1.89795
261 1.89988
262 1.90739
263 1.91195
264 1.91992
265 1.92447
266 1.93193
267 1.93839
268 1.94092
269 1.94826
270 1.95569
271 1.95864
272 1.99051
273 2.00035
274 2.00333
275 2.00965
276 2.01597
277 2.02702
278 2.02998
279 2.03227
280 2.03417
281 2.04015
282 2.04795
283 2.0507
284 2.06782
285 2.07216
286 2.07402
287 2.09281
288 2.09646
289 2.1012
290 2.10497
291 2.11218
292 2.12389
293 2.12945
294 2.13178
295 2.14351
296 2.15404
297 2.15608
298 2.1606
299 2.16541
300 2.17964
301 2.18436
302 2.18792
303 2.19643
304 2.19859
305 2.20864
306 2.2154
307 2.23419
308 2.23878
309 2.24086
310 2.26689
311 2.27607
312 2.28048
313 2.28548
314 2.29286
315 2.29601
316 2.29978
317 2.31948
318 2.32746
319 2.33425
320 2.33809
321 2.34633
322 2.35095
323 2.36025
324 2.36343
325 2.3659
326 2.36846
327 2.37192
328 2.37839
329 2.39576
330 2.39843
331 2.40981
332 2.4188
333 2.42535
334 2.4271
335 2.43353
336 2.444
337 2.44754
338 2.45239
339 2.48282
340 2.48658
341 2.49373
342 2.49969
343 2.50591
344 2.509
345 2.52879
346 2.53865
347 2.54195
348 2.55774
349 2.56327
350 2.56641
351 2.56934
352 2.5824
353 2.58946
354 2.59236
355 2.60119
356 2.6054
357 2.60901
358 2.61255
359 2.61705
360 2.63437
361 2.64688
362 2.65495
363 2.66211
364 2.66766
365 2.66912
366 2.67109
367 2.67461
368 2.68821
369 2.69602
370 2.71284
371 2.72126
372 2.74433
373 2.74824
374 2.75052
375 2.75178
376 2.75876
377 2.79174
378 2.79333
379 2.7983
380 2.80007
381 2.81166
382 2.81378
383 2.81993
384 2.82479
385 2.83299
386 2.83649
387 2.83885
388 2.83984
389 2.84924
390 2.85527
391 2.8636
392 2.87243
393 2.8787
394 2.90085
395 2.90455
396 2.90995
397 2.91367
398 2.91718
399 2.9196
400 2.92416
401 2.93372
402 2.94077
403 2.95118
404 2.95293
405 2.96289
406 2.98006
407 2.98296
408 2.99041
409 2.99224
