1 0.00622
2 0.01349
3 0.01466
4 0.02049
5 0.02785
6 0.03735
7 0.05032
8 0.06042
9 0.06434
10 0.08028
11 0.08674
12 0.09027
13 0.09726
14 0.10707
15 0.10908
16 0.11157
17 0.11853
18 0.13125
19 0.13253
20 0.14117
21 0.14735
22 0.16151
23 0.1648
24 0.16695
25 0.17104
26 0.17961
27 0.18561
28 0.19423
29 0.22679
30 0.23092
31 0.24699
32 0.25548
33 0.26024
34 0.27054
35 0.27934
36 0.28231
37 0.29033
38 0.29695
39 0.30081
40 0.31776
41 0.32669
42 0.32951
43 0.3331
44 0.33641
45 0.33992
46 0.36276
47 0.37764
48 0.38799
49 0.39082
50 0.39522
51 0.41486
52 0.42427
53 0.42933
54 0.43944
55 0.44475
56 0.44662
57 0.45918
58 0.46247
59 0.47242
60 0.48142
61 0.48505
62 0.49617
63 0.50645
64 0.50836
65 0.51587
66 0.53036
67 0.53785
68 0.54233
69 0.54723
70 0.54949
71 0.55932
72 0.56342
73 0.58014
74 0.60874
75 0.61243
76 0.62211
77 0.64263
78 0.65263
79 0.65981
80 0.66911
81 0.67051
82 0.67743
83 0.68022
84 0.68731
85 0.70409
86 0.71218
87 0.72201
88 0.72721
89 0.72863
90 0.73478
91 0.74419
92 0.75564
93 0.76014
94 0.76284
95 0.76688
96 0.78184
97 0.78546
98 0.78876
99 0.80016
100 0.80506
101 0.80873
102 0.81058
103 0.81464
104 0.81721
105 0.82152
106 0.8607
107 0.88438
108 0.8926
109 0.90946
110 0.92919
111 0.93144
112 0.9434
113 0.95238
114 0.96524
115 0.97504
116 0.97752
117 0.98617
118 0.99282
119 0.9997
120 1.00523
121 1.01522
122 1.02148
123 1.0336
124 1.03741
125 1.05255
126 1.05543
127 1.08251
128 1.08943
129 1.09166
130 1.09295
131 1.10638
132 1.11978
133 1.13982
134 1.14469
135 1.15778
136 1.16773
137 1.17133
138 1.18054
139 1.18384
140 1.19031
141 1.20423
142 1.21062
143 1.22024
144 1.22653
145 1.23078
146 1.23897
147 1.24121
148 1.24317
149 1.24821
150 1.26434
151 1.27923
152 1.28692
153 1.29547
154 1.30853
155 1.31169
156 1.31465
157 1.31775
158 1.32272
159 1.33151
160 1.33793
161 1.35849
162 1.3596
163 1.37073
164 1.37267
165 1.39432
166 1.40528
167 1.41338
168 1.42865
169 1.44113
170 1.45645
171 1.46626
172 1.46876
173 1.48007
174 1.48644
175 1.49126
176 1.49571
177 1.50107
178 1.51614
179 1.51941
180 1.52282
181 1.53144
182 1.53506
183 1.5409
184 1.56
185 1.57331
186 1.57747
187 1.58669
188 1.59918
189 1.61533
190 1.62299
191 1.62614
192 1.6338
193 1.63538
194 1.64398
195 1.64812
196 1.65418
197 1.66406
198 1.68169
199 1.68794
200 1.70567
201 1.70899
202 1.71219
203 1.72471
204 1.74215
205 1.75029
206 1.75337
207 1.75461
208 1.76023
209 1.7669
210 1.77622
211 1.79301
212 1.79545
213 1.80066
214 1.80569
215 1.80953
216 1.81998
217 1.83595
218 1.84552
219 1.8571
220 1.86315
221 1.8675
222 1.88173
223 1.88724
224 1.88971
225 1.89558
226 1.8982
227 1.9027
228 1.91048
229 1.91245
230 1.9296
231 1.93149
232 1.93994
233 1.94148
234 1.94588
235 1.96707
236 1.97863
237 1.98337
238 1.99001
239 1.9938
240 2.00038
241 2.00486
242 2.00575
243 2.01635
244 2.01968
245 2.02414
246 2.0336
247 2.03529
248 2.03673
249 2.04474
250 2.0628
251 2.07147
252 2.07381
253 2.08831
254 2.09707
255 2.12092
256 2.13664
257 2.14048
258 2.14313
259 2.14732
260 2.15623
261 2.15998
262 2.1668
263 2.16907
264 2.1794
265 2.19733
266 2.22463
267 2.22958
268 2.24439
269 2.24817
270 2.25356
271 2.2688
272 2.27937
273 2.29199
274 2.29456
275 2.30552
276 2.31249
277 2.31687
278 2.33735
279 2.34243
280 2.36279
281 2.36656
282 2.37251
283 2.37938
284 2.38687
285 2.39438
286 2.40121
287 2.41623
288 2.4216
289 2.44865
290 2.45397
291 2.45771
292 2.46105
293 2.46493
294 2.47247
295 2.47361
296 2.47717
297 2.4873
298 2.49804
299 2.50463
300 2.52178
301 2.5247
302 2.52631
303 2.52912
304 2.53368
305 2.53979
306 2.54883
307 2.56126
308 2.58389
309 2.60145
310 2.60541
311 2.61358
312 2.61534
313 2.61857
314 2.62396
315 2.62878
316 2.64034
317 2.6603
318 2.67587
319 2.69015
320 2.69741
321 2.70391
322 2.72225
323 2.726
324 2.72858
325 2.74535
326 2.78073
327 2.79814
328 2.80571
329 2.81134
330 2.83761
331 2.83871
332 2.84675
333 2.85432
334 2.86052
335 2.86298
336 2.86861
337 2.88452
338 2.89513
339 2.91127
340 2.91431
341 2.93719
342 2.9426
343 2.95951
344 2.97913
345 2.98551
