1 0.00304
2 0.00614
3 0.01047
4 0.01202
5 0.01876
6 0.02317
7 0.02831
8 0.03793
9 0.04065
10 0.05127
11 0.05316
12 0.05671
13 0.06353
14 0.06938
15 0.07121
16 0.07925
17 0.08123
18 0.08734
19 0.09222
20 0.09866
21 0.10889
22 0.11061
23 0.11754
24 0.12273
25 0.12843
26 0.12956
27 0.1325
28 0.13867
29 0.15881
30 0.17627
31 0.17859
32 0.18168
33 0.18475
34 0.19007
35 0.2059
36 0.21208
37 0.21782
38 0.21916
39 0.22488
40 0.23034
41 0.23873
42 0.25374
43 0.26631
44 0.27331
45 0.27943
46 0.28185
47 0.29701
48 0.30444
49 0.30703
50 0.31037
51 0.31238
52 0.31964
53 0.33701
54 0.33962
55 0.34794
56 0.35394
57 0.36455
58 0.37472
59 0.37715
60 0.39296
61 0.39846
62 0.42243
63 0.42513
64 0.43268
65 0.44073
66 0.44557
67 0.44878
68 0.45642
69 0.46549
70 0.47018
71 0.47754
72 0.48688
73 0.48965
74 0.49163
75 0.49835
76 0.50092
77 0.52022
78 0.52351
79 0.53478
80 0.55167
81 0.56025
82 0.57971
83 0.58213
84 0.58566
85 0.59179
86 0.59331
87 0.60707
88 0.61415
89 0.61633
90 0.61819
91 0.63928
92 0.64238
93 0.64678
94 0.67981
95 0.68586
96 0.69083
97 0.69234
98 0.70299
99 0.71557
100 0.72855
101 0.74004
102 0.74368
103 0.7522
104 0.75661
105 0.77493
106 0.78284
107 0.79446
108 0.80797
109 0.81508
110 0.82457
111 0.83193
112 0.83463
113 0.83758
114 0.8405
115 0.84262
116 0.84695
117 0.85967
118 0.86742
119 0.87091
120 0.87734
121 0.88367
122 0.88623
123 0.90129
124 0.90849
125 0.91142
126 0.93068
127 0.93387
128 0.94334
129 0.96459
130 0.97432
131 0.97606
132 0.98146
133 0.98904
134 0.99263
135 1.01929
136 1.02087
137 1.0307
138 1.0319
139 1.03312
140 1.03775
141 1.04269
142 1.04554
143 1.05968
144 1.07586
145 1.07971
146 1.08784
147 1.09189
148 1.0986
149 1.10471
150 1.11463
151 1.12245
152 1.13543
153 1.13793
154 1.13899
155 1.14375
156 1.14667
157 1.15336
158 1.15894
159 1.16342
160 1.1806
161 1.18904
162 1.19038
163 1.20182
164 1.20867
165 1.22316
166 1.23732
167 1.24281
168 1.26293
169 1.26801
170 1.27381
171 1.28105
172 1.28427
173 1.29395
174 1.30425
175 1.30605
176 1.31033
177 1.31202
178 1.31719
179 1.32437
180 1.3293
181 1.33855
182 1.34992
183 1.35353
184 1.35765
185 1.36704
186 1.3681
187 1.37477
188 1.38424
189 1.39905
190 1.40065
191 1.40893
192 1.42089
193 1.42829
194 1.43661
195 1.44214
196 1.44807
197 1.45326
198 1.46189
199 1.47347
200 1.48203
201 1.48705
202 1.49255
203 1.51555
204 1.52164
205 1.52591
206 1.53701
207 1.53966
208 1.54925
209 1.56666
210 1.57418
211 1.58309
212 1.58593
213 1.59307
214 1.60337
215 1.60833
216 1.61306
217 1.62201
218 1.62799
219 1.63673
220 1.63855
221 1.65274
222 1.67304
223 1.6772
224 1.68461
225 1.6879
226 1.69204
227 1.69415
228 1.70244
229 1.70393
230 1.7167
231 1.72519
232 1.73363
233 1.7355
234 1.74011
235 1.76672
236 1.77473
237 1.78462
238 1.79066
239 1.79294
240 1.80182
241 1.80975
242 1.82346
243 1.82696
244 1.82978
245 1.83767
246 1.84139
247 1.84473
248 1.85107
249 1.85704
250 1.86214
251 1.87277
252 1.883
253 1.8855
254 1.88804
255 1.89065
256 1.90526
257 1.9203
258 1.92744
259 1.94185
260 1.94426
261 1.94904
262 1.95229
263 1.95372
264 1.97106
265 1.98615
266 1.99137
267 2.02194
268 2.02865
269 2.03743
270 2.04443
271 2.04941
272 2.05253
273 2.05481
274 2.05821
275 2.05998
276 2.06954
277 2.07498
278 2.07997
279 2.08414
280 2.08525
281 2.1024
282 2.1064
283 2.11363
284 2.11608
285 2.12011
286 2.13149
287 2.13977
288 2.14471
289 2.15093
290 2.15507
291 2.17231
292 2.18109
293 2.18371
294 2.18532
295 2.19217
296 2.19666
297 2.20556
298 2.22352
299 2.22557
300 2.22951
301 2.23376
302 2.24384
303 2.2501
304 2.26579
305 2.2831
306 2.29262
307 2.3001
308 2.30729
309 2.31453
310 2.32131
311 2.32754
312 2.33358
313 2.34072
314 2.34675
315 2.35269
316 2.35616
317 2.36146
318 2.36254
319 2.3673
320 2.36982
321 2.37795
322 2.3814
323 2.3981
324 2.4208
325 2.43338
326 2.43865
327 2.44282
328 2.46748
329 2.48066
330 2.48967
331 2.49054
332 2.49407
333 2.50451
334 2.51921
335 2.526
336 2.52784
337 2.53318
338 2.54725
339 2.55361
340 2.5566
341 2.56038
342 2.56914
343 2.5723
344 2.57726
345 2.58335
346 2.58639
347 2.6064
348 2.62031
349 2.62476
350 2.62853
351 2.63246
352 2.63797
353 2.63933
354 2.65675
355 2.66684
356 2.69055
357 2.70075
358 2.70823
359 2.71029
360 2.7228
361 2.72977
362 2.73448
363 2.73906
364 2.7416
365 2.76758
366 2.77932
367 2.7925
368 2.79429
369 2.79674
370 2.80832
371 2.8161
372 2.82149
373 2.84051
374 2.84316
375 2.85355
376 2.86162
377 2.86766
378 2.86938
379 2.88338
380 2.89249
381 2.89796
382 2.91964
383 2.92129
384 2.92706
385 2.93597
386 2.94436
387 2.9616
388 2.9818
389 2.98684
390 2.99497
391 2.99658
