1 0.01572
2 0.01851
3 0.02371
4 0.05702
5 0.07211
6 0.07561
7 0.08793
8 0.08903
9 0.09861
10 0.11553
11 0.12299
12 0.1323
13 0.1397
14 0.15166
15 0.1782
16 0.19299
17 0.20936
18 0.21171
19 0.21846
20 0.233
21 0.27171
22 0.27651
23 0.28786
24 0.29198
25 0.31963
26 0.34382
27 0.36226
28 0.37562
29 0.38153
30 0.38815
31 0.38976
32 0.39351
33 0.39682
34 0.40232
35 0.4229
36 0.44561
37 0.44864
38 0.4528
39 0.46356
40 0.46924
41 0.47086
42 0.48394
43 0.49972
44 0.50507
45 0.52397
46 0.54114
47 0.55478
48 0.57595
49 0.58423
50 0.62165
51 0.63014
52 0.63405
53 0.64016
54 0.6492
55 0.67186
56 0.67774
57 0.69089
58 0.69393
59 0.69621
60 0.71345
61 0.71999
62 0.72178
63 0.73628
64 0.78126
65 0.81538
66 0.82121
67 0.82406
68 0.85248
69 0.86071
70 0.86399
71 0.86716
72 0.87456
73 0.89818
74 0.91747
75 0.92011
76 0.92407
77 0.93765
78 0.95037
79 0.97036
80 0.98767
81 0.99392
82 0.99883
83 1.00224
84 1.0064
85 1.0213
86 1.02993
87 1.05147
88 1.06796
89 1.10159
90 1.10426
91 1.12844
92 1.12958
93 1.13506
94 1.1557
95 1.16032
96 1.1632
97 1.18285
98 1.19388
99 1.20451
100 1.22957
101 1.23369
102 1.23691
103 1.25137
104 1.25459
105 1.26537
106 1.2973
107 1.30955
108 1.32552
109 1.33625
110 1.35337
111 1.35864
112 1.36629
113 1.39077
114 1.39567
115 1.41208
116 1.4183
117 1.43596
118 1.43957
119 1.45029
120 1.45204
121 1.45361
122 1.45677
123 1.46359
124 1.47032
125 1.4898
126 1.49698
127 1.5003
128 1.50524
129 1.51257
130 1.52232
131 1.5237
132 1.541
133 1.59264
134 1.59535
135 1.61648
136 1.63138
137 1.64209
138 1.64561
139 1.65729
140 1.67122
141 1.69361
142 1.69538
143 1.7047
144 1.7261
145 1.72954
146 1.74914
147 1.7656
148 1.76849
149 1.77848
150 1.8222
151 1.83877
152 1.84696
153 1.86126
154 1.8765
155 1.89452
156 1.89618
157 1.89776
158 1.90309
159 1.92223
160 1.94481
161 1.95523
162 1.96561
163 1.97941
164 1.99008
165 1.99763
166 2.01739
167 2.02478
168 2.03884
169 2.07461
170 2.10663
171 2.11435
172 2.11913
173 2.12533
174 2.1485
175 2.15192
176 2.15849
177 2.18764
178 2.2001
179 2.20363
180 2.20702
181 2.21295
182 2.22398
183 2.2566
184 2.26308
185 2.26713
186 2.26887
187 2.2799
188 2.30164
189 2.33844
190 2.36235
191 2.36619
192 2.37526
193 2.37657
194 2.37967
195 2.40263
196 2.42423
197 2.43963
198 2.44257
199 2.45023
200 2.45417
201 2.45579
202 2.46296
203 2.46941
204 2.49003
205 2.50163
206 2.51679
207 2.53015
208 2.53855
209 2.57416
210 2.59408
211 2.59723
212 2.60531
213 2.60837
214 2.6222
215 2.62565
216 2.64319
217 2.65059
218 2.65502
219 2.67008
220 2.69828
221 2.70764
222 2.72196
223 2.74055
224 2.7435
225 2.74621
226 2.75835
227 2.78045
228 2.80025
229 2.81295
230 2.82839
231 2.84612
232 2.8584
233 2.87296
234 2.89056
235 2.89743
236 2.91734
237 2.94843
238 2.97021
239 2.98057
240 2.98404
241 2.98945
