1 0.00219
2 0.00334
3 0.00747
4 0.0094
5 0.01318
6 0.01674
7 0.01784
8 0.01966
9 0.02529
10 0.02833
11 0.03475
12 0.03793
13 0.04047
14 0.04538
15 0.0475
16 0.05243
17 0.05897
18 0.07251
19 0.07645
20 0.08036
21 0.09237
22 0.10042
23 0.10555
24 0.11895
25 0.12218
26 0.13936
27 0.14249
28 0.14651
29 0.14919
30 0.15513
31 0.16406
32 0.17861
33 0.1808
34 0.18408
35 0.18652
36 0.19004
37 0.21694
38 0.22163
39 0.22944
40 0.23724
41 0.25214
42 0.25831
43 0.26537
44 0.26773
45 0.26955
46 0.27772
47 0.28226
48 0.28433
49 0.28953
50 0.29516
51 0.30298
52 0.31135
53 0.31497
54 0.31963
55 0.32467
56 0.32591
57 0.32774
58 0.33455
59 0.33758
60 0.33906
61 0.34217
62 0.3442
63 0.35419
64 0.35927
65 0.37379
66 0.3852
67 0.39373
68 0.4282
69 0.43383
70 0.43947
71 0.4595
72 0.46236
73 0.48977
74 0.49816
75 0.49992
76 0.51297
77 0.52068
78 0.52446
79 0.53448
80 0.54577
81 0.55621
82 0.56208
83 0.56848
84 0.57702
85 0.57913
86 0.5974
87 0.60376
88 0.60471
89 0.61895
90 0.62429
91 0.63876
92 0.66879
93 0.67667
94 0.68264
95 0.69312
96 0.69782
97 0.70585
98 0.73747
99 0.7414
100 0.74606
101 0.75081
102 0.75423
103 0.7626
104 0.76743
105 0.77066
106 0.78039
107 0.79761
108 0.80125
109 0.80752
110 0.81183
111 0.81336
112 0.81437
113 0.82222
114 0.8245
115 0.82577
116 0.83337
117 0.83711
118 0.83862
119 0.845
120 0.85639
121 0.87159
122 0.87712
123 0.88536
124 0.89211
125 0.90563
126 0.91144
127 0.91916
128 0.93789
129 0.94214
130 0.94541
131 0.95507
132 0.95923
133 0.96175
134 0.96635
135 0.97244
136 0.97824
137 0.98901
138 0.99185
139 0.99902
140 1.00439
141 1.00687
142 1.01646
143 1.02124
144 1.02525
145 1.02982
146 1.03332
147 1.03785
148 1.04958
149 1.06008
150 1.06174
151 1.07221
152 1.07928
153 1.08705
154 1.08961
155 1.10576
156 1.11574
157 1.12145
158 1.13905
159 1.15182
160 1.16418
161 1.16607
162 1.17214
163 1.17793
164 1.19285
165 1.19554
166 1.20536
167 1.24039
168 1.24473
169 1.25197
170 1.25463
171 1.26418
172 1.26763
173 1.27418
174 1.2811
175 1.28554
176 1.30182
177 1.31092
178 1.3176
179 1.32321
180 1.32814
181 1.33369
182 1.34155
183 1.34432
184 1.34645
185 1.35629
186 1.36174
187 1.36864
188 1.38444
189 1.394
190 1.39751
191 1.39932
192 1.40571
193 1.4294
194 1.43634
195 1.44234
196 1.44835
197 1.45295
198 1.47957
199 1.48705
200 1.49143
201 1.4937
202 1.49814
203 1.49949
204 1.50325
205 1.51095
206 1.5214
207 1.52773
208 1.53307
209 1.53752
210 1.54741
211 1.54952
212 1.56293
213 1.56902
214 1.57313
215 1.5891
216 1.59927
217 1.60381
218 1.61437
219 1.61853
220 1.63701
221 1.63932
222 1.64448
223 1.64904
224 1.6517
225 1.65843
226 1.67232
227 1.67354
228 1.68336
229 1.69017
230 1.69247
231 1.69792
232 1.70195
233 1.71444
234 1.71936
235 1.73559
236 1.74243
237 1.75231
238 1.76382
239 1.76886
240 1.77999
241 1.78256
242 1.80488
243 1.80982
244 1.81137
245 1.83231
246 1.838
247 1.84071
248 1.84439
249 1.85556
250 1.86698
251 1.87841
252 1.8854
253 1.89893
254 1.90124
255 1.90452
256 1.91113
257 1.91526
258 1.93143
259 1.93951
260 1.94958
261 1.95455
262 1.96093
263 1.96925
264 1.98833
265 1.99787
266 2.00046
267 2.00845
268 2.01058
269 2.01611
270 2.01876
271 2.05292
272 2.05881
273 2.06265
274 2.06636
275 2.07043
276 2.07445
277 2.07614
278 2.08152
279 2.09638
280 2.10306
281 2.10618
282 2.11444
283 2.1253
284 2.13998
285 2.14252
286 2.16572
287 2.17131
288 2.17508
289 2.19558
290 2.20496
291 2.2142
292 2.21723
293 2.22902
294 2.23475
295 2.24467
296 2.26117
297 2.26543
298 2.27644
299 2.28371
300 2.28716
301 2.28916
302 2.29678
303 2.30232
304 2.30691
305 2.3102
306 2.31419
307 2.3214
308 2.32679
309 2.33726
310 2.35501
311 2.35756
312 2.36028
313 2.38503
314 2.40147
315 2.40735
316 2.40943
317 2.41417
318 2.41893
319 2.42346
320 2.42628
321 2.43596
322 2.44024
323 2.4439
324 2.45069
325 2.45569
326 2.46261
327 2.48637
328 2.49023
329 2.49762
330 2.5094
331 2.51175
332 2.51526
333 2.52943
334 2.53443
335 2.5398
336 2.5467
337 2.55107
338 2.55431
339 2.56186
340 2.5631
341 2.56743
342 2.57104
343 2.57893
344 2.58654
345 2.59247
346 2.6052
347 2.60756
348 2.62227
349 2.63109
350 2.63912
351 2.65247
352 2.65587
353 2.6651
354 2.67015
355 2.68912
356 2.69218
357 2.69966
358 2.70859
359 2.73323
360 2.74904
361 2.76265
362 2.77599
363 2.78446
364 2.79382
365 2.79695
366 2.79963
367 2.80512
368 2.8272
369 2.83385
370 2.84565
371 2.86236
372 2.871
373 2.88358
374 2.89921
375 2.90773
376 2.91203
377 2.91644
378 2.93188
379 2.93793
380 2.94254
381 2.94871
382 2.95587
383 2.96142
384 2.96681
385 2.97373
386 2.97792
387 2.98323
388 2.99125
