1 0.00856
2 0.02872
3 0.03318
4 0.03762
5 0.05013
6 0.05161
7 0.05794
8 0.07201
9 0.07374
10 0.07535
11 0.0848
12 0.09053
13 0.09489
14 0.09946
15 0.10921
16 0.11675
17 0.11969
18 0.12063
19 0.1332
20 0.15499
21 0.15878
22 0.16336
23 0.1735
24 0.17985
25 0.18805
26 0.19279
27 0.19571
28 0.1995
29 0.20677
30 0.21085
31 0.22978
32 0.25135
33 0.25333
34 0.25683
35 0.27896
36 0.28727
37 0.29507
38 0.30259
39 0.33605
40 0.34888
41 0.36078
42 0.36372
43 0.36568
44 0.37335
45 0.38311
46 0.39478
47 0.40962
48 0.41994
49 0.43543
50 0.44566
51 0.4525
52 0.46495
53 0.46647
54 0.47163
55 0.48638
56 0.50668
57 0.51314
58 0.52731
59 0.54309
60 0.54704
61 0.55037
62 0.55755
63 0.57303
64 0.5891
65 0.59468
66 0.59837
67 0.60955
68 0.61746
69 0.62036
70 0.63525
71 0.64282
72 0.64572
73 0.65086
74 0.65588
75 0.66889
76 0.68188
77 0.70945
78 0.71437
79 0.72779
80 0.72899
81 0.73296
82 0.74487
83 0.7579
84 0.76434
85 0.77148
86 0.78442
87 0.79769
88 0.79995
89 0.80758
90 0.80905
91 0.81757
92 0.82305
93 0.82708
94 0.84751
95 0.85056
96 0.85636
97 0.86252
98 0.8638
99 0.86909
100 0.87023
101 0.87747
102 0.88688
103 0.8949
104 0.89669
105 0.89782
106 0.90029
107 0.90268
108 0.90394
109 0.9109
110 0.91617
111 0.95427
112 0.96016
113 0.97567
114 0.99321
115 1.00681
116 1.01266
117 1.03363
118 1.03486
119 1.05077
120 1.05774
121 1.06874
122 1.07389
123 1.07578
124 1.08182
125 1.09929
126 1.11748
127 1.126
128 1.14611
129 1.15381
130 1.16344
131 1.17192
132 1.17871
133 1.20963
134 1.21748
135 1.23679
136 1.25973
137 1.26174
138 1.28372
139 1.28708
140 1.30571
141 1.31094
142 1.33618
143 1.34792
144 1.38241
145 1.39193
146 1.40325
147 1.40662
148 1.40862
149 1.42433
150 1.43313
151 1.44017
152 1.45114
153 1.45331
154 1.48421
155 1.49043
156 1.49565
157 1.50197
158 1.51186
159 1.51679
160 1.52073
161 1.52484
162 1.52769
163 1.5346
164 1.54317
165 1.54834
166 1.56553
167 1.572
168 1.57675
169 1.58148
170 1.5887
171 1.59461
172 1.60409
173 1.63822
174 1.64115
175 1.64394
176 1.65575
177 1.664
178 1.67408
179 1.67504
180 1.68778
181 1.69641
182 1.70848
183 1.71603
184 1.71939
185 1.72287
186 1.73183
187 1.73396
188 1.74087
189 1.75839
190 1.76274
191 1.76876
192 1.79013
193 1.79346
194 1.80449
195 1.80779
196 1.82826
197 1.835
198 1.84338
199 1.85515
200 1.85923
201 1.86741
202 1.88695
203 1.89568
204 1.92202
205 1.92783
206 1.93954
207 1.95519
208 1.95758
209 1.98333
210 1.98748
211 1.98868
212 1.99757
213 2.00268
214 2.03162
215 2.04106
216 2.04228
217 2.04653
218 2.06143
219 2.09453
220 2.09735
221 2.11372
222 2.12273
223 2.13132
224 2.1384
225 2.14298
226 2.15939
227 2.19442
228 2.20832
229 2.21796
230 2.23136
231 2.24498
232 2.25457
233 2.25791
234 2.28847
235 2.30078
236 2.31458
237 2.32935
238 2.3378
239 2.35193
240 2.35333
241 2.3628
242 2.38064
243 2.38662
244 2.3907
245 2.40378
246 2.40975
247 2.41735
248 2.41993
249 2.42111
250 2.45715
251 2.46154
252 2.47974
253 2.4865
254 2.49047
255 2.49169
256 2.52312
257 2.53039
258 2.53292
259 2.53535
260 2.54704
261 2.5574
262 2.57032
263 2.59288
264 2.59958
265 2.60957
266 2.61883
267 2.62339
268 2.6362
269 2.6393
270 2.64346
271 2.65076
272 2.65698
273 2.66385
274 2.67018
275 2.68732
276 2.73362
277 2.73653
278 2.7537
279 2.76572
280 2.77786
281 2.78309
282 2.78779
283 2.79787
284 2.80918
285 2.82392
286 2.83394
287 2.83523
288 2.84165
289 2.85009
290 2.85712
291 2.86331
292 2.86654
293 2.88161
294 2.88969
295 2.89755
296 2.90435
297 2.92709
298 2.92869
299 2.93975
300 2.94083
301 2.95773
302 2.96906
303 2.9834
