1 0.00615
2 0.01126
3 0.01444
4 0.01945
5 0.02408
6 0.03045
7 0.03856
8 0.04344
9 0.05158
10 0.05541
11 0.06064
12 0.06291
13 0.06826
14 0.07408
15 0.08384
16 0.08648
17 0.09428
18 0.10005
19 0.10522
20 0.11026
21 0.1309
22 0.13382
23 0.13735
24 0.14219
25 0.14776
26 0.15756
27 0.16562
28 0.16709
29 0.1726
30 0.17564
31 0.18542
32 0.18941
33 0.19803
34 0.21143
35 0.21887
36 0.22364
37 0.22595
38 0.23751
39 0.24446
40 0.25394
41 0.2603
42 0.2839
43 0.28782
44 0.29129
45 0.31314
46 0.31585
47 0.3235
48 0.32511
49 0.34081
50 0.35878
51 0.37242
52 0.38122
53 0.38804
54 0.39145
55 0.39657
56 0.40269
57 0.41274
58 0.41781
59 0.42545
60 0.43358
61 0.44311
62 0.45541
63 0.46207
64 0.46456
65 0.46953
66 0.47533
67 0.48088
68 0.49073
69 0.49606
70 0.50407
71 0.50944
72 0.52824
73 0.53754
74 0.54013
75 0.54836
76 0.55524
77 0.55908
78 0.58043
79 0.59346
80 0.60107
81 0.61118
82 0.63647
83 0.64434
84 0.65069
85 0.65336
86 0.69054
87 0.70796
88 0.71764
89 0.72255
90 0.73303
91 0.74005
92 0.75513
93 0.78597
94 0.78846
95 0.79472
96 0.79612
97 0.80531
98 0.81956
99 0.82393
100 0.82647
101 0.83126
102 0.84058
103 0.8531
104 0.86458
105 0.88146
106 0.88626
107 0.89572
108 0.90495
109 0.91083
110 0.9202
111 0.95983
112 0.96467
113 0.97392
114 0.97699
115 0.9802
116 0.98789
117 0.99537
118 1.01181
119 1.01828
120 1.02185
121 1.02457
122 1.02726
123 1.03433
124 1.04207
125 1.05727
126 1.06564
127 1.08529
128 1.09047
129 1.09825
130 1.14298
131 1.15123
132 1.15487
133 1.15574
134 1.16428
135 1.17092
136 1.17806
137 1.18307
138 1.19364
139 1.20941
140 1.21756
141 1.22633
142 1.23508
143 1.24071
144 1.24999
145 1.25638
146 1.26176
147 1.2692
148 1.29259
149 1.30728
150 1.31644
151 1.32128
152 1.32478
153 1.32635
154 1.34749
155 1.349
156 1.35351
157 1.36896
158 1.38377
159 1.39166
160 1.39935
161 1.40541
162 1.4072
163 1.40891
164 1.41394
165 1.41809
166 1.42591
167 1.4417
168 1.45636
169 1.47255
170 1.47748
171 1.4921
172 1.49424
173 1.49885
174 1.51376
175 1.51692
176 1.51953
177 1.52301
178 1.53021
179 1.54122
180 1.5575
181 1.57526
182 1.58245
183 1.60641
184 1.60832
185 1.6154
186 1.61926
187 1.64143
188 1.64374
189 1.64875
190 1.66925
191 1.6746
192 1.70914
193 1.712
194 1.71672
195 1.73805
196 1.74692
197 1.75342
198 1.77657
199 1.78177
200 1.7998
201 1.80283
202 1.81921
203 1.82585
204 1.85258
205 1.88896
206 1.9004
207 1.90642
208 1.90926
209 1.92534
210 1.95734
211 1.97324
212 1.98266
213 1.9882
214 1.98996
215 1.99729
216 2.00368
217 2.00767
218 2.01418
219 2.02541
220 2.02813
221 2.03831
222 2.04278
223 2.04785
224 2.05701
225 2.06375
226 2.07091
227 2.07827
228 2.09051
229 2.09633
230 2.10884
231 2.13988
232 2.14885
233 2.1559
234 2.16507
235 2.21117
236 2.21421
237 2.2299
238 2.23637
239 2.23925
240 2.24583
241 2.25821
242 2.26358
243 2.27379
244 2.27882
245 2.28755
246 2.29042
247 2.29288
248 2.29939
249 2.30912
250 2.318
251 2.32151
252 2.32524
253 2.33353
254 2.3537
255 2.35564
256 2.35936
257 2.3616
258 2.37918
259 2.39107
260 2.39439
261 2.41739
262 2.4237
263 2.45224
264 2.4655
265 2.47168
266 2.47673
267 2.48353
268 2.49781
269 2.50879
270 2.51249
271 2.51498
272 2.51843
273 2.52854
274 2.53736
275 2.56658
276 2.57127
277 2.57525
278 2.58092
279 2.58682
280 2.60549
281 2.61006
282 2.6294
283 2.64277
284 2.64498
285 2.66281
286 2.66601
287 2.67136
288 2.67462
289 2.68691
290 2.69199
291 2.71757
292 2.72224
293 2.73712
294 2.75187
295 2.75444
296 2.77043
297 2.77727
298 2.78684
299 2.79052
300 2.80204
301 2.82282
302 2.83946
303 2.85357
304 2.89044
305 2.91932
306 2.93575
307 2.9571
308 2.95968
309 2.96543
310 2.97434
311 2.97556
312 2.97996
313 2.98524
314 2.99507
