1 0.00555
2 0.01207
3 0.02937
4 0.03073
5 0.04278
6 0.04874
7 0.05352
8 0.06408
9 0.0672
10 0.06906
11 0.07294
12 0.09051
13 0.10052
14 0.10928
15 0.11513
16 0.12601
17 0.13031
18 0.13636
19 0.14756
20 0.16153
21 0.16718
22 0.17658
23 0.18889
24 0.20015
25 0.21499
26 0.22694
27 0.24287
28 0.247
29 0.25669
30 0.26593
31 0.27074
32 0.27393
33 0.27696
34 0.27898
35 0.28279
36 0.29174
37 0.30113
38 0.31273
39 0.31935
40 0.32785
41 0.33384
42 0.34539
43 0.3494
44 0.35294
45 0.37351
46 0.37775
47 0.38187
48 0.3887
49 0.40018
50 0.40285
51 0.4051
52 0.43184
53 0.43278
54 0.4386
55 0.44963
56 0.46359
57 0.47552
58 0.49073
59 0.51187
60 0.53197
61 0.53364
62 0.5407
63 0.55064
64 0.56702
65 0.57416
66 0.58966
67 0.61178
68 0.62578
69 0.64403
70 0.6489
71 0.65872
72 0.66439
73 0.66569
74 0.66935
75 0.70301
76 0.70694
77 0.71618
78 0.72295
79 0.72455
80 0.73349
81 0.73698
82 0.74854
83 0.76734
84 0.77187
85 0.79148
86 0.79968
87 0.80072
88 0.81377
89 0.82286
90 0.83093
91 0.84046
92 0.84494
93 0.84985
94 0.87458
95 0.89277
96 0.89663
97 0.90701
98 0.92682
99 0.93004
100 0.93939
101 0.94677
102 0.95475
103 0.96286
104 0.96419
105 0.97606
106 0.994
107 1.00905
108 1.02143
109 1.035
110 1.04659
111 1.07403
112 1.07602
113 1.08416
114 1.10314
115 1.10583
116 1.11307
117 1.1219
118 1.12547
119 1.13212
120 1.17
121 1.17464
122 1.17883
123 1.18087
124 1.18949
125 1.2099
126 1.21906
127 1.23019
128 1.24108
129 1.25881
130 1.27309
131 1.27682
132 1.2818
133 1.31502
134 1.32153
135 1.3255
136 1.32971
137 1.33067
138 1.34822
139 1.35195
140 1.36207
141 1.36979
142 1.392
143 1.4063
144 1.41109
145 1.42164
146 1.43128
147 1.43512
148 1.43877
149 1.4409
150 1.45131
151 1.45651
152 1.45901
153 1.46542
154 1.47285
155 1.47722
156 1.48938
157 1.50613
158 1.51356
159 1.52278
160 1.53149
161 1.53955
162 1.54187
163 1.5494
164 1.56548
165 1.59986
166 1.6015
167 1.61307
168 1.62497
169 1.6354
170 1.63735
171 1.64609
172 1.65022
173 1.65683
174 1.66207
175 1.66467
176 1.6723
177 1.67562
178 1.69806
179 1.70155
180 1.71294
181 1.72551
182 1.7283
183 1.74281
184 1.75024
185 1.75463
186 1.76517
187 1.77377
188 1.79393
189 1.80379
190 1.82253
191 1.83668
192 1.84787
193 1.86455
194 1.88194
195 1.90861
196 1.92376
197 1.93792
198 1.95152
199 1.983
200 1.98595
201 1.99717
202 2.00553
203 2.01703
204 2.02516
205 2.02916
206 2.03977
207 2.04154
208 2.05336
209 2.07078
210 2.07804
211 2.08558
212 2.08779
213 2.09487
214 2.10303
215 2.10905
216 2.12147
217 2.12588
218 2.13325
219 2.13611
220 2.13958
221 2.14386
222 2.14859
223 2.15476
224 2.16174
225 2.16715
226 2.17958
227 2.19348
228 2.19761
229 2.21001
230 2.22576
231 2.23288
232 2.23577
233 2.23712
234 2.25196
235 2.27127
236 2.27681
237 2.28186
238 2.28761
239 2.2916
240 2.30045
241 2.3027
242 2.30395
243 2.30883
244 2.31112
245 2.33051
246 2.35812
247 2.36386
248 2.37484
249 2.38486
250 2.39992
251 2.40471
252 2.41046
253 2.41271
254 2.41946
255 2.43243
256 2.44699
257 2.46343
258 2.47289
259 2.47455
260 2.48239
261 2.48654
262 2.49992
263 2.50452
264 2.50807
265 2.51727
266 2.52598
267 2.53069
268 2.54976
269 2.55171
270 2.5542
271 2.57588
272 2.58356
273 2.59378
274 2.59774
275 2.60018
276 2.61817
277 2.63044
278 2.63813
279 2.64969
280 2.65872
281 2.66774
282 2.68596
283 2.68895
284 2.69027
285 2.71547
286 2.73241
287 2.73746
288 2.74711
289 2.77433
290 2.80098
291 2.80824
292 2.81961
293 2.83585
294 2.84657
295 2.85181
296 2.86743
297 2.86942
298 2.87054
299 2.88246
300 2.89069
301 2.9157
302 2.91817
303 2.94045
304 2.94993
305 2.95719
306 2.96299
307 2.97615
308 2.98898
