1 0.00434
2 0.00611
3 0.00825
4 0.01266
5 0.01558
6 0.01767
7 0.03984
8 0.04369
9 0.05253
10 0.06848
11 0.07059
12 0.08002
13 0.08525
14 0.10901
15 0.12598
16 0.12797
17 0.14546
18 0.15651
19 0.15844
20 0.17009
21 0.18446
22 0.19281
23 0.2081
24 0.21905
25 0.22884
26 0.23667
27 0.2511
28 0.25834
29 0.26177
30 0.27257
31 0.27517
32 0.27918
33 0.28083
34 0.28641
35 0.30918
36 0.31879
37 0.32083
38 0.33493
39 0.34189
40 0.35174
41 0.35755
42 0.36954
43 0.39169
44 0.40365
45 0.40652
46 0.41506
47 0.42371
48 0.42624
49 0.44371
50 0.45029
51 0.47189
52 0.48927
53 0.49765
54 0.50926
55 0.51979
56 0.52392
57 0.53625
58 0.54076
59 0.55404
60 0.56508
61 0.56752
62 0.57353
63 0.58528
64 0.58855
65 0.59598
66 0.60983
67 0.62433
68 0.62787
69 0.63698
70 0.6397
71 0.65357
72 0.65976
73 0.66843
74 0.67863
75 0.69301
76 0.6999
77 0.70504
78 0.71788
79 0.73163
80 0.75088
81 0.75352
82 0.76073
83 0.77143
84 0.77333
85 0.77797
86 0.78921
87 0.79478
88 0.80189
89 0.8138
90 0.82893
91 0.83292
92 0.84605
93 0.85633
94 0.86056
95 0.86194
96 0.87259
97 0.87886
98 0.8833
99 0.88961
100 0.89201
101 0.9004
102 0.91158
103 0.92663
104 0.93731
105 0.94289
106 0.9492
107 0.95339
108 0.97195
109 0.97579
110 0.985
111 0.98892
112 0.99599
113 0.99885
114 1.00202
115 1.00403
116 1.01009
117 1.01375
118 1.03016
119 1.03495
120 1.03969
121 1.05244
122 1.0663
123 1.06872
124 1.0791
125 1.08534
126 1.09074
127 1.09401
128 1.10595
129 1.10823
130 1.11866
131 1.12483
132 1.12693
133 1.12925
134 1.13417
135 1.15807
136 1.16074
137 1.16776
138 1.17873
139 1.1817
140 1.20562
141 1.21433
142 1.23239
143 1.24055
144 1.25151
145 1.25516
146 1.26022
147 1.269
148 1.27358
149 1.28137
150 1.28982
151 1.29114
152 1.29355
153 1.3101
154 1.32033
155 1.32798
156 1.33271
157 1.34843
158 1.35092
159 1.35304
160 1.35406
161 1.35969
162 1.36212
163 1.38402
164 1.38675
165 1.40027
166 1.42546
167 1.42973
168 1.44446
169 1.45374
170 1.45625
171 1.46055
172 1.49207
173 1.49792
174 1.4991
175 1.50725
176 1.52003
177 1.52692
178 1.53584
179 1.53871
180 1.55114
181 1.56029
182 1.56815
183 1.58521
184 1.58881
185 1.59093
186 1.59663
187 1.61103
188 1.61479
189 1.62891
190 1.6558
191 1.66242
192 1.69374
193 1.69853
194 1.70184
195 1.711
196 1.72414
197 1.73668
198 1.7408
199 1.74344
200 1.74828
201 1.76283
202 1.76874
203 1.77395
204 1.77783
205 1.78902
206 1.7974
207 1.80125
208 1.8034
209 1.80914
210 1.81215
211 1.82874
212 1.84276
213 1.85645
214 1.86211
215 1.86623
216 1.88054
217 1.89716
218 1.90631
219 1.90818
220 1.91082
221 1.92834
222 1.94419
223 1.95624
224 1.97462
225 1.98507
226 1.99252
227 2.00434
228 2.00704
229 2.0275
230 2.04065
231 2.04989
232 2.06367
233 2.06697
234 2.0723
235 2.07694
236 2.08788
237 2.10928
238 2.12229
239 2.14158
240 2.14795
241 2.15672
242 2.16367
243 2.17188
244 2.17395
245 2.18816
246 2.19554
247 2.20336
248 2.207
249 2.22066
250 2.22723
251 2.23524
252 2.24296
253 2.24994
254 2.25741
255 2.26655
256 2.27514
257 2.27917
258 2.28113
259 2.29601
260 2.30278
261 2.30808
262 2.31106
263 2.32664
264 2.33127
265 2.35272
266 2.35494
267 2.37088
268 2.38424
269 2.39422
270 2.40006
271 2.40306
272 2.42079
273 2.43266
274 2.44178
275 2.44982
276 2.45793
277 2.46705
278 2.48571
279 2.50483
280 2.51373
281 2.52251
282 2.52941
283 2.53719
284 2.53977
285 2.55066
286 2.59433
287 2.60536
288 2.62772
289 2.63143
290 2.65046
291 2.66509
292 2.68409
293 2.68982
294 2.71091
295 2.71326
296 2.72308
297 2.72677
298 2.73873
299 2.76959
300 2.77703
301 2.77958
302 2.78958
303 2.80799
304 2.81425
305 2.82011
306 2.82711
307 2.83913
308 2.85576
309 2.86881
310 2.87263
311 2.89415
312 2.90744
313 2.95373
314 2.97021
315 2.97385
316 2.98722
317 2.9989
