1 0.00341
2 0.00912
3 0.01995
4 0.02108
5 0.03152
6 0.03289
7 0.03459
8 0.03581
9 0.03778
10 0.0482
11 0.05384
12 0.0618
13 0.06352
14 0.06649
15 0.07644
16 0.08795
17 0.09593
18 0.10302
19 0.11726
20 0.13262
21 0.13544
22 0.1445
23 0.15042
24 0.15886
25 0.16427
26 0.16867
27 0.19477
28 0.20613
29 0.21229
30 0.2164
31 0.23364
32 0.23985
33 0.25705
34 0.26499
35 0.27532
36 0.28207
37 0.2923
38 0.31119
39 0.31683
40 0.33199
41 0.35201
42 0.36971
43 0.37681
44 0.38691
45 0.39828
46 0.41708
47 0.41971
48 0.42312
49 0.42982
50 0.43467
51 0.43626
52 0.43886
53 0.4532
54 0.45972
55 0.46131
56 0.47054
57 0.47984
58 0.48786
59 0.49608
60 0.51232
61 0.51973
62 0.53515
63 0.5408
64 0.55775
65 0.57021
66 0.58654
67 0.59067
68 0.60028
69 0.61473
70 0.61947
71 0.62629
72 0.63365
73 0.64264
74 0.64538
75 0.65128
76 0.66142
77 0.66438
78 0.68058
79 0.68707
80 0.69821
81 0.70416
82 0.70585
83 0.71533
84 0.7231
85 0.7264
86 0.74105
87 0.76542
88 0.78455
89 0.78832
90 0.79562
91 0.80139
92 0.80551
93 0.81735
94 0.81885
95 0.83071
96 0.83498
97 0.84213
98 0.84625
99 0.85188
100 0.87035
101 0.8729
102 0.876
103 0.87971
104 0.88162
105 0.88742
106 0.89517
107 0.92901
108 0.93892
109 0.94256
110 0.95754
111 0.96884
112 0.98414
113 0.99603
114 1.00822
115 1.02849
116 1.03793
117 1.03924
118 1.04261
119 1.05264
120 1.07122
121 1.07757
122 1.08101
123 1.08917
124 1.1
125 1.10371
126 1.11711
127 1.12091
128 1.12308
129 1.12853
130 1.13406
131 1.13661
132 1.139
133 1.1499
134 1.16988
135 1.17653
136 1.18306
137 1.20245
138 1.2045
139 1.21022
140 1.21258
141 1.22154
142 1.23102
143 1.24234
144 1.25072
145 1.25345
146 1.28613
147 1.29091
148 1.30547
149 1.30834
150 1.31133
151 1.32799
152 1.33096
153 1.33594
154 1.34325
155 1.34461
156 1.34959
157 1.35276
158 1.35962
159 1.37318
160 1.37717
161 1.3819
162 1.38359
163 1.39883
164 1.40329
165 1.4078
166 1.42489
167 1.42581
168 1.43056
169 1.43405
170 1.4373
171 1.44698
172 1.44998
173 1.45712
174 1.45966
175 1.47583
176 1.48265
177 1.49032
178 1.50236
179 1.50383
180 1.5203
181 1.53111
182 1.5373
183 1.54124
184 1.54867
185 1.55027
186 1.56021
187 1.5706
188 1.57336
189 1.60815
190 1.61881
191 1.62457
192 1.63599
193 1.64558
194 1.64766
195 1.65411
196 1.66709
197 1.67365
198 1.67926
199 1.68788
200 1.69388
201 1.7131
202 1.71428
203 1.72072
204 1.73125
205 1.73993
206 1.74215
207 1.7581
208 1.78291
209 1.78921
210 1.80419
211 1.80912
212 1.82037
213 1.82274
214 1.82902
215 1.83796
216 1.8436
217 1.85551
218 1.86745
219 1.89394
220 1.90956
221 1.92348
222 1.93309
223 1.94774
224 1.95889
225 1.96367
226 1.96934
227 1.97513
228 1.982
229 1.98534
230 1.99402
231 1.9999
232 2.02817
233 2.03134
234 2.05231
235 2.05623
236 2.07106
237 2.0753
238 2.09052
239 2.09206
240 2.10653
241 2.11659
242 2.12009
243 2.12481
244 2.12667
245 2.13004
246 2.1395
247 2.16145
248 2.1687
249 2.17681
250 2.18447
251 2.20043
252 2.21378
253 2.22733
254 2.23786
255 2.25624
256 2.25889
257 2.26375
258 2.27648
259 2.30343
260 2.30867
261 2.31177
262 2.3161
263 2.32105
264 2.32592
265 2.32813
266 2.33615
267 2.34882
268 2.36259
269 2.3749
270 2.38889
271 2.39228
272 2.39805
273 2.40803
274 2.41703
275 2.42536
276 2.43054
277 2.44583
278 2.44742
279 2.45148
280 2.45852
281 2.46307
282 2.47065
283 2.4782
284 2.48861
285 2.49342
286 2.504
287 2.51094
288 2.51207
289 2.52353
290 2.52862
291 2.53126
292 2.53398
293 2.53522
294 2.53796
295 2.55408
296 2.56098
297 2.56229
298 2.57456
299 2.58364
300 2.59409
301 2.60575
302 2.60713
303 2.61948
304 2.63431
305 2.64433
306 2.65303
307 2.65912
308 2.66296
309 2.67051
310 2.67625
311 2.68644
312 2.6891
313 2.70058
314 2.70988
315 2.73334
316 2.7421
317 2.75282
318 2.77009
319 2.77359
320 2.77787
321 2.78148
322 2.78789
323 2.79542
324 2.80094
325 2.80574
326 2.82271
327 2.8268
328 2.8501
329 2.85469
330 2.86416
331 2.87643
332 2.8803
333 2.88994
334 2.89406
335 2.90079
336 2.92055
337 2.94497
338 2.9508
339 2.95717
340 2.97106
341 2.97189
342 2.98401
343 2.99142
344 2.99521
