1 0.00688
2 0.01111
3 0.01478
4 0.01957
5 0.02671
6 0.0289
7 0.0338
8 0.04732
9 0.04948
10 0.07164
11 0.07515
12 0.08408
13 0.09157
14 0.09926
15 0.10234
16 0.11721
17 0.12418
18 0.13376
19 0.14699
20 0.1526
21 0.16085
22 0.1637
23 0.17911
24 0.1826
25 0.18665
26 0.1963
27 0.20236
28 0.21873
29 0.24024
30 0.24471
31 0.25672
32 0.25963
33 0.26146
34 0.26702
35 0.27341
36 0.27819
37 0.29612
38 0.30327
39 0.31423
40 0.32156
41 0.32324
42 0.33221
43 0.34697
44 0.35976
45 0.37657
46 0.37821
47 0.38449
48 0.38963
49 0.4029
50 0.41194
51 0.41458
52 0.4208
53 0.43528
54 0.44487
55 0.44811
56 0.45805
57 0.46204
58 0.4761
59 0.47946
60 0.49114
61 0.49727
62 0.50416
63 0.51087
64 0.51315
65 0.52291
66 0.52643
67 0.52787
68 0.54175
69 0.5558
70 0.55929
71 0.56855
72 0.57584
73 0.57777
74 0.58518
75 0.59247
76 0.5951
77 0.61454
78 0.61619
79 0.62346
80 0.62992
81 0.63398
82 0.64539
83 0.66063
84 0.66494
85 0.66739
86 0.67352
87 0.68002
88 0.69818
89 0.70291
90 0.70954
91 0.71173
92 0.71869
93 0.71961
94 0.72226
95 0.72628
96 0.74265
97 0.75271
98 0.75807
99 0.76683
100 0.77086
101 0.777
102 0.78003
103 0.78635
104 0.80527
105 0.81542
106 0.82724
107 0.83663
108 0.85295
109 0.86553
110 0.86896
111 0.87933
112 0.88792
113 0.89638
114 0.91152
115 0.91398
116 0.91983
117 0.92723
118 0.94763
119 0.96529
120 0.98799
121 0.99737
122 1.01116
123 1.02446
124 1.0328
125 1.03708
126 1.04389
127 1.04544
128 1.04805
129 1.05382
130 1.06228
131 1.0648
132 1.07535
133 1.08293
134 1.09812
135 1.10002
136 1.11328
137 1.12707
138 1.13871
139 1.14362
140 1.1561
141 1.16031
142 1.1726
143 1.18242
144 1.18704
145 1.20514
146 1.21407
147 1.22025
148 1.22683
149 1.23889
150 1.24494
151 1.24757
152 1.25045
153 1.2559
154 1.25798
155 1.25952
156 1.26143
157 1.28181
158 1.28788
159 1.29832
160 1.30149
161 1.30526
162 1.31172
163 1.3248
164 1.32872
165 1.33639
166 1.34479
167 1.35398
168 1.36915
169 1.37446
170 1.37731
171 1.38441
172 1.38886
173 1.39388
174 1.39967
175 1.40247
176 1.41804
177 1.42509
178 1.42704
179 1.43237
180 1.44394
181 1.44785
182 1.46147
183 1.47289
184 1.47703
185 1.4887
186 1.49895
187 1.50343
188 1.51873
189 1.53441
190 1.55853
191 1.56972
192 1.57305
193 1.59576
194 1.60522
195 1.62252
196 1.63648
197 1.63798
198 1.64847
199 1.66243
200 1.66725
201 1.67178
202 1.67636
203 1.69388
204 1.69756
205 1.70036
206 1.7317
207 1.74622
208 1.74961
209 1.76014
210 1.76942
211 1.7794
212 1.78936
213 1.79117
214 1.79731
215 1.80215
216 1.81164
217 1.81731
218 1.82146
219 1.82903
220 1.83664
221 1.84333
222 1.85409
223 1.86134
224 1.86446
225 1.87301
226 1.87637
227 1.88057
228 1.88342
229 1.89345
230 1.90197
231 1.90396
232 1.91313
233 1.93146
234 1.93488
235 1.94461
236 1.95556
237 1.96352
238 1.97045
239 1.97332
240 1.97594
241 1.98993
242 1.99717
243 2.00051
244 2.01106
245 2.02234
246 2.02738
247 2.03255
248 2.03559
249 2.03755
250 2.05662
251 2.05979
252 2.06663
253 2.07575
254 2.0806
255 2.084
256 2.08758
257 2.09054
258 2.09442
259 2.0971
260 2.11896
261 2.12775
262 2.13189
263 2.14193
264 2.1482
265 2.16918
266 2.17189
267 2.17699
268 2.18192
269 2.19175
270 2.19703
271 2.20339
272 2.21087
273 2.2132
274 2.22007
275 2.22328
276 2.23593
277 2.24171
278 2.24603
279 2.26822
280 2.27379
281 2.28494
282 2.29141
283 2.29453
284 2.30505
285 2.3133
286 2.33079
287 2.3409
288 2.35181
289 2.3676
290 2.37472
291 2.38231
292 2.3912
293 2.41067
294 2.41668
295 2.42399
296 2.42517
297 2.43474
298 2.44603
299 2.45176
300 2.464
301 2.47132
302 2.48424
303 2.51084
304 2.51207
305 2.53077
306 2.55066
307 2.55511
308 2.56163
309 2.57425
310 2.57674
311 2.58213
312 2.58389
313 2.58908
314 2.59344
315 2.60293
316 2.61966
317 2.6219
318 2.62758
319 2.63133
320 2.63791
321 2.65945
322 2.66574
323 2.67213
324 2.6771
325 2.67988
326 2.69197
327 2.70519
328 2.7218
329 2.72407
330 2.72876
331 2.74205
332 2.75594
333 2.76145
334 2.76359
335 2.77536
336 2.78213
337 2.78671
338 2.7951
339 2.81232
340 2.82049
341 2.82519
342 2.83129
343 2.83446
344 2.83916
345 2.84917
346 2.86238
347 2.8698
348 2.87684
349 2.88308
350 2.89867
351 2.91513
352 2.9198
353 2.92512
354 2.94399
355 2.95156
356 2.95968
357 2.9855
358 2.99411
