1 0.00214
2 0.01498
3 0.02
4 0.02233
5 0.02808
6 0.02983
7 0.03344
8 0.03945
9 0.04062
10 0.04571
11 0.06333
12 0.07103
13 0.09111
14 0.09383
15 0.09695
16 0.11574
17 0.12751
18 0.1364
19 0.13776
20 0.1632
21 0.16582
22 0.17064
23 0.17358
24 0.17788
25 0.18102
26 0.18609
27 0.1892
28 0.19113
29 0.19835
30 0.20266
31 0.21268
32 0.22427
33 0.22777
34 0.23565
35 0.24184
36 0.25144
37 0.26182
38 0.26395
39 0.27132
40 0.27445
41 0.27626
42 0.28076
43 0.28395
44 0.28541
45 0.29529
46 0.29975
47 0.30692
48 0.30864
49 0.31284
50 0.32127
51 0.3262
52 0.33111
53 0.33875
54 0.34416
55 0.35007
56 0.35254
57 0.36961
58 0.37551
59 0.37778
60 0.38265
61 0.39291
62 0.4015
63 0.40413
64 0.41663
65 0.41934
66 0.42586
67 0.43216
68 0.44267
69 0.44623
70 0.4485
71 0.45075
72 0.4564
73 0.46812
74 0.4705
75 0.47408
76 0.47813
77 0.4819
78 0.49021
79 0.50106
80 0.50468
81 0.5112
82 0.51584
83 0.51897
84 0.52568
85 0.52713
86 0.53188
87 0.54363
88 0.55198
89 0.55599
90 0.55931
91 0.5621
92 0.5662
93 0.57065
94 0.57743
95 0.57877
96 0.5819
97 0.58773
98 0.59606
99 0.59938
100 0.61031
101 0.61343
102 0.64157
103 0.6444
104 0.65032
105 0.65438
106 0.66204
107 0.68123
108 0.6966
109 0.69982
110 0.70269
111 0.70977
112 0.72937
113 0.73213
114 0.73731
115 0.74561
116 0.75116
117 0.76129
118 0.77318
119 0.77875
120 0.78199
121 0.78594
122 0.79498
123 0.80216
124 0.80787
125 0.81119
126 0.82079
127 0.82494
128 0.83515
129 0.84451
130 0.85478
131 0.86911
132 0.87706
133 0.88197
134 0.88962
135 0.891
136 0.90155
137 0.90975
138 0.91543
139 0.92367
140 0.94053
141 0.94341
142 0.94813
143 0.95035
144 0.96266
145 0.96593
146 0.96912
147 0.97565
148 0.97776
149 0.98096
150 0.98715
151 0.9941
152 0.99671
153 1.00819
154 1.01579
155 1.02366
156 1.03247
157 1.04515
158 1.05283
159 1.05932
160 1.06434
161 1.08181
162 1.08299
163 1.09427
164 1.10141
165 1.11049
166 1.1198
167 1.12354
168 1.12967
169 1.13398
170 1.14563
171 1.16024
172 1.17452
173 1.18317
174 1.18872
175 1.19045
176 1.19626
177 1.19992
178 1.20259
179 1.22071
180 1.23381
181 1.23719
182 1.23962
183 1.24128
184 1.24228
185 1.24356
186 1.24483
187 1.24791
188 1.25007
189 1.26448
190 1.27447
191 1.28143
192 1.28243
193 1.28617
194 1.29258
195 1.29995
196 1.3008
197 1.3216
198 1.32276
199 1.33253
200 1.33539
201 1.34145
202 1.34474
203 1.35251
204 1.36748
205 1.3755
206 1.3808
207 1.38682
208 1.39279
209 1.41148
210 1.41811
211 1.42571
212 1.43287
213 1.43501
214 1.44097
215 1.45187
216 1.45836
217 1.47093
218 1.47617
219 1.4851
220 1.48903
221 1.49051
222 1.49639
223 1.50101
224 1.50473
225 1.50745
226 1.52063
227 1.52184
228 1.52449
229 1.5365
230 1.54167
231 1.54394
232 1.54514
233 1.56307
234 1.56851
235 1.57222
236 1.58097
237 1.58736
238 1.59414
239 1.59725
240 1.60019
241 1.60185
242 1.61321
243 1.61825
244 1.62124
245 1.62651
246 1.63138
247 1.63298
248 1.63591
249 1.63951
250 1.64327
251 1.65461
252 1.65622
253 1.65988
254 1.66581
255 1.68375
256 1.68596
257 1.69324
258 1.70446
259 1.71144
260 1.72728
261 1.7292
262 1.73332
263 1.74008
264 1.74366
265 1.75217
266 1.75676
267 1.75953
268 1.76621
269 1.77459
270 1.77621
271 1.77877
272 1.79552
273 1.80126
274 1.81898
275 1.82689
276 1.85124
277 1.86801
278 1.87887
279 1.88266
280 1.89096
281 1.90332
282 1.91208
283 1.9207
284 1.92461
285 1.92761
286 1.94543
287 1.96635
288 1.97195
289 1.98031
290 1.98327
291 1.98712
292 1.99801
293 2.00048
294 2.00824
295 2.01749
296 2.02314
297 2.02556
298 2.0365
299 2.0401
300 2.04701
301 2.05631
302 2.05792
303 2.06843
304 2.07228
305 2.07423
306 2.07657
307 2.08167
308 2.09572
309 2.09748
310 2.11569
311 2.12313
312 2.13329
313 2.1364
314 2.13885
315 2.14505
316 2.15447
317 2.16001
318 2.16947
319 2.18502
320 2.19092
321 2.19276
322 2.19715
323 2.20139
324 2.20636
325 2.21839
326 2.22155
327 2.22696
328 2.23303
329 2.23642
330 2.24237
331 2.24911
332 2.25095
333 2.25398
334 2.26715
335 2.27793
336 2.28483
337 2.28846
338 2.29062
339 2.29732
340 2.32305
341 2.32549
342 2.32705
343 2.33438
344 2.34134
345 2.34441
346 2.37059
347 2.3972
348 2.40201
349 2.41071
350 2.42173
351 2.42598
352 2.42857
353 2.43241
354 2.44934
355 2.46847
356 2.472
357 2.47453
358 2.48488
359 2.48631
360 2.48918
361 2.49342
362 2.49882
363 2.50077
364 2.50258
365 2.50699
366 2.5272
367 2.52867
368 2.53405
369 2.53752
370 2.54891
371 2.55347
372 2.5641
373 2.56648
374 2.56743
375 2.56983
376 2.57426
377 2.58177
378 2.59102
379 2.60491
380 2.62507
381 2.6281
382 2.63345
383 2.63674
384 2.64615
385 2.64836
386 2.65959
387 2.66039
388 2.66455
389 2.66929
390 2.67283
391 2.6899
392 2.6924
393 2.69534
394 2.69756
395 2.70815
396 2.72353
397 2.73253
398 2.75113
399 2.76188
400 2.77635
401 2.7802
402 2.78483
403 2.79325
404 2.801
405 2.80797
406 2.8143
407 2.82056
408 2.82875
409 2.83002
410 2.84157
411 2.84408
412 2.84794
413 2.86473
414 2.87417
415 2.88234
416 2.8917
417 2.90679
418 2.90983
419 2.91433
420 2.91676
421 2.91971
422 2.92214
423 2.92458
424 2.94011
425 2.94619
426 2.96799
427 2.97311
428 2.98172
429 2.98627
430 2.9948
431 2.99943
