1 0.02482
2 0.03365
3 0.05795
4 0.06574
5 0.06723
6 0.0728
7 0.07611
8 0.0853
9 0.11047
10 0.11618
11 0.12499
12 0.13651
13 0.14013
14 0.15233
15 0.16084
16 0.17454
17 0.18235
18 0.19373
19 0.1957
20 0.20049
21 0.21216
22 0.21394
23 0.21966
24 0.22338
25 0.23183
26 0.23691
27 0.24118
28 0.246
29 0.24774
30 0.25091
31 0.25705
32 0.26041
33 0.2727
34 0.30125
35 0.30514
36 0.31501
37 0.32481
38 0.33516
39 0.36488
40 0.36852
41 0.38064
42 0.3824
43 0.39935
44 0.41949
45 0.42859
46 0.45284
47 0.4664
48 0.46855
49 0.48443
50 0.50751
51 0.51057
52 0.55702
53 0.56287
54 0.57041
55 0.57955
56 0.64635
57 0.64869
58 0.65527
59 0.65878
60 0.66419
61 0.67001
62 0.6829
63 0.69275
64 0.69482
65 0.70419
66 0.7124
67 0.7198
68 0.72151
69 0.74055
70 0.75067
71 0.75414
72 0.78517
73 0.80164
74 0.80915
75 0.81143
76 0.81293
77 0.81691
78 0.82597
79 0.83139
80 0.8415
81 0.86931
82 0.87666
83 0.88834
84 0.89383
85 0.90877
86 0.91661
87 0.91981
88 0.92833
89 0.93318
90 0.94411
91 0.96549
92 0.99957
93 1.04242
94 1.04809
95 1.05064
96 1.05422
97 1.0561
98 1.05807
99 1.07417
100 1.11329
101 1.1623
102 1.17048
103 1.17187
104 1.18089
105 1.18735
106 1.19795
107 1.2016
108 1.20312
109 1.20707
110 1.21086
111 1.22222
112 1.23755
113 1.24302
114 1.2486
115 1.25636
116 1.29892
117 1.30905
118 1.32247
119 1.32672
120 1.3282
121 1.33228
122 1.36318
123 1.36939
124 1.37096
125 1.37803
126 1.38142
127 1.40241
128 1.40893
129 1.42141
130 1.42973
131 1.45264
132 1.45595
133 1.45905
134 1.48696
135 1.48868
136 1.49029
137 1.49598
138 1.50261
139 1.552
140 1.56275
141 1.56653
142 1.58219
143 1.61838
144 1.62339
145 1.64667
146 1.65409
147 1.65637
148 1.65805
149 1.66493
150 1.67043
151 1.67849
152 1.68842
153 1.69761
154 1.72081
155 1.72244
156 1.7391
157 1.74229
158 1.74632
159 1.77907
160 1.79782
161 1.80365
162 1.80701
163 1.81523
164 1.81847
165 1.82809
166 1.86539
167 1.8843
168 1.89233
169 1.89509
170 1.89872
171 1.91714
172 1.91905
173 1.94338
174 1.95147
175 1.95571
176 1.95902
177 1.97868
178 1.98338
179 2.01459
180 2.01827
181 2.04681
182 2.06255
183 2.0642
184 2.06827
185 2.12308
186 2.14714
187 2.16294
188 2.18623
189 2.2104
190 2.22185
191 2.22695
192 2.23972
193 2.26304
194 2.27723
195 2.3041
196 2.32363
197 2.32675
198 2.33269
199 2.33451
200 2.35604
201 2.37006
202 2.3917
203 2.40307
204 2.45628
205 2.46038
206 2.49241
207 2.54857
208 2.56547
209 2.57004
210 2.58669
211 2.61052
212 2.61648
213 2.62039
214 2.62434
215 2.65245
216 2.66417
217 2.67149
218 2.70498
219 2.71979
220 2.72872
221 2.7345
222 2.74233
223 2.79314
224 2.8003
225 2.80604
226 2.81635
227 2.82054
228 2.83042
229 2.8588
230 2.86401
231 2.86777
232 2.87785
233 2.88762
234 2.89471
235 2.90997
236 2.91555
237 2.9401
238 2.94336
239 2.95327
240 2.95709
241 2.98268
242 2.98822
