1 0.01082
2 0.01333
3 0.03074
4 0.04074
5 0.04326
6 0.05814
7 0.07342
8 0.07584
9 0.08263
10 0.09472
11 0.09666
12 0.09936
13 0.1077
14 0.11809
15 0.12786
16 0.13591
17 0.14585
18 0.15445
19 0.16949
20 0.17412
21 0.18386
22 0.19091
23 0.19913
24 0.20224
25 0.21626
26 0.2232
27 0.23012
28 0.24211
29 0.24647
30 0.25488
31 0.26438
32 0.27375
33 0.296
34 0.30662
35 0.31502
36 0.32572
37 0.32865
38 0.3298
39 0.33702
40 0.34015
41 0.34494
42 0.35158
43 0.3653
44 0.37301
45 0.38285
46 0.39054
47 0.41096
48 0.41423
49 0.43102
50 0.4326
51 0.43461
52 0.4451
53 0.45294
54 0.45575
55 0.46218
56 0.467
57 0.47229
58 0.47779
59 0.48898
60 0.49813
61 0.50926
62 0.51806
63 0.5215
64 0.53201
65 0.5348
66 0.54426
67 0.54856
68 0.55637
69 0.57278
70 0.57766
71 0.58669
72 0.5976
73 0.60876
74 0.61481
75 0.627
76 0.63845
77 0.64455
78 0.65122
79 0.65243
80 0.65375
81 0.65773
82 0.67456
83 0.6782
84 0.68541
85 0.68834
86 0.70881
87 0.7127
88 0.71473
89 0.73868
90 0.75116
91 0.75554
92 0.76734
93 0.77247
94 0.77735
95 0.78215
96 0.79876
97 0.8032
98 0.80482
99 0.81285
100 0.83098
101 0.8344
102 0.83935
103 0.84116
104 0.85017
105 0.86085
106 0.87456
107 0.87934
108 0.89095
109 0.90008
110 0.90689
111 0.90932
112 0.93219
113 0.93916
114 0.94326
115 0.94477
116 0.95476
117 0.96049
118 0.97207
119 0.98957
120 0.99688
121 0.99841
122 1.00788
123 1.02609
124 1.0335
125 1.03527
126 1.04438
127 1.04811
128 1.0616
129 1.06658
130 1.07304
131 1.07749
132 1.08701
133 1.09175
134 1.1043
135 1.11289
136 1.12356
137 1.13053
138 1.13711
139 1.13967
140 1.14581
141 1.15282
142 1.15971
143 1.16315
144 1.17248
145 1.19196
146 1.1966
147 1.21073
148 1.23053
149 1.23245
150 1.23515
151 1.26185
152 1.27177
153 1.29415
154 1.32142
155 1.32586
156 1.33196
157 1.33348
158 1.34456
159 1.3463
160 1.35776
161 1.36529
162 1.37065
163 1.3849
164 1.39687
165 1.41135
166 1.42056
167 1.42405
168 1.43874
169 1.4415
170 1.44583
171 1.45804
172 1.46876
173 1.48907
174 1.50343
175 1.51877
176 1.5246
177 1.52925
178 1.55153
179 1.56396
180 1.56859
181 1.57861
182 1.58124
183 1.59322
184 1.60631
185 1.60793
186 1.60918
187 1.61929
188 1.63407
189 1.63918
190 1.64527
191 1.64834
192 1.65792
193 1.66904
194 1.67633
195 1.68665
196 1.70679
197 1.72117
198 1.73963
199 1.74515
200 1.75478
201 1.75966
202 1.76458
203 1.7821
204 1.808
205 1.815
206 1.84941
207 1.85613
208 1.86143
209 1.86304
210 1.87179
211 1.88046
212 1.88236
213 1.88892
214 1.89267
215 1.906
216 1.94911
217 1.96144
218 1.96267
219 1.96836
220 1.97318
221 1.97595
222 2.00994
223 2.01348
224 2.03452
225 2.04423
226 2.07085
227 2.07213
228 2.07856
229 2.08142
230 2.08576
231 2.08975
232 2.09478
233 2.10184
234 2.11277
235 2.12247
236 2.14441
237 2.15421
238 2.16269
239 2.16898
240 2.18843
241 2.19894
242 2.20519
243 2.21165
244 2.21342
245 2.22317
246 2.22657
247 2.2313
248 2.23269
249 2.25583
250 2.28529
251 2.29545
252 2.29732
253 2.30127
254 2.31275
255 2.31622
256 2.32073
257 2.32767
258 2.33255
259 2.33519
260 2.35981
261 2.37317
262 2.38514
263 2.39007
264 2.39896
265 2.40178
266 2.40317
267 2.41123
268 2.41403
269 2.41593
270 2.41919
271 2.42667
272 2.43431
273 2.4362
274 2.44203
275 2.45057
276 2.45242
277 2.46746
278 2.48337
279 2.50103
280 2.50594
281 2.51486
282 2.51646
283 2.52831
284 2.53391
285 2.54712
286 2.55504
287 2.56974
288 2.57717
289 2.59053
290 2.59629
291 2.59971
292 2.60486
293 2.6138
294 2.61897
295 2.62014
296 2.63037
297 2.6436
298 2.6449
299 2.65905
300 2.66183
301 2.68115
302 2.69055
303 2.706
304 2.71465
305 2.71807
306 2.73035
307 2.74232
308 2.75221
309 2.77251
310 2.78122
311 2.79099
312 2.79783
313 2.81576
314 2.82561
315 2.86137
316 2.86761
317 2.88827
318 2.90266
319 2.9058
320 2.91198
321 2.91812
322 2.93669
323 2.93816
324 2.94229
325 2.95288
326 2.95882
327 2.98683
328 2.9922
