1 0.01067
2 0.02314
3 0.02506
4 0.02859
5 0.03381
6 0.03646
7 0.03973
8 0.04926
9 0.05246
10 0.06042
11 0.07874
12 0.08711
13 0.09861
14 0.10777
15 0.11022
16 0.11248
17 0.12154
18 0.1342
19 0.13711
20 0.14189
21 0.14984
22 0.15112
23 0.16347
24 0.16533
25 0.16804
26 0.17675
27 0.17998
28 0.20976
29 0.22382
30 0.22975
31 0.23887
32 0.2404
33 0.24315
34 0.26102
35 0.26845
36 0.27048
37 0.28304
38 0.28685
39 0.28887
40 0.30214
41 0.30766
42 0.31811
43 0.32401
44 0.32695
45 0.33064
46 0.34031
47 0.35374
48 0.36766
49 0.37545
50 0.38371
51 0.39296
52 0.40469
53 0.41087
54 0.41339
55 0.41738
56 0.42203
57 0.42789
58 0.43888
59 0.46199
60 0.46484
61 0.46711
62 0.47165
63 0.47994
64 0.48473
65 0.48694
66 0.49832
67 0.50975
68 0.51204
69 0.5157
70 0.52138
71 0.53639
72 0.5582
73 0.56745
74 0.5702
75 0.5803
76 0.59063
77 0.60491
78 0.60862
79 0.6118
80 0.61662
81 0.62046
82 0.62192
83 0.62908
84 0.64844
85 0.65707
86 0.66714
87 0.67715
88 0.68952
89 0.69741
90 0.71295
91 0.71717
92 0.72289
93 0.73089
94 0.73805
95 0.74166
96 0.74878
97 0.75262
98 0.76036
99 0.76827
100 0.76944
101 0.77369
102 0.77742
103 0.78545
104 0.78776
105 0.81837
106 0.82277
107 0.83544
108 0.83801
109 0.85966
110 0.88288
111 0.89272
112 0.89997
113 0.91014
114 0.91911
115 0.92406
116 0.93359
117 0.94016
118 0.94649
119 0.97372
120 0.98318
121 0.99346
122 1.00089
123 1.00947
124 1.01996
125 1.02587
126 1.02919
127 1.03825
128 1.0458
129 1.04946
130 1.05187
131 1.06686
132 1.07499
133 1.08647
134 1.10328
135 1.10488
136 1.10803
137 1.12707
138 1.12903
139 1.1461
140 1.15865
141 1.16904
142 1.18059
143 1.18343
144 1.18527
145 1.19777
146 1.21338
147 1.22118
148 1.22926
149 1.24047
150 1.25642
151 1.26347
152 1.27369
153 1.29112
154 1.2972
155 1.30855
156 1.31553
157 1.31807
158 1.33462
159 1.33692
160 1.33895
161 1.35089
162 1.3539
163 1.36047
164 1.36495
165 1.36943
166 1.37402
167 1.39467
168 1.40063
169 1.40501
170 1.40869
171 1.41393
172 1.41666
173 1.42052
174 1.42692
175 1.43059
176 1.43449
177 1.43986
178 1.46087
179 1.47211
180 1.48982
181 1.50993
182 1.51413
183 1.51749
184 1.52412
185 1.53203
186 1.54373
187 1.54963
188 1.55296
189 1.55657
190 1.56193
191 1.57576
192 1.58302
193 1.5907
194 1.60135
195 1.60484
196 1.6131
197 1.61949
198 1.63793
199 1.65909
200 1.66274
201 1.67173
202 1.67534
203 1.68225
204 1.71664
205 1.7384
206 1.75028
207 1.75296
208 1.76156
209 1.76789
210 1.77627
211 1.79403
212 1.79698
213 1.80401
214 1.81655
215 1.82022
216 1.82842
217 1.83609
218 1.85956
219 1.86291
220 1.8673
221 1.87742
222 1.89421
223 1.92094
224 1.93222
225 1.9519
226 1.9583
227 1.96479
228 1.98199
229 1.98757
230 2.00181
231 2.00662
232 2.02065
233 2.02708
234 2.04365
235 2.0498
236 2.05938
237 2.06743
238 2.07119
239 2.07275
240 2.07757
241 2.08603
242 2.09467
243 2.09757
244 2.10284
245 2.10744
246 2.11238
247 2.11668
248 2.12002
249 2.13881
250 2.14711
251 2.15003
252 2.16657
253 2.17972
254 2.18876
255 2.20304
256 2.21751
257 2.21909
258 2.23883
259 2.24683
260 2.25999
261 2.26514
262 2.27147
263 2.299
264 2.30262
265 2.31138
266 2.31327
267 2.32964
268 2.33296
269 2.33514
270 2.34016
271 2.35014
272 2.35272
273 2.37462
274 2.39408
275 2.40889
276 2.41379
277 2.4152
278 2.41839
279 2.42432
280 2.42786
281 2.4307
282 2.43222
283 2.44923
284 2.45684
285 2.46546
286 2.48004
287 2.49207
288 2.49869
289 2.50601
290 2.5231
291 2.5349
292 2.54075
293 2.54883
294 2.5545
295 2.55858
296 2.56754
297 2.5718
298 2.5794
299 2.58864
300 2.60354
301 2.61374
302 2.63839
303 2.64295
304 2.64848
305 2.65411
306 2.66044
307 2.67983
308 2.68087
309 2.68427
310 2.68545
311 2.69341
312 2.69709
313 2.713
314 2.71406
315 2.71545
316 2.72289
317 2.72739
318 2.73005
319 2.75457
320 2.77013
321 2.78826
322 2.79733
323 2.81267
324 2.81744
325 2.82077
326 2.83338
327 2.83756
328 2.84066
329 2.84642
330 2.85293
331 2.85698
332 2.86199
333 2.8927
334 2.90608
335 2.92494
336 2.93204
337 2.93791
338 2.94074
339 2.95115
340 2.9765
341 2.98271
342 2.99024
