1 0.00268
2 0.00388
3 0.00745
4 0.0128
5 0.01492
6 0.01846
7 0.02153
8 0.03813
9 0.04204
10 0.04596
11 0.05755
12 0.0599
13 0.06511
14 0.07303
15 0.0754
16 0.08828
17 0.09413
18 0.10478
19 0.10813
20 0.11022
21 0.11221
22 0.11818
23 0.12618
24 0.12952
25 0.14484
26 0.14687
27 0.15397
28 0.15885
29 0.16492
30 0.16903
31 0.18661
32 0.20099
33 0.20313
34 0.21622
35 0.21846
36 0.22536
37 0.22891
38 0.24122
39 0.24654
40 0.26027
41 0.26772
42 0.27265
43 0.28366
44 0.29207
45 0.30317
46 0.30984
47 0.31824
48 0.32381
49 0.3302
50 0.3342
51 0.33668
52 0.34198
53 0.34374
54 0.35816
55 0.36478
56 0.37218
57 0.3877
58 0.39112
59 0.3948
60 0.40768
61 0.41915
62 0.42313
63 0.42797
64 0.4304
65 0.43936
66 0.44837
67 0.45136
68 0.46266
69 0.46911
70 0.47086
71 0.47709
72 0.47929
73 0.48523
74 0.49676
75 0.51531
76 0.52179
77 0.52818
78 0.54487
79 0.55447
80 0.55625
81 0.55832
82 0.58257
83 0.59796
84 0.61283
85 0.61699
86 0.62247
87 0.62693
88 0.63142
89 0.63434
90 0.63658
91 0.64141
92 0.64653
93 0.65603
94 0.65962
95 0.66187
96 0.67733
97 0.6942
98 0.70066
99 0.71509
100 0.72058
101 0.7259
102 0.74531
103 0.77431
104 0.77919
105 0.78127
106 0.78522
107 0.79334
108 0.80719
109 0.81264
110 0.8319
111 0.83467
112 0.83868
113 0.84372
114 0.86049
115 0.86439
116 0.86633
117 0.87236
118 0.89139
119 0.89393
120 0.89763
121 0.90843
122 0.91132
123 0.93881
124 0.94088
125 0.94392
126 0.95571
127 0.973
128 0.99627
129 1.00592
130 1.0157
131 1.01744
132 1.02575
133 1.02914
134 1.04388
135 1.04904
136 1.05593
137 1.05893
138 1.06869
139 1.07505
140 1.08694
141 1.0961
142 1.11089
143 1.13599
144 1.13984
145 1.14405
146 1.15067
147 1.15383
148 1.15703
149 1.16937
150 1.1734
151 1.17819
152 1.18101
153 1.1953
154 1.20333
155 1.21731
156 1.22969
157 1.24594
158 1.25045
159 1.26403
160 1.27432
161 1.28559
162 1.28654
163 1.31316
164 1.31944
165 1.32567
166 1.33152
167 1.34453
168 1.35477
169 1.36164
170 1.36315
171 1.3742
172 1.38458
173 1.39041
174 1.39786
175 1.41435
176 1.41534
177 1.42945
178 1.43066
179 1.43555
180 1.43759
181 1.44581
182 1.45344
183 1.4598
184 1.46282
185 1.47405
186 1.48774
187 1.48898
188 1.51908
189 1.53322
190 1.54216
191 1.54444
192 1.56274
193 1.56821
194 1.5868
195 1.59058
196 1.5924
197 1.60634
198 1.61246
199 1.62077
200 1.63352
201 1.64255
202 1.6475
203 1.65543
204 1.66012
205 1.66686
206 1.67274
207 1.67995
208 1.68593
209 1.70459
210 1.7155
211 1.74261
212 1.74445
213 1.74557
214 1.74714
215 1.75248
216 1.75853
217 1.76153
218 1.77142
219 1.77972
220 1.78973
221 1.79235
222 1.79958
223 1.80437
224 1.81345
225 1.81855
226 1.82696
227 1.83422
228 1.83587
229 1.84401
230 1.85702
231 1.86778
232 1.86934
233 1.88445
234 1.88822
235 1.90432
236 1.90807
237 1.91112
238 1.91712
239 1.91963
240 1.92671
241 1.93537
242 1.93897
243 1.9419
244 1.94664
245 1.95065
246 1.95738
247 1.98283
248 1.9874
249 1.99464
250 2.00767
251 2.01251
252 2.01484
253 2.01795
254 2.02498
255 2.02758
256 2.03761
257 2.05924
258 2.06786
259 2.07141
260 2.07644
261 2.09298
262 2.11512
263 2.14154
264 2.14404
265 2.15424
266 2.15952
267 2.18098
268 2.19472
269 2.20811
270 2.21866
271 2.22057
272 2.22542
273 2.23491
274 2.24431
275 2.24993
276 2.25329
277 2.25569
278 2.26883
279 2.2732
280 2.284
281 2.29421
282 2.30404
283 2.31252
284 2.32027
285 2.32856
286 2.33655
287 2.33879
288 2.34207
289 2.34741
290 2.35981
291 2.3629
292 2.37564
293 2.38032
294 2.38367
295 2.38822
296 2.39978
297 2.40277
298 2.40837
299 2.41125
300 2.41744
301 2.42447
302 2.43042
303 2.4419
304 2.45069
305 2.46104
306 2.48433
307 2.49201
308 2.50586
309 2.51998
310 2.5225
311 2.52834
312 2.55937
313 2.56266
314 2.57052
315 2.57291
316 2.57638
317 2.58149
318 2.58948
319 2.60609
320 2.6086
321 2.61487
322 2.6345
323 2.64058
324 2.65571
325 2.65862
326 2.66086
327 2.66639
328 2.67419
329 2.69254
330 2.70508
331 2.70958
332 2.71324
333 2.73584
334 2.74316
335 2.74938
336 2.75583
337 2.76442
338 2.76653
339 2.77333
340 2.77792
341 2.78846
342 2.79735
343 2.80656
344 2.81232
345 2.8207
346 2.82487
347 2.82755
348 2.85868
349 2.86677
350 2.86962
351 2.87266
352 2.8822
353 2.88562
354 2.88823
355 2.90191
356 2.90826
357 2.91458
358 2.92162
359 2.93582
360 2.94081
361 2.94322
362 2.94906
363 2.95841
364 2.97132
365 2.98828
