1 0.00426
2 0.01292
3 0.02005
4 0.02776
5 0.03782
6 0.04368
7 0.04632
8 0.04976
9 0.06684
10 0.0861
11 0.09405
12 0.09612
13 0.10109
14 0.11624
15 0.11825
16 0.12167
17 0.12958
18 0.14385
19 0.15123
20 0.16124
21 0.17331
22 0.17592
23 0.18152
24 0.18383
25 0.22003
26 0.22353
27 0.23013
28 0.23617
29 0.24355
30 0.26
31 0.27808
32 0.28151
33 0.28419
34 0.28649
35 0.29278
36 0.29606
37 0.29857
38 0.30199
39 0.31205
40 0.31844
41 0.32684
42 0.33706
43 0.34966
44 0.35264
45 0.36115
46 0.36501
47 0.37533
48 0.38066
49 0.38403
50 0.39017
51 0.39556
52 0.40349
53 0.40506
54 0.42516
55 0.435
56 0.44115
57 0.44445
58 0.47552
59 0.47881
60 0.49844
61 0.52876
62 0.54231
63 0.54604
64 0.54834
65 0.55408
66 0.55993
67 0.57605
68 0.60395
69 0.60591
70 0.61076
71 0.61565
72 0.62037
73 0.62177
74 0.62389
75 0.64156
76 0.6574
77 0.66462
78 0.67618
79 0.69991
80 0.70137
81 0.70291
82 0.71276
83 0.72131
84 0.72616
85 0.73688
86 0.73987
87 0.76594
88 0.78096
89 0.7883
90 0.79554
91 0.80028
92 0.80745
93 0.81203
94 0.82318
95 0.84365
96 0.84741
97 0.86308
98 0.87443
99 0.88558
100 0.89807
101 0.90057
102 0.90791
103 0.92201
104 0.92369
105 0.92699
106 0.94261
107 0.94643
108 0.98502
109 0.98718
110 0.98859
111 1.0048
112 1.02401
113 1.02826
114 1.03165
115 1.03864
116 1.04299
117 1.04609
118 1.05002
119 1.05682
120 1.0673
121 1.08515
122 1.08709
123 1.09708
124 1.10927
125 1.11074
126 1.11405
127 1.12082
128 1.12505
129 1.13762
130 1.16338
131 1.16938
132 1.18451
133 1.19034
134 1.19817
135 1.22537
136 1.23345
137 1.26553
138 1.27987
139 1.28319
140 1.30704
141 1.31142
142 1.33473
143 1.34214
144 1.34904
145 1.38343
146 1.39162
147 1.39588
148 1.40078
149 1.40956
150 1.42503
151 1.42948
152 1.43341
153 1.44947
154 1.45452
155 1.46998
156 1.49305
157 1.5007
158 1.52218
159 1.53141
160 1.54367
161 1.54856
162 1.55183
163 1.55442
164 1.5694
165 1.57182
166 1.5891
167 1.60457
168 1.60773
169 1.61751
170 1.61956
171 1.63126
172 1.64484
173 1.64994
174 1.66122
175 1.67325
176 1.67898
177 1.68743
178 1.68892
179 1.72215
180 1.73195
181 1.74045
182 1.76765
183 1.77161
184 1.77957
185 1.7828
186 1.79172
187 1.8076
188 1.81255
189 1.8519
190 1.85934
191 1.86247
192 1.87191
193 1.88807
194 1.89987
195 1.90497
196 1.91351
197 1.93125
198 1.94493
199 1.95564
200 1.9751
201 1.98019
202 2.01216
203 2.03122
204 2.03896
205 2.0479
206 2.05129
207 2.05913
208 2.06088
209 2.08304
210 2.09128
211 2.09592
212 2.11545
213 2.13006
214 2.1343
215 2.13993
216 2.1426
217 2.14667
218 2.16462
219 2.17837
220 2.18451
221 2.19081
222 2.20264
223 2.2189
224 2.22574
225 2.23542
226 2.27596
227 2.2799
228 2.28452
229 2.28913
230 2.29203
231 2.30287
232 2.31224
233 2.31854
234 2.34765
235 2.35726
236 2.36261
237 2.37635
238 2.38674
239 2.4004
240 2.41346
241 2.41612
242 2.41898
243 2.42465
244 2.43059
245 2.4373
246 2.44295
247 2.45349
248 2.47372
249 2.49329
250 2.49646
251 2.52274
252 2.5353
253 2.53848
254 2.53942
255 2.55842
256 2.58102
257 2.58748
258 2.60461
259 2.60867
260 2.62499
261 2.62946
262 2.63565
263 2.64245
264 2.66441
265 2.66716
266 2.68748
267 2.70165
268 2.71398
269 2.72168
270 2.72809
271 2.73865
272 2.74933
273 2.75251
274 2.76692
275 2.78218
276 2.79293
277 2.79542
278 2.80261
279 2.80824
280 2.8144
281 2.82973
282 2.83409
283 2.86303
284 2.86545
285 2.88303
286 2.89497
287 2.90743
288 2.92162
289 2.93397
290 2.93834
291 2.94055
292 2.94527
293 2.95458
294 2.97239
295 2.98657
296 2.98935
