1 0.00295
2 0.00663
3 0.02165
4 0.02608
5 0.02902
6 0.03323
7 0.03499
8 0.03853
9 0.05109
10 0.06214
11 0.06708
12 0.07133
13 0.07959
14 0.0824
15 0.08711
16 0.09143
17 0.09464
18 0.10549
19 0.10907
20 0.11123
21 0.11357
22 0.12275
23 0.12747
24 0.13913
25 0.14383
26 0.14647
27 0.15251
28 0.15569
29 0.16308
30 0.168
31 0.17677
32 0.18209
33 0.18717
34 0.18981
35 0.20656
36 0.214
37 0.21721
38 0.22543
39 0.23142
40 0.23411
41 0.24428
42 0.24628
43 0.2477
44 0.25583
45 0.27225
46 0.27963
47 0.29331
48 0.30229
49 0.31019
50 0.31321
51 0.31878
52 0.33018
53 0.33701
54 0.34737
55 0.35393
56 0.36162
57 0.36434
58 0.37143
59 0.38487
60 0.402
61 0.40553
62 0.41066
63 0.41503
64 0.41635
65 0.42335
66 0.42921
67 0.43684
68 0.4536
69 0.45872
70 0.46163
71 0.46589
72 0.47978
73 0.48369
74 0.48745
75 0.49996
76 0.50626
77 0.51033
78 0.52215
79 0.52834
80 0.53767
81 0.54126
82 0.5563
83 0.56053
84 0.5616
85 0.58451
86 0.60108
87 0.60323
88 0.61186
89 0.62034
90 0.62243
91 0.64128
92 0.64222
93 0.66097
94 0.67659
95 0.68906
96 0.69108
97 0.698
98 0.72328
99 0.72696
100 0.73574
101 0.74384
102 0.75218
103 0.76113
104 0.78201
105 0.7881
106 0.79331
107 0.80075
108 0.8031
109 0.81688
110 0.82669
111 0.83422
112 0.83784
113 0.84246
114 0.84644
115 0.84997
116 0.8703
117 0.88369
118 0.88619
119 0.89776
120 0.90012
121 0.92029
122 0.9296
123 0.9347
124 0.94301
125 0.94629
126 0.94981
127 0.95308
128 0.95695
129 0.9715
130 0.97337
131 0.97462
132 0.97857
133 0.99184
134 0.99479
135 0.998
136 1.00171
137 1.00565
138 1.00919
139 1.01301
140 1.0188
141 1.02042
142 1.02463
143 1.0487
144 1.06755
145 1.08095
146 1.09338
147 1.09854
148 1.09983
149 1.10902
150 1.11652
151 1.12053
152 1.13296
153 1.13615
154 1.14655
155 1.15217
156 1.17826
157 1.18321
158 1.18644
159 1.1905
160 1.19844
161 1.20366
162 1.21119
163 1.22218
164 1.22596
165 1.22926
166 1.23395
167 1.23926
168 1.24363
169 1.24567
170 1.2516
171 1.25993
172 1.28736
173 1.29591
174 1.30301
175 1.31366
176 1.32837
177 1.32984
178 1.33161
179 1.33988
180 1.34741
181 1.34945
182 1.35248
183 1.35455
184 1.36038
185 1.37012
186 1.37212
187 1.37749
188 1.38185
189 1.40446
190 1.41093
191 1.42019
192 1.42646
193 1.43302
194 1.43426
195 1.44308
196 1.4488
197 1.45408
198 1.46869
199 1.47078
200 1.47288
201 1.47789
202 1.49292
203 1.49805
204 1.49958
205 1.51653
206 1.52347
207 1.52517
208 1.53252
209 1.53538
210 1.54
211 1.54275
212 1.5498
213 1.55521
214 1.55627
215 1.56119
216 1.56288
217 1.57135
218 1.57802
219 1.58144
220 1.59512
221 1.61209
222 1.61724
223 1.6202
224 1.63801
225 1.64071
226 1.64314
227 1.6478
228 1.66589
229 1.68266
230 1.70037
231 1.70493
232 1.71274
233 1.71759
234 1.7272
235 1.7325
236 1.73381
237 1.74874
238 1.75675
239 1.7596
240 1.77666
241 1.79456
242 1.80018
243 1.80393
244 1.81843
245 1.82374
246 1.83204
247 1.84501
248 1.85027
249 1.86547
250 1.8767
251 1.87899
252 1.88968
253 1.90299
254 1.91462
255 1.91828
256 1.95009
257 1.95335
258 1.97155
259 1.98184
260 1.98776
261 1.99708
262 2.00278
263 2.02493
264 2.04072
265 2.04805
266 2.05242
267 2.06
268 2.07767
269 2.07951
270 2.0865
271 2.08801
272 2.11837
273 2.15564
274 2.16116
275 2.16821
276 2.1756
277 2.17965
278 2.19459
279 2.19807
280 2.2015
281 2.20854
282 2.21211
283 2.21548
284 2.22914
285 2.2366
286 2.25263
287 2.26316
288 2.2737
289 2.28149
290 2.28506
291 2.28792
292 2.29483
293 2.30581
294 2.30777
295 2.3164
296 2.32052
297 2.32363
298 2.33487
299 2.34492
300 2.35395
301 2.3572
302 2.36449
303 2.36609
304 2.37471
305 2.38946
306 2.39806
307 2.43968
308 2.44732
309 2.45001
310 2.45379
311 2.45838
312 2.47103
313 2.48069
314 2.51035
315 2.52435
316 2.52743
317 2.53081
318 2.53283
319 2.53453
320 2.54511
321 2.54736
322 2.58954
323 2.59317
324 2.59859
325 2.60053
326 2.61224
327 2.61851
328 2.6243
329 2.62626
330 2.63821
331 2.64287
332 2.65439
333 2.66053
334 2.66559
335 2.66961
336 2.67317
337 2.69126
338 2.69465
339 2.70586
340 2.7071
341 2.71304
342 2.71812
343 2.72271
344 2.72869
345 2.74748
346 2.75513
347 2.76266
348 2.77042
349 2.7834
350 2.7858
351 2.80237
352 2.81023
353 2.814
354 2.82375
355 2.82801
356 2.83491
357 2.86251
358 2.86772
359 2.87602
360 2.88112
361 2.88792
362 2.9045
363 2.92467
364 2.92935
365 2.95023
366 2.95374
367 2.97213
368 2.97462
369 2.97767
370 2.98501
