1 0.00322
2 0.00706
3 0.01023
4 0.01181
5 0.0223
6 0.03114
7 0.03902
8 0.04449
9 0.0574
10 0.07386
11 0.07817
12 0.08007
13 0.08346
14 0.08493
15 0.08701
16 0.09048
17 0.09288
18 0.09536
19 0.1164
20 0.11819
21 0.12214
22 0.12803
23 0.13911
24 0.14218
25 0.15273
26 0.15773
27 0.16503
28 0.17287
29 0.18716
30 0.19549
31 0.19766
32 0.20027
33 0.20704
34 0.20858
35 0.21988
36 0.23451
37 0.23853
38 0.24146
39 0.25412
40 0.25718
41 0.26422
42 0.28318
43 0.28846
44 0.29079
45 0.2938
46 0.30115
47 0.30376
48 0.31191
49 0.3172
50 0.32576
51 0.33031
52 0.33501
53 0.34427
54 0.34704
55 0.36446
56 0.36792
57 0.38573
58 0.39206
59 0.40031
60 0.4077
61 0.41407
62 0.42472
63 0.42648
64 0.43033
65 0.43121
66 0.44086
67 0.4444
68 0.4478
69 0.45333
70 0.45969
71 0.46217
72 0.46673
73 0.48091
74 0.4828
75 0.48726
76 0.49355
77 0.50495
78 0.51234
79 0.51327
80 0.52125
81 0.53045
82 0.53244
83 0.53615
84 0.54231
85 0.55285
86 0.56047
87 0.57294
88 0.57549
89 0.58223
90 0.59182
91 0.59742
92 0.61094
93 0.61306
94 0.63936
95 0.65115
96 0.65674
97 0.6681
98 0.68103
99 0.6848
100 0.69291
101 0.69503
102 0.70387
103 0.71384
104 0.7299
105 0.73965
106 0.74362
107 0.75459
108 0.76008
109 0.76547
110 0.76832
111 0.78046
112 0.78643
113 0.79084
114 0.79527
115 0.79735
116 0.79923
117 0.80783
118 0.81351
119 0.82833
120 0.83158
121 0.8333
122 0.84024
123 0.84783
124 0.85301
125 0.86269
126 0.8652
127 0.86839
128 0.88678
129 0.89625
130 0.91081
131 0.91293
132 0.91467
133 0.92834
134 0.94561
135 0.94997
136 0.96708
137 0.97975
138 0.99517
139 1.00965
140 1.01086
141 1.0121
142 1.01554
143 1.02889
144 1.0358
145 1.04902
146 1.05901
147 1.08848
148 1.0947
149 1.09754
150 1.1006
151 1.11366
152 1.13782
153 1.1403
154 1.14319
155 1.15701
156 1.16101
157 1.16808
158 1.17321
159 1.17974
160 1.18609
161 1.19086
162 1.20362
163 1.21005
164 1.22958
165 1.23647
166 1.23885
167 1.25577
168 1.26213
169 1.26842
170 1.27647
171 1.28118
172 1.29111
173 1.29534
174 1.29889
175 1.31075
176 1.32584
177 1.33526
178 1.33804
179 1.34292
180 1.34591
181 1.35178
182 1.35442
183 1.3655
184 1.37029
185 1.39161
186 1.40148
187 1.40635
188 1.41565
189 1.42111
190 1.42449
191 1.43695
192 1.44527
193 1.44896
194 1.45101
195 1.45822
196 1.46082
197 1.46572
198 1.46868
199 1.48731
200 1.50053
201 1.50443
202 1.50791
203 1.51396
204 1.52962
205 1.54073
206 1.54969
207 1.55359
208 1.56189
209 1.58518
210 1.58911
211 1.59341
212 1.59723
213 1.60476
214 1.61423
215 1.61612
216 1.63916
217 1.6447
218 1.65147
219 1.65862
220 1.66531
221 1.67568
222 1.68919
223 1.69345
224 1.69428
225 1.69723
226 1.70267
227 1.71798
228 1.73135
229 1.74297
230 1.75145
231 1.75878
232 1.76529
233 1.76774
234 1.78158
235 1.79053
236 1.79649
237 1.79987
238 1.80168
239 1.80952
240 1.81867
241 1.82634
242 1.83005
243 1.84516
244 1.8478
245 1.861
246 1.86542
247 1.8908
248 1.89908
249 1.90819
250 1.91385
251 1.92004
252 1.92329
253 1.93601
254 1.93914
255 1.9578
256 1.96247
257 1.96762
258 1.98294
259 1.98784
260 2.00616
261 2.00853
262 2.01148
263 2.01743
264 2.0273
265 2.03262
266 2.03624
267 2.04654
268 2.04998
269 2.05346
270 2.05944
271 2.07405
272 2.07558
273 2.07989
274 2.0914
275 2.09589
276 2.09909
277 2.10951
278 2.11609
279 2.12269
280 2.14055
281 2.14562
282 2.14792
283 2.15418
284 2.15983
285 2.16173
286 2.16623
287 2.17325
288 2.1825
289 2.18417
290 2.20393
291 2.20988
292 2.21379
293 2.23736
294 2.25393
295 2.26345
296 2.2714
297 2.28273
298 2.29802
299 2.30078
300 2.30309
301 2.30891
302 2.32929
303 2.33547
304 2.33741
305 2.34345
306 2.36039
307 2.37064
308 2.37361
309 2.3926
310 2.39483
311 2.40602
312 2.41047
313 2.4147
314 2.42215
315 2.42839
316 2.43231
317 2.45201
318 2.45711
319 2.46672
320 2.48297
321 2.50615
322 2.50929
323 2.51028
324 2.51449
325 2.53331
326 2.5439
327 2.54713
328 2.55279
329 2.55817
330 2.56387
331 2.56495
332 2.57744
333 2.57965
334 2.58657
335 2.60075
336 2.6162
337 2.61912
338 2.63671
339 2.64539
340 2.64907
341 2.65403
342 2.65959
343 2.66787
344 2.67131
345 2.67615
346 2.6868
347 2.68947
348 2.69489
349 2.70573
350 2.71089
351 2.71535
352 2.71759
353 2.73174
354 2.73471
355 2.73932
356 2.74949
357 2.75582
358 2.75957
359 2.76511
360 2.78175
361 2.7857
362 2.78736
363 2.79102
364 2.79692
365 2.81172
366 2.831
367 2.83492
368 2.83794
369 2.84228
370 2.84952
371 2.8537
372 2.86535
373 2.8751
374 2.88955
375 2.89607
376 2.89896
377 2.90946
378 2.91781
379 2.91988
380 2.92768
381 2.93647
382 2.94412
383 2.95632
384 2.96502
385 2.98364
386 2.9881
387 2.99924
