1 0.00294
2 0.00463
3 0.00634
4 0.01124
5 0.01649
6 0.01803
7 0.02259
8 0.02833
9 0.04067
10 0.05071
11 0.06248
12 0.07959
13 0.08369
14 0.08552
15 0.09167
16 0.09349
17 0.11445
18 0.11691
19 0.11841
20 0.12502
21 0.12623
22 0.13836
23 0.14315
24 0.14655
25 0.15396
26 0.16642
27 0.17188
28 0.17571
29 0.19005
30 0.19305
31 0.19557
32 0.19905
33 0.20048
34 0.20333
35 0.20546
36 0.21305
37 0.23639
38 0.2431
39 0.2459
40 0.25034
41 0.25283
42 0.26188
43 0.2637
44 0.28231
45 0.29295
46 0.30001
47 0.30143
48 0.32841
49 0.33696
50 0.34019
51 0.34627
52 0.35486
53 0.3663
54 0.37519
55 0.39287
56 0.40124
57 0.41173
58 0.41479
59 0.41914
60 0.43659
61 0.44371
62 0.44591
63 0.45555
64 0.45955
65 0.48237
66 0.49064
67 0.50124
68 0.50551
69 0.51842
70 0.53797
71 0.54295
72 0.55706
73 0.57495
74 0.5823
75 0.59301
76 0.59447
77 0.59579
78 0.60264
79 0.61583
80 0.62013
81 0.62436
82 0.64616
83 0.64911
84 0.66628
85 0.67366
86 0.6861
87 0.69026
88 0.69317
89 0.70222
90 0.7076
91 0.71279
92 0.72526
93 0.72891
94 0.73203
95 0.73888
96 0.74071
97 0.75623
98 0.76221
99 0.76531
100 0.77047
101 0.77473
102 0.78882
103 0.79534
104 0.79925
105 0.80318
106 0.81181
107 0.83071
108 0.83968
109 0.84349
110 0.84492
111 0.84933
112 0.85298
113 0.86793
114 0.87159
115 0.87632
116 0.88593
117 0.89359
118 0.90949
119 0.91176
120 0.91335
121 0.91854
122 0.91975
123 0.93716
124 0.94514
125 0.9491
126 0.95555
127 0.95741
128 0.96016
129 0.97581
130 0.98639
131 0.99118
132 0.99875
133 1.01004
134 1.01847
135 1.03508
136 1.03816
137 1.04462
138 1.05029
139 1.07774
140 1.09062
141 1.11369
142 1.11489
143 1.1179
144 1.13948
145 1.1451
146 1.16095
147 1.16698
148 1.17006
149 1.18756
150 1.19921
151 1.20229
152 1.20375
153 1.22809
154 1.23606
155 1.24367
156 1.2478
157 1.25257
158 1.26268
159 1.27358
160 1.2852
161 1.2886
162 1.29251
163 1.3079
164 1.32247
165 1.32953
166 1.33305
167 1.3373
168 1.34355
169 1.34601
170 1.36249
171 1.37054
172 1.3923
173 1.39404
174 1.39647
175 1.40961
176 1.43769
177 1.44241
178 1.4468
179 1.45314
180 1.45676
181 1.46242
182 1.47484
183 1.47657
184 1.48368
185 1.49417
186 1.50032
187 1.50286
188 1.51155
189 1.51375
190 1.52365
191 1.53801
192 1.54427
193 1.5483
194 1.55157
195 1.57688
196 1.58353
197 1.58617
198 1.6006
199 1.61415
200 1.6191
201 1.6218
202 1.62582
203 1.64123
204 1.66656
205 1.69412
206 1.69908
207 1.71357
208 1.73114
209 1.73776
210 1.73996
211 1.75193
212 1.75478
213 1.75875
214 1.76043
215 1.77581
216 1.78324
217 1.79353
218 1.80244
219 1.80412
220 1.80633
221 1.82431
222 1.83142
223 1.84185
224 1.84533
225 1.84994
226 1.86909
227 1.87653
228 1.8777
229 1.89434
230 1.89612
231 1.91252
232 1.92198
233 1.94273
234 1.94696
235 1.95134
236 1.96114
237 1.9794
238 1.99016
239 1.99895
240 2.00665
241 2.01634
242 2.01912
243 2.02497
244 2.02801
245 2.03484
246 2.04223
247 2.05305
248 2.07523
249 2.07797
250 2.08339
251 2.0948
252 2.09804
253 2.11497
254 2.12416
255 2.14107
256 2.14816
257 2.16154
258 2.16888
259 2.17235
260 2.19316
261 2.19609
262 2.19731
263 2.19818
264 2.2069
265 2.21523
266 2.22674
267 2.23695
268 2.25196
269 2.25748
270 2.25841
271 2.26304
272 2.27441
273 2.28503
274 2.28835
275 2.29116
276 2.29451
277 2.29797
278 2.29944
279 2.30354
280 2.32481
281 2.33101
282 2.3364
283 2.34969
284 2.3679
285 2.37149
286 2.37785
287 2.39316
288 2.41276
289 2.414
290 2.41972
291 2.42775
292 2.4357
293 2.44041
294 2.4445
295 2.44563
296 2.44967
297 2.45135
298 2.45324
299 2.46023
300 2.48107
301 2.48248
302 2.48609
303 2.49038
304 2.49905
305 2.50551
306 2.50944
307 2.51395
308 2.51911
309 2.52772
310 2.53268
311 2.54311
312 2.5559
313 2.55961
314 2.59084
315 2.59577
316 2.59789
317 2.60136
318 2.62023
319 2.62154
320 2.64823
321 2.65305
322 2.6706
323 2.67454
324 2.68899
325 2.69369
326 2.70074
327 2.73017
328 2.73801
329 2.74127
330 2.7525
331 2.75843
332 2.7622
333 2.76592
334 2.77186
335 2.7789
336 2.78436
337 2.78694
338 2.79432
339 2.79695
340 2.82451
341 2.83015
342 2.84251
343 2.84709
344 2.86657
345 2.87552
346 2.87884
347 2.89698
348 2.89836
349 2.91269
350 2.92185
351 2.94436
352 2.95199
353 2.95632
354 2.97983
355 2.98379
356 2.9854
357 2.99235
358 2.9972
