1 0.00518
2 0.00727
3 0.01071
4 0.0197
5 0.02876
6 0.03336
7 0.03879
8 0.04965
9 0.05091
10 0.0543
11 0.05842
12 0.068
13 0.07255
14 0.07853
15 0.09069
16 0.09502
17 0.10357
18 0.11052
19 0.11338
20 0.11611
21 0.13327
22 0.14453
23 0.14597
24 0.14881
25 0.15499
26 0.15639
27 0.16229
28 0.16543
29 0.18066
30 0.18596
31 0.1896
32 0.1922
33 0.21202
34 0.22143
35 0.22952
36 0.2393
37 0.25098
38 0.25498
39 0.26243
40 0.26788
41 0.2735
42 0.28136
43 0.28431
44 0.29292
45 0.29553
46 0.29824
47 0.3245
48 0.32883
49 0.33816
50 0.34857
51 0.36229
52 0.36412
53 0.37708
54 0.38884
55 0.39747
56 0.40258
57 0.40649
58 0.41656
59 0.4232
60 0.42514
61 0.44261
62 0.45458
63 0.45712
64 0.45824
65 0.46685
66 0.48246
67 0.51213
68 0.51885
69 0.52529
70 0.53626
71 0.54078
72 0.5431
73 0.55184
74 0.55555
75 0.56087
76 0.56654
77 0.59774
78 0.60299
79 0.60648
80 0.60789
81 0.61178
82 0.61334
83 0.61775
84 0.62827
85 0.64296
86 0.64468
87 0.65189
88 0.65804
89 0.66221
90 0.66656
91 0.67064
92 0.67524
93 0.67912
94 0.68724
95 0.69828
96 0.70771
97 0.71232
98 0.72003
99 0.7295
100 0.73529
101 0.73851
102 0.74476
103 0.75675
104 0.77165
105 0.77747
106 0.78679
107 0.78845
108 0.79476
109 0.80021
110 0.80308
111 0.80884
112 0.815
113 0.81789
114 0.82158
115 0.83701
116 0.84942
117 0.85093
118 0.8521
119 0.86241
120 0.8711
121 0.87561
122 0.90218
123 0.90837
124 0.91223
125 0.91631
126 0.92291
127 0.94052
128 0.94462
129 0.94805
130 0.95199
131 0.95765
132 0.96404
133 0.97568
134 0.99133
135 0.99534
136 1.0232
137 1.03008
138 1.03437
139 1.04133
140 1.05011
141 1.05178
142 1.05841
143 1.06103
144 1.0896
145 1.09267
146 1.09347
147 1.09522
148 1.09856
149 1.10116
150 1.10557
151 1.10781
152 1.11061
153 1.1128
154 1.11644
155 1.11876
156 1.12759
157 1.1489
158 1.15252
159 1.15874
160 1.17127
161 1.17324
162 1.17787
163 1.18322
164 1.20211
165 1.20586
166 1.20703
167 1.22139
168 1.23653
169 1.24075
170 1.24663
171 1.25757
172 1.26062
173 1.2642
174 1.27784
175 1.28624
176 1.29307
177 1.29643
178 1.30025
179 1.30339
180 1.3079
181 1.31157
182 1.3293
183 1.33476
184 1.34744
185 1.35547
186 1.36444
187 1.37287
188 1.37482
189 1.39197
190 1.39997
191 1.41009
192 1.42555
193 1.44219
194 1.44901
195 1.45049
196 1.45475
197 1.45918
198 1.46123
199 1.46382
200 1.48486
201 1.50054
202 1.52102
203 1.52611
204 1.53066
205 1.54242
206 1.54449
207 1.55608
208 1.55927
209 1.56547
210 1.5795
211 1.59498
212 1.60654
213 1.60897
214 1.62026
215 1.63217
216 1.64329
217 1.64935
218 1.65219
219 1.6624
220 1.66833
221 1.67111
222 1.67853
223 1.68388
224 1.68662
225 1.69826
226 1.72041
227 1.74613
228 1.74701
229 1.77054
230 1.77534
231 1.77967
232 1.78431
233 1.78906
234 1.79089
235 1.79378
236 1.7974
237 1.80352
238 1.80883
239 1.81326
240 1.81998
241 1.82266
242 1.82801
243 1.83338
244 1.8394
245 1.84377
246 1.85406
247 1.86006
248 1.87728
249 1.90031
250 1.90501
251 1.90773
252 1.91727
253 1.91899
254 1.9217
255 1.9338
256 1.94304
257 1.96056
258 1.99059
259 2.01109
260 2.0193
261 2.02217
262 2.02717
263 2.03427
264 2.04184
265 2.04677
266 2.05193
267 2.05503
268 2.06301
269 2.06804
270 2.07401
271 2.07787
272 2.07996
273 2.09596
274 2.09783
275 2.10012
276 2.10402
277 2.11292
278 2.1161
279 2.14193
280 2.14815
281 2.15203
282 2.15359
283 2.1552
284 2.15831
285 2.16356
286 2.17001
287 2.17153
288 2.17364
289 2.18726
290 2.20249
291 2.20744
292 2.21213
293 2.2264
294 2.24468
295 2.25162
296 2.26164
297 2.2676
298 2.27709
299 2.28081
300 2.28818
301 2.29196
302 2.29698
303 2.30418
304 2.30803
305 2.34915
306 2.35396
307 2.35817
308 2.36801
309 2.38056
310 2.39039
311 2.39722
312 2.40174
313 2.40295
314 2.4049
315 2.40963
316 2.41391
317 2.4164
318 2.42481
319 2.42796
320 2.43484
321 2.44989
322 2.45191
323 2.48965
324 2.51629
325 2.52751
326 2.53085
327 2.53343
328 2.54539
329 2.55007
330 2.55635
331 2.56446
332 2.56939
333 2.57368
334 2.59107
335 2.61267
336 2.61449
337 2.61823
338 2.62148
339 2.63258
340 2.64367
341 2.66064
342 2.66381
343 2.66897
344 2.67476
345 2.68198
346 2.68443
347 2.6867
348 2.69565
349 2.707
350 2.71097
351 2.71688
352 2.74181
353 2.76931
354 2.77439
355 2.77567
356 2.7822
357 2.79199
358 2.79659
359 2.80077
360 2.81454
361 2.82129
362 2.83355
363 2.8436
364 2.85111
365 2.85345
366 2.85852
367 2.8647
368 2.86867
369 2.87233
370 2.89058
371 2.89984
372 2.90337
373 2.91196
374 2.91945
375 2.92691
376 2.94362
377 2.94654
378 2.94759
379 2.95134
380 2.95964
381 2.99143
382 2.99537
