1 0.00177
2 0.00546
3 0.00754
4 0.01704
5 0.02115
6 0.02526
7 0.03112
8 0.03311
9 0.04204
10 0.04979
11 0.05405
12 0.05904
13 0.07228
14 0.07869
15 0.08914
16 0.09658
17 0.10656
18 0.12076
19 0.12423
20 0.1256
21 0.13025
22 0.13302
23 0.13498
24 0.13795
25 0.15497
26 0.16282
27 0.16522
28 0.16973
29 0.18402
30 0.1887
31 0.19251
32 0.19546
33 0.20796
34 0.21176
35 0.22074
36 0.22346
37 0.23393
38 0.23769
39 0.23915
40 0.24277
41 0.25079
42 0.26753
43 0.27674
44 0.29409
45 0.29803
46 0.30232
47 0.31045
48 0.3163
49 0.32451
50 0.32606
51 0.32739
52 0.33461
53 0.33789
54 0.35241
55 0.35678
56 0.37398
57 0.37636
58 0.37952
59 0.38878
60 0.39618
61 0.41831
62 0.4266
63 0.44348
64 0.44603
65 0.45017
66 0.45744
67 0.46139
68 0.46491
69 0.47043
70 0.4728
71 0.47396
72 0.48512
73 0.49203
74 0.51093
75 0.53053
76 0.53293
77 0.53744
78 0.54159
79 0.54675
80 0.55163
81 0.55382
82 0.58243
83 0.59314
84 0.59785
85 0.60254
86 0.62376
87 0.62676
88 0.62935
89 0.63736
90 0.64452
91 0.65883
92 0.68619
93 0.68924
94 0.69259
95 0.70845
96 0.70994
97 0.71285
98 0.71522
99 0.72011
100 0.72186
101 0.72792
102 0.73607
103 0.74541
104 0.74719
105 0.75358
106 0.76676
107 0.76829
108 0.77356
109 0.77612
110 0.78069
111 0.78379
112 0.78838
113 0.79638
114 0.80021
115 0.8145
116 0.82509
117 0.83056
118 0.83312
119 0.84107
120 0.84448
121 0.8474
122 0.85059
123 0.85545
124 0.85824
125 0.8688
126 0.87672
127 0.88636
128 0.88998
129 0.90551
130 0.90888
131 0.91548
132 0.91766
133 0.92567
134 0.93108
135 0.94677
136 0.95252
137 0.95353
138 0.9608
139 0.96523
140 0.97138
141 0.9881
142 0.99524
143 1.01068
144 1.01165
145 1.02056
146 1.03419
147 1.03512
148 1.03865
149 1.03961
150 1.0457
151 1.0472
152 1.05071
153 1.06838
154 1.07395
155 1.08105
156 1.0843
157 1.0919
158 1.09371
159 1.12757
160 1.13308
161 1.15181
162 1.15892
163 1.16782
164 1.19098
165 1.19647
166 1.20195
167 1.20721
168 1.21145
169 1.2134
170 1.2272
171 1.23484
172 1.24154
173 1.2721
174 1.27461
175 1.27787
176 1.28482
177 1.28707
178 1.28858
179 1.29127
180 1.29516
181 1.30141
182 1.32053
183 1.32897
184 1.33068
185 1.33387
186 1.33522
187 1.34079
188 1.34283
189 1.34939
190 1.37186
191 1.37579
192 1.37854
193 1.38321
194 1.3938
195 1.41233
196 1.41764
197 1.4376
198 1.44595
199 1.45167
200 1.45437
201 1.45747
202 1.4627
203 1.46919
204 1.47043
205 1.47343
206 1.47612
207 1.47952
208 1.48301
209 1.48455
210 1.49627
211 1.50771
212 1.51477
213 1.5308
214 1.53779
215 1.54496
216 1.54683
217 1.55131
218 1.55889
219 1.57768
220 1.58329
221 1.59148
222 1.59368
223 1.59726
224 1.60231
225 1.60864
226 1.62641
227 1.6341
228 1.65013
229 1.66305
230 1.66831
231 1.6795
232 1.69245
233 1.6944
234 1.70611
235 1.71115
236 1.71803
237 1.72118
238 1.72362
239 1.72723
240 1.72911
241 1.73413
242 1.74652
243 1.75536
244 1.77262
245 1.77663
246 1.7823
247 1.79722
248 1.80267
249 1.83015
250 1.8409
251 1.84529
252 1.84714
253 1.84963
254 1.87156
255 1.87717
256 1.87888
257 1.88372
258 1.88753
259 1.90788
260 1.92216
261 1.9415
262 1.94597
263 1.95367
264 1.95633
265 1.96048
266 1.96228
267 1.96337
268 1.96477
269 1.97069
270 1.98849
271 1.99614
272 2.00016
273 2.00473
274 2.00853
275 2.01066
276 2.023
277 2.02797
278 2.03066
279 2.03589
280 2.04087
281 2.04486
282 2.04665
283 2.05195
284 2.0797
285 2.08233
286 2.08453
287 2.08602
288 2.0895
289 2.09399
290 2.10119
291 2.10919
292 2.11655
293 2.12326
294 2.12617
295 2.13959
296 2.14303
297 2.18191
298 2.19137
299 2.19456
300 2.20354
301 2.20807
302 2.21764
303 2.22639
304 2.22951
305 2.24251
306 2.25088
307 2.27215
308 2.27691
309 2.28068
310 2.29368
311 2.29668
312 2.32424
313 2.32761
314 2.33298
315 2.33481
316 2.33872
317 2.34749
318 2.36332
319 2.37339
320 2.38243
321 2.3897
322 2.40572
323 2.44111
324 2.4444
325 2.4496
326 2.45467
327 2.45991
328 2.46107
329 2.46331
330 2.46665
331 2.47257
332 2.4752
333 2.47726
334 2.4818
335 2.48986
336 2.49223
337 2.50372
338 2.50511
339 2.51219
340 2.51853
341 2.52211
342 2.53178
343 2.54158
344 2.54255
345 2.55118
346 2.56935
347 2.57688
348 2.57839
349 2.58298
350 2.59348
351 2.59516
352 2.60602
353 2.62921
354 2.63082
355 2.63511
356 2.63846
357 2.65417
358 2.65707
359 2.66386
360 2.68648
361 2.69724
362 2.70297
363 2.71166
364 2.71857
365 2.72315
366 2.73777
367 2.74631
368 2.74877
369 2.75702
370 2.76042
371 2.76924
372 2.77207
373 2.77554
374 2.79328
375 2.80269
376 2.82621
377 2.8358
378 2.83711
379 2.84613
380 2.8562
381 2.87303
382 2.87779
383 2.88179
384 2.88379
385 2.88921
386 2.9005
387 2.93495
388 2.94787
389 2.95635
390 2.9619
391 2.96539
392 2.96968
393 2.97363
394 2.97908
395 2.99606
