1 0.02445
2 0.03058
3 0.03568
4 0.04585
5 0.04888
6 0.06059
7 0.06425
8 0.06988
9 0.08206
10 0.08536
11 0.09751
12 0.10825
13 0.11634
14 0.12107
15 0.12899
16 0.13355
17 0.14079
18 0.14766
19 0.14928
20 0.16116
21 0.16592
22 0.17664
23 0.18278
24 0.19024
25 0.19466
26 0.20829
27 0.21198
28 0.218
29 0.22907
30 0.24053
31 0.25338
32 0.25593
33 0.26435
34 0.27131
35 0.28274
36 0.28475
37 0.29086
38 0.2933
39 0.30106
40 0.30522
41 0.32331
42 0.32743
43 0.33082
44 0.33587
45 0.34403
46 0.35506
47 0.36381
48 0.38388
49 0.39254
50 0.39814
51 0.39991
52 0.40547
53 0.42348
54 0.43324
55 0.44249
56 0.44582
57 0.44974
58 0.45618
59 0.45956
60 0.46322
61 0.46639
62 0.46836
63 0.47279
64 0.4772
65 0.49134
66 0.50488
67 0.51167
68 0.51399
69 0.51578
70 0.51853
71 0.52591
72 0.5325
73 0.53707
74 0.54604
75 0.55716
76 0.5852
77 0.58908
78 0.59582
79 0.60135
80 0.61004
81 0.62568
82 0.63464
83 0.637
84 0.65363
85 0.66002
86 0.67144
87 0.67867
88 0.68062
89 0.69323
90 0.70448
91 0.70955
92 0.71238
93 0.72443
94 0.73027
95 0.74021
96 0.74901
97 0.75607
98 0.76468
99 0.7711
100 0.77412
101 0.77783
102 0.78927
103 0.79082
104 0.80404
105 0.81182
106 0.8232
107 0.83212
108 0.84114
109 0.84992
110 0.85433
111 0.87507
112 0.89145
113 0.91026
114 0.91267
115 0.92871
116 0.93631
117 0.9489
118 0.97146
119 0.99165
120 0.99802
121 1.00555
122 1.02931
123 1.03402
124 1.0413
125 1.04725
126 1.06078
127 1.06801
128 1.07741
129 1.08345
130 1.08585
131 1.08869
132 1.0956
133 1.09649
134 1.10937
135 1.11408
136 1.12408
137 1.13099
138 1.14155
139 1.15826
140 1.16225
141 1.16648
142 1.16767
143 1.16978
144 1.17589
145 1.18355
146 1.21287
147 1.22232
148 1.22839
149 1.23638
150 1.24752
151 1.24988
152 1.25727
153 1.27324
154 1.27983
155 1.28467
156 1.30117
157 1.30464
158 1.31306
159 1.31627
160 1.32109
161 1.33005
162 1.34689
163 1.349
164 1.3548
165 1.36582
166 1.37907
167 1.38261
168 1.39052
169 1.39747
170 1.41482
171 1.42055
172 1.42919
173 1.43803
174 1.4533
175 1.46572
176 1.46795
177 1.4708
178 1.48428
179 1.50759
180 1.50893
181 1.51315
182 1.5161
183 1.52358
184 1.55957
185 1.56383
186 1.56843
187 1.57312
188 1.57909
189 1.5923
190 1.60319
191 1.6507
192 1.66399
193 1.67058
194 1.67963
195 1.68626
196 1.69388
197 1.70538
198 1.72016
199 1.72561
200 1.72824
201 1.73131
202 1.74333
203 1.74973
204 1.75486
205 1.76623
206 1.77
207 1.78505
208 1.80069
209 1.8098
210 1.81333
211 1.82369
212 1.82649
213 1.84097
214 1.84399
215 1.85715
216 1.88324
217 1.91193
218 1.92002
219 1.92195
220 1.94773
221 1.95653
222 1.97046
223 1.97448
224 1.97989
225 1.98784
226 2.02606
227 2.02954
228 2.03409
229 2.03686
230 2.04523
231 2.06084
232 2.06753
233 2.08117
234 2.08407
235 2.09903
236 2.10622
237 2.14294
238 2.14937
239 2.15231
240 2.16826
241 2.19088
242 2.20002
243 2.22378
244 2.23493
245 2.25118
246 2.25332
247 2.25926
248 2.26134
249 2.27813
250 2.28578
251 2.29632
252 2.3234
253 2.33315
254 2.33791
255 2.34695
256 2.34966
257 2.35614
258 2.36196
259 2.37366
260 2.37709
261 2.39059
262 2.39336
263 2.41526
264 2.4268
265 2.44326
266 2.45011
267 2.47332
268 2.48808
269 2.49198
270 2.50419
271 2.50693
272 2.51954
273 2.52295
274 2.52396
275 2.53032
276 2.54211
277 2.57223
278 2.57628
279 2.58642
280 2.58833
281 2.59209
282 2.59772
283 2.59939
284 2.60412
285 2.6051
286 2.60746
287 2.60942
288 2.63047
289 2.64317
290 2.64918
291 2.66668
292 2.67151
293 2.68584
294 2.69005
295 2.69912
296 2.71688
297 2.73526
298 2.77191
299 2.77833
300 2.79291
301 2.81016
302 2.82638
303 2.82819
304 2.84224
305 2.85891
306 2.86798
307 2.87499
308 2.88991
309 2.90103
310 2.90669
311 2.92401
312 2.92797
313 2.93362
314 2.95551
315 2.97015
316 2.97225
317 2.97328
318 2.9752
319 2.98758
320 2.99947
