1 0.00545
2 0.01055
3 0.02077
4 0.02406
5 0.04434
6 0.04875
7 0.05109
8 0.05793
9 0.06157
10 0.06646
11 0.07095
12 0.07929
13 0.09129
14 0.09759
15 0.10569
16 0.11037
17 0.11365
18 0.11659
19 0.11791
20 0.14086
21 0.15146
22 0.1614
23 0.16295
24 0.16912
25 0.17101
26 0.17581
27 0.18745
28 0.19112
29 0.20104
30 0.21558
31 0.22213
32 0.22416
33 0.23061
34 0.23545
35 0.23803
36 0.24225
37 0.24684
38 0.26026
39 0.26838
40 0.27793
41 0.28287
42 0.28451
43 0.28908
44 0.2944
45 0.30843
46 0.31119
47 0.3258
48 0.33958
49 0.35829
50 0.36638
51 0.3706
52 0.38198
53 0.38675
54 0.39079
55 0.39731
56 0.40717
57 0.41099
58 0.41467
59 0.41654
60 0.42013
61 0.43014
62 0.46101
63 0.46611
64 0.47458
65 0.4755
66 0.47873
67 0.48612
68 0.48819
69 0.49058
70 0.51509
71 0.52169
72 0.53113
73 0.53377
74 0.53596
75 0.5442
76 0.55388
77 0.55511
78 0.56029
79 0.56912
80 0.57232
81 0.57544
82 0.58676
83 0.59124
84 0.60907
85 0.61677
86 0.62452
87 0.62952
88 0.63279
89 0.64052
90 0.64343
91 0.66085
92 0.66463
93 0.67419
94 0.67989
95 0.68091
96 0.68687
97 0.7039
98 0.70861
99 0.7112
100 0.71456
101 0.71602
102 0.73263
103 0.73902
104 0.74593
105 0.75061
106 0.75506
107 0.75788
108 0.76684
109 0.7702
110 0.77719
111 0.78414
112 0.79388
113 0.7954
114 0.7997
115 0.80651
116 0.81201
117 0.83303
118 0.83534
119 0.86173
120 0.86494
121 0.86725
122 0.87077
123 0.87685
124 0.88724
125 0.90759
126 0.91199
127 0.91774
128 0.92861
129 0.92993
130 0.93263
131 0.94365
132 0.95098
133 0.95255
134 0.95834
135 0.96695
136 0.99135
137 0.99537
138 1.0099
139 1.03646
140 1.03952
141 1.04764
142 1.05083
143 1.07077
144 1.07685
145 1.08198
146 1.08684
147 1.10339
148 1.12358
149 1.13378
150 1.15683
151 1.16268
152 1.1662
153 1.16722
154 1.16971
155 1.1722
156 1.17324
157 1.17476
158 1.18362
159 1.19309
160 1.19948
161 1.20463
162 1.20707
163 1.21827
164 1.22004
165 1.22206
166 1.22826
167 1.23253
168 1.23702
169 1.24408
170 1.2514
171 1.28243
172 1.2885
173 1.292
174 1.29742
175 1.3005
176 1.30432
177 1.32292
178 1.32577
179 1.3352
180 1.35872
181 1.36642
182 1.36979
183 1.38458
184 1.41295
185 1.4184
186 1.42587
187 1.42989
188 1.43379
189 1.44618
190 1.45022
191 1.45771
192 1.45986
193 1.4642
194 1.46785
195 1.47522
196 1.48589
197 1.49071
198 1.49231
199 1.49641
200 1.50433
201 1.51473
202 1.53617
203 1.54084
204 1.55181
205 1.55977
206 1.5638
207 1.5658
208 1.57701
209 1.58285
210 1.58507
211 1.58947
212 1.60566
213 1.61523
214 1.62782
215 1.63239
216 1.63698
217 1.64049
218 1.65457
219 1.65999
220 1.66256
221 1.66689
222 1.66926
223 1.67164
224 1.68116
225 1.69032
226 1.70382
227 1.70658
228 1.70825
229 1.71089
230 1.71801
231 1.72431
232 1.72882
233 1.74273
234 1.7485
235 1.75674
236 1.78389
237 1.78793
238 1.79404
239 1.80022
240 1.80401
241 1.80548
242 1.81343
243 1.81769
244 1.82131
245 1.82809
246 1.83829
247 1.8509
248 1.85329
249 1.85822
250 1.86262
251 1.86802
252 1.86915
253 1.8749
254 1.88816
255 1.91439
256 1.91785
257 1.92996
258 1.93825
259 1.94564
260 1.96233
261 1.96638
262 1.97796
263 1.98169
264 1.98723
265 2.0019
266 2.00304
267 2.01725
268 2.03676
269 2.03858
270 2.0516
271 2.05724
272 2.06022
273 2.06124
274 2.06659
275 2.07221
276 2.0775
277 2.08576
278 2.10962
279 2.11418
280 2.11702
281 2.12843
282 2.15726
283 2.15854
284 2.16734
285 2.16833
286 2.17579
287 2.18808
288 2.19338
289 2.19947
290 2.20167
291 2.20558
292 2.21182
293 2.21847
294 2.22232
295 2.22893
296 2.23505
297 2.24631
298 2.24935
299 2.26115
300 2.2867
301 2.29296
302 2.29637
303 2.30791
304 2.31614
305 2.3175
306 2.31923
307 2.32143
308 2.3298
309 2.34262
310 2.35529
311 2.36331
312 2.38221
313 2.38567
314 2.38865
315 2.39962
316 2.40467
317 2.41543
318 2.4188
319 2.4273
320 2.43155
321 2.44404
322 2.45399
323 2.45519
324 2.45764
325 2.46345
326 2.46804
327 2.47319
328 2.47908
329 2.48657
330 2.49774
331 2.50286
332 2.50947
333 2.54389
334 2.54538
335 2.54815
336 2.55855
337 2.56371
338 2.58146
339 2.59155
340 2.60297
341 2.61595
342 2.62209
343 2.62494
344 2.62611
345 2.62743
346 2.6343
347 2.66035
348 2.66378
349 2.66598
350 2.67841
351 2.6924
352 2.69488
353 2.69998
354 2.70319
355 2.7126
356 2.7184
357 2.72057
358 2.72869
359 2.7445
360 2.74773
361 2.75199
362 2.7529
363 2.76577
364 2.78419
365 2.7979
366 2.80018
367 2.80574
368 2.81037
369 2.81426
370 2.81687
371 2.81834
372 2.82768
373 2.82886
374 2.85991
375 2.86244
376 2.86481
377 2.87123
378 2.87259
379 2.87735
380 2.8823
381 2.88716
382 2.90738
383 2.91365
384 2.91691
385 2.92895
386 2.93303
387 2.93862
388 2.94139
389 2.94608
390 2.95018
391 2.95661
392 2.96558
393 2.97245
394 2.98223
