1 0.00179
2 0.00325
3 0.00728
4 0.009
5 0.0114
6 0.01315
7 0.01446
8 0.01912
9 0.02125
10 0.0239
11 0.02632
12 0.02801
13 0.03069
14 0.03429
15 0.03937
16 0.04397
17 0.0455
18 0.0512
19 0.06098
20 0.06775
21 0.0699
22 0.07536
23 0.08242
24 0.08624
25 0.0918
26 0.09944
27 0.1089
28 0.11473
29 0.11823
30 0.12116
31 0.12387
32 0.13144
33 0.13404
34 0.14062
35 0.14264
36 0.14484
37 0.15045
38 0.16048
39 0.16756
40 0.1718
41 0.17621
42 0.17958
43 0.18236
44 0.18766
45 0.18933
46 0.1911
47 0.20309
48 0.20872
49 0.21327
50 0.21497
51 0.22494
52 0.23007
53 0.23328
54 0.23528
55 0.23704
56 0.25064
57 0.25329
58 0.26291
59 0.27025
60 0.27814
61 0.28073
62 0.28321
63 0.29248
64 0.29632
65 0.29851
66 0.31606
67 0.31895
68 0.32094
69 0.32336
70 0.32661
71 0.33164
72 0.33804
73 0.34654
74 0.35203
75 0.35806
76 0.37493
77 0.38856
78 0.39321
79 0.39649
80 0.40534
81 0.42248
82 0.42402
83 0.43133
84 0.435
85 0.44263
86 0.45243
87 0.455
88 0.46838
89 0.47851
90 0.48585
91 0.49451
92 0.49953
93 0.51091
94 0.51665
95 0.51885
96 0.52203
97 0.52485
98 0.53639
99 0.54457
100 0.54571
101 0.5474
102 0.55507
103 0.56079
104 0.56641
105 0.57427
106 0.58014
107 0.58657
108 0.60919
109 0.61176
110 0.62388
111 0.62731
112 0.63013
113 0.6321
114 0.63654
115 0.6446
116 0.64701
117 0.65089
118 0.65851
119 0.6706
120 0.67513
121 0.68382
122 0.70604
123 0.70707
124 0.71767
125 0.72271
126 0.72723
127 0.74808
128 0.7634
129 0.76745
130 0.77312
131 0.77785
132 0.78793
133 0.80323
134 0.80955
135 0.81484
136 0.82389
137 0.82937
138 0.84402
139 0.84713
140 0.85181
141 0.85928
142 0.86362
143 0.86474
144 0.86844
145 0.87027
146 0.8727
147 0.87381
148 0.87928
149 0.89392
150 0.89646
151 0.89819
152 0.89994
153 0.90802
154 0.91181
155 0.92054
156 0.92292
157 0.93613
158 0.94676
159 0.94939
160 0.95282
161 0.95712
162 0.96319
163 0.96979
164 0.97728
165 0.98301
166 0.99514
167 0.99831
168 0.99951
169 1.0044
170 1.00593
171 1.02479
172 1.03322
173 1.04089
174 1.04863
175 1.05468
176 1.06349
177 1.06702
178 1.0737
179 1.08146
180 1.09009
181 1.09443
182 1.09724
183 1.10354
184 1.11796
185 1.12298
186 1.13115
187 1.13988
188 1.1507
189 1.15187
190 1.15649
191 1.15922
192 1.16292
193 1.16641
194 1.16944
195 1.17277
196 1.17522
197 1.17727
198 1.18131
199 1.18234
200 1.18676
201 1.19025
202 1.20253
203 1.20794
204 1.21539
205 1.22583
206 1.23222
207 1.23603
208 1.2399
209 1.2428
210 1.24498
211 1.25012
212 1.25354
213 1.2565
214 1.25844
215 1.26552
216 1.27103
217 1.27562
218 1.27863
219 1.28304
220 1.28556
221 1.2973
222 1.30334
223 1.30758
224 1.31582
225 1.31827
226 1.33155
227 1.34493
228 1.3527
229 1.35726
230 1.36014
231 1.37347
232 1.38178
233 1.39357
234 1.39605
235 1.40169
236 1.41635
237 1.42086
238 1.4272
239 1.43048
240 1.44083
241 1.44371
242 1.45174
243 1.46284
244 1.46868
245 1.47946
246 1.48776
247 1.49144
248 1.49968
249 1.51007
250 1.52115
251 1.52657
252 1.5338
253 1.53717
254 1.54545
255 1.54691
256 1.56348
257 1.57077
258 1.57521
259 1.57727
260 1.58299
261 1.59602
262 1.60037
263 1.60231
264 1.61064
265 1.61423
266 1.63866
267 1.64752
268 1.65253
269 1.65775
270 1.67114
271 1.67692
272 1.68321
273 1.68655
274 1.69007
275 1.70497
276 1.71225
277 1.72307
278 1.73042
279 1.74014
280 1.74487
281 1.74742
282 1.76897
283 1.77615
284 1.78516
285 1.78786
286 1.79013
287 1.79209
288 1.79435
289 1.79766
290 1.80474
291 1.80593
292 1.81416
293 1.81808
294 1.82899
295 1.85335
296 1.85482
297 1.86585
298 1.8784
299 1.88423
300 1.89586
301 1.9019
302 1.91826
303 1.92267
304 1.92778
305 1.93213
306 1.94057
307 1.94521
308 1.9486
309 1.95667
310 1.96956
311 1.97229
312 1.9799
313 1.98774
314 1.98886
315 1.99573
316 2.00265
317 2.02198
318 2.03463
319 2.03681
320 2.04778
321 2.05316
322 2.05666
323 2.06171
324 2.07372
325 2.07723
326 2.08097
327 2.08285
328 2.09614
329 2.10512
330 2.1142
331 2.11585
332 2.12015
333 2.12561
334 2.12842
335 2.13398
336 2.13689
337 2.1388
338 2.14683
339 2.15901
340 2.16166
341 2.1722
342 2.17509
343 2.17731
344 2.18776
345 2.18926
346 2.19624
347 2.2004
348 2.20372
349 2.20601
350 2.21076
351 2.2131
352 2.2293
353 2.23398
354 2.24275
355 2.24768
356 2.26062
357 2.26299
358 2.28004
359 2.28326
360 2.29805
361 2.30034
362 2.30755
363 2.31149
364 2.31669
365 2.32059
366 2.33057
367 2.34884
368 2.35416
369 2.37377
370 2.37941
371 2.39215
372 2.4003
373 2.40189
374 2.41238
375 2.41625
376 2.43073
377 2.43235
378 2.44415
379 2.45608
380 2.47484
381 2.48259
382 2.48519
383 2.48992
384 2.4981
385 2.5048
386 2.5176
387 2.52212
388 2.52422
389 2.54116
390 2.54448
391 2.54858
392 2.55052
393 2.56071
394 2.56385
395 2.56639
396 2.56891
397 2.58096
398 2.59755
399 2.59907
400 2.60209
401 2.6115
402 2.62258
403 2.63456
404 2.63923
405 2.64451
406 2.64866
407 2.65407
408 2.66649
409 2.67745
410 2.67907
411 2.68148
412 2.69961
413 2.70558
414 2.70828
415 2.71038
416 2.71601
417 2.72761
418 2.73381
419 2.73807
420 2.74029
421 2.74197
422 2.74617
423 2.75403
424 2.75551
425 2.75967
426 2.76729
427 2.76888
428 2.77392
429 2.77965
430 2.79587
431 2.80361
432 2.80633
433 2.81909
434 2.82053
435 2.82593
436 2.83142
437 2.83602
438 2.85401
439 2.86019
440 2.86902
441 2.8835
442 2.88645
443 2.89364
444 2.89791
445 2.92031
446 2.92332
447 2.93007
448 2.93473
449 2.93605
450 2.95083
451 2.95172
452 2.95371
453 2.95523
454 2.96135
455 2.96623
456 2.97941
457 2.98711
458 2.99086
459 2.99477
460 2.99887
