1 0.00037
2 0.00504
3 0.02065
4 0.02545
5 0.02885
6 0.03205
7 0.03993
8 0.04451
9 0.05145
10 0.05507
11 0.0697
12 0.07376
13 0.07691
14 0.08422
15 0.09466
16 0.10214
17 0.10465
18 0.11369
19 0.11717
20 0.12035
21 0.13402
22 0.14421
23 0.14795
24 0.15252
25 0.15681
26 0.16179
27 0.16586
28 0.1702
29 0.18786
30 0.18954
31 0.19467
32 0.19905
33 0.20945
34 0.21106
35 0.21278
36 0.21401
37 0.21761
38 0.22041
39 0.22301
40 0.22787
41 0.23636
42 0.25235
43 0.25575
44 0.26656
45 0.26886
46 0.27212
47 0.27554
48 0.28066
49 0.28328
50 0.29237
51 0.29767
52 0.30267
53 0.30847
54 0.31891
55 0.32166
56 0.33002
57 0.33363
58 0.34527
59 0.35772
60 0.36361
61 0.37085
62 0.37181
63 0.3802
64 0.38306
65 0.38609
66 0.38761
67 0.39104
68 0.39264
69 0.39991
70 0.40755
71 0.42673
72 0.42948
73 0.43316
74 0.44342
75 0.4583
76 0.46081
77 0.46807
78 0.47119
79 0.47904
80 0.48803
81 0.52439
82 0.53266
83 0.53845
84 0.54433
85 0.55112
86 0.5675
87 0.57212
88 0.57876
89 0.57979
90 0.59996
91 0.61516
92 0.62115
93 0.6279
94 0.64068
95 0.64713
96 0.65502
97 0.65669
98 0.65904
99 0.66581
100 0.67091
101 0.67445
102 0.6835
103 0.68461
104 0.68719
105 0.69054
106 0.7107
107 0.71936
108 0.72634
109 0.72991
110 0.73821
111 0.74592
112 0.76795
113 0.77211
114 0.77497
115 0.77675
116 0.79379
117 0.79979
118 0.8075
119 0.82002
120 0.82295
121 0.82639
122 0.83877
123 0.85694
124 0.86258
125 0.86484
126 0.8673
127 0.88383
128 0.8925
129 0.89739
130 0.90655
131 0.91173
132 0.93158
133 0.93625
134 0.93918
135 0.946
136 0.94867
137 0.95827
138 0.96386
139 0.96621
140 0.97427
141 0.97566
142 0.98758
143 0.99468
144 0.99813
145 1.00152
146 1.0026
147 1.01676
148 1.02052
149 1.02947
150 1.03191
151 1.04748
152 1.05022
153 1.06953
154 1.07231
155 1.07575
156 1.09512
157 1.10561
158 1.11125
159 1.13246
160 1.1367
161 1.14863
162 1.15108
163 1.15537
164 1.16224
165 1.16571
166 1.17043
167 1.17171
168 1.17527
169 1.18677
170 1.18889
171 1.1966
172 1.20929
173 1.21467
174 1.22658
175 1.23
176 1.23122
177 1.23384
178 1.23632
179 1.24199
180 1.24546
181 1.24978
182 1.26896
183 1.27187
184 1.27718
185 1.29344
186 1.30045
187 1.3088
188 1.31796
189 1.32303
190 1.3324
191 1.33994
192 1.34912
193 1.35442
194 1.36052
195 1.36623
196 1.36909
197 1.37357
198 1.3821
199 1.38328
200 1.38769
201 1.40049
202 1.40649
203 1.41113
204 1.41578
205 1.42587
206 1.42828
207 1.44008
208 1.46331
209 1.46477
210 1.46615
211 1.47206
212 1.47443
213 1.47772
214 1.48326
215 1.49098
216 1.50023
217 1.51909
218 1.52981
219 1.53262
220 1.54467
221 1.5539
222 1.55637
223 1.56731
224 1.56991
225 1.57156
226 1.5765
227 1.58306
228 1.5927
229 1.59446
230 1.60359
231 1.61101
232 1.61452
233 1.62952
234 1.63395
235 1.63919
236 1.64314
237 1.64802
238 1.65045
239 1.6516
240 1.65471
241 1.65693
242 1.66655
243 1.67616
244 1.68035
245 1.68426
246 1.68587
247 1.70757
248 1.71195
249 1.71301
250 1.71655
251 1.72139
252 1.73046
253 1.73517
254 1.7441
255 1.76947
256 1.77345
257 1.77778
258 1.77912
259 1.78129
260 1.79777
261 1.79975
262 1.80249
263 1.80477
264 1.8204
265 1.82992
266 1.83272
267 1.83908
268 1.84745
269 1.85909
270 1.86933
271 1.8844
272 1.89409
273 1.89647
274 1.91135
275 1.92215
276 1.92927
277 1.93912
278 1.94251
279 1.96041
280 1.97064
281 1.97627
282 1.98448
283 1.99444
284 2.00507
285 2.01776
286 2.02683
287 2.03029
288 2.04534
289 2.04919
290 2.05397
291 2.05975
292 2.07003
293 2.07209
294 2.07866
295 2.09475
296 2.11073
297 2.11512
298 2.13505
299 2.13873
300 2.14802
301 2.15929
302 2.16991
303 2.18466
304 2.19647
305 2.20534
306 2.21607
307 2.22098
308 2.22332
309 2.22545
310 2.23028
311 2.23483
312 2.23928
313 2.25097
314 2.27295
315 2.2853
316 2.29538
317 2.30041
318 2.31604
319 2.31828
320 2.31965
321 2.32624
322 2.32922
323 2.35272
324 2.36128
325 2.36599
326 2.37095
327 2.3806
328 2.38717
329 2.38866
330 2.39297
331 2.39801
332 2.40123
333 2.40641
334 2.41548
335 2.42353
336 2.42617
337 2.43353
338 2.44031
339 2.44355
340 2.44549
341 2.46195
342 2.46586
343 2.47158
344 2.47841
345 2.48958
346 2.4987
347 2.50649
348 2.52014
349 2.54313
350 2.54728
351 2.54871
352 2.55159
353 2.5705
354 2.57347
355 2.57665
356 2.59647
357 2.6011
358 2.60415
359 2.60856
360 2.61112
361 2.61363
362 2.61775
363 2.62852
364 2.63648
365 2.63889
366 2.6518
367 2.67596
368 2.68201
369 2.68559
370 2.69232
371 2.71251
372 2.71661
373 2.71822
374 2.72509
375 2.73479
376 2.73807
377 2.74018
378 2.7416
379 2.74339
380 2.74675
381 2.76906
382 2.77195
383 2.77855
384 2.79458
385 2.79885
386 2.80461
387 2.82088
388 2.82648
389 2.83037
390 2.84513
391 2.85011
392 2.85883
393 2.8637
394 2.87732
395 2.8882
396 2.89644
397 2.90292
398 2.90569
399 2.90942
400 2.91808
401 2.92062
402 2.92195
403 2.92457
404 2.9305
405 2.93563
406 2.96084
407 2.96445
408 2.97218
409 2.97335
410 2.97468
411 2.97951
412 2.98467
413 2.98862
