1 0.00779
2 0.00932
3 0.02037
4 0.02352
5 0.03875
6 0.04252
7 0.07269
8 0.07473
9 0.10349
10 0.13611
11 0.13837
12 0.14685
13 0.15609
14 0.17772
15 0.18665
16 0.18827
17 0.19198
18 0.20021
19 0.21184
20 0.22172
21 0.23326
22 0.24419
23 0.25119
24 0.25533
25 0.25687
26 0.26002
27 0.26534
28 0.27606
29 0.28331
30 0.288
31 0.3107
32 0.33401
33 0.35806
34 0.38243
35 0.38466
36 0.38874
37 0.396
38 0.4012
39 0.4086
40 0.41268
41 0.41437
42 0.43589
43 0.4397
44 0.44604
45 0.4491
46 0.45899
47 0.46082
48 0.46263
49 0.47022
50 0.49419
51 0.49982
52 0.50395
53 0.53025
54 0.54404
55 0.54749
56 0.56167
57 0.56811
58 0.59114
59 0.61199
60 0.61767
61 0.64503
62 0.64827
63 0.66039
64 0.66833
65 0.67001
66 0.67771
67 0.68485
68 0.69633
69 0.70256
70 0.70397
71 0.7106
72 0.72149
73 0.72469
74 0.73642
75 0.7523
76 0.75581
77 0.76236
78 0.77601
79 0.78144
80 0.78766
81 0.79305
82 0.79944
83 0.80406
84 0.81132
85 0.82028
86 0.82793
87 0.85299
88 0.87505
89 0.89227
90 0.89526
91 0.9186
92 0.93324
93 0.93829
94 0.94023
95 0.94745
96 0.98608
97 0.99231
98 0.99382
99 0.99798
100 1.0011
101 1.00712
102 1.02621
103 1.03116
104 1.03846
105 1.04028
106 1.04435
107 1.05052
108 1.07379
109 1.08914
110 1.09431
111 1.10664
112 1.11097
113 1.11908
114 1.13409
115 1.1378
116 1.14952
117 1.15293
118 1.15873
119 1.16215
120 1.17205
121 1.20539
122 1.23179
123 1.23976
124 1.24671
125 1.2485
126 1.26075
127 1.27163
128 1.27355
129 1.28726
130 1.29657
131 1.29967
132 1.31611
133 1.31855
134 1.32652
135 1.33255
136 1.33744
137 1.34617
138 1.35221
139 1.35403
140 1.37433
141 1.37662
142 1.38159
143 1.41263
144 1.41634
145 1.43125
146 1.43976
147 1.45074
148 1.45418
149 1.46264
150 1.48045
151 1.4928
152 1.5207
153 1.52933
154 1.53133
155 1.55702
156 1.56906
157 1.57514
158 1.58431
159 1.60458
160 1.61661
161 1.61836
162 1.62817
163 1.63757
164 1.6446
165 1.6563
166 1.66498
167 1.69395
168 1.696
169 1.69798
170 1.7052
171 1.70663
172 1.71592
173 1.73514
174 1.73728
175 1.75733
176 1.75946
177 1.77507
178 1.78576
179 1.7904
180 1.8208
181 1.85396
182 1.86692
183 1.87291
184 1.87667
185 1.89032
186 1.89243
187 1.89851
188 1.9007
189 1.90425
190 1.91038
191 1.91538
192 1.92224
193 1.92785
194 1.92939
195 1.93929
196 1.95745
197 1.96617
198 1.98583
199 1.99623
200 2.01334
201 2.02606
202 2.03262
203 2.0376
204 2.03928
205 2.0502
206 2.05478
207 2.06216
208 2.06828
209 2.08518
210 2.09242
211 2.09765
212 2.10266
213 2.10555
214 2.11513
215 2.13246
216 2.14752
217 2.15612
218 2.16941
219 2.18027
220 2.18792
221 2.19889
222 2.21882
223 2.24243
224 2.24678
225 2.25382
226 2.26664
227 2.27146
228 2.2797
229 2.28851
230 2.29926
231 2.30774
232 2.31753
233 2.32673
234 2.33299
235 2.33646
236 2.37154
237 2.38289
238 2.38939
239 2.3935
240 2.41013
241 2.41386
242 2.42694
243 2.42997
244 2.43652
245 2.44339
246 2.45087
247 2.46043
248 2.48042
249 2.4826
250 2.48815
251 2.49427
252 2.5034
253 2.50674
254 2.50847
255 2.51526
256 2.52994
257 2.53592
258 2.54975
259 2.55731
260 2.56988
261 2.57673
262 2.59017
263 2.60083
264 2.60433
265 2.61295
266 2.61673
267 2.62046
268 2.62431
269 2.62837
270 2.64028
271 2.64362
272 2.66242
273 2.69312
274 2.69724
275 2.69926
276 2.70129
277 2.70501
278 2.73611
279 2.75876
280 2.76214
281 2.78175
282 2.78635
283 2.78942
284 2.81219
285 2.83589
286 2.84566
287 2.86623
288 2.88738
289 2.89294
290 2.91247
291 2.91989
292 2.92661
293 2.93378
294 2.94029
295 2.94732
296 2.95494
297 2.97442
298 2.99005
