1 0.00752
2 0.00925
3 0.01709
4 0.01981
5 0.02125
6 0.02467
7 0.04856
8 0.05207
9 0.06372
10 0.06974
11 0.07444
12 0.08348
13 0.09551
14 0.10336
15 0.11801
16 0.1272
17 0.1507
18 0.15636
19 0.16231
20 0.17407
21 0.17926
22 0.18374
23 0.18818
24 0.19328
25 0.20629
26 0.21172
27 0.21862
28 0.22214
29 0.2252
30 0.22997
31 0.23818
32 0.24619
33 0.25856
34 0.26338
35 0.27357
36 0.28194
37 0.29512
38 0.30304
39 0.32005
40 0.32514
41 0.33338
42 0.36023
43 0.37178
44 0.38662
45 0.39924
46 0.41169
47 0.42184
48 0.43066
49 0.44028
50 0.44798
51 0.45742
52 0.4625
53 0.46435
54 0.46587
55 0.4871
56 0.49075
57 0.52017
58 0.52596
59 0.53852
60 0.5456
61 0.56188
62 0.57886
63 0.58048
64 0.5915
65 0.60044
66 0.60694
67 0.61962
68 0.62681
69 0.66302
70 0.66732
71 0.67897
72 0.69307
73 0.69625
74 0.71678
75 0.72145
76 0.72906
77 0.73218
78 0.73983
79 0.74617
80 0.75437
81 0.76256
82 0.77544
83 0.79764
84 0.81364
85 0.81778
86 0.82475
87 0.84882
88 0.85183
89 0.85687
90 0.86345
91 0.86685
92 0.8738
93 0.87517
94 0.8794
95 0.88436
96 0.89291
97 0.91136
98 0.93535
99 0.94714
100 0.95373
101 0.9803
102 0.98636
103 1.00289
104 1.00622
105 1.00823
106 1.01688
107 1.02537
108 1.06006
109 1.07221
110 1.0734
111 1.07442
112 1.08627
113 1.1053
114 1.11044
115 1.1272
116 1.13325
117 1.14472
118 1.16266
119 1.1656
120 1.18719
121 1.1937
122 1.21231
123 1.21531
124 1.22826
125 1.24357
126 1.24754
127 1.25179
128 1.26725
129 1.26982
130 1.29781
131 1.30861
132 1.32675
133 1.33492
134 1.34794
135 1.35254
136 1.37343
137 1.38977
138 1.40915
139 1.41609
140 1.42751
141 1.43265
142 1.44948
143 1.46414
144 1.49434
145 1.51454
146 1.52185
147 1.5491
148 1.56192
149 1.56799
150 1.57055
151 1.57662
152 1.58689
153 1.59319
154 1.59805
155 1.62204
156 1.63801
157 1.63927
158 1.64378
159 1.64725
160 1.64837
161 1.67136
162 1.6739
163 1.67765
164 1.6815
165 1.70288
166 1.71459
167 1.7392
168 1.75648
169 1.76774
170 1.77567
171 1.80237
172 1.81246
173 1.81768
174 1.82172
175 1.82409
176 1.83672
177 1.846
178 1.85595
179 1.86821
180 1.87754
181 1.88729
182 1.89565
183 1.9003
184 1.90486
185 1.91918
186 1.94972
187 1.95133
188 1.95655
189 1.96348
190 1.97575
191 1.98926
192 2.00241
193 2.00724
194 2.01804
195 2.02964
196 2.04956
197 2.07391
198 2.08269
199 2.10115
200 2.11303
201 2.11989
202 2.1247
203 2.14121
204 2.15946
205 2.16118
206 2.16582
207 2.17564
208 2.18783
209 2.18953
210 2.19249
211 2.19873
212 2.207
213 2.21493
214 2.23306
215 2.23473
216 2.2533
217 2.26314
218 2.27841
219 2.28482
220 2.28577
221 2.29962
222 2.30471
223 2.31071
224 2.31967
225 2.32114
226 2.32794
227 2.33219
228 2.35539
229 2.37546
230 2.38702
231 2.3889
232 2.39489
233 2.39954
234 2.40801
235 2.41394
236 2.44243
237 2.45276
238 2.45604
239 2.46668
240 2.48826
241 2.49696
242 2.50382
243 2.51222
244 2.51515
245 2.52567
246 2.54906
247 2.55902
248 2.56212
249 2.56621
250 2.57297
251 2.58152
252 2.59973
253 2.60125
254 2.60592
255 2.62143
256 2.62946
257 2.63084
258 2.63321
259 2.63943
260 2.64972
261 2.66291
262 2.66457
263 2.68161
264 2.68351
265 2.69208
266 2.69473
267 2.71567
268 2.7363
269 2.74081
270 2.75405
271 2.76717
272 2.77792
273 2.7872
274 2.79816
275 2.80994
276 2.81922
277 2.84994
278 2.85628
279 2.85747
280 2.85873
281 2.86896
282 2.87128
283 2.89974
284 2.90514
285 2.90738
286 2.91117
287 2.91535
288 2.93228
289 2.94568
290 2.94712
291 2.9578
292 2.95933
293 2.97184
294 2.97332
295 2.97494
296 2.98341
297 2.98655
