1 0.00219
2 0.02178
3 0.02967
4 0.03259
5 0.03615
6 0.04564
7 0.04779
8 0.05425
9 0.05746
10 0.062
11 0.06385
12 0.07493
13 0.07612
14 0.08
15 0.08457
16 0.08844
17 0.10056
18 0.11546
19 0.12291
20 0.13444
21 0.14466
22 0.14769
23 0.15226
24 0.16725
25 0.18017
26 0.19626
27 0.20634
28 0.21053
29 0.22518
30 0.23311
31 0.23805
32 0.2447
33 0.24815
34 0.25477
35 0.27359
36 0.28071
37 0.28612
38 0.29592
39 0.30508
40 0.3182
41 0.3253
42 0.33619
43 0.34811
44 0.35849
45 0.36176
46 0.36923
47 0.38011
48 0.38582
49 0.4044
50 0.42371
51 0.4366
52 0.43929
53 0.45022
54 0.46108
55 0.47158
56 0.50161
57 0.50653
58 0.51158
59 0.51282
60 0.52973
61 0.53345
62 0.53926
63 0.55217
64 0.56606
65 0.57921
66 0.58531
67 0.59091
68 0.60255
69 0.60554
70 0.61164
71 0.62136
72 0.63449
73 0.64331
74 0.65554
75 0.66143
76 0.66656
77 0.69043
78 0.69202
79 0.69708
80 0.70397
81 0.7081
82 0.72648
83 0.73756
84 0.74042
85 0.75849
86 0.76492
87 0.77206
88 0.7944
89 0.80626
90 0.81799
91 0.82364
92 0.82785
93 0.83326
94 0.84153
95 0.84754
96 0.85332
97 0.85525
98 0.85993
99 0.86776
100 0.88703
101 0.90116
102 0.91158
103 0.9152
104 0.92301
105 0.92574
106 0.93029
107 0.94163
108 0.94478
109 0.95683
110 0.98413
111 0.98889
112 1.00706
113 1.02335
114 1.03181
115 1.04587
116 1.05918
117 1.07628
118 1.08221
119 1.09588
120 1.12093
121 1.12329
122 1.13623
123 1.13898
124 1.14418
125 1.16044
126 1.16876
127 1.17451
128 1.1905
129 1.19511
130 1.19901
131 1.19995
132 1.21567
133 1.22281
134 1.22628
135 1.22849
136 1.2305
137 1.24075
138 1.24902
139 1.25264
140 1.25368
141 1.25652
142 1.25773
143 1.27137
144 1.27778
145 1.28528
146 1.28886
147 1.2939
148 1.29502
149 1.3281
150 1.33403
151 1.34425
152 1.36646
153 1.37073
154 1.37675
155 1.38974
156 1.40838
157 1.41256
158 1.41606
159 1.4424
160 1.45308
161 1.45941
162 1.46577
163 1.47988
164 1.49095
165 1.49634
166 1.51262
167 1.51493
168 1.51984
169 1.52425
170 1.54464
171 1.54927
172 1.5538
173 1.56826
174 1.57035
175 1.57283
176 1.58601
177 1.59202
178 1.60229
179 1.60387
180 1.60579
181 1.63132
182 1.65649
183 1.662
184 1.66843
185 1.68659
186 1.69586
187 1.70384
188 1.70734
189 1.71138
190 1.71845
191 1.73078
192 1.73231
193 1.74188
194 1.74378
195 1.74877
196 1.75072
197 1.75547
198 1.77161
199 1.77969
200 1.78787
201 1.7984
202 1.80719
203 1.82146
204 1.82627
205 1.84244
206 1.85578
207 1.87185
208 1.87393
209 1.89125
210 1.89826
211 1.89931
212 1.90681
213 1.90948
214 1.91258
215 1.92276
216 1.93951
217 1.94528
218 1.94833
219 1.95052
220 1.95488
221 1.99268
222 1.99634
223 2.00663
224 2.01506
225 2.01836
226 2.02319
227 2.02543
228 2.03761
229 2.04089
230 2.05638
231 2.07246
232 2.0747
233 2.07612
234 2.09042
235 2.10378
236 2.10813
237 2.11833
238 2.12387
239 2.13458
240 2.14126
241 2.1449
242 2.15966
243 2.16285
244 2.17306
245 2.17526
246 2.18299
247 2.18571
248 2.19507
249 2.20693
250 2.22505
251 2.23368
252 2.23539
253 2.23732
254 2.24041
255 2.25075
256 2.26394
257 2.28621
258 2.29263
259 2.29627
260 2.31415
261 2.31737
262 2.33406
263 2.33519
264 2.34066
265 2.34408
266 2.35062
267 2.35313
268 2.36042
269 2.36351
270 2.3786
271 2.38931
272 2.39327
273 2.40149
274 2.40882
275 2.42742
276 2.42852
277 2.43099
278 2.43593
279 2.44186
280 2.44854
281 2.45488
282 2.47585
283 2.48127
284 2.49704
285 2.50551
286 2.508
287 2.52728
288 2.5337
289 2.5446
290 2.55011
291 2.55205
292 2.55425
293 2.56453
294 2.57195
295 2.57534
296 2.58494
297 2.59389
298 2.60779
299 2.61843
300 2.62237
301 2.63455
302 2.65633
303 2.66904
304 2.67426
305 2.67797
306 2.68058
307 2.70066
308 2.71765
309 2.72046
310 2.72784
311 2.73252
312 2.73681
313 2.74566
314 2.75871
315 2.76544
316 2.77566
317 2.7817
318 2.7925
319 2.79488
320 2.79809
321 2.80449
322 2.81624
323 2.82355
324 2.82909
325 2.83591
326 2.84952
327 2.86536
328 2.88218
329 2.88661
330 2.89504
331 2.90148
332 2.90533
333 2.91114
334 2.91529
335 2.92414
336 2.94024
337 2.94513
338 2.94687
339 2.94881
340 2.95126
341 2.97532
342 2.98175
343 2.98469
344 2.98806
