1 0.00507
2 0.00666
3 0.01632
4 0.02815
5 0.0308
6 0.03333
7 0.0368
8 0.03979
9 0.04637
10 0.05352
11 0.05937
12 0.06534
13 0.07016
14 0.07677
15 0.08056
16 0.0926
17 0.10031
18 0.10513
19 0.10877
20 0.11153
21 0.1208
22 0.13729
23 0.14636
24 0.14974
25 0.15768
26 0.16749
27 0.17967
28 0.19358
29 0.20671
30 0.22004
31 0.22175
32 0.2253
33 0.22762
34 0.23197
35 0.23667
36 0.23917
37 0.24824
38 0.25709
39 0.26939
40 0.27428
41 0.28136
42 0.31296
43 0.32458
44 0.3389
45 0.342
46 0.34382
47 0.35329
48 0.3563
49 0.36979
50 0.38198
51 0.38888
52 0.39277
53 0.41256
54 0.43353
55 0.44946
56 0.45365
57 0.45717
58 0.45964
59 0.4688
60 0.47891
61 0.49075
62 0.50163
63 0.52034
64 0.52361
65 0.52755
66 0.53035
67 0.54355
68 0.54549
69 0.55733
70 0.56883
71 0.57135
72 0.57422
73 0.58339
74 0.59986
75 0.60645
76 0.61142
77 0.61995
78 0.68016
79 0.68522
80 0.69079
81 0.69917
82 0.70195
83 0.70373
84 0.71027
85 0.72738
86 0.72866
87 0.73192
88 0.74448
89 0.76302
90 0.77666
91 0.78544
92 0.79302
93 0.8011
94 0.81042
95 0.82281
96 0.82562
97 0.82775
98 0.83816
99 0.84217
100 0.84538
101 0.84832
102 0.84955
103 0.85714
104 0.89219
105 0.89614
106 0.90072
107 0.90551
108 0.90927
109 0.92791
110 0.93497
111 0.93914
112 0.94407
113 0.95933
114 0.96425
115 0.96945
116 0.97162
117 0.97794
118 0.98521
119 0.98978
120 0.99878
121 1.00394
122 1.00975
123 1.01934
124 1.024
125 1.02789
126 1.0335
127 1.04802
128 1.07461
129 1.08132
130 1.08374
131 1.08598
132 1.08769
133 1.08925
134 1.09188
135 1.10115
136 1.10472
137 1.11016
138 1.11535
139 1.13331
140 1.14369
141 1.15254
142 1.16724
143 1.18338
144 1.19204
145 1.19963
146 1.2081
147 1.22545
148 1.23454
149 1.24145
150 1.24774
151 1.25054
152 1.26831
153 1.27781
154 1.28097
155 1.28815
156 1.29778
157 1.3196
158 1.32816
159 1.33018
160 1.3346
161 1.33804
162 1.35165
163 1.35391
164 1.3564
165 1.39238
166 1.39827
167 1.4078
168 1.44217
169 1.44303
170 1.44827
171 1.45221
172 1.469
173 1.47894
174 1.48798
175 1.49314
176 1.49675
177 1.50952
178 1.52293
179 1.53257
180 1.54552
181 1.57332
182 1.58339
183 1.58486
184 1.58777
185 1.58872
186 1.59895
187 1.60147
188 1.60938
189 1.6272
190 1.64583
191 1.65929
192 1.66537
193 1.68818
194 1.69469
195 1.69805
196 1.71653
197 1.72415
198 1.7261
199 1.74798
200 1.75331
201 1.77005
202 1.77668
203 1.77926
204 1.79305
205 1.80695
206 1.81829
207 1.83129
208 1.83784
209 1.84667
210 1.85243
211 1.86048
212 1.8808
213 1.89928
214 1.93751
215 1.94014
216 1.943
217 1.94795
218 1.95008
219 1.95714
220 1.97489
221 1.97998
222 1.98654
223 1.9976
224 1.99978
225 2.01108
226 2.01464
227 2.01602
228 2.01787
229 2.02258
230 2.03004
231 2.03921
232 2.04561
233 2.07672
234 2.0792
235 2.08879
236 2.11074
237 2.11356
238 2.11622
239 2.14083
240 2.15395
241 2.15935
242 2.16682
243 2.18648
244 2.193
245 2.19579
246 2.20565
247 2.22777
248 2.23204
249 2.2342
250 2.24023
251 2.24668
252 2.25126
253 2.25868
254 2.26267
255 2.26691
256 2.27826
257 2.28715
258 2.28915
259 2.29299
260 2.31538
261 2.31716
262 2.32329
263 2.33265
264 2.338
265 2.34406
266 2.35032
267 2.35622
268 2.36113
269 2.37837
270 2.39071
271 2.39263
272 2.40062
273 2.42844
274 2.43398
275 2.43717
276 2.44307
277 2.46031
278 2.46462
279 2.47219
280 2.4745
281 2.47646
282 2.48018
283 2.48491
284 2.4868
285 2.48884
286 2.50092
287 2.52104
288 2.52469
289 2.52772
290 2.53563
291 2.53938
292 2.54804
293 2.56173
294 2.57916
295 2.58975
296 2.61584
297 2.64842
298 2.65108
299 2.65559
300 2.67012
301 2.69414
302 2.70291
303 2.7083
304 2.71132
305 2.71743
306 2.72098
307 2.73061
308 2.73428
309 2.73832
310 2.75314
311 2.76076
312 2.76373
313 2.76757
314 2.77164
315 2.7794
316 2.78178
317 2.80543
318 2.80889
319 2.81927
320 2.8241
321 2.8358
322 2.84086
323 2.84331
324 2.84539
325 2.84951
326 2.85111
327 2.8544
328 2.86246
329 2.86822
330 2.87842
331 2.89482
332 2.89894
333 2.90486
334 2.92558
335 2.93666
336 2.94087
337 2.94303
338 2.95382
339 2.97653
340 2.97799
341 2.97928
342 2.9854
343 2.99457
