1 0.00231
2 0.00805
3 0.01474
4 0.02636
5 0.03543
6 0.04774
7 0.05323
8 0.05676
9 0.06698
10 0.0775
11 0.09651
12 0.09876
13 0.10129
14 0.10254
15 0.10814
16 0.11474
17 0.12159
18 0.12426
19 0.13438
20 0.14161
21 0.14845
22 0.15109
23 0.1622
24 0.16441
25 0.17426
26 0.18012
27 0.18394
28 0.1898
29 0.21802
30 0.22289
31 0.23407
32 0.23576
33 0.24033
34 0.24349
35 0.24625
36 0.2474
37 0.25972
38 0.26836
39 0.28351
40 0.29454
41 0.30558
42 0.31774
43 0.32309
44 0.32505
45 0.32959
46 0.34081
47 0.34678
48 0.36516
49 0.3792
50 0.38154
51 0.38638
52 0.38879
53 0.39176
54 0.40357
55 0.41649
56 0.41806
57 0.426
58 0.44736
59 0.45183
60 0.45742
61 0.4693
62 0.48971
63 0.4957
64 0.53427
65 0.53968
66 0.54437
67 0.56475
68 0.57075
69 0.57573
70 0.57739
71 0.60473
72 0.61083
73 0.61588
74 0.62885
75 0.63516
76 0.63929
77 0.64647
78 0.64956
79 0.65442
80 0.66562
81 0.67975
82 0.69311
83 0.70662
84 0.71841
85 0.72133
86 0.73691
87 0.74157
88 0.75354
89 0.76395
90 0.78146
91 0.78753
92 0.80003
93 0.8105
94 0.81739
95 0.82416
96 0.82725
97 0.84622
98 0.84983
99 0.85531
100 0.85891
101 0.8654
102 0.86648
103 0.88267
104 0.88651
105 0.90065
106 0.9041
107 0.91429
108 0.92817
109 0.93132
110 0.94249
111 0.95212
112 0.96176
113 0.97782
114 0.98803
115 0.99421
116 1.01144
117 1.01927
118 1.0251
119 1.03512
120 1.04554
121 1.05153
122 1.06134
123 1.0671
124 1.07285
125 1.0782
126 1.10039
127 1.10882
128 1.11579
129 1.12267
130 1.12877
131 1.14054
132 1.15327
133 1.16613
134 1.18665
135 1.19133
136 1.19887
137 1.21151
138 1.21442
139 1.22463
140 1.23422
141 1.2474
142 1.25954
143 1.28396
144 1.29123
145 1.29791
146 1.30118
147 1.3141
148 1.32083
149 1.3281
150 1.34421
151 1.35246
152 1.36068
153 1.36408
154 1.37373
155 1.38265
156 1.39019
157 1.39341
158 1.4037
159 1.41196
160 1.42002
161 1.43339
162 1.43728
163 1.4488
164 1.45039
165 1.45988
166 1.47723
167 1.48821
168 1.49567
169 1.5259
170 1.53872
171 1.54531
172 1.55204
173 1.5616
174 1.56624
175 1.57672
176 1.60034
177 1.60398
178 1.61365
179 1.61723
180 1.62002
181 1.63202
182 1.63797
183 1.64667
184 1.64937
185 1.6551
186 1.65709
187 1.67076
188 1.67655
189 1.68107
190 1.69035
191 1.69875
192 1.70803
193 1.71477
194 1.73117
195 1.73634
196 1.74596
197 1.752
198 1.75541
199 1.76713
200 1.77816
201 1.78557
202 1.79674
203 1.80627
204 1.81402
205 1.81998
206 1.84259
207 1.85798
208 1.87177
209 1.8734
210 1.87849
211 1.88447
212 1.88738
213 1.88896
214 1.8987
215 1.90164
216 1.91055
217 1.91665
218 1.93822
219 1.94184
220 1.94879
221 1.96513
222 1.97467
223 1.9804
224 1.99368
225 1.99609
226 2.00567
227 2.02197
228 2.02561
229 2.04174
230 2.04923
231 2.05594
232 2.06191
233 2.06571
234 2.07897
235 2.10416
236 2.11089
237 2.11313
238 2.12271
239 2.13152
240 2.13895
241 2.14045
242 2.14207
243 2.1469
244 2.15062
245 2.15422
246 2.1688
247 2.18875
248 2.19112
249 2.20398
250 2.21097
251 2.22784
252 2.24126
253 2.25178
254 2.255
255 2.26777
256 2.28295
257 2.29381
258 2.29759
259 2.3022
260 2.31189
261 2.316
262 2.31931
263 2.32238
264 2.33736
265 2.35547
266 2.36184
267 2.36893
268 2.38603
269 2.40146
270 2.40619
271 2.4107
272 2.41662
273 2.42161
274 2.43607
275 2.43929
276 2.44433
277 2.46
278 2.48521
279 2.49226
280 2.49742
281 2.51486
282 2.5208
283 2.53532
284 2.53911
285 2.54917
286 2.55669
287 2.56112
288 2.57131
289 2.57634
290 2.57912
291 2.58395
292 2.59684
293 2.60194
294 2.60404
295 2.60622
296 2.6131
297 2.61867
298 2.63167
299 2.6358
300 2.64225
301 2.65012
302 2.65159
303 2.65671
304 2.65809
305 2.66173
306 2.66805
307 2.67327
308 2.68816
309 2.69669
310 2.70849
311 2.71497
312 2.72915
313 2.73426
314 2.74067
315 2.74631
316 2.76189
317 2.76643
318 2.78067
319 2.78932
320 2.79143
321 2.79374
322 2.80268
323 2.80685
324 2.82081
325 2.85582
326 2.87868
327 2.8891
328 2.89693
329 2.90638
330 2.92913
331 2.93911
332 2.94216
333 2.94439
334 2.94816
335 2.95732
336 2.96438
337 2.98317
338 2.9867
