1 0.00305
2 0.00895
3 0.02131
4 0.02505
5 0.03242
6 0.0374
7 0.04148
8 0.04563
9 0.0511
10 0.05353
11 0.05466
12 0.0597
13 0.06507
14 0.07125
15 0.07833
16 0.08348
17 0.09218
18 0.10549
19 0.10862
20 0.11813
21 0.12438
22 0.13442
23 0.13743
24 0.14379
25 0.15313
26 0.16216
27 0.17374
28 0.1776
29 0.18825
30 0.19046
31 0.19489
32 0.20098
33 0.20377
34 0.20733
35 0.21517
36 0.22707
37 0.23174
38 0.23666
39 0.24204
40 0.24458
41 0.26818
42 0.27455
43 0.27836
44 0.28144
45 0.28404
46 0.29733
47 0.30087
48 0.30384
49 0.30918
50 0.31405
51 0.31916
52 0.32927
53 0.33209
54 0.33399
55 0.33789
56 0.34326
57 0.34799
58 0.35117
59 0.35859
60 0.36416
61 0.3838
62 0.38506
63 0.39538
64 0.40112
65 0.40489
66 0.40719
67 0.4146
68 0.42317
69 0.42769
70 0.43497
71 0.44271
72 0.44761
73 0.45355
74 0.46107
75 0.46643
76 0.47837
77 0.48591
78 0.50926
79 0.52982
80 0.53221
81 0.53484
82 0.54181
83 0.55152
84 0.55808
85 0.57681
86 0.57969
87 0.58671
88 0.60576
89 0.60787
90 0.61156
91 0.61444
92 0.62234
93 0.62381
94 0.63531
95 0.65096
96 0.67782
97 0.69028
98 0.69915
99 0.70561
100 0.72429
101 0.73012
102 0.74654
103 0.7571
104 0.77014
105 0.77578
106 0.78481
107 0.79452
108 0.79765
109 0.82448
110 0.82533
111 0.83666
112 0.84638
113 0.85612
114 0.85939
115 0.87128
116 0.87964
117 0.88725
118 0.90668
119 0.9144
120 0.92244
121 0.93383
122 0.94945
123 0.9516
124 0.96226
125 0.97287
126 0.97483
127 0.97772
128 0.98324
129 0.9929
130 1.00427
131 1.00985
132 1.01706
133 1.01803
134 1.03296
135 1.04116
136 1.05449
137 1.06264
138 1.06847
139 1.07303
140 1.08198
141 1.08925
142 1.09459
143 1.09966
144 1.10271
145 1.12493
146 1.13062
147 1.13831
148 1.14835
149 1.15037
150 1.15184
151 1.16321
152 1.17294
153 1.17819
154 1.18384
155 1.19747
156 1.2025
157 1.21742
158 1.22339
159 1.23612
160 1.24186
161 1.26128
162 1.26855
163 1.27293
164 1.28222
165 1.28415
166 1.28989
167 1.29282
168 1.30116
169 1.30414
170 1.33157
171 1.33627
172 1.34544
173 1.34916
174 1.3644
175 1.36814
176 1.37157
177 1.3776
178 1.38158
179 1.39727
180 1.40154
181 1.40343
182 1.4083
183 1.41219
184 1.41875
185 1.43462
186 1.43601
187 1.44184
188 1.44699
189 1.4526
190 1.45439
191 1.46031
192 1.47074
193 1.48156
194 1.48416
195 1.48888
196 1.49403
197 1.50064
198 1.50165
199 1.51036
200 1.51334
201 1.51827
202 1.52613
203 1.55156
204 1.57051
205 1.58326
206 1.60262
207 1.62008
208 1.63934
209 1.65184
210 1.65297
211 1.65729
212 1.65928
213 1.66943
214 1.67649
215 1.67928
216 1.68658
217 1.69018
218 1.69346
219 1.70237
220 1.72055
221 1.72545
222 1.73049
223 1.73181
224 1.74043
225 1.74478
226 1.74953
227 1.75279
228 1.75778
229 1.7607
230 1.76308
231 1.7682
232 1.77917
233 1.78374
234 1.79177
235 1.80949
236 1.82027
237 1.82618
238 1.83706
239 1.83948
240 1.84814
241 1.85371
242 1.8571
243 1.86614
244 1.88084
245 1.88526
246 1.89097
247 1.90154
248 1.92076
249 1.9331
250 1.93814
251 1.94142
252 1.9427
253 1.94933
254 1.95524
255 1.95792
256 1.96049
257 1.97607
258 1.98773
259 1.99863
260 2.02106
261 2.02717
262 2.03398
263 2.05661
264 2.07009
265 2.07473
266 2.0893
267 2.09283
268 2.09997
269 2.10828
270 2.11217
271 2.11721
272 2.12433
273 2.12934
274 2.13466
275 2.14165
276 2.1503
277 2.15251
278 2.1547
279 2.15993
280 2.16397
281 2.1731
282 2.17648
283 2.18194
284 2.20509
285 2.20987
286 2.22029
287 2.22613
288 2.23004
289 2.23575
290 2.24013
291 2.24443
292 2.26979
293 2.27384
294 2.28111
295 2.28372
296 2.29451
297 2.30447
298 2.31003
299 2.31748
300 2.33247
301 2.33471
302 2.33617
303 2.33808
304 2.34481
305 2.35055
306 2.35845
307 2.3657
308 2.36954
309 2.38174
310 2.38496
311 2.38801
312 2.3914
313 2.39497
314 2.40784
315 2.4119
316 2.41446
317 2.4193
318 2.42272
319 2.42773
320 2.43036
321 2.45377
322 2.4612
323 2.47421
324 2.47816
325 2.48725
326 2.49083
327 2.5061
328 2.54439
329 2.54853
330 2.55204
331 2.56126
332 2.57079
333 2.57423
334 2.59244
335 2.60041
336 2.61075
337 2.61886
338 2.62764
339 2.63593
340 2.64291
341 2.65177
342 2.66419
343 2.67058
344 2.67791
345 2.68405
346 2.68916
347 2.69502
348 2.70523
349 2.72419
350 2.72726
351 2.73218
352 2.73371
353 2.73881
354 2.74442
355 2.7551
356 2.76224
357 2.76896
358 2.77823
359 2.79157
360 2.81689
361 2.82785
362 2.84044
363 2.8733
364 2.87509
365 2.89527
366 2.90096
367 2.90492
368 2.91812
369 2.92163
370 2.92786
371 2.93668
372 2.95518
373 2.96251
374 2.96466
375 2.96908
376 2.98428
377 2.9859
378 2.99292
