1 0.00378
2 0.0101
3 0.0141
4 0.02338
5 0.0248
6 0.0304
7 0.04198
8 0.04467
9 0.0485
10 0.05202
11 0.05488
12 0.0611
13 0.06207
14 0.066
15 0.08528
16 0.08827
17 0.09034
18 0.0948
19 0.09749
20 0.10384
21 0.11498
22 0.12143
23 0.12891
24 0.13203
25 0.14308
26 0.14746
27 0.15266
28 0.15585
29 0.16839
30 0.17234
31 0.17414
32 0.17751
33 0.17865
34 0.18058
35 0.18963
36 0.20233
37 0.20524
38 0.21013
39 0.21367
40 0.21506
41 0.21746
42 0.22304
43 0.22663
44 0.22917
45 0.23236
46 0.23395
47 0.24109
48 0.24552
49 0.25169
50 0.26603
51 0.26938
52 0.29273
53 0.30047
54 0.30397
55 0.30991
56 0.33854
57 0.35018
58 0.37492
59 0.3763
60 0.38244
61 0.3915
62 0.39931
63 0.40344
64 0.42227
65 0.44066
66 0.44309
67 0.45893
68 0.4623
69 0.465
70 0.46775
71 0.48525
72 0.49025
73 0.49497
74 0.50416
75 0.51874
76 0.52106
77 0.5311
78 0.54424
79 0.54652
80 0.55567
81 0.57009
82 0.5883
83 0.59985
84 0.60306
85 0.62076
86 0.62395
87 0.62914
88 0.64237
89 0.6443
90 0.64785
91 0.65221
92 0.65777
93 0.67021
94 0.68586
95 0.68823
96 0.69855
97 0.70529
98 0.71034
99 0.71405
100 0.71647
101 0.72609
102 0.73336
103 0.73967
104 0.75091
105 0.76959
106 0.78141
107 0.78835
108 0.79543
109 0.8057
110 0.8069
111 0.81501
112 0.81625
113 0.82922
114 0.83046
115 0.83871
116 0.84713
117 0.85288
118 0.8563
119 0.86979
120 0.87808
121 0.8911
122 0.89393
123 0.90592
124 0.91674
125 0.92396
126 0.92598
127 0.94193
128 0.9449
129 0.95894
130 0.96012
131 0.96287
132 0.97124
133 0.97733
134 0.9854
135 0.98762
136 0.98974
137 0.99774
138 1.00245
139 1.00618
140 1.01956
141 1.02477
142 1.04434
143 1.05522
144 1.06072
145 1.06465
146 1.08139
147 1.09882
148 1.10809
149 1.1094
150 1.11081
151 1.11982
152 1.12294
153 1.1444
154 1.14566
155 1.14812
156 1.16636
157 1.1719
158 1.1763
159 1.18071
160 1.19922
161 1.20248
162 1.20787
163 1.21156
164 1.21662
165 1.22757
166 1.23681
167 1.2451
168 1.25126
169 1.26866
170 1.27302
171 1.27773
172 1.29701
173 1.30024
174 1.30222
175 1.30523
176 1.31002
177 1.31726
178 1.34505
179 1.35292
180 1.3568
181 1.3606
182 1.37061
183 1.37248
184 1.37553
185 1.37969
186 1.38336
187 1.39246
188 1.39817
189 1.41606
190 1.42238
191 1.42537
192 1.42778
193 1.43154
194 1.43705
195 1.43922
196 1.45232
197 1.45594
198 1.45966
199 1.46243
200 1.47824
201 1.48694
202 1.48966
203 1.49897
204 1.50929
205 1.51896
206 1.54782
207 1.56625
208 1.5907
209 1.59485
210 1.59817
211 1.60389
212 1.62635
213 1.63004
214 1.63172
215 1.64316
216 1.64505
217 1.65018
218 1.66652
219 1.67276
220 1.68903
221 1.69294
222 1.70334
223 1.71285
224 1.72073
225 1.72297
226 1.72697
227 1.73021
228 1.73634
229 1.74097
230 1.74326
231 1.74592
232 1.75379
233 1.75706
234 1.77008
235 1.77361
236 1.79554
237 1.7992
238 1.80643
239 1.82048
240 1.82502
241 1.83452
242 1.84348
243 1.84542
244 1.84855
245 1.8546
246 1.87068
247 1.87911
248 1.89208
249 1.89325
250 1.90287
251 1.9181
252 1.92722
253 1.93904
254 1.94222
255 1.94498
256 1.95584
257 1.96022
258 1.96364
259 1.96802
260 1.97831
261 1.9947
262 1.99866
263 2.00629
264 2.01553
265 2.01829
266 2.0255
267 2.03754
268 2.04549
269 2.0503
270 2.05406
271 2.05581
272 2.06135
273 2.06828
274 2.08252
275 2.09163
276 2.10045
277 2.10563
278 2.12373
279 2.12915
280 2.14745
281 2.15233
282 2.16623
283 2.16914
284 2.17424
285 2.17527
286 2.18398
287 2.18954
288 2.19216
289 2.20219
290 2.20647
291 2.21994
292 2.22653
293 2.23385
294 2.24447
295 2.24758
296 2.25363
297 2.26121
298 2.26551
299 2.27799
300 2.29369
301 2.29706
302 2.30025
303 2.30208
304 2.31157
305 2.3185
306 2.33752
307 2.34578
308 2.34874
309 2.35726
310 2.37278
311 2.37718
312 2.38015
313 2.39462
314 2.40354
315 2.42223
316 2.44078
317 2.45139
318 2.45529
319 2.46635
320 2.47674
321 2.49056
322 2.50121
323 2.50673
324 2.51006
325 2.51971
326 2.54089
327 2.54977
328 2.554
329 2.55959
330 2.57258
331 2.59807
332 2.59923
333 2.60114
334 2.60394
335 2.60978
336 2.62012
337 2.62157
338 2.62812
339 2.64231
340 2.64604
341 2.67749
342 2.68163
343 2.69481
344 2.70092
345 2.70341
346 2.70534
347 2.70886
348 2.71149
349 2.71973
350 2.72115
351 2.72847
352 2.7322
353 2.73353
354 2.73639
355 2.74049
356 2.74542
357 2.7522
358 2.75454
359 2.75861
360 2.77417
361 2.77753
362 2.79564
363 2.80517
364 2.80858
365 2.81394
366 2.84261
367 2.8488
368 2.85435
369 2.86976
370 2.87412
371 2.87533
372 2.89561
373 2.90034
374 2.92005
375 2.9252
376 2.92642
377 2.93109
378 2.93792
379 2.95091
380 2.95712
381 2.96359
382 2.96598
383 2.97122
384 2.98384
385 2.9948
386 2.9977
