1 0.01116
2 0.01581
3 0.02354
4 0.02994
5 0.03451
6 0.04664
7 0.05383
8 0.06221
9 0.06691
10 0.07862
11 0.08547
12 0.09291
13 0.10273
14 0.10802
15 0.1092
16 0.11475
17 0.1324
18 0.14517
19 0.15418
20 0.15665
21 0.16368
22 0.17264
23 0.18456
24 0.20083
25 0.20441
26 0.2092
27 0.21962
28 0.22423
29 0.23675
30 0.24566
31 0.24947
32 0.26801
33 0.27887
34 0.28199
35 0.28855
36 0.29164
37 0.30748
38 0.31378
39 0.33433
40 0.33863
41 0.34142
42 0.34596
43 0.35349
44 0.35994
45 0.36287
46 0.36893
47 0.37016
48 0.37701
49 0.41082
50 0.41448
51 0.42169
52 0.43917
53 0.44233
54 0.4442
55 0.45049
56 0.45423
57 0.45716
58 0.46393
59 0.4749
60 0.47967
61 0.49843
62 0.51682
63 0.53233
64 0.54069
65 0.55592
66 0.56065
67 0.56272
68 0.57555
69 0.58151
70 0.59856
71 0.60636
72 0.6086
73 0.62567
74 0.63939
75 0.64688
76 0.65287
77 0.66253
78 0.67016
79 0.67494
80 0.68912
81 0.70022
82 0.70449
83 0.70811
84 0.71177
85 0.72306
86 0.72557
87 0.72799
88 0.73085
89 0.7435
90 0.746
91 0.75443
92 0.75977
93 0.77115
94 0.77509
95 0.78574
96 0.78911
97 0.79777
98 0.84243
99 0.85757
100 0.85967
101 0.86315
102 0.86779
103 0.87662
104 0.88452
105 0.89515
106 0.89649
107 0.90715
108 0.91692
109 0.9263
110 0.92818
111 0.936
112 0.94119
113 0.94774
114 0.95692
115 0.96993
116 0.98126
117 0.9878
118 0.9911
119 0.99555
120 0.9977
121 0.99874
122 1.0002
123 1.00584
124 1.00949
125 1.01304
126 1.02019
127 1.02952
128 1.04773
129 1.05549
130 1.06271
131 1.06629
132 1.08449
133 1.08764
134 1.09566
135 1.10414
136 1.13026
137 1.13597
138 1.14374
139 1.14669
140 1.15147
141 1.15719
142 1.19303
143 1.19782
144 1.20841
145 1.2165
146 1.22528
147 1.23468
148 1.26026
149 1.265
150 1.27184
151 1.28842
152 1.31284
153 1.31751
154 1.32757
155 1.33657
156 1.3421
157 1.34659
158 1.35989
159 1.36754
160 1.3748
161 1.38951
162 1.4011
163 1.41182
164 1.41332
165 1.41459
166 1.4221
167 1.42333
168 1.42596
169 1.42869
170 1.43643
171 1.44434
172 1.46236
173 1.46699
174 1.47128
175 1.49535
176 1.50375
177 1.52303
178 1.52915
179 1.53241
180 1.53838
181 1.54304
182 1.55228
183 1.55862
184 1.56122
185 1.56456
186 1.57812
187 1.58422
188 1.58976
189 1.5941
190 1.62185
191 1.63807
192 1.64715
193 1.65077
194 1.65978
195 1.67483
196 1.67655
197 1.69066
198 1.69368
199 1.69782
200 1.71452
201 1.71621
202 1.72519
203 1.72912
204 1.73317
205 1.73891
206 1.7455
207 1.75512
208 1.75992
209 1.77273
210 1.77538
211 1.77942
212 1.8014
213 1.80336
214 1.80477
215 1.81125
216 1.81303
217 1.81983
218 1.83181
219 1.83355
220 1.84611
221 1.85403
222 1.85854
223 1.88022
224 1.90249
225 1.90902
226 1.91463
227 1.93146
228 1.93972
229 1.94744
230 1.95
231 1.95982
232 1.97351
233 1.99221
234 1.99661
235 2.01489
236 2.01672
237 2.02671
238 2.02986
239 2.04359
240 2.05443
241 2.06097
242 2.07037
243 2.08047
244 2.09765
245 2.10667
246 2.11207
247 2.11843
248 2.13445
249 2.13938
250 2.14663
251 2.15041
252 2.15578
253 2.17585
254 2.17741
255 2.199
256 2.201
257 2.20594
258 2.2182
259 2.22246
260 2.22612
261 2.22889
262 2.23119
263 2.23429
264 2.24141
265 2.24468
266 2.2467
267 2.25285
268 2.25753
269 2.27258
270 2.27603
271 2.29285
272 2.30574
273 2.31094
274 2.32729
275 2.33185
276 2.33571
277 2.33909
278 2.35127
279 2.36585
280 2.37675
281 2.38199
282 2.38439
283 2.38623
284 2.39068
285 2.40708
286 2.40918
287 2.41781
288 2.42083
289 2.43379
290 2.44649
291 2.4487
292 2.45169
293 2.46149
294 2.46694
295 2.47334
296 2.48053
297 2.4918
298 2.49385
299 2.49698
300 2.50022
301 2.50138
302 2.50473
303 2.51017
304 2.52167
305 2.5263
306 2.53525
307 2.5397
308 2.54228
309 2.54782
310 2.5577
311 2.56234
312 2.56735
313 2.57451
314 2.59054
315 2.59705
316 2.59909
317 2.60548
318 2.61971
319 2.62879
320 2.63837
321 2.64711
322 2.65716
323 2.66758
324 2.67047
325 2.68164
326 2.68403
327 2.69167
328 2.69862
329 2.70341
330 2.70634
331 2.73868
332 2.73972
333 2.74276
334 2.75592
335 2.7611
336 2.77226
337 2.78168
338 2.79004
339 2.80728
340 2.82145
341 2.82649
342 2.83627
343 2.84018
344 2.85222
345 2.86552
346 2.8877
347 2.90814
348 2.91892
349 2.92927
350 2.96167
351 2.96834
352 2.98246
353 2.99329
354 2.99659
