1 0.00773
2 0.01146
3 0.01742
4 0.03785
5 0.04685
6 0.06404
7 0.07302
8 0.07496
9 0.07924
10 0.08726
11 0.09069
12 0.09311
13 0.09388
14 0.09752
15 0.1018
16 0.11116
17 0.1159
18 0.11995
19 0.1302
20 0.14981
21 0.16647
22 0.1755
23 0.18294
24 0.19779
25 0.21576
26 0.22036
27 0.23269
28 0.24254
29 0.24358
30 0.24515
31 0.24662
32 0.26333
33 0.26717
34 0.28231
35 0.28919
36 0.29085
37 0.3073
38 0.30927
39 0.31108
40 0.31553
41 0.31951
42 0.33501
43 0.34593
44 0.35204
45 0.35623
46 0.36747
47 0.37667
48 0.38805
49 0.3902
50 0.41646
51 0.43236
52 0.43648
53 0.44285
54 0.44722
55 0.45733
56 0.46272
57 0.4739
58 0.47691
59 0.47986
60 0.48394
61 0.49191
62 0.49853
63 0.53377
64 0.54246
65 0.55417
66 0.55821
67 0.56127
68 0.57796
69 0.58441
70 0.59592
71 0.59733
72 0.60457
73 0.61054
74 0.61502
75 0.62481
76 0.6341
77 0.64391
78 0.6473
79 0.65619
80 0.66785
81 0.67194
82 0.69123
83 0.69753
84 0.72894
85 0.73483
86 0.73971
87 0.75331
88 0.76692
89 0.77501
90 0.78175
91 0.78976
92 0.79905
93 0.80211
94 0.8148
95 0.84055
96 0.84608
97 0.85651
98 0.85822
99 0.86384
100 0.86934
101 0.87418
102 0.8822
103 0.88927
104 0.89126
105 0.89326
106 0.91164
107 0.94351
108 0.95337
109 0.95549
110 0.96236
111 0.9734
112 0.97725
113 0.98212
114 0.98744
115 1.00005
116 1.00853
117 1.02185
118 1.04544
119 1.05679
120 1.05996
121 1.06585
122 1.0688
123 1.07221
124 1.075
125 1.0833
126 1.0909
127 1.09864
128 1.12563
129 1.14012
130 1.14558
131 1.15422
132 1.159
133 1.1606
134 1.1782
135 1.19138
136 1.20382
137 1.20912
138 1.21193
139 1.21288
140 1.21403
141 1.22133
142 1.23286
143 1.23706
144 1.24038
145 1.2441
146 1.24927
147 1.28664
148 1.29108
149 1.30323
150 1.3043
151 1.3173
152 1.33024
153 1.33181
154 1.34756
155 1.36705
156 1.37035
157 1.37471
158 1.37585
159 1.37696
160 1.37871
161 1.39135
162 1.40259
163 1.41029
164 1.42534
165 1.43718
166 1.44304
167 1.45959
168 1.48301
169 1.4885
170 1.49569
171 1.50894
172 1.51
173 1.53032
174 1.54126
175 1.55021
176 1.55827
177 1.5622
178 1.57029
179 1.57651
180 1.58896
181 1.59348
182 1.59669
183 1.61186
184 1.61421
185 1.62284
186 1.63706
187 1.64073
188 1.65179
189 1.66301
190 1.69058
191 1.69545
192 1.70219
193 1.7088
194 1.71526
195 1.72121
196 1.75128
197 1.75714
198 1.77285
199 1.78666
200 1.79371
201 1.79623
202 1.80928
203 1.8136
204 1.83339
205 1.83542
206 1.84555
207 1.84809
208 1.85432
209 1.85928
210 1.86399
211 1.88332
212 1.89057
213 1.8955
214 1.90117
215 1.90847
216 1.91096
217 1.91879
218 1.92124
219 1.92966
220 1.93658
221 1.94912
222 1.96017
223 1.96486
224 1.96992
225 1.9761
226 1.98627
227 1.98717
228 1.99787
229 2.02368
230 2.0366
231 2.04254
232 2.04845
233 2.05922
234 2.06591
235 2.07172
236 2.07377
237 2.08436
238 2.08988
239 2.09721
240 2.10017
241 2.10779
242 2.11169
243 2.11544
244 2.12018
245 2.13184
246 2.14083
247 2.15056
248 2.15463
249 2.17631
250 2.17911
251 2.1961
252 2.20695
253 2.22009
254 2.23698
255 2.25945
256 2.26318
257 2.26517
258 2.26927
259 2.27809
260 2.2946
261 2.29593
262 2.30156
263 2.30495
264 2.30682
265 2.3199
266 2.32831
267 2.33509
268 2.34404
269 2.3478
270 2.35588
271 2.36008
272 2.37461
273 2.388
274 2.39092
275 2.39359
276 2.40215
277 2.40845
278 2.41143
279 2.44941
280 2.45672
281 2.47315
282 2.47883
283 2.48793
284 2.51059
285 2.52083
286 2.52756
287 2.53161
288 2.53561
289 2.54661
290 2.55493
291 2.55872
292 2.569
293 2.57811
294 2.58046
295 2.58214
296 2.58579
297 2.59628
298 2.60485
299 2.61986
300 2.62786
301 2.63553
302 2.64433
303 2.64683
304 2.66315
305 2.68525
306 2.71013
307 2.71536
308 2.72415
309 2.73341
310 2.7662
311 2.77309
312 2.79011
313 2.79512
314 2.79955
315 2.81367
316 2.8148
317 2.83014
318 2.83902
319 2.85047
320 2.8704
321 2.87614
322 2.8797
323 2.88393
324 2.89071
325 2.90286
326 2.9111
327 2.91773
328 2.93612
329 2.93875
330 2.94115
331 2.94722
332 2.95035
333 2.96062
334 2.97019
335 2.99737
