1 0.00297
2 0.01354
3 0.0249
4 0.02785
5 0.04256
6 0.04824
7 0.05552
8 0.06707
9 0.07125
10 0.07426
11 0.08663
12 0.08974
13 0.09782
14 0.11161
15 0.12157
16 0.13178
17 0.13808
18 0.14601
19 0.15071
20 0.15335
21 0.16929
22 0.17026
23 0.17468
24 0.17608
25 0.21361
26 0.21518
27 0.22601
28 0.23447
29 0.2415
30 0.26649
31 0.27554
32 0.27762
33 0.29285
34 0.30425
35 0.32062
36 0.33242
37 0.34033
38 0.35
39 0.35541
40 0.3785
41 0.38086
42 0.39092
43 0.40158
44 0.4079
45 0.42867
46 0.43286
47 0.43622
48 0.43794
49 0.4445
50 0.45874
51 0.473
52 0.48046
53 0.48892
54 0.49084
55 0.49552
56 0.50019
57 0.50316
58 0.50824
59 0.51094
60 0.52058
61 0.52528
62 0.53239
63 0.54253
64 0.54527
65 0.56118
66 0.56705
67 0.56953
68 0.57647
69 0.59593
70 0.59932
71 0.60453
72 0.60743
73 0.61336
74 0.61874
75 0.62246
76 0.64912
77 0.65269
78 0.66517
79 0.66613
80 0.68908
81 0.69141
82 0.69751
83 0.70429
84 0.70804
85 0.71331
86 0.71631
87 0.72197
88 0.72554
89 0.72727
90 0.73299
91 0.75083
92 0.75438
93 0.7681
94 0.78144
95 0.79296
96 0.79647
97 0.80229
98 0.80642
99 0.80743
100 0.80996
101 0.81299
102 0.82384
103 0.83381
104 0.83819
105 0.8464
106 0.86846
107 0.87818
108 0.88531
109 0.8919
110 0.89955
111 0.90891
112 0.91243
113 0.91999
114 0.9275
115 0.93723
116 0.945
117 0.96467
118 0.97028
119 0.98137
120 1.00029
121 1.0093
122 1.01445
123 1.01706
124 1.019
125 1.02275
126 1.02448
127 1.03104
128 1.03775
129 1.05233
130 1.06344
131 1.08985
132 1.09538
133 1.10665
134 1.11067
135 1.11776
136 1.12091
137 1.12549
138 1.13155
139 1.13816
140 1.14991
141 1.15386
142 1.1639
143 1.1888
144 1.19539
145 1.20944
146 1.21287
147 1.21756
148 1.22786
149 1.23237
150 1.2535
151 1.2853
152 1.31747
153 1.31872
154 1.32809
155 1.3449
156 1.35077
157 1.35693
158 1.36495
159 1.36645
160 1.37199
161 1.37814
162 1.38313
163 1.39236
164 1.39577
165 1.39968
166 1.40874
167 1.41211
168 1.42187
169 1.43229
170 1.43701
171 1.45347
172 1.46145
173 1.46811
174 1.47397
175 1.47816
176 1.48288
177 1.48684
178 1.49906
179 1.5085
180 1.51976
181 1.5245
182 1.53641
183 1.54723
184 1.56223
185 1.56586
186 1.57072
187 1.5854
188 1.60048
189 1.6076
190 1.61218
191 1.6237
192 1.62812
193 1.64478
194 1.65351
195 1.65682
196 1.66176
197 1.66545
198 1.67739
199 1.68843
200 1.69718
201 1.70047
202 1.7069
203 1.70995
204 1.71551
205 1.72032
206 1.72636
207 1.73537
208 1.74081
209 1.74371
210 1.757
211 1.76804
212 1.77883
213 1.78404
214 1.81782
215 1.82336
216 1.84711
217 1.86072
218 1.86894
219 1.87474
220 1.89407
221 1.90498
222 1.91204
223 1.91347
224 1.92593
225 1.93001
226 1.94901
227 1.9603
228 1.97465
229 1.98397
230 1.99148
231 1.99326
232 1.99738
233 2.0219
234 2.02834
235 2.03438
236 2.05081
237 2.05938
238 2.07066
239 2.07357
240 2.08482
241 2.09379
242 2.09652
243 2.10639
244 2.11438
245 2.1186
246 2.12309
247 2.1277
248 2.13327
249 2.13562
250 2.14697
251 2.15887
252 2.16413
253 2.16689
254 2.17601
255 2.17794
256 2.192
257 2.19694
258 2.20736
259 2.21238
260 2.25678
261 2.25994
262 2.26397
263 2.27973
264 2.28361
265 2.28529
266 2.29757
267 2.30609
268 2.3134
269 2.3277
270 2.33662
271 2.3397
272 2.34666
273 2.3551
274 2.36004
275 2.36805
276 2.3741
277 2.37921
278 2.38349
279 2.38779
280 2.38989
281 2.39714
282 2.41207
283 2.42191
284 2.42829
285 2.44551
286 2.44723
287 2.453
288 2.45776
289 2.46966
290 2.47407
291 2.47603
292 2.47911
293 2.48806
294 2.49362
295 2.49587
296 2.49832
297 2.51201
298 2.52215
299 2.52776
300 2.53766
301 2.53974
302 2.54232
303 2.55701
304 2.56214
305 2.56725
306 2.57017
307 2.58863
308 2.5939
309 2.59675
310 2.6139
311 2.61913
312 2.62497
313 2.62825
314 2.63888
315 2.64207
316 2.64829
317 2.65013
318 2.66013
319 2.66209
320 2.6697
321 2.67692
322 2.68121
323 2.69031
324 2.70592
325 2.71545
326 2.72512
327 2.72901
328 2.74162
329 2.74828
330 2.76602
331 2.77042
332 2.77637
333 2.78356
334 2.81583
335 2.82135
336 2.82435
337 2.82756
338 2.84106
339 2.85803
340 2.86238
341 2.8637
342 2.87219
343 2.87507
344 2.88422
345 2.89326
346 2.8952
347 2.90178
348 2.90595
349 2.91241
350 2.91791
351 2.93289
352 2.94073
353 2.95091
354 2.96123
355 2.97537
356 2.98685
357 2.99352
