1 0.00329
2 0.00568
3 0.00784
4 0.02571
5 0.02746
6 0.03326
7 0.03891
8 0.04416
9 0.04583
10 0.05863
11 0.06717
12 0.07481
13 0.07775
14 0.08772
15 0.09166
16 0.09672
17 0.11674
18 0.1197
19 0.12831
20 0.12942
21 0.13498
22 0.15132
23 0.15837
24 0.16424
25 0.1684
26 0.17313
27 0.17817
28 0.19391
29 0.21066
30 0.22311
31 0.23584
32 0.23742
33 0.28304
34 0.29377
35 0.2969
36 0.31443
37 0.32312
38 0.3309
39 0.34206
40 0.35312
41 0.35853
42 0.36458
43 0.369
44 0.37094
45 0.3726
46 0.37359
47 0.37904
48 0.3844
49 0.40007
50 0.40388
51 0.40763
52 0.40987
53 0.42532
54 0.43236
55 0.46675
56 0.47774
57 0.48545
58 0.48831
59 0.49171
60 0.49871
61 0.51295
62 0.52911
63 0.5327
64 0.54553
65 0.55655
66 0.55783
67 0.56285
68 0.57338
69 0.57799
70 0.58283
71 0.58521
72 0.59246
73 0.60321
74 0.61382
75 0.61703
76 0.65527
77 0.65612
78 0.66716
79 0.66998
80 0.6731
81 0.67752
82 0.68359
83 0.69183
84 0.69487
85 0.72868
86 0.735
87 0.74134
88 0.74623
89 0.75032
90 0.7756
91 0.78412
92 0.79893
93 0.80002
94 0.80991
95 0.81315
96 0.81666
97 0.81909
98 0.82855
99 0.83579
100 0.83756
101 0.85274
102 0.85649
103 0.85997
104 0.87822
105 0.90059
106 0.91475
107 0.91833
108 0.92741
109 0.93355
110 0.95144
111 0.96352
112 0.97281
113 0.98461
114 0.99651
115 1.02156
116 1.02969
117 1.03305
118 1.03613
119 1.0398
120 1.04274
121 1.047
122 1.04927
123 1.0607
124 1.06618
125 1.06728
126 1.08043
127 1.09176
128 1.0948
129 1.11598
130 1.12874
131 1.13077
132 1.14103
133 1.1593
134 1.16938
135 1.1744
136 1.17591
137 1.18829
138 1.21133
139 1.24198
140 1.25248
141 1.25375
142 1.28275
143 1.29062
144 1.29278
145 1.30678
146 1.30931
147 1.31432
148 1.32594
149 1.33533
150 1.34369
151 1.35443
152 1.37029
153 1.37906
154 1.38391
155 1.3915
156 1.40644
157 1.41267
158 1.4226
159 1.42976
160 1.43861
161 1.45592
162 1.47713
163 1.48887
164 1.4946
165 1.5043
166 1.52272
167 1.53434
168 1.56516
169 1.56783
170 1.56979
171 1.58289
172 1.58453
173 1.59347
174 1.59596
175 1.60134
176 1.61196
177 1.61569
178 1.61911
179 1.62864
180 1.63248
181 1.65885
182 1.66505
183 1.6678
184 1.67375
185 1.69125
186 1.69588
187 1.70058
188 1.70533
189 1.72538
190 1.73558
191 1.77483
192 1.78332
193 1.78792
194 1.79117
195 1.82378
196 1.82996
197 1.83488
198 1.83608
199 1.84295
200 1.84676
201 1.85258
202 1.85721
203 1.86562
204 1.86792
205 1.87824
206 1.89874
207 1.91154
208 1.91561
209 1.92329
210 1.9393
211 1.96689
212 1.99314
213 2.0211
214 2.03246
215 2.04279
216 2.05249
217 2.06444
218 2.06871
219 2.07444
220 2.09346
221 2.09459
222 2.10808
223 2.12073
224 2.16778
225 2.16901
226 2.17126
227 2.17519
228 2.18222
229 2.19418
230 2.19796
231 2.20343
232 2.21691
233 2.22875
234 2.2335
235 2.23875
236 2.24607
237 2.2469
238 2.25184
239 2.26609
240 2.26722
241 2.27724
242 2.27924
243 2.28306
244 2.28413
245 2.29567
246 2.3075
247 2.32215
248 2.34509
249 2.35669
250 2.35892
251 2.36114
252 2.36754
253 2.37458
254 2.38159
255 2.40234
256 2.41529
257 2.43552
258 2.45163
259 2.46489
260 2.46769
261 2.48798
262 2.51345
263 2.53865
264 2.54976
265 2.55563
266 2.55647
267 2.56382
268 2.577
269 2.58161
270 2.58347
271 2.59247
272 2.60123
273 2.60513
274 2.60756
275 2.61378
276 2.61734
277 2.64677
278 2.66257
279 2.66641
280 2.67178
281 2.67582
282 2.68771
283 2.69962
284 2.71158
285 2.71662
286 2.72766
287 2.73451
288 2.739
289 2.74762
290 2.75141
291 2.75318
292 2.77765
293 2.77992
294 2.79685
295 2.80354
296 2.80686
297 2.82158
298 2.83171
299 2.83346
300 2.84629
301 2.84935
302 2.85469
303 2.86497
304 2.87338
305 2.88254
306 2.8957
307 2.90975
308 2.91427
309 2.92057
310 2.92361
311 2.9281
312 2.92983
313 2.93217
314 2.94648
315 2.98068
316 2.98707
317 2.99322
318 2.99564
