1 0.00552
2 0.00888
3 0.01091
4 0.01485
5 0.02365
6 0.02691
7 0.03858
8 0.04831
9 0.05981
10 0.07155
11 0.07547
12 0.08835
13 0.10038
14 0.10331
15 0.10594
16 0.11567
17 0.12246
18 0.12578
19 0.12792
20 0.13839
21 0.15251
22 0.15571
23 0.16913
24 0.19357
25 0.19822
26 0.207
27 0.22417
28 0.23697
29 0.25594
30 0.25895
31 0.26569
32 0.28489
33 0.28645
34 0.29604
35 0.30792
36 0.31293
37 0.31692
38 0.32271
39 0.3352
40 0.34061
41 0.35409
42 0.35793
43 0.36197
44 0.36352
45 0.36599
46 0.36867
47 0.37422
48 0.37676
49 0.39275
50 0.41216
51 0.41662
52 0.43208
53 0.43796
54 0.43931
55 0.44999
56 0.45604
57 0.46618
58 0.47508
59 0.48093
60 0.48318
61 0.49724
62 0.50694
63 0.51642
64 0.52468
65 0.53237
66 0.5365
67 0.55332
68 0.55601
69 0.5575
70 0.55909
71 0.56882
72 0.57512
73 0.57846
74 0.58357
75 0.59301
76 0.60188
77 0.60313
78 0.60598
79 0.62475
80 0.62991
81 0.63458
82 0.63819
83 0.64915
84 0.65295
85 0.65947
86 0.6645
87 0.66976
88 0.67355
89 0.67909
90 0.69309
91 0.69587
92 0.69938
93 0.70555
94 0.725
95 0.73191
96 0.736
97 0.73835
98 0.75413
99 0.76059
100 0.78719
101 0.80177
102 0.80959
103 0.81529
104 0.82214
105 0.82321
106 0.83313
107 0.84833
108 0.85142
109 0.85436
110 0.85723
111 0.86068
112 0.86216
113 0.87347
114 0.88699
115 0.89957
116 0.92917
117 0.93922
118 0.95185
119 0.95394
120 0.96181
121 0.96262
122 0.98669
123 0.98928
124 0.9971
125 1.01301
126 1.01898
127 1.02921
128 1.04688
129 1.0579
130 1.06192
131 1.07912
132 1.08342
133 1.09117
134 1.09839
135 1.10449
136 1.11008
137 1.12353
138 1.13105
139 1.13409
140 1.13845
141 1.14824
142 1.15339
143 1.17204
144 1.17851
145 1.18294
146 1.18563
147 1.20421
148 1.21555
149 1.2332
150 1.24017
151 1.24381
152 1.24877
153 1.25549
154 1.26827
155 1.27795
156 1.27992
157 1.29694
158 1.3034
159 1.32817
160 1.34049
161 1.34705
162 1.35503
163 1.35663
164 1.36226
165 1.37123
166 1.39336
167 1.40072
168 1.40699
169 1.40962
170 1.41416
171 1.42016
172 1.42341
173 1.44425
174 1.4508
175 1.46181
176 1.46344
177 1.47069
178 1.49686
179 1.5076
180 1.51131
181 1.51371
182 1.51849
183 1.52983
184 1.53299
185 1.54723
186 1.55287
187 1.56229
188 1.5682
189 1.57296
190 1.57873
191 1.58346
192 1.58605
193 1.59569
194 1.60506
195 1.6118
196 1.61433
197 1.61589
198 1.61887
199 1.62847
200 1.64905
201 1.6573
202 1.66176
203 1.67336
204 1.6789
205 1.68652
206 1.69085
207 1.69798
208 1.70991
209 1.71383
210 1.72505
211 1.72651
212 1.734
213 1.74137
214 1.751
215 1.76212
216 1.7637
217 1.77435
218 1.78731
219 1.80773
220 1.82127
221 1.8388
222 1.84265
223 1.85264
224 1.85631
225 1.86592
226 1.87587
227 1.87988
228 1.89886
229 1.90391
230 1.90934
231 1.91235
232 1.92153
233 1.93946
234 1.95416
235 1.96335
236 1.97339
237 1.98234
238 2.00216
239 2.00818
240 2.02969
241 2.03596
242 2.06149
243 2.07006
244 2.07721
245 2.07917
246 2.10905
247 2.1206
248 2.12692
249 2.13686
250 2.14528
251 2.14924
252 2.16382
253 2.18517
254 2.18735
255 2.20896
256 2.22837
257 2.23736
258 2.23906
259 2.25776
260 2.26597
261 2.26903
262 2.2724
263 2.28703
264 2.29509
265 2.29765
266 2.30519
267 2.31449
268 2.32683
269 2.33807
270 2.3467
271 2.35114
272 2.36097
273 2.36615
274 2.37314
275 2.38042
276 2.39008
277 2.39244
278 2.40946
279 2.41623
280 2.41764
281 2.4197
282 2.45149
283 2.47769
284 2.48768
285 2.5079
286 2.51027
287 2.51363
288 2.52195
289 2.52658
290 2.54077
291 2.54563
292 2.55698
293 2.56247
294 2.57105
295 2.57397
296 2.57643
297 2.57921
298 2.58771
299 2.59409
300 2.60811
301 2.63811
302 2.6467
303 2.65767
304 2.65887
305 2.6599
306 2.67168
307 2.67784
308 2.68247
309 2.6885
310 2.6957
311 2.71938
312 2.74987
313 2.7541
314 2.75634
315 2.76065
316 2.76546
317 2.77875
318 2.78676
319 2.7938
320 2.80125
321 2.80879
322 2.82085
323 2.84688
324 2.87008
325 2.88424
326 2.90946
327 2.91208
328 2.92246
329 2.9316
330 2.97151
331 2.9793
332 2.98418
333 2.99277
