1 0.0026
2 0.00506
3 0.00792
4 0.01338
5 0.01919
6 0.02676
7 0.05195
8 0.06291
9 0.06858
10 0.07637
11 0.08355
12 0.08724
13 0.0904
14 0.09972
15 0.10312
16 0.11045
17 0.12589
18 0.13066
19 0.13653
20 0.14357
21 0.14787
22 0.15352
23 0.1627
24 0.16783
25 0.17573
26 0.18541
27 0.19444
28 0.20308
29 0.20525
30 0.21848
31 0.22806
32 0.23344
33 0.24621
34 0.25171
35 0.25423
36 0.25864
37 0.2644
38 0.2694
39 0.27588
40 0.2917
41 0.30092
42 0.3122
43 0.31697
44 0.32456
45 0.33527
46 0.3402
47 0.34766
48 0.35509
49 0.36292
50 0.36993
51 0.37842
52 0.38451
53 0.41613
54 0.43454
55 0.43539
56 0.44325
57 0.45034
58 0.46842
59 0.48
60 0.48187
61 0.50071
62 0.50424
63 0.5204
64 0.54374
65 0.54996
66 0.55509
67 0.57387
68 0.59371
69 0.60029
70 0.60904
71 0.61442
72 0.61869
73 0.6298
74 0.64056
75 0.64391
76 0.65113
77 0.66154
78 0.67575
79 0.6881
80 0.69592
81 0.70359
82 0.71204
83 0.72109
84 0.7237
85 0.74054
86 0.74415
87 0.74854
88 0.75672
89 0.77041
90 0.77315
91 0.7804
92 0.78358
93 0.78894
94 0.79182
95 0.79704
96 0.81018
97 0.83431
98 0.85701
99 0.85886
100 0.86894
101 0.88073
102 0.88361
103 0.89034
104 0.89386
105 0.9092
106 0.9117
107 0.92039
108 0.92783
109 0.9321
110 0.94785
111 0.95033
112 0.96992
113 0.97794
114 0.98338
115 0.99108
116 0.99217
117 1.00863
118 1.02002
119 1.02665
120 1.03104
121 1.0427
122 1.04993
123 1.05481
124 1.06601
125 1.06861
126 1.07134
127 1.08408
128 1.09285
129 1.09986
130 1.103
131 1.10624
132 1.11081
133 1.11425
134 1.1349
135 1.14743
136 1.15313
137 1.15891
138 1.16383
139 1.19932
140 1.20514
141 1.21802
142 1.21955
143 1.22409
144 1.22997
145 1.24484
146 1.25726
147 1.26048
148 1.26556
149 1.27126
150 1.2829
151 1.28874
152 1.30532
153 1.34131
154 1.35161
155 1.35789
156 1.36624
157 1.38282
158 1.40122
159 1.40533
160 1.41616
161 1.42769
162 1.43666
163 1.43895
164 1.44604
165 1.44906
166 1.46318
167 1.46898
168 1.47381
169 1.48731
170 1.5001
171 1.5085
172 1.51751
173 1.53105
174 1.54693
175 1.55622
176 1.58157
177 1.58636
178 1.59183
179 1.59838
180 1.60532
181 1.60697
182 1.61893
183 1.6245
184 1.63401
185 1.6368
186 1.64068
187 1.64537
188 1.64862
189 1.65884
190 1.66033
191 1.66351
192 1.66535
193 1.67054
194 1.67601
195 1.69572
196 1.71336
197 1.72446
198 1.72786
199 1.75169
200 1.75962
201 1.77376
202 1.78982
203 1.80308
204 1.81143
205 1.81402
206 1.83826
207 1.8453
208 1.84948
209 1.85507
210 1.85622
211 1.86165
212 1.86709
213 1.88481
214 1.89468
215 1.91026
216 1.91746
217 1.92824
218 1.93154
219 1.94948
220 1.95229
221 1.96107
222 1.97388
223 1.98218
224 1.98745
225 1.99182
226 1.9944
227 2.01252
228 2.03105
229 2.03296
230 2.04405
231 2.0487
232 2.05416
233 2.06267
234 2.06615
235 2.08208
236 2.0875
237 2.09163
238 2.10547
239 2.11254
240 2.11891
241 2.12956
242 2.14116
243 2.1473
244 2.1572
245 2.16329
246 2.16833
247 2.17711
248 2.18428
249 2.18922
250 2.21946
251 2.22421
252 2.22845
253 2.23974
254 2.25109
255 2.2566
256 2.26331
257 2.27223
258 2.27603
259 2.28076
260 2.28846
261 2.29519
262 2.29987
263 2.31073
264 2.31608
265 2.32382
266 2.32898
267 2.33261
268 2.35747
269 2.36965
270 2.37912
271 2.38212
272 2.394
273 2.40421
274 2.41039
275 2.41634
276 2.42304
277 2.42715
278 2.43549
279 2.44729
280 2.45965
281 2.46134
282 2.47634
283 2.50722
284 2.52322
285 2.53795
286 2.54943
287 2.57324
288 2.58251
289 2.58697
290 2.62089
291 2.63295
292 2.64492
293 2.65924
294 2.66444
295 2.66776
296 2.67877
297 2.68948
298 2.70194
299 2.73265
300 2.74055
301 2.75644
302 2.76997
303 2.78336
304 2.78715
305 2.80118
306 2.81198
307 2.81565
308 2.82785
309 2.83485
310 2.84228
311 2.84529
312 2.84918
313 2.86448
314 2.86983
315 2.87617
316 2.88515
317 2.8902
318 2.89883
319 2.90681
320 2.92047
321 2.92531
322 2.94371
323 2.95044
324 2.95533
325 2.95971
326 2.96502
327 2.97159
328 2.98337
329 2.99735
