1 0.01119
2 0.01945
3 0.02178
4 0.02451
5 0.02616
6 0.0284
7 0.0319
8 0.03803
9 0.043
10 0.04564
11 0.04918
12 0.05191
13 0.05784
14 0.06619
15 0.06813
16 0.07194
17 0.09086
18 0.09342
19 0.0964
20 0.10047
21 0.10764
22 0.11588
23 0.12012
24 0.12515
25 0.12714
26 0.14013
27 0.15317
28 0.16162
29 0.16448
30 0.16707
31 0.18317
32 0.19468
33 0.21979
34 0.22284
35 0.22944
36 0.23067
37 0.24543
38 0.2652
39 0.27289
40 0.27534
41 0.28135
42 0.28364
43 0.28993
44 0.29705
45 0.30487
46 0.30864
47 0.31234
48 0.31664
49 0.34074
50 0.34228
51 0.35716
52 0.3596
53 0.37285
54 0.37702
55 0.38722
56 0.38894
57 0.39123
58 0.39659
59 0.40276
60 0.41259
61 0.41891
62 0.43144
63 0.43949
64 0.44501
65 0.47667
66 0.47866
67 0.48142
68 0.48416
69 0.49832
70 0.51946
71 0.52297
72 0.53099
73 0.53228
74 0.53689
75 0.54009
76 0.54181
77 0.54336
78 0.54652
79 0.55356
80 0.56054
81 0.58758
82 0.59315
83 0.59822
84 0.60528
85 0.60887
86 0.61532
87 0.62196
88 0.62885
89 0.63367
90 0.6417
91 0.64453
92 0.64971
93 0.66462
94 0.66835
95 0.67377
96 0.67799
97 0.67907
98 0.68848
99 0.72282
100 0.72996
101 0.73377
102 0.73618
103 0.74476
104 0.74694
105 0.76709
106 0.76883
107 0.77399
108 0.78867
109 0.79156
110 0.80076
111 0.80547
112 0.81069
113 0.81398
114 0.8168
115 0.84418
116 0.84729
117 0.85531
118 0.86764
119 0.88138
120 0.88423
121 0.88865
122 0.89006
123 0.90701
124 0.91516
125 0.93085
126 0.93589
127 0.94796
128 0.95218
129 0.9731
130 0.97477
131 0.97849
132 0.99033
133 0.99272
134 0.99714
135 1.02171
136 1.02738
137 1.03316
138 1.03531
139 1.04318
140 1.05695
141 1.06673
142 1.0902
143 1.107
144 1.11295
145 1.11691
146 1.11886
147 1.12302
148 1.12556
149 1.12923
150 1.13399
151 1.13727
152 1.14202
153 1.14732
154 1.14861
155 1.15173
156 1.15855
157 1.15962
158 1.16302
159 1.17746
160 1.18393
161 1.18646
162 1.18806
163 1.19333
164 1.19804
165 1.22192
166 1.22429
167 1.23087
168 1.23388
169 1.27114
170 1.27428
171 1.27572
172 1.28648
173 1.28779
174 1.29451
175 1.30025
176 1.30346
177 1.30741
178 1.31128
179 1.33917
180 1.34217
181 1.34614
182 1.34812
183 1.3557
184 1.35807
185 1.36175
186 1.36439
187 1.37159
188 1.38719
189 1.39108
190 1.39204
191 1.40109
192 1.40308
193 1.41073
194 1.4124
195 1.42068
196 1.42761
197 1.44074
198 1.44614
199 1.47078
200 1.4732
201 1.47508
202 1.48046
203 1.4866
204 1.51819
205 1.53576
206 1.54622
207 1.54732
208 1.54981
209 1.55173
210 1.55844
211 1.57061
212 1.59842
213 1.60245
214 1.60676
215 1.61197
216 1.6217
217 1.62792
218 1.63291
219 1.63675
220 1.63906
221 1.64176
222 1.64834
223 1.65198
224 1.65644
225 1.66167
226 1.66933
227 1.68103
228 1.69547
229 1.70312
230 1.72256
231 1.73049
232 1.76984
233 1.77215
234 1.78611
235 1.79037
236 1.79361
237 1.79816
238 1.79986
239 1.80251
240 1.80983
241 1.83879
242 1.84292
243 1.85519
244 1.8577
245 1.86204
246 1.87349
247 1.88393
248 1.89468
249 1.90517
250 1.90836
251 1.91342
252 1.92375
253 1.93043
254 1.93172
255 1.93599
256 1.94262
257 1.97078
258 1.97291
259 1.97712
260 1.98423
261 1.9894
262 1.99198
263 2.02352
264 2.03208
265 2.03666
266 2.03974
267 2.0415
268 2.044
269 2.04809
270 2.05004
271 2.05214
272 2.06817
273 2.07282
274 2.08897
275 2.09264
276 2.09519
277 2.09786
278 2.11305
279 2.12038
280 2.13661
281 2.14235
282 2.15172
283 2.15576
284 2.15939
285 2.17126
286 2.18006
287 2.18717
288 2.19069
289 2.19648
290 2.22415
291 2.22847
292 2.23681
293 2.23934
294 2.27395
295 2.28097
296 2.29259
297 2.30395
298 2.33224
299 2.34142
300 2.34331
301 2.34619
302 2.34703
303 2.35342
304 2.36137
305 2.36833
306 2.37082
307 2.37949
308 2.38371
309 2.3852
310 2.38686
311 2.39955
312 2.40332
313 2.42488
314 2.42679
315 2.43012
316 2.43621
317 2.44256
318 2.44512
319 2.44902
320 2.48325
321 2.48506
322 2.51969
323 2.52778
324 2.53777
325 2.53935
326 2.5422
327 2.54628
328 2.54923
329 2.55061
330 2.55539
331 2.55722
332 2.56496
333 2.57041
334 2.59859
335 2.60275
336 2.60967
337 2.62625
338 2.63194
339 2.63785
340 2.65019
341 2.66122
342 2.67873
343 2.68373
344 2.69098
345 2.69497
346 2.69927
347 2.73059
348 2.73385
349 2.73891
350 2.76244
351 2.77156
352 2.78217
353 2.78731
354 2.79605
355 2.79709
356 2.80459
357 2.80936
358 2.81203
359 2.81893
360 2.82876
361 2.84371
362 2.84682
363 2.8595
364 2.86669
365 2.88203
366 2.88696
367 2.89227
368 2.89545
369 2.89705
370 2.89969
371 2.90699
372 2.91173
373 2.91604
374 2.92648
375 2.93256
376 2.93554
377 2.95312
378 2.97106
379 2.98445
380 2.99085
