1 0.00287
2 0.00393
3 0.00573
4 0.01794
5 0.02046
6 0.02182
7 0.02678
8 0.02946
9 0.03261
10 0.03615
11 0.03933
12 0.04164
13 0.04527
14 0.04919
15 0.05387
16 0.05808
17 0.05983
18 0.06273
19 0.07585
20 0.08523
21 0.09474
22 0.10937
23 0.11947
24 0.13618
25 0.14617
26 0.14997
27 0.15346
28 0.16308
29 0.16667
30 0.16788
31 0.17497
32 0.18241
33 0.19197
34 0.20519
35 0.22368
36 0.2401
37 0.25176
38 0.25801
39 0.27283
40 0.27422
41 0.28316
42 0.28559
43 0.28933
44 0.29494
45 0.30396
46 0.3127
47 0.31691
48 0.32077
49 0.32261
50 0.32661
51 0.33993
52 0.34421
53 0.35279
54 0.38626
55 0.38943
56 0.39198
57 0.40163
58 0.40598
59 0.41047
60 0.41742
61 0.42261
62 0.45378
63 0.45855
64 0.46208
65 0.46615
66 0.46982
67 0.47238
68 0.47612
69 0.47736
70 0.47996
71 0.49519
72 0.50179
73 0.50704
74 0.51347
75 0.52119
76 0.53444
77 0.55022
78 0.55965
79 0.561
80 0.56436
81 0.57026
82 0.57565
83 0.57871
84 0.58475
85 0.58892
86 0.59622
87 0.59946
88 0.63507
89 0.64435
90 0.652
91 0.6528
92 0.65977
93 0.66366
94 0.6654
95 0.66876
96 0.67117
97 0.70738
98 0.70833
99 0.71429
100 0.71618
101 0.7268
102 0.73299
103 0.73406
104 0.74482
105 0.7512
106 0.75335
107 0.75459
108 0.76133
109 0.76866
110 0.77875
111 0.78929
112 0.80786
113 0.81424
114 0.81602
115 0.82473
116 0.82693
117 0.83576
118 0.84092
119 0.84521
120 0.85147
121 0.85426
122 0.89812
123 0.9001
124 0.90478
125 0.90627
126 0.91134
127 0.91595
128 0.917
129 0.92021
130 0.92182
131 0.92747
132 0.93438
133 0.96044
134 0.96172
135 0.96639
136 0.97049
137 0.97525
138 0.97982
139 0.99044
140 0.99713
141 1.0001
142 1.01369
143 1.01521
144 1.02036
145 1.0234
146 1.03126
147 1.03373
148 1.03871
149 1.04635
150 1.05078
151 1.05249
152 1.07329
153 1.0842
154 1.08798
155 1.08911
156 1.09296
157 1.0963
158 1.10216
159 1.10699
160 1.14284
161 1.14506
162 1.14836
163 1.15775
164 1.16583
165 1.17
166 1.17303
167 1.17512
168 1.17923
169 1.18405
170 1.21226
171 1.21648
172 1.22217
173 1.22504
174 1.23034
175 1.23938
176 1.24708
177 1.26285
178 1.26622
179 1.27432
180 1.28148
181 1.28362
182 1.28745
183 1.28912
184 1.29255
185 1.29876
186 1.30164
187 1.30632
188 1.31611
189 1.32025
190 1.33374
191 1.33684
192 1.34068
193 1.34235
194 1.34608
195 1.35666
196 1.39118
197 1.39743
198 1.40372
199 1.41078
200 1.41549
201 1.42016
202 1.42811
203 1.43255
204 1.45905
205 1.46253
206 1.46352
207 1.46657
208 1.47403
209 1.47716
210 1.4815
211 1.49979
212 1.50348
213 1.5074
214 1.5093
215 1.51066
216 1.51823
217 1.54038
218 1.54337
219 1.54606
220 1.55134
221 1.55939
222 1.57413
223 1.58043
224 1.58243
225 1.59502
226 1.60035
227 1.60511
228 1.61059
229 1.64572
230 1.64765
231 1.65466
232 1.65672
233 1.65869
234 1.66442
235 1.67225
236 1.68642
237 1.70648
238 1.71079
239 1.71668
240 1.72273
241 1.72634
242 1.72814
243 1.73232
244 1.74695
245 1.75213
246 1.7543
247 1.76001
248 1.76342
249 1.76697
250 1.7737
251 1.7768
252 1.78706
253 1.79554
254 1.80464
255 1.81044
256 1.82146
257 1.82317
258 1.82878
259 1.84712
260 1.85167
261 1.85481
262 1.86157
263 1.89331
264 1.90135
265 1.90928
266 1.91799
267 1.93034
268 1.93438
269 1.95789
270 1.96175
271 1.96484
272 1.98035
273 1.98615
274 1.99186
275 1.99566
276 2.00223
277 2.00856
278 2.01756
279 2.02172
280 2.02622
281 2.02815
282 2.03763
283 2.04808
284 2.0526
285 2.05576
286 2.05919
287 2.06882
288 2.07438
289 2.07831
290 2.08349
291 2.08731
292 2.10058
293 2.11047
294 2.13898
295 2.14794
296 2.17422
297 2.1838
298 2.19075
299 2.20832
300 2.22189
301 2.24634
302 2.25074
303 2.25743
304 2.26802
305 2.27087
306 2.27306
307 2.2844
308 2.29219
309 2.29513
310 2.29821
311 2.30311
312 2.30572
313 2.3134
314 2.32228
315 2.33154
316 2.33822
317 2.34009
318 2.34188
319 2.3465
320 2.35152
321 2.35706
322 2.35951
323 2.38681
324 2.39931
325 2.40497
326 2.40975
327 2.41383
328 2.41924
329 2.42203
330 2.4318
331 2.45919
332 2.46873
333 2.47022
334 2.48185
335 2.48701
336 2.49504
337 2.49653
338 2.50354
339 2.50604
340 2.51338
341 2.51749
342 2.52659
343 2.53393
344 2.54316
345 2.55009
346 2.554
347 2.55781
348 2.57089
349 2.57526
350 2.57907
351 2.58568
352 2.59418
353 2.60452
354 2.60677
355 2.64108
356 2.65124
357 2.65548
358 2.65888
359 2.66611
360 2.66917
361 2.67081
362 2.67733
363 2.68507
364 2.70444
365 2.70963
366 2.71216
367 2.7154
368 2.72883
369 2.73156
370 2.73867
371 2.74792
372 2.75001
373 2.7512
374 2.75462
375 2.76221
376 2.76394
377 2.76863
378 2.77201
379 2.77727
380 2.78026
381 2.7842
382 2.79279
383 2.8118
384 2.81397
385 2.83103
386 2.83706
387 2.83906
388 2.85762
389 2.88554
390 2.89195
391 2.89442
392 2.90072
393 2.90624
394 2.91351
395 2.933
396 2.95769
397 2.96782
398 2.97338
399 2.98008
400 2.98547
401 2.99479
