1 0.01413
2 0.02463
3 0.03708
4 0.06397
5 0.06996
6 0.08194
7 0.09238
8 0.10966
9 0.11702
10 0.12196
11 0.13688
12 0.15257
13 0.16251
14 0.16915
15 0.17821
16 0.17983
17 0.20172
18 0.20511
19 0.21317
20 0.2393
21 0.24128
22 0.24873
23 0.2506
24 0.26441
25 0.28245
26 0.30255
27 0.32392
28 0.33388
29 0.34303
30 0.34638
31 0.35574
32 0.36448
33 0.36684
34 0.37048
35 0.38274
36 0.39604
37 0.40285
38 0.4089
39 0.42008
40 0.42483
41 0.43539
42 0.45185
43 0.45531
44 0.46404
45 0.46707
46 0.47605
47 0.48689
48 0.49384
49 0.52254
50 0.5305
51 0.53492
52 0.53754
53 0.54038
54 0.54343
55 0.54753
56 0.55572
57 0.56962
58 0.57223
59 0.5923
60 0.59941
61 0.60586
62 0.60782
63 0.60948
64 0.6365
65 0.6485
66 0.65066
67 0.65658
68 0.66768
69 0.6716
70 0.67922
71 0.69731
72 0.70366
73 0.71114
74 0.73606
75 0.74084
76 0.74248
77 0.74428
78 0.76307
79 0.77173
80 0.78568
81 0.80121
82 0.80426
83 0.81012
84 0.8127
85 0.81621
86 0.81966
87 0.8304
88 0.84315
89 0.84447
90 0.85156
91 0.85641
92 0.85795
93 0.86732
94 0.87686
95 0.89219
96 0.89592
97 0.90335
98 0.91741
99 0.92331
100 0.92645
101 0.92968
102 0.94075
103 0.95455
104 0.96682
105 0.98282
106 0.98863
107 0.98981
108 0.99678
109 1.00039
110 1.02404
111 1.02558
112 1.03844
113 1.04663
114 1.05432
115 1.06085
116 1.06918
117 1.0772
118 1.07884
119 1.0808
120 1.0903
121 1.10104
122 1.10703
123 1.11411
124 1.12918
125 1.13602
126 1.13998
127 1.1554
128 1.15849
129 1.17436
130 1.18921
131 1.19583
132 1.20109
133 1.2074
134 1.21443
135 1.23382
136 1.25127
137 1.27686
138 1.27904
139 1.28336
140 1.28855
141 1.30099
142 1.30654
143 1.30896
144 1.31119
145 1.31907
146 1.32493
147 1.3296
148 1.33427
149 1.33811
150 1.34301
151 1.34941
152 1.35311
153 1.35503
154 1.36628
155 1.39094
156 1.40281
157 1.40573
158 1.42
159 1.42495
160 1.44383
161 1.4556
162 1.46172
163 1.48918
164 1.49302
165 1.51456
166 1.51751
167 1.52248
168 1.53603
169 1.53895
170 1.54649
171 1.54986
172 1.55109
173 1.55727
174 1.56112
175 1.57967
176 1.58404
177 1.59179
178 1.59331
179 1.60197
180 1.61033
181 1.62729
182 1.62952
183 1.64309
184 1.65491
185 1.6848
186 1.69163
187 1.71364
188 1.71687
189 1.72004
190 1.73702
191 1.74547
192 1.7546
193 1.76279
194 1.77699
195 1.79337
196 1.79833
197 1.80581
198 1.81571
199 1.83382
200 1.8556
201 1.87987
202 1.89979
203 1.90604
204 1.91898
205 1.92585
206 1.94213
207 1.9474
208 1.9567
209 1.96028
210 1.9756
211 1.9935
212 1.99653
213 2.01389
214 2.01765
215 2.03158
216 2.04837
217 2.05447
218 2.07931
219 2.08469
220 2.08804
221 2.09988
222 2.10548
223 2.10902
224 2.11281
225 2.12119
226 2.13327
227 2.1439
228 2.14535
229 2.14741
230 2.15382
231 2.16838
232 2.17978
233 2.18311
234 2.2581
235 2.26559
236 2.2698
237 2.27291
238 2.27996
239 2.28256
240 2.29031
241 2.31067
242 2.32446
243 2.32886
244 2.35623
245 2.36691
246 2.37759
247 2.38479
248 2.41043
249 2.4189
250 2.43513
251 2.45229
252 2.45431
253 2.45958
254 2.48526
255 2.48784
256 2.49528
257 2.4977
258 2.50802
259 2.51845
260 2.52267
261 2.52872
262 2.54025
263 2.54711
264 2.55565
265 2.56233
266 2.57421
267 2.57711
268 2.58516
269 2.59105
270 2.59593
271 2.59896
272 2.60488
273 2.61201
274 2.63329
275 2.6559
276 2.65875
277 2.66242
278 2.6736
279 2.67718
280 2.68696
281 2.69825
282 2.73433
283 2.74509
284 2.75911
285 2.76226
286 2.77603
287 2.7777
288 2.78499
289 2.80327
290 2.80942
291 2.81249
292 2.81564
293 2.81889
294 2.82423
295 2.83143
296 2.83356
297 2.84325
298 2.84593
299 2.86033
300 2.87899
301 2.89301
302 2.90198
303 2.9224
304 2.92865
305 2.94479
306 2.95165
307 2.95447
308 2.96147
309 2.9711
310 2.98586
311 2.99528
