1 0.00263
2 0.00393
3 0.00945
4 0.01261
5 0.01414
6 0.0224
7 0.04233
8 0.0454
9 0.05007
10 0.06166
11 0.06995
12 0.0732
13 0.08184
14 0.08722
15 0.09758
16 0.10056
17 0.10901
18 0.12281
19 0.12697
20 0.1307
21 0.13411
22 0.14102
23 0.15159
24 0.15686
25 0.17169
26 0.18103
27 0.18979
28 0.19504
29 0.21835
30 0.22234
31 0.22808
32 0.23296
33 0.24921
34 0.25312
35 0.25654
36 0.26897
37 0.27545
38 0.29489
39 0.30214
40 0.30688
41 0.30949
42 0.31274
43 0.31746
44 0.32062
45 0.33136
46 0.33286
47 0.33639
48 0.3408
49 0.35527
50 0.37027
51 0.37348
52 0.37729
53 0.3782
54 0.38678
55 0.39104
56 0.41674
57 0.42054
58 0.42405
59 0.43969
60 0.44413
61 0.45707
62 0.46134
63 0.47506
64 0.47918
65 0.48045
66 0.48761
67 0.49361
68 0.49539
69 0.51247
70 0.51839
71 0.52974
72 0.53458
73 0.5431
74 0.54584
75 0.55627
76 0.56029
77 0.56508
78 0.57817
79 0.58394
80 0.59062
81 0.59455
82 0.59774
83 0.61913
84 0.62969
85 0.6354
86 0.6437
87 0.65203
88 0.65704
89 0.67171
90 0.67304
91 0.68491
92 0.6944
93 0.6973
94 0.71102
95 0.73678
96 0.74124
97 0.77037
98 0.78064
99 0.78777
100 0.80082
101 0.81497
102 0.81706
103 0.83364
104 0.84605
105 0.8684
106 0.87753
107 0.88294
108 0.89838
109 0.90104
110 0.90859
111 0.91115
112 0.91525
113 0.92526
114 0.92853
115 0.93317
116 0.93807
117 0.95458
118 0.95932
119 0.96744
120 0.97099
121 0.97638
122 0.98139
123 0.98562
124 1.00139
125 1.01832
126 1.0261
127 1.02887
128 1.041
129 1.04588
130 1.05914
131 1.0787
132 1.08303
133 1.09386
134 1.10163
135 1.11446
136 1.12636
137 1.13699
138 1.14104
139 1.14402
140 1.14889
141 1.15029
142 1.15405
143 1.16911
144 1.18984
145 1.20868
146 1.21521
147 1.22108
148 1.22363
149 1.23195
150 1.24345
151 1.25523
152 1.26897
153 1.27003
154 1.28275
155 1.28656
156 1.29228
157 1.29896
158 1.31448
159 1.32356
160 1.32618
161 1.33042
162 1.33264
163 1.33754
164 1.36229
165 1.36657
166 1.37336
167 1.37985
168 1.39662
169 1.41191
170 1.41307
171 1.42815
172 1.45074
173 1.4787
174 1.49112
175 1.4945
176 1.50231
177 1.50627
178 1.51466
179 1.52409
180 1.54904
181 1.55867
182 1.56319
183 1.59661
184 1.59871
185 1.61407
186 1.62174
187 1.63434
188 1.63528
189 1.64808
190 1.66278
191 1.6702
192 1.67863
193 1.68122
194 1.6944
195 1.70611
196 1.7102
197 1.71545
198 1.72534
199 1.73004
200 1.73555
201 1.74558
202 1.74681
203 1.74922
204 1.75438
205 1.75677
206 1.77313
207 1.78585
208 1.78889
209 1.79114
210 1.80788
211 1.81583
212 1.81917
213 1.82904
214 1.83314
215 1.83863
216 1.84875
217 1.86134
218 1.87209
219 1.87378
220 1.8838
221 1.88834
222 1.89586
223 1.91568
224 1.92097
225 1.93785
226 1.95984
227 1.97016
228 1.97838
229 1.98136
230 1.9957
231 2.00127
232 2.0085
233 2.02533
234 2.03741
235 2.04115
236 2.04743
237 2.05817
238 2.07268
239 2.08104
240 2.09172
241 2.09395
242 2.09633
243 2.10508
244 2.12004
245 2.12666
246 2.13239
247 2.14831
248 2.15102
249 2.17172
250 2.18475
251 2.20106
252 2.20929
253 2.21854
254 2.2335
255 2.24747
256 2.25038
257 2.25525
258 2.25989
259 2.26794
260 2.28226
261 2.29735
262 2.31799
263 2.32901
264 2.3339
265 2.33592
266 2.34555
267 2.38105
268 2.3934
269 2.40492
270 2.41107
271 2.42051
272 2.42423
273 2.43292
274 2.43454
275 2.44517
276 2.45314
277 2.45531
278 2.46749
279 2.47077
280 2.48073
281 2.49392
282 2.5024
283 2.50455
284 2.50874
285 2.51261
286 2.53188
287 2.54053
288 2.55397
289 2.56754
290 2.57884
291 2.5861
292 2.59253
293 2.60285
294 2.60426
295 2.6125
296 2.6326
297 2.63939
298 2.64245
299 2.65303
300 2.67063
301 2.67867
302 2.69262
303 2.71191
304 2.71896
305 2.72739
306 2.74473
307 2.75085
308 2.75445
309 2.76249
310 2.77696
311 2.78325
312 2.80104
313 2.80303
314 2.82097
315 2.83583
316 2.84677
317 2.84983
318 2.86649
319 2.88268
320 2.88716
321 2.90604
322 2.91906
323 2.92633
324 2.92931
325 2.94703
326 2.9497
327 2.95431
328 2.95757
329 2.96472
330 2.96606
331 2.97039
332 2.97559
333 2.98019
334 2.98693
335 2.99697
