1 0.00187
2 0.0103
3 0.01241
4 0.01636
5 0.01822
6 0.02148
7 0.02599
8 0.02892
9 0.0335
10 0.03877
11 0.04252
12 0.04355
13 0.04981
14 0.05698
15 0.06503
16 0.06781
17 0.0723
18 0.07794
19 0.08271
20 0.08925
21 0.09868
22 0.1119
23 0.13169
24 0.13565
25 0.14038
26 0.15069
27 0.15814
28 0.16186
29 0.17606
30 0.18035
31 0.19573
32 0.2007
33 0.21124
34 0.21663
35 0.22937
36 0.23412
37 0.23875
38 0.24536
39 0.25308
40 0.25933
41 0.27786
42 0.2841
43 0.28757
44 0.29386
45 0.30947
46 0.31515
47 0.3208
48 0.3332
49 0.34276
50 0.35027
51 0.36475
52 0.36839
53 0.37749
54 0.38273
55 0.38851
56 0.39163
57 0.39701
58 0.40637
59 0.40956
60 0.4154
61 0.41978
62 0.42756
63 0.43894
64 0.44667
65 0.45737
66 0.46131
67 0.4751
68 0.48209
69 0.4898
70 0.49708
71 0.50158
72 0.51684
73 0.52438
74 0.53252
75 0.5351
76 0.54074
77 0.54709
78 0.55366
79 0.55592
80 0.56548
81 0.56969
82 0.57394
83 0.58185
84 0.5829
85 0.58676
86 0.58833
87 0.59358
88 0.61232
89 0.61851
90 0.62759
91 0.63344
92 0.63767
93 0.6423
94 0.64407
95 0.64626
96 0.65946
97 0.67038
98 0.674
99 0.68464
100 0.69691
101 0.71127
102 0.72397
103 0.72852
104 0.73131
105 0.73762
106 0.73919
107 0.76483
108 0.76779
109 0.77173
110 0.77354
111 0.77802
112 0.7837
113 0.78991
114 0.80368
115 0.80592
116 0.81029
117 0.81192
118 0.81741
119 0.81858
120 0.82175
121 0.82635
122 0.82933
123 0.83305
124 0.84142
125 0.86082
126 0.88453
127 0.89304
128 0.89874
129 0.90502
130 0.9125
131 0.9203
132 0.93284
133 0.9381
134 0.95014
135 0.96496
136 0.97762
137 0.99159
138 0.99635
139 1.01337
140 1.03839
141 1.05066
142 1.06136
143 1.06528
144 1.0678
145 1.0744
146 1.07947
147 1.08251
148 1.09501
149 1.11182
150 1.11851
151 1.12118
152 1.13367
153 1.13675
154 1.13941
155 1.14441
156 1.14933
157 1.15752
158 1.16255
159 1.17473
160 1.1789
161 1.18557
162 1.197
163 1.20237
164 1.20816
165 1.21156
166 1.22262
167 1.23104
168 1.24061
169 1.24708
170 1.24958
171 1.25769
172 1.28457
173 1.29423
174 1.3046
175 1.31297
176 1.3153
177 1.32003
178 1.32134
179 1.33773
180 1.34108
181 1.35581
182 1.36539
183 1.37304
184 1.3852
185 1.39381
186 1.40139
187 1.40884
188 1.41692
189 1.42115
190 1.42723
191 1.43156
192 1.43457
193 1.43559
194 1.44878
195 1.45019
196 1.4584
197 1.46144
198 1.46479
199 1.47121
200 1.49055
201 1.49635
202 1.50072
203 1.50937
204 1.52918
205 1.5343
206 1.55079
207 1.55751
208 1.56326
209 1.56453
210 1.57152
211 1.57321
212 1.57724
213 1.59178
214 1.59512
215 1.59782
216 1.60224
217 1.60937
218 1.6118
219 1.62288
220 1.62818
221 1.63015
222 1.63166
223 1.63859
224 1.64054
225 1.64232
226 1.64733
227 1.6545
228 1.6595
229 1.66663
230 1.67689
231 1.68723
232 1.71162
233 1.73022
234 1.73334
235 1.74257
236 1.75022
237 1.75714
238 1.77532
239 1.78439
240 1.79032
241 1.79734
242 1.80774
243 1.81768
244 1.82017
245 1.82787
246 1.84359
247 1.85212
248 1.86511
249 1.86961
250 1.88387
251 1.88952
252 1.90047
253 1.91295
254 1.91998
255 1.93173
256 1.9434
257 1.94495
258 1.95143
259 1.96017
260 1.98105
261 1.99391
262 1.99929
263 2.00195
264 2.00673
265 2.01793
266 2.03148
267 2.03537
268 2.03818
269 2.04678
270 2.05649
271 2.06011
272 2.06324
273 2.06493
274 2.06667
275 2.07093
276 2.07395
277 2.0771
278 2.08125
279 2.08554
280 2.09961
281 2.1185
282 2.1246
283 2.13364
284 2.13563
285 2.14468
286 2.14665
287 2.14884
288 2.15197
289 2.16216
290 2.16545
291 2.17778
292 2.18656
293 2.18967
294 2.19775
295 2.20042
296 2.20307
297 2.2099
298 2.22826
299 2.2298
300 2.23235
301 2.23767
302 2.2502
303 2.25627
304 2.26179
305 2.27388
306 2.28201
307 2.28396
308 2.29193
309 2.29815
310 2.30491
311 2.30798
312 2.31035
313 2.31871
314 2.32787
315 2.33055
316 2.34645
317 2.36408
318 2.36974
319 2.3745
320 2.37739
321 2.39339
322 2.39885
323 2.40489
324 2.41277
325 2.41401
326 2.41491
327 2.42215
328 2.42588
329 2.43183
330 2.43456
331 2.43912
332 2.44089
333 2.44482
334 2.45208
335 2.45379
336 2.4668
337 2.47386
338 2.48252
339 2.4896
340 2.50033
341 2.53374
342 2.53798
343 2.54919
344 2.55866
345 2.56132
346 2.56537
347 2.57707
348 2.5799
349 2.61833
350 2.62177
351 2.63199
352 2.63805
353 2.64362
354 2.64501
355 2.65082
356 2.65701
357 2.66043
358 2.6668
359 2.67066
360 2.67384
361 2.68164
362 2.69663
363 2.71467
364 2.73178
365 2.73841
366 2.75505
367 2.76345
368 2.76859
369 2.77236
370 2.77965
371 2.78686
372 2.79501
373 2.80112
374 2.8036
375 2.82135
376 2.84181
377 2.84593
378 2.84996
379 2.85621
380 2.87093
381 2.88189
382 2.88938
383 2.8997
384 2.90465
385 2.90791
386 2.9135
387 2.92092
388 2.9232
389 2.93261
390 2.93402
391 2.93845
392 2.9404
393 2.94535
394 2.94715
395 2.95256
396 2.95392
397 2.96314
398 2.96726
399 2.98299
400 2.98472
401 2.98939
402 2.99077
403 2.99203
