1 0.00187
2 0.00456
3 0.01217
4 0.03416
5 0.03669
6 0.03919
7 0.05449
8 0.05846
9 0.06312
10 0.07404
11 0.07782
12 0.08019
13 0.08181
14 0.0857
15 0.09339
16 0.09509
17 0.10966
18 0.11186
19 0.12135
20 0.1326
21 0.13564
22 0.13711
23 0.16116
24 0.17091
25 0.17552
26 0.18005
27 0.19528
28 0.19758
29 0.20256
30 0.21102
31 0.22061
32 0.23714
33 0.24584
34 0.2609
35 0.28164
36 0.28428
37 0.28892
38 0.29218
39 0.30356
40 0.30659
41 0.30946
42 0.31136
43 0.31293
44 0.31513
45 0.31938
46 0.32327
47 0.32998
48 0.3313
49 0.35241
50 0.36088
51 0.37246
52 0.37749
53 0.38359
54 0.38945
55 0.40953
56 0.42634
57 0.43256
58 0.43989
59 0.44267
60 0.44635
61 0.45986
62 0.46128
63 0.47173
64 0.48373
65 0.50138
66 0.50608
67 0.51025
68 0.53311
69 0.53704
70 0.54505
71 0.5508
72 0.56471
73 0.56907
74 0.57503
75 0.57828
76 0.5897
77 0.59534
78 0.59859
79 0.60563
80 0.61096
81 0.61786
82 0.62743
83 0.63615
84 0.63846
85 0.6399
86 0.64757
87 0.65386
88 0.6572
89 0.67226
90 0.67844
91 0.68293
92 0.687
93 0.70137
94 0.70408
95 0.71872
96 0.7321
97 0.74206
98 0.74558
99 0.75182
100 0.75893
101 0.76422
102 0.76629
103 0.77334
104 0.78129
105 0.78343
106 0.79205
107 0.79611
108 0.8
109 0.80221
110 0.80518
111 0.80705
112 0.81317
113 0.82462
114 0.83876
115 0.84176
116 0.84835
117 0.85812
118 0.86888
119 0.87705
120 0.88834
121 0.8905
122 0.90474
123 0.91029
124 0.91994
125 0.93931
126 0.94908
127 0.95167
128 0.96505
129 0.97685
130 0.98118
131 0.98897
132 0.99463
133 1.00309
134 1.01141
135 1.02678
136 1.03866
137 1.04014
138 1.04375
139 1.04728
140 1.05433
141 1.05854
142 1.06893
143 1.08093
144 1.08542
145 1.09699
146 1.11511
147 1.11891
148 1.1258
149 1.12849
150 1.13395
151 1.15294
152 1.1643
153 1.17199
154 1.17701
155 1.18061
156 1.1833
157 1.1872
158 1.19156
159 1.20248
160 1.20772
161 1.21289
162 1.21415
163 1.21839
164 1.22109
165 1.22603
166 1.23224
167 1.23545
168 1.24136
169 1.2425
170 1.24904
171 1.25688
172 1.26015
173 1.26152
174 1.26589
175 1.30432
176 1.32101
177 1.3329
178 1.33478
179 1.34206
180 1.36994
181 1.37957
182 1.38598
183 1.41283
184 1.42422
185 1.42954
186 1.43372
187 1.43686
188 1.45037
189 1.45405
190 1.4587
191 1.46801
192 1.48396
193 1.49024
194 1.49429
195 1.49545
196 1.49815
197 1.49975
198 1.50688
199 1.52921
200 1.54328
201 1.55444
202 1.56197
203 1.57042
204 1.5821
205 1.58766
206 1.59092
207 1.59523
208 1.60308
209 1.61479
210 1.61791
211 1.62794
212 1.63624
213 1.65386
214 1.6628
215 1.66537
216 1.6754
217 1.68632
218 1.69106
219 1.71214
220 1.7169
221 1.72423
222 1.72786
223 1.73294
224 1.73686
225 1.73998
226 1.74224
227 1.75986
228 1.77926
229 1.78593
230 1.79563
231 1.80148
232 1.8045
233 1.81671
234 1.82425
235 1.83123
236 1.83687
237 1.84328
238 1.84984
239 1.85487
240 1.85725
241 1.86656
242 1.87776
243 1.8913
244 1.89501
245 1.90831
246 1.91573
247 1.91855
248 1.93122
249 1.93563
250 1.9498
251 1.96049
252 1.96499
253 1.96907
254 1.98287
255 2
256 2.01045
257 2.02835
258 2.03646
259 2.03787
260 2.04085
261 2.06681
262 2.06896
263 2.07098
264 2.0733
265 2.07542
266 2.07919
267 2.10942
268 2.11256
269 2.12657
270 2.13687
271 2.15862
272 2.17301
273 2.1815
274 2.18838
275 2.20035
276 2.21253
277 2.21833
278 2.2234
279 2.22545
280 2.23131
281 2.23401
282 2.26197
283 2.287
284 2.28999
285 2.30271
286 2.31279
287 2.32005
288 2.32619
289 2.32951
290 2.33291
291 2.33749
292 2.34938
293 2.36902
294 2.37229
295 2.38919
296 2.41587
297 2.41773
298 2.43719
299 2.46683
300 2.47552
301 2.49258
302 2.49904
303 2.50161
304 2.53163
305 2.53811
306 2.55579
307 2.57271
308 2.57782
309 2.58081
310 2.5841
311 2.61947
312 2.62377
313 2.6355
314 2.64965
315 2.66544
316 2.6739
317 2.70262
318 2.71137
319 2.71748
320 2.72924
321 2.73176
322 2.74131
323 2.74687
324 2.75041
325 2.75912
326 2.76375
327 2.78355
328 2.78651
329 2.79065
330 2.79562
331 2.80543
332 2.80978
333 2.82183
334 2.82542
335 2.82972
336 2.83866
337 2.84318
338 2.84854
339 2.85699
340 2.87881
341 2.88516
342 2.90271
343 2.90641
344 2.92545
345 2.92889
346 2.93057
347 2.94
348 2.95894
349 2.9797
350 2.99731
