1 0.00209
2 0.00387
3 0.00767
4 0.01161
5 0.01352
6 0.01814
7 0.02304
8 0.02404
9 0.03053
10 0.04038
11 0.04281
12 0.04719
13 0.05267
14 0.05962
15 0.06592
16 0.07137
17 0.07418
18 0.08189
19 0.09243
20 0.09703
21 0.10178
22 0.10416
23 0.11073
24 0.11311
25 0.11594
26 0.11796
27 0.12894
28 0.13609
29 0.13769
30 0.14419
31 0.14571
32 0.14719
33 0.15505
34 0.16009
35 0.16732
36 0.17614
37 0.18979
38 0.20078
39 0.20476
40 0.21058
41 0.2132
42 0.23166
43 0.234
44 0.23841
45 0.25209
46 0.26437
47 0.26645
48 0.27047
49 0.27584
50 0.29911
51 0.30175
52 0.31145
53 0.3192
54 0.32525
55 0.33037
56 0.33493
57 0.34057
58 0.34377
59 0.35206
60 0.35471
61 0.36617
62 0.36844
63 0.37192
64 0.38047
65 0.39056
66 0.39249
67 0.41352
68 0.42274
69 0.42857
70 0.43603
71 0.4496
72 0.45159
73 0.46107
74 0.46309
75 0.46831
76 0.47691
77 0.48299
78 0.49956
79 0.51013
80 0.51125
81 0.51481
82 0.51647
83 0.52462
84 0.53496
85 0.54135
86 0.57385
87 0.57585
88 0.58091
89 0.58949
90 0.597
91 0.60462
92 0.60666
93 0.61283
94 0.61999
95 0.62207
96 0.62667
97 0.6408
98 0.65313
99 0.65892
100 0.6615
101 0.66671
102 0.67004
103 0.67392
104 0.67618
105 0.67996
106 0.69648
107 0.7242
108 0.73079
109 0.73894
110 0.74602
111 0.76205
112 0.7684
113 0.76925
114 0.77046
115 0.77774
116 0.78299
117 0.78925
118 0.79184
119 0.80286
120 0.81664
121 0.82035
122 0.8289
123 0.83408
124 0.84143
125 0.84442
126 0.84752
127 0.85402
128 0.86653
129 0.88371
130 0.89234
131 0.89743
132 0.9066
133 0.91053
134 0.91712
135 0.91884
136 0.92164
137 0.92882
138 0.93046
139 0.93177
140 0.93543
141 0.94681
142 0.9529
143 0.95941
144 0.96657
145 0.97597
146 0.98672
147 1.0021
148 1.00975
149 1.02078
150 1.02569
151 1.03098
152 1.03662
153 1.04193
154 1.04785
155 1.05399
156 1.05796
157 1.0605
158 1.0632
159 1.07275
160 1.07895
161 1.08044
162 1.09242
163 1.09665
164 1.10443
165 1.11014
166 1.11671
167 1.1209
168 1.12674
169 1.12998
170 1.13092
171 1.14
172 1.15807
173 1.161
174 1.16397
175 1.17791
176 1.18516
177 1.18599
178 1.19136
179 1.19515
180 1.19827
181 1.20826
182 1.21213
183 1.21868
184 1.22406
185 1.2316
186 1.23287
187 1.25053
188 1.26895
189 1.27649
190 1.27834
191 1.28292
192 1.30619
193 1.31822
194 1.32256
195 1.32499
196 1.32757
197 1.32988
198 1.33614
199 1.33738
200 1.34005
201 1.34441
202 1.35181
203 1.35809
204 1.36556
205 1.38567
206 1.38827
207 1.39097
208 1.39554
209 1.40141
210 1.40702
211 1.41081
212 1.4142
213 1.42738
214 1.44504
215 1.45071
216 1.45937
217 1.46299
218 1.46635
219 1.47592
220 1.5009
221 1.50408
222 1.51414
223 1.52952
224 1.53137
225 1.53422
226 1.54203
227 1.55644
228 1.56382
229 1.56765
230 1.57483
231 1.57894
232 1.58208
233 1.59251
234 1.59811
235 1.61503
236 1.6248
237 1.63235
238 1.64355
239 1.6508
240 1.65399
241 1.65966
242 1.66909
243 1.67675
244 1.68123
245 1.68831
246 1.69605
247 1.70461
248 1.71193
249 1.71698
250 1.72232
251 1.72429
252 1.73377
253 1.75259
254 1.75965
255 1.76099
256 1.76797
257 1.77112
258 1.78132
259 1.78786
260 1.79411
261 1.80293
262 1.81236
263 1.81954
264 1.82898
265 1.83198
266 1.83799
267 1.84158
268 1.85217
269 1.85706
270 1.85939
271 1.86294
272 1.86499
273 1.86894
274 1.87271
275 1.87848
276 1.88436
277 1.89203
278 1.89544
279 1.90053
280 1.90786
281 1.91379
282 1.91978
283 1.92178
284 1.92912
285 1.93176
286 1.93806
287 1.94045
288 1.94485
289 1.95277
290 1.96936
291 1.97205
292 1.97335
293 1.97936
294 1.98625
295 2.00221
296 2.01511
297 2.01846
298 2.02447
299 2.02717
300 2.03421
301 2.04122
302 2.06559
303 2.07277
304 2.07482
305 2.08473
306 2.09052
307 2.09868
308 2.10215
309 2.10346
310 2.10697
311 2.11334
312 2.1176
313 2.12946
314 2.13824
315 2.14453
316 2.15404
317 2.16049
318 2.16346
319 2.16707
320 2.17406
321 2.17763
322 2.17928
323 2.18473
324 2.19416
325 2.20282
326 2.2207
327 2.24041
328 2.24234
329 2.25043
330 2.2585
331 2.26325
332 2.27512
333 2.28035
334 2.29032
335 2.29958
336 2.31688
337 2.32054
338 2.32782
339 2.33883
340 2.34621
341 2.34956
342 2.35303
343 2.35831
344 2.35994
345 2.36346
346 2.38036
347 2.39169
348 2.39763
349 2.41251
350 2.42311
351 2.43168
352 2.43587
353 2.43759
354 2.44036
355 2.44467
356 2.44621
357 2.44836
358 2.45231
359 2.45545
360 2.46759
361 2.47971
362 2.5058
363 2.51091
364 2.51211
365 2.51866
366 2.52004
367 2.52392
368 2.52506
369 2.52994
370 2.53873
371 2.54597
372 2.56487
373 2.57605
374 2.5905
375 2.59431
376 2.60061
377 2.61238
378 2.61398
379 2.63252
380 2.64197
381 2.64557
382 2.65188
383 2.666
384 2.67138
385 2.67612
386 2.68278
387 2.68582
388 2.69533
389 2.70148
390 2.70371
391 2.71138
392 2.72374
393 2.72872
394 2.75793
395 2.7695
396 2.77487
397 2.78517
398 2.79094
399 2.81471
400 2.83176
401 2.8352
402 2.84672
403 2.85307
404 2.85527
405 2.86161
406 2.86339
407 2.86571
408 2.87549
409 2.88152
410 2.89935
411 2.91109
412 2.9156
413 2.9194
414 2.92384
415 2.94116
416 2.94252
417 2.94603
418 2.95359
419 2.95606
420 2.96089
421 2.96969
422 2.97148
423 2.98327
424 2.98962
