1 0.00235
2 0.00706
3 0.01235
4 0.01563
5 0.02469
6 0.02777
7 0.02976
8 0.03652
9 0.04608
10 0.05438
11 0.05794
12 0.06233
13 0.06397
14 0.07447
15 0.08299
16 0.09
17 0.1048
18 0.11833
19 0.12036
20 0.13716
21 0.14832
22 0.15091
23 0.15441
24 0.15773
25 0.16278
26 0.16609
27 0.17315
28 0.17532
29 0.18401
30 0.19895
31 0.20106
32 0.20669
33 0.22154
34 0.23449
35 0.24009
36 0.24317
37 0.24568
38 0.25067
39 0.2538
40 0.25744
41 0.26606
42 0.2685
43 0.27428
44 0.28079
45 0.29011
46 0.29776
47 0.30207
48 0.30836
49 0.31485
50 0.32517
51 0.33393
52 0.33819
53 0.34374
54 0.34727
55 0.35515
56 0.3608
57 0.36689
58 0.37344
59 0.37825
60 0.38631
61 0.39979
62 0.42061
63 0.42367
64 0.43028
65 0.44639
66 0.45189
67 0.45947
68 0.47538
69 0.48178
70 0.48727
71 0.49285
72 0.49376
73 0.50427
74 0.5076
75 0.51698
76 0.51949
77 0.52659
78 0.52833
79 0.5328
80 0.53429
81 0.53958
82 0.54414
83 0.54797
84 0.55493
85 0.55809
86 0.56286
87 0.56641
88 0.5728
89 0.57569
90 0.5857
91 0.59186
92 0.59615
93 0.60694
94 0.61239
95 0.61414
96 0.62085
97 0.63048
98 0.63312
99 0.63585
100 0.64029
101 0.64446
102 0.66491
103 0.6689
104 0.67776
105 0.67954
106 0.69281
107 0.69478
108 0.70315
109 0.70649
110 0.70948
111 0.71426
112 0.71879
113 0.72187
114 0.73419
115 0.73883
116 0.743
117 0.75454
118 0.76129
119 0.76792
120 0.77301
121 0.7751
122 0.77851
123 0.78066
124 0.78721
125 0.79088
126 0.80132
127 0.83579
128 0.838
129 0.84646
130 0.85573
131 0.85791
132 0.86145
133 0.86699
134 0.87742
135 0.88182
136 0.8965
137 0.91145
138 0.92179
139 0.93233
140 0.93593
141 0.9506
142 0.96162
143 0.96628
144 0.97766
145 0.99252
146 0.99464
147 0.99661
148 1.00615
149 1.01159
150 1.02111
151 1.02224
152 1.03379
153 1.04234
154 1.04964
155 1.05883
156 1.06228
157 1.06834
158 1.08546
159 1.09143
160 1.0945
161 1.09756
162 1.11626
163 1.11951
164 1.12092
165 1.12564
166 1.13664
167 1.14657
168 1.15376
169 1.15918
170 1.16104
171 1.16499
172 1.16738
173 1.17258
174 1.17862
175 1.19793
176 1.2044
177 1.2091
178 1.21871
179 1.22756
180 1.23301
181 1.23586
182 1.24968
183 1.25555
184 1.26018
185 1.26251
186 1.26375
187 1.27012
188 1.27791
189 1.28309
190 1.28967
191 1.305
192 1.30744
193 1.3227
194 1.33686
195 1.36158
196 1.36542
197 1.36833
198 1.37595
199 1.37831
200 1.38766
201 1.40976
202 1.41183
203 1.42175
204 1.45187
205 1.46354
206 1.46497
207 1.4706
208 1.48206
209 1.49226
210 1.49447
211 1.51228
212 1.51699
213 1.52465
214 1.53986
215 1.54548
216 1.54792
217 1.55197
218 1.55766
219 1.56679
220 1.58254
221 1.58982
222 1.5936
223 1.60586
224 1.61067
225 1.61318
226 1.61776
227 1.61999
228 1.62514
229 1.63602
230 1.64975
231 1.66515
232 1.67444
233 1.676
234 1.68726
235 1.71084
236 1.72214
237 1.72793
238 1.73753
239 1.74294
240 1.74915
241 1.7524
242 1.75503
243 1.76269
244 1.76806
245 1.778
246 1.78338
247 1.78585
248 1.80181
249 1.80869
250 1.81328
251 1.83934
252 1.84161
253 1.84569
254 1.86116
255 1.87053
256 1.87274
257 1.88506
258 1.898
259 1.90829
260 1.93337
261 1.95468
262 1.96608
263 1.96926
264 1.97978
265 1.99763
266 2.00246
267 2.00839
268 2.01749
269 2.0199
270 2.02609
271 2.03502
272 2.04609
273 2.05028
274 2.06154
275 2.08428
276 2.08643
277 2.09379
278 2.09858
279 2.10268
280 2.11182
281 2.11472
282 2.11701
283 2.12439
284 2.12874
285 2.13203
286 2.13963
287 2.15106
288 2.16038
289 2.16616
290 2.17076
291 2.1774
292 2.18083
293 2.18911
294 2.21062
295 2.21431
296 2.21964
297 2.22954
298 2.23375
299 2.23678
300 2.23984
301 2.24143
302 2.25777
303 2.25969
304 2.27095
305 2.27985
306 2.28169
307 2.28725
308 2.29262
309 2.30085
310 2.30658
311 2.31617
312 2.32652
313 2.33588
314 2.34036
315 2.34321
316 2.3511
317 2.35588
318 2.35932
319 2.36266
320 2.36858
321 2.39368
322 2.40052
323 2.41277
324 2.42549
325 2.43348
326 2.45202
327 2.46293
328 2.46616
329 2.47531
330 2.48753
331 2.49018
332 2.49666
333 2.49846
334 2.50901
335 2.51164
336 2.51716
337 2.52386
338 2.5301
339 2.54547
340 2.55258
341 2.57366
342 2.58585
343 2.60901
344 2.61994
345 2.62227
346 2.62928
347 2.63666
348 2.65488
349 2.66621
350 2.67493
351 2.67841
352 2.68486
353 2.6957
354 2.71011
355 2.71503
356 2.72354
357 2.73726
358 2.74737
359 2.75998
360 2.76243
361 2.76544
362 2.77927
363 2.78347
364 2.7862
365 2.79433
366 2.79821
367 2.80921
368 2.81994
369 2.83218
370 2.83625
371 2.83912
372 2.84567
373 2.86318
374 2.86744
375 2.87261
376 2.88672
377 2.88893
378 2.8991
379 2.90664
380 2.91731
381 2.92601
382 2.927
383 2.94779
384 2.9546
385 2.95975
386 2.96397
387 2.96748
388 2.97895
389 2.9934
