1 0.00256
2 0.00443
3 0.00606
4 0.00734
5 0.00953
6 0.01484
7 0.02182
8 0.02488
9 0.03536
10 0.03825
11 0.04812
12 0.04904
13 0.05205
14 0.06528
15 0.07824
16 0.08298
17 0.08688
18 0.09228
19 0.09545
20 0.09981
21 0.11719
22 0.12828
23 0.13019
24 0.14147
25 0.14942
26 0.16628
27 0.17914
28 0.194
29 0.19693
30 0.19943
31 0.21005
32 0.21552
33 0.2172
34 0.22188
35 0.22932
36 0.23798
37 0.24112
38 0.24899
39 0.25995
40 0.26774
41 0.27201
42 0.27886
43 0.28389
44 0.2984
45 0.30347
46 0.32884
47 0.33948
48 0.34235
49 0.35068
50 0.36883
51 0.37037
52 0.38822
53 0.41254
54 0.41551
55 0.4166
56 0.4353
57 0.44859
58 0.46259
59 0.46769
60 0.4709
61 0.47383
62 0.48289
63 0.48942
64 0.49734
65 0.49986
66 0.50782
67 0.51133
68 0.51331
69 0.52015
70 0.52209
71 0.52849
72 0.54936
73 0.55365
74 0.55961
75 0.57038
76 0.57484
77 0.57769
78 0.58751
79 0.59465
80 0.59862
81 0.61456
82 0.62027
83 0.62539
84 0.62693
85 0.64268
86 0.64479
87 0.64803
88 0.65445
89 0.66691
90 0.66966
91 0.67494
92 0.67935
93 0.68429
94 0.69475
95 0.69638
96 0.71706
97 0.73884
98 0.74582
99 0.76753
100 0.77997
101 0.78361
102 0.80604
103 0.80842
104 0.81096
105 0.82978
106 0.83523
107 0.841
108 0.85105
109 0.86449
110 0.86994
111 0.87305
112 0.8753
113 0.89105
114 0.89222
115 0.90854
116 0.92158
117 0.9266
118 0.92915
119 0.93099
120 0.94373
121 0.95195
122 0.95289
123 0.95982
124 0.96189
125 0.96693
126 0.97427
127 0.97506
128 0.97783
129 0.99478
130 0.99565
131 1.00513
132 1.02038
133 1.03263
134 1.03906
135 1.04688
136 1.05481
137 1.06727
138 1.08951
139 1.09117
140 1.09842
141 1.11199
142 1.11446
143 1.12249
144 1.13571
145 1.15322
146 1.16183
147 1.16436
148 1.16767
149 1.17113
150 1.17393
151 1.17733
152 1.18028
153 1.19612
154 1.19773
155 1.20253
156 1.20578
157 1.21453
158 1.22182
159 1.22554
160 1.24608
161 1.25053
162 1.25707
163 1.27078
164 1.28196
165 1.28714
166 1.29896
167 1.30169
168 1.30535
169 1.32575
170 1.34396
171 1.35379
172 1.35549
173 1.36353
174 1.36541
175 1.39652
176 1.40452
177 1.40853
178 1.41793
179 1.4251
180 1.44302
181 1.44726
182 1.45613
183 1.4593
184 1.46388
185 1.46661
186 1.4775
187 1.50505
188 1.52155
189 1.53361
190 1.55157
191 1.55947
192 1.56145
193 1.56991
194 1.57372
195 1.58371
196 1.58601
197 1.59481
198 1.60096
199 1.61211
200 1.61617
201 1.62268
202 1.63482
203 1.63935
204 1.65321
205 1.66154
206 1.66658
207 1.67606
208 1.67943
209 1.69366
210 1.6982
211 1.70939
212 1.7266
213 1.73083
214 1.7401
215 1.74653
216 1.75671
217 1.76873
218 1.77239
219 1.77558
220 1.78289
221 1.80111
222 1.81654
223 1.82961
224 1.83114
225 1.84099
226 1.84417
227 1.86141
228 1.87499
229 1.89291
230 1.91179
231 1.91608
232 1.9297
233 1.94791
234 1.95218
235 1.96159
236 1.97559
237 2.00014
238 2.00357
239 2.0088
240 2.02274
241 2.02441
242 2.02825
243 2.03094
244 2.03305
245 2.03972
246 2.0508
247 2.05995
248 2.07316
249 2.08459
250 2.10452
251 2.11326
252 2.11603
253 2.11873
254 2.12375
255 2.12664
256 2.13035
257 2.13951
258 2.14517
259 2.14665
260 2.16552
261 2.17153
262 2.17846
263 2.18135
264 2.18838
265 2.1955
266 2.20305
267 2.20838
268 2.21767
269 2.21902
270 2.22364
271 2.23017
272 2.23645
273 2.24811
274 2.25108
275 2.26351
276 2.27438
277 2.27561
278 2.28561
279 2.29913
280 2.30311
281 2.30776
282 2.31394
283 2.32115
284 2.3234
285 2.32967
286 2.34008
287 2.34357
288 2.34458
289 2.35339
290 2.36678
291 2.37339
292 2.38627
293 2.39051
294 2.40779
295 2.4232
296 2.42875
297 2.44836
298 2.46415
299 2.47103
300 2.47918
301 2.4814
302 2.48557
303 2.48905
304 2.49469
305 2.50994
306 2.52849
307 2.55976
308 2.57115
309 2.57568
310 2.57998
311 2.59647
312 2.60245
313 2.61406
314 2.61903
315 2.63486
316 2.63979
317 2.65428
318 2.66598
319 2.67057
320 2.67702
321 2.67926
322 2.69345
323 2.69746
324 2.69915
325 2.70691
326 2.72176
327 2.72384
328 2.74507
329 2.77876
330 2.78521
331 2.80249
332 2.80419
333 2.80601
334 2.81668
335 2.83445
336 2.84352
337 2.8606
338 2.86331
339 2.86596
340 2.87242
341 2.88962
342 2.90817
343 2.91938
344 2.92333
345 2.92686
346 2.93023
347 2.93171
348 2.93355
349 2.94879
350 2.95515
351 2.95894
352 2.96125
353 2.97486
354 2.97937
355 2.98989
356 2.99209
