1 0.00781
2 0.01077
3 0.02041
4 0.02198
5 0.02756
6 0.05918
7 0.06506
8 0.079
9 0.08097
10 0.08967
11 0.11755
12 0.12159
13 0.12476
14 0.12967
15 0.13544
16 0.13951
17 0.14518
18 0.15085
19 0.15423
20 0.16016
21 0.16842
22 0.20112
23 0.20884
24 0.22316
25 0.23309
26 0.23514
27 0.23605
28 0.23864
29 0.24311
30 0.25894
31 0.2656
32 0.27386
33 0.27757
34 0.28383
35 0.29386
36 0.29895
37 0.3088
38 0.31644
39 0.32931
40 0.33185
41 0.33833
42 0.34222
43 0.35306
44 0.38991
45 0.40704
46 0.40909
47 0.41593
48 0.4296
49 0.4338
50 0.43712
51 0.44706
52 0.45156
53 0.45614
54 0.46025
55 0.47562
56 0.48539
57 0.4944
58 0.49624
59 0.5089
60 0.51492
61 0.53274
62 0.53425
63 0.54332
64 0.54805
65 0.553
66 0.55872
67 0.58381
68 0.58844
69 0.60514
70 0.61241
71 0.62563
72 0.6307
73 0.64929
74 0.65636
75 0.66656
76 0.66935
77 0.68281
78 0.6937
79 0.70278
80 0.73081
81 0.74862
82 0.7524
83 0.77637
84 0.79034
85 0.80653
86 0.82775
87 0.83461
88 0.84673
89 0.86683
90 0.87393
91 0.88736
92 0.89141
93 0.9033
94 0.9086
95 0.91528
96 0.92022
97 0.93532
98 0.94717
99 0.95591
100 0.95846
101 0.96158
102 0.97351
103 0.97788
104 0.9789
105 0.9889
106 0.99458
107 0.9984
108 1.00243
109 1.00734
110 1.01356
111 1.02508
112 1.03233
113 1.06041
114 1.06881
115 1.09471
116 1.10224
117 1.10458
118 1.11663
119 1.12147
120 1.12488
121 1.1327
122 1.14441
123 1.14857
124 1.15373
125 1.15845
126 1.16352
127 1.17188
128 1.17435
129 1.17928
130 1.20121
131 1.20411
132 1.20908
133 1.22249
134 1.2329
135 1.24034
136 1.25902
137 1.2968
138 1.31093
139 1.32125
140 1.33201
141 1.33955
142 1.35226
143 1.35359
144 1.35657
145 1.36379
146 1.37357
147 1.38412
148 1.38713
149 1.39458
150 1.39829
151 1.40389
152 1.41969
153 1.42279
154 1.42975
155 1.43232
156 1.43892
157 1.46552
158 1.47263
159 1.48565
160 1.49936
161 1.50553
162 1.50863
163 1.51831
164 1.52262
165 1.53624
166 1.53983
167 1.54747
168 1.55651
169 1.56021
170 1.56368
171 1.56597
172 1.56841
173 1.58324
174 1.58711
175 1.60288
176 1.60761
177 1.61623
178 1.62212
179 1.63313
180 1.63831
181 1.64083
182 1.65038
183 1.65715
184 1.66969
185 1.67888
186 1.6953
187 1.70548
188 1.70783
189 1.719
190 1.72917
191 1.73713
192 1.74058
193 1.74552
194 1.74912
195 1.75154
196 1.76562
197 1.77301
198 1.78948
199 1.80171
200 1.8085
201 1.81459
202 1.82329
203 1.83139
204 1.83815
205 1.86349
206 1.87483
207 1.87787
208 1.88977
209 1.89337
210 1.89812
211 1.90019
212 1.90453
213 1.90627
214 1.91312
215 1.93238
216 1.95082
217 1.95487
218 1.96901
219 1.97565
220 1.98452
221 1.99475
222 1.9996
223 2.00993
224 2.0374
225 2.05116
226 2.08119
227 2.08655
228 2.11465
229 2.1198
230 2.12716
231 2.13207
232 2.13756
233 2.15184
234 2.15898
235 2.1653
236 2.17351
237 2.17876
238 2.18554
239 2.18872
240 2.20047
241 2.2102
242 2.21926
243 2.22736
244 2.23109
245 2.25475
246 2.27586
247 2.2864
248 2.29154
249 2.31855
250 2.32763
251 2.33129
252 2.33511
253 2.34094
254 2.35511
255 2.35786
256 2.37534
257 2.39557
258 2.4061
259 2.41317
260 2.42848
261 2.44348
262 2.44542
263 2.44858
264 2.45402
265 2.46531
266 2.49083
267 2.50034
268 2.5276
269 2.53217
270 2.53782
271 2.56293
272 2.57172
273 2.57328
274 2.57632
275 2.58984
276 2.59371
277 2.62065
278 2.62438
279 2.62901
280 2.64385
281 2.65356
282 2.66469
283 2.70058
284 2.71071
285 2.72553
286 2.73444
287 2.74166
288 2.76324
289 2.77225
290 2.7763
291 2.78521
292 2.78752
293 2.79278
294 2.80057
295 2.81254
296 2.81436
297 2.81768
298 2.8305
299 2.83436
300 2.85261
301 2.86488
302 2.87443
303 2.87539
304 2.88643
305 2.89144
306 2.90108
307 2.9144
308 2.92407
309 2.93046
310 2.94284
311 2.94727
312 2.9548
313 2.95709
314 2.96093
315 2.96819
316 2.9785
317 2.98898
