1 0.0025
2 0.01
3 0.01353
4 0.04086
5 0.04918
6 0.05066
7 0.05437
8 0.05589
9 0.05887
10 0.06096
11 0.06846
12 0.09252
13 0.09464
14 0.10641
15 0.10738
16 0.11078
17 0.11563
18 0.11778
19 0.12974
20 0.13529
21 0.14214
22 0.15556
23 0.16013
24 0.16303
25 0.16592
26 0.18143
27 0.19237
28 0.19746
29 0.22365
30 0.2286
31 0.23663
32 0.24863
33 0.25355
34 0.265
35 0.26965
36 0.28386
37 0.29507
38 0.31052
39 0.31357
40 0.32315
41 0.33419
42 0.33995
43 0.34394
44 0.35055
45 0.3568
46 0.35953
47 0.36453
48 0.37537
49 0.38657
50 0.39106
51 0.40413
52 0.40763
53 0.42042
54 0.42934
55 0.46286
56 0.46821
57 0.47371
58 0.48839
59 0.49209
60 0.4973
61 0.50294
62 0.52051
63 0.53783
64 0.54985
65 0.55412
66 0.56192
67 0.60234
68 0.60681
69 0.60965
70 0.61199
71 0.61468
72 0.6206
73 0.62268
74 0.63183
75 0.64305
76 0.64888
77 0.65235
78 0.66928
79 0.68154
80 0.69619
81 0.70815
82 0.71412
83 0.72522
84 0.73331
85 0.74458
86 0.74714
87 0.75087
88 0.75545
89 0.76543
90 0.77078
91 0.77227
92 0.78533
93 0.78934
94 0.79277
95 0.79773
96 0.79919
97 0.81015
98 0.81314
99 0.81983
100 0.82168
101 0.82319
102 0.846
103 0.85293
104 0.8625
105 0.86603
106 0.87116
107 0.88025
108 0.88343
109 0.88634
110 0.89374
111 0.89624
112 0.90067
113 0.9017
114 0.90542
115 0.91424
116 0.92441
117 0.93151
118 0.93471
119 0.95738
120 0.96977
121 0.98678
122 0.991
123 0.9942
124 0.9959
125 1.00031
126 1.01947
127 1.02483
128 1.04654
129 1.05157
130 1.06208
131 1.07012
132 1.07618
133 1.09856
134 1.1091
135 1.11462
136 1.12904
137 1.13615
138 1.13963
139 1.14636
140 1.16209
141 1.1668
142 1.17581
143 1.18546
144 1.20779
145 1.22606
146 1.22845
147 1.23148
148 1.23938
149 1.26524
150 1.28272
151 1.28436
152 1.28668
153 1.29517
154 1.30281
155 1.30793
156 1.31762
157 1.32017
158 1.33719
159 1.34319
160 1.34768
161 1.35198
162 1.35313
163 1.3579
164 1.36327
165 1.368
166 1.37572
167 1.38014
168 1.38378
169 1.39249
170 1.40943
171 1.41775
172 1.42909
173 1.43514
174 1.44243
175 1.44601
176 1.45792
177 1.47166
178 1.47909
179 1.4874
180 1.4963
181 1.4996
182 1.50959
183 1.51355
184 1.53227
185 1.54033
186 1.54739
187 1.55307
188 1.5582
189 1.56207
190 1.56717
191 1.57163
192 1.58515
193 1.59464
194 1.60787
195 1.62359
196 1.62663
197 1.62956
198 1.63625
199 1.63954
200 1.65932
201 1.66606
202 1.66915
203 1.67476
204 1.679
205 1.68003
206 1.70931
207 1.71698
208 1.72714
209 1.74007
210 1.7411
211 1.74423
212 1.75049
213 1.75445
214 1.76882
215 1.78396
216 1.78842
217 1.81051
218 1.83875
219 1.84243
220 1.84435
221 1.85235
222 1.86063
223 1.86327
224 1.87801
225 1.88105
226 1.8897
227 1.89214
228 1.89428
229 1.89961
230 1.90927
231 1.91533
232 1.93111
233 1.95469
234 1.95868
235 1.96296
236 1.98037
237 1.98301
238 1.9863
239 2.01674
240 2.03878
241 2.05202
242 2.05495
243 2.06116
244 2.06743
245 2.07403
246 2.08427
247 2.10291
248 2.11018
249 2.12155
250 2.12523
251 2.14298
252 2.14535
253 2.1487
254 2.16348
255 2.1749
256 2.19307
257 2.19561
258 2.20835
259 2.23509
260 2.24255
261 2.2464
262 2.25129
263 2.26289
264 2.29654
265 2.29853
266 2.2999
267 2.30685
268 2.31335
269 2.32137
270 2.35693
271 2.36064
272 2.37851
273 2.38882
274 2.39196
275 2.3962
276 2.42582
277 2.4314
278 2.43553
279 2.44086
280 2.45742
281 2.47982
282 2.48262
283 2.48468
284 2.48661
285 2.4897
286 2.49182
287 2.50051
288 2.50466
289 2.51969
290 2.53804
291 2.54722
292 2.55004
293 2.5544
294 2.5605
295 2.57644
296 2.59035
297 2.59923
298 2.60691
299 2.63735
300 2.65756
301 2.66594
302 2.67051
303 2.69161
304 2.70819
305 2.71289
306 2.7203
307 2.73091
308 2.73392
309 2.75048
310 2.76115
311 2.78871
312 2.80078
313 2.80682
314 2.81704
315 2.83836
316 2.84672
317 2.85286
318 2.8548
319 2.85669
320 2.85936
321 2.86388
322 2.86772
323 2.87017
324 2.87904
325 2.90205
326 2.90433
327 2.91802
328 2.92764
329 2.93444
330 2.9361
331 2.96611
332 2.97834
333 2.98546
334 2.99115
