1 0.00625
2 0.00776
3 0.01298
4 0.01466
5 0.0212
6 0.0269
7 0.03341
8 0.04051
9 0.06051
10 0.06614
11 0.07385
12 0.07873
13 0.08644
14 0.09468
15 0.099
16 0.10283
17 0.11172
18 0.1186
19 0.12607
20 0.13456
21 0.13624
22 0.15146
23 0.16916
24 0.19228
25 0.19848
26 0.20534
27 0.20917
28 0.2258
29 0.22921
30 0.2469
31 0.25864
32 0.26514
33 0.27072
34 0.27243
35 0.27733
36 0.29544
37 0.29644
38 0.30197
39 0.31419
40 0.33246
41 0.34767
42 0.3591
43 0.36215
44 0.37708
45 0.39767
46 0.40585
47 0.4199
48 0.42599
49 0.42788
50 0.43976
51 0.44728
52 0.46317
53 0.47043
54 0.47471
55 0.48436
56 0.48669
57 0.48922
58 0.50075
59 0.51112
60 0.51784
61 0.543
62 0.55959
63 0.58073
64 0.59079
65 0.59431
66 0.64577
67 0.65165
68 0.6689
69 0.67246
70 0.67934
71 0.71223
72 0.7307
73 0.74983
74 0.75848
75 0.77065
76 0.77683
77 0.80337
78 0.80481
79 0.81179
80 0.81327
81 0.81938
82 0.82284
83 0.82854
84 0.84866
85 0.85923
86 0.8612
87 0.87187
88 0.87445
89 0.88467
90 0.90084
91 0.90852
92 0.92169
93 0.9331
94 0.9355
95 0.93919
96 0.94956
97 0.96494
98 0.98224
99 0.9859
100 0.98737
101 0.99184
102 0.99834
103 1.00242
104 1.00729
105 1.01551
106 1.04549
107 1.04859
108 1.05919
109 1.08008
110 1.08532
111 1.10549
112 1.10819
113 1.11312
114 1.12795
115 1.14083
116 1.15671
117 1.1827
118 1.20672
119 1.20933
120 1.21773
121 1.22909
122 1.24121
123 1.24272
124 1.24745
125 1.24894
126 1.25628
127 1.26161
128 1.28747
129 1.29451
130 1.3051
131 1.31254
132 1.31383
133 1.33111
134 1.34021
135 1.35984
136 1.36588
137 1.36768
138 1.38299
139 1.4019
140 1.41854
141 1.42834
142 1.43744
143 1.45369
144 1.46113
145 1.49854
146 1.50165
147 1.52613
148 1.53829
149 1.55663
150 1.56405
151 1.56581
152 1.57449
153 1.59346
154 1.60514
155 1.62771
156 1.62947
157 1.63591
158 1.65067
159 1.65204
160 1.66159
161 1.66557
162 1.68201
163 1.68355
164 1.69263
165 1.70575
166 1.70837
167 1.71658
168 1.7201
169 1.72279
170 1.73278
171 1.73696
172 1.74713
173 1.76276
174 1.76644
175 1.7718
176 1.77699
177 1.7955
178 1.79993
179 1.81288
180 1.84409
181 1.8514
182 1.85396
183 1.86946
184 1.8734
185 1.88602
186 1.89718
187 1.89978
188 1.90351
189 1.92319
190 1.9256
191 1.92824
192 1.95346
193 1.96699
194 1.98111
195 1.98416
196 1.989
197 1.99637
198 2.00805
199 2.01701
200 2.01873
201 2.02612
202 2.04294
203 2.05934
204 2.06165
205 2.08466
206 2.09055
207 2.09328
208 2.09659
209 2.1043
210 2.11639
211 2.1263
212 2.13323
213 2.15266
214 2.16064
215 2.18887
216 2.19236
217 2.22634
218 2.24012
219 2.24569
220 2.25823
221 2.28011
222 2.28394
223 2.29283
224 2.29959
225 2.32703
226 2.35359
227 2.3837
228 2.39696
229 2.40448
230 2.41157
231 2.41848
232 2.42637
233 2.43429
234 2.44658
235 2.45149
236 2.45274
237 2.46057
238 2.46464
239 2.46861
240 2.49066
241 2.49973
242 2.50334
243 2.51789
244 2.5272
245 2.53905
246 2.54324
247 2.54716
248 2.56398
249 2.57128
250 2.58726
251 2.59606
252 2.63591
253 2.65054
254 2.65351
255 2.66858
256 2.6766
257 2.69906
258 2.71082
259 2.71907
260 2.72048
261 2.74211
262 2.7467
263 2.75011
264 2.75929
265 2.76947
266 2.80321
267 2.80579
268 2.81759
269 2.82498
270 2.83079
271 2.84843
272 2.85798
273 2.87462
274 2.87819
275 2.88245
276 2.89414
277 2.89789
278 2.90608
279 2.90797
280 2.91328
281 2.94529
282 2.94962
283 2.96049
284 2.9648
285 2.96972
286 2.97296
287 2.98594
288 2.99065
