1 0.00487
2 0.00877
3 0.01698
4 0.0299
5 0.03207
6 0.0529
7 0.05633
8 0.05909
9 0.06756
10 0.079
11 0.08162
12 0.08461
13 0.10754
14 0.10907
15 0.11638
16 0.13014
17 0.13664
18 0.15025
19 0.15964
20 0.17059
21 0.17909
22 0.18146
23 0.19279
24 0.19999
25 0.20159
26 0.21082
27 0.21467
28 0.22837
29 0.23006
30 0.23365
31 0.23849
32 0.2442
33 0.259
34 0.28648
35 0.30194
36 0.31896
37 0.32181
38 0.34513
39 0.35368
40 0.36015
41 0.36256
42 0.36976
43 0.3724
44 0.37779
45 0.3827
46 0.38858
47 0.41618
48 0.43423
49 0.43787
50 0.45313
51 0.45887
52 0.46887
53 0.47559
54 0.48226
55 0.49844
56 0.50442
57 0.51554
58 0.52417
59 0.55406
60 0.57507
61 0.57931
62 0.58684
63 0.59501
64 0.60996
65 0.61166
66 0.61575
67 0.61673
68 0.62078
69 0.62642
70 0.63913
71 0.64433
72 0.65672
73 0.65927
74 0.66117
75 0.66945
76 0.67699
77 0.69683
78 0.70217
79 0.707
80 0.71192
81 0.71586
82 0.72359
83 0.74089
84 0.76177
85 0.77074
86 0.77653
87 0.79553
88 0.79774
89 0.80887
90 0.82136
91 0.82303
92 0.82666
93 0.82891
94 0.84432
95 0.84897
96 0.85866
97 0.87023
98 0.88187
99 0.89768
100 0.90057
101 0.918
102 0.9333
103 0.93463
104 0.94247
105 0.94421
106 0.94995
107 0.95577
108 0.95747
109 0.96183
110 0.96824
111 0.97001
112 0.98079
113 0.98419
114 0.98786
115 0.99481
116 1.03655
117 1.03957
118 1.05941
119 1.06505
120 1.06961
121 1.08279
122 1.10663
123 1.11242
124 1.11825
125 1.12347
126 1.1305
127 1.15136
128 1.16812
129 1.17196
130 1.1733
131 1.18316
132 1.18778
133 1.19656
134 1.20909
135 1.219
136 1.22833
137 1.2388
138 1.24016
139 1.24373
140 1.24892
141 1.25394
142 1.25567
143 1.26924
144 1.28779
145 1.29713
146 1.3056
147 1.31004
148 1.32792
149 1.34054
150 1.36067
151 1.37803
152 1.3953
153 1.40597
154 1.40696
155 1.41305
156 1.41619
157 1.43212
158 1.44632
159 1.45512
160 1.47054
161 1.47749
162 1.48446
163 1.49163
164 1.49542
165 1.49707
166 1.50272
167 1.53023
168 1.53659
169 1.5593
170 1.5636
171 1.57626
172 1.58717
173 1.59113
174 1.60376
175 1.61184
176 1.61739
177 1.61903
178 1.62047
179 1.62985
180 1.63264
181 1.64124
182 1.64436
183 1.66189
184 1.6681
185 1.68151
186 1.68759
187 1.70098
188 1.70257
189 1.71275
190 1.72367
191 1.73815
192 1.74574
193 1.75413
194 1.75814
195 1.76075
196 1.76799
197 1.77461
198 1.77951
199 1.78509
200 1.79796
201 1.81141
202 1.81944
203 1.82934
204 1.83414
205 1.83766
206 1.84266
207 1.84627
208 1.85482
209 1.85735
210 1.86051
211 1.87115
212 1.87833
213 1.88126
214 1.90531
215 1.91022
216 1.91606
217 1.92058
218 1.9231
219 1.93112
220 1.93705
221 1.94228
222 1.95224
223 1.95556
224 1.96343
225 1.97136
226 1.97273
227 1.97807
228 1.98911
229 1.99363
230 1.99862
231 2.00667
232 2.0152
233 2.01743
234 2.04255
235 2.0478
236 2.07007
237 2.07694
238 2.08198
239 2.08921
240 2.09316
241 2.10218
242 2.12067
243 2.12305
244 2.12521
245 2.13066
246 2.1361
247 2.14173
248 2.15815
249 2.16763
250 2.17757
251 2.18289
252 2.19
253 2.20198
254 2.20462
255 2.20905
256 2.21882
257 2.22503
258 2.23523
259 2.24233
260 2.24793
261 2.2652
262 2.28002
263 2.29146
264 2.3022
265 2.31828
266 2.3287
267 2.34135
268 2.34705
269 2.36083
270 2.36602
271 2.37798
272 2.39398
273 2.40629
274 2.41511
275 2.42165
276 2.42718
277 2.43117
278 2.43636
279 2.44393
280 2.45359
281 2.45501
282 2.46781
283 2.4739
284 2.48429
285 2.49015
286 2.51104
287 2.5184
288 2.54431
289 2.55048
290 2.5562
291 2.56551
292 2.5807
293 2.58731
294 2.59039
295 2.59931
296 2.60471
297 2.6069
298 2.61271
299 2.62434
300 2.63166
301 2.64487
302 2.65537
303 2.66446
304 2.67448
305 2.68533
306 2.6875
307 2.69428
308 2.70506
309 2.72002
310 2.73466
311 2.74378
312 2.75135
313 2.75695
314 2.77878
315 2.78994
316 2.79612
317 2.80182
318 2.81501
319 2.82121
320 2.82635
321 2.83299
322 2.83937
323 2.84888
324 2.85926
325 2.864
326 2.87349
327 2.87526
328 2.87844
329 2.88041
330 2.88959
331 2.9132
332 2.92017
333 2.93827
334 2.94294
335 2.94597
336 2.94993
337 2.95084
338 2.95874
339 2.96445
340 2.97129
341 2.98869
342 2.99269
343 2.99554
344 2.99924
