1 0.00236
2 0.01161
3 0.01461
4 0.02024
5 0.02369
6 0.02835
7 0.03714
8 0.04654
9 0.05203
10 0.05684
11 0.0588
12 0.0658
13 0.06855
14 0.09009
15 0.096
16 0.09888
17 0.10069
18 0.10247
19 0.12097
20 0.12629
21 0.13995
22 0.14425
23 0.16598
24 0.17914
25 0.18534
26 0.20448
27 0.22792
28 0.23813
29 0.24913
30 0.25266
31 0.25552
32 0.26698
33 0.27564
34 0.28278
35 0.28986
36 0.29221
37 0.31665
38 0.3196
39 0.32814
40 0.33123
41 0.33791
42 0.35135
43 0.36067
44 0.36577
45 0.37461
46 0.37883
47 0.38359
48 0.39225
49 0.39843
50 0.41021
51 0.4141
52 0.41814
53 0.44322
54 0.45746
55 0.46221
56 0.46639
57 0.4687
58 0.47587
59 0.48114
60 0.48442
61 0.48711
62 0.49074
63 0.50076
64 0.50905
65 0.53174
66 0.55079
67 0.55406
68 0.56053
69 0.56705
70 0.57032
71 0.57813
72 0.58421
73 0.60137
74 0.60425
75 0.6122
76 0.61787
77 0.62746
78 0.63837
79 0.65034
80 0.68448
81 0.6924
82 0.72247
83 0.72548
84 0.73005
85 0.74936
86 0.75321
87 0.76326
88 0.76575
89 0.77125
90 0.77267
91 0.78504
92 0.79757
93 0.805
94 0.80951
95 0.81674
96 0.83072
97 0.83511
98 0.84612
99 0.85254
100 0.86239
101 0.86633
102 0.87722
103 0.87809
104 0.87995
105 0.88546
106 0.88746
107 0.89201
108 0.89469
109 0.90544
110 0.91383
111 0.92363
112 0.9419
113 0.9516
114 0.9586
115 0.95993
116 0.9659
117 0.98565
118 0.98822
119 0.99377
120 1.00573
121 1.00864
122 1.02712
123 1.04431
124 1.05217
125 1.06605
126 1.07296
127 1.08657
128 1.10177
129 1.10721
130 1.1163
131 1.12519
132 1.13006
133 1.13547
134 1.14535
135 1.15061
136 1.15382
137 1.16293
138 1.16944
139 1.1712
140 1.18361
141 1.18517
142 1.20072
143 1.24235
144 1.24608
145 1.24988
146 1.25109
147 1.25817
148 1.26628
149 1.27923
150 1.28358
151 1.28587
152 1.29521
153 1.30181
154 1.31202
155 1.32421
156 1.33766
157 1.34351
158 1.35052
159 1.36239
160 1.36516
161 1.37461
162 1.37843
163 1.38184
164 1.38871
165 1.39438
166 1.42145
167 1.43483
168 1.45162
169 1.46726
170 1.47393
171 1.47891
172 1.48059
173 1.48355
174 1.48775
175 1.49829
176 1.5029
177 1.51222
178 1.52167
179 1.531
180 1.53885
181 1.55727
182 1.55994
183 1.56516
184 1.57584
185 1.57884
186 1.58985
187 1.59434
188 1.60037
189 1.61019
190 1.62314
191 1.63018
192 1.63568
193 1.64101
194 1.6584
195 1.66336
196 1.66706
197 1.67375
198 1.67743
199 1.69508
200 1.70161
201 1.70919
202 1.71325
203 1.73169
204 1.74034
205 1.75553
206 1.75683
207 1.76017
208 1.77168
209 1.78215
210 1.79036
211 1.79567
212 1.80131
213 1.80796
214 1.81494
215 1.81674
216 1.81831
217 1.82909
218 1.83225
219 1.84682
220 1.85061
221 1.8603
222 1.86141
223 1.86422
224 1.87164
225 1.87427
226 1.8778
227 1.88699
228 1.89026
229 1.89753
230 1.90046
231 1.90506
232 1.91429
233 1.92021
234 1.92881
235 1.93478
236 1.94887
237 1.95938
238 1.99105
239 2.00327
240 2.01909
241 2.02275
242 2.03073
243 2.0364
244 2.04761
245 2.05418
246 2.06074
247 2.06304
248 2.08023
249 2.08215
250 2.10038
251 2.10423
252 2.10897
253 2.12067
254 2.12992
255 2.13189
256 2.14578
257 2.15141
258 2.16183
259 2.18139
260 2.19212
261 2.19836
262 2.2066
263 2.21316
264 2.21524
265 2.21717
266 2.22061
267 2.22247
268 2.22607
269 2.23416
270 2.23992
271 2.24986
272 2.25686
273 2.27065
274 2.28563
275 2.28999
276 2.3027
277 2.31459
278 2.31878
279 2.33258
280 2.34996
281 2.35257
282 2.3606
283 2.36981
284 2.39015
285 2.39358
286 2.39993
287 2.41529
288 2.42588
289 2.4481
290 2.46513
291 2.48359
292 2.48736
293 2.49864
294 2.50967
295 2.51467
296 2.53204
297 2.54094
298 2.55306
299 2.55571
300 2.55923
301 2.56611
302 2.57868
303 2.57965
304 2.58626
305 2.59569
306 2.61618
307 2.63108
308 2.63913
309 2.64369
310 2.64647
311 2.65478
312 2.65565
313 2.66811
314 2.67506
315 2.6828
316 2.68832
317 2.69164
318 2.69622
319 2.70699
320 2.70998
321 2.71945
322 2.73572
323 2.7558
324 2.77502
325 2.77749
326 2.79139
327 2.79372
328 2.8069
329 2.81836
330 2.82401
331 2.83106
332 2.83758
333 2.84038
334 2.84366
335 2.84953
336 2.87221
337 2.897
338 2.92341
339 2.93849
340 2.97634
341 2.98721
342 2.99773
