1 0.00212
2 0.01339
3 0.02715
4 0.03252
5 0.04219
6 0.04941
7 0.05114
8 0.05845
9 0.06039
10 0.06576
11 0.07149
12 0.07445
13 0.07918
14 0.08561
15 0.09654
16 0.10308
17 0.11072
18 0.11942
19 0.12051
20 0.13763
21 0.13922
22 0.1601
23 0.16654
24 0.17042
25 0.17152
26 0.19425
27 0.19989
28 0.22286
29 0.23166
30 0.24548
31 0.24895
32 0.25369
33 0.26477
34 0.26916
35 0.27611
36 0.29358
37 0.29639
38 0.3004
39 0.30598
40 0.32077
41 0.32507
42 0.33124
43 0.35133
44 0.36378
45 0.37219
46 0.39011
47 0.3967
48 0.40678
49 0.41202
50 0.4135
51 0.41857
52 0.42196
53 0.42707
54 0.42981
55 0.43725
56 0.45682
57 0.47135
58 0.47331
59 0.47879
60 0.48287
61 0.50194
62 0.51309
63 0.54213
64 0.55653
65 0.56112
66 0.56807
67 0.57454
68 0.58151
69 0.59922
70 0.6061
71 0.61027
72 0.6191
73 0.62752
74 0.6353
75 0.64327
76 0.65396
77 0.66058
78 0.67533
79 0.68245
80 0.68561
81 0.68818
82 0.69582
83 0.69988
84 0.70397
85 0.70979
86 0.71423
87 0.71815
88 0.72393
89 0.72888
90 0.73104
91 0.76326
92 0.77645
93 0.77943
94 0.79563
95 0.81915
96 0.82346
97 0.83371
98 0.85066
99 0.8707
100 0.8764
101 0.88159
102 0.88708
103 0.90298
104 0.91137
105 0.9286
106 0.93182
107 0.93365
108 0.94098
109 0.94337
110 0.95039
111 0.95721
112 0.96428
113 0.97375
114 0.97594
115 0.98204
116 0.9955
117 1.00353
118 1.01646
119 1.03067
120 1.03282
121 1.03495
122 1.04975
123 1.05781
124 1.06625
125 1.07365
126 1.07637
127 1.1053
128 1.11292
129 1.11817
130 1.12888
131 1.15103
132 1.16091
133 1.1686
134 1.18218
135 1.20046
136 1.20987
137 1.21298
138 1.22092
139 1.22524
140 1.23412
141 1.23928
142 1.25985
143 1.26224
144 1.27376
145 1.28341
146 1.30295
147 1.30886
148 1.32195
149 1.32966
150 1.34258
151 1.35419
152 1.35862
153 1.3829
154 1.39231
155 1.39804
156 1.40181
157 1.41126
158 1.42653
159 1.44341
160 1.44721
161 1.4543
162 1.47471
163 1.49664
164 1.50364
165 1.51039
166 1.51934
167 1.52496
168 1.53483
169 1.53841
170 1.54364
171 1.55569
172 1.55919
173 1.56334
174 1.57524
175 1.58982
176 1.60126
177 1.61176
178 1.61555
179 1.61656
180 1.61994
181 1.63035
182 1.64104
183 1.65428
184 1.66162
185 1.67487
186 1.67781
187 1.69578
188 1.70862
189 1.71591
190 1.72714
191 1.73279
192 1.73695
193 1.74642
194 1.75249
195 1.7588
196 1.7669
197 1.76992
198 1.77895
199 1.7904
200 1.79781
201 1.80069
202 1.80557
203 1.81705
204 1.83463
205 1.83969
206 1.84535
207 1.86057
208 1.86937
209 1.87347
210 1.87612
211 1.88903
212 1.89708
213 1.90158
214 1.90649
215 1.91172
216 1.91622
217 1.9249
218 1.93046
219 1.93596
220 1.94349
221 1.95056
222 1.95466
223 1.96908
224 1.97696
225 1.98886
226 1.99767
227 2.0029
228 2.02096
229 2.02705
230 2.02998
231 2.03807
232 2.04589
233 2.07239
234 2.08453
235 2.09253
236 2.1011
237 2.11284
238 2.12387
239 2.1363
240 2.14121
241 2.1479
242 2.16509
243 2.17987
244 2.19362
245 2.20365
246 2.21493
247 2.2186
248 2.22023
249 2.23201
250 2.24628
251 2.24771
252 2.2731
253 2.29239
254 2.30884
255 2.31105
256 2.31616
257 2.31953
258 2.32634
259 2.34111
260 2.34389
261 2.35205
262 2.35989
263 2.38037
264 2.39294
265 2.40383
266 2.4238
267 2.44075
268 2.44688
269 2.45977
270 2.48008
271 2.48373
272 2.50186
273 2.50634
274 2.51127
275 2.51285
276 2.51715
277 2.53324
278 2.55155
279 2.57651
280 2.58143
281 2.58673
282 2.58885
283 2.60031
284 2.60782
285 2.61606
286 2.61864
287 2.62553
288 2.62731
289 2.63305
290 2.63886
291 2.6507
292 2.67705
293 2.68864
294 2.69203
295 2.71163
296 2.71353
297 2.71913
298 2.72523
299 2.73564
300 2.73772
301 2.74541
302 2.74686
303 2.75755
304 2.76744
305 2.78178
306 2.79433
307 2.80258
308 2.80663
309 2.81877
310 2.82296
311 2.82567
312 2.82971
313 2.83219
314 2.84222
315 2.85221
316 2.86535
317 2.88211
318 2.89841
319 2.90288
320 2.91212
321 2.9164
322 2.92059
323 2.92261
324 2.92871
325 2.94195
326 2.94727
327 2.95352
328 2.95763
329 2.96634
330 2.97506
331 2.98085
332 2.98225
333 2.99034
334 2.99242
