1 0.00356
2 0.01988
3 0.02725
4 0.04218
5 0.04663
6 0.05762
7 0.06139
8 0.06502
9 0.07382
10 0.08444
11 0.0877
12 0.08925
13 0.10295
14 0.10613
15 0.11543
16 0.12424
17 0.13056
18 0.13559
19 0.15363
20 0.1553
21 0.179
22 0.18187
23 0.19394
24 0.20184
25 0.20686
26 0.21318
27 0.2179
28 0.22352
29 0.22779
30 0.23359
31 0.24564
32 0.2488
33 0.25263
34 0.28298
35 0.28635
36 0.2943
37 0.30667
38 0.30966
39 0.32147
40 0.32759
41 0.33026
42 0.33517
43 0.33671
44 0.34314
45 0.34997
46 0.35596
47 0.35989
48 0.37298
49 0.3761
50 0.37778
51 0.3827
52 0.39319
53 0.40449
54 0.41078
55 0.41604
56 0.42675
57 0.43726
58 0.44
59 0.46933
60 0.47101
61 0.48414
62 0.48589
63 0.4896
64 0.4913
65 0.49832
66 0.51197
67 0.52469
68 0.52678
69 0.52978
70 0.54083
71 0.56658
72 0.56886
73 0.57212
74 0.57904
75 0.58065
76 0.60375
77 0.61693
78 0.62873
79 0.63379
80 0.64355
81 0.65128
82 0.66365
83 0.67731
84 0.68786
85 0.69466
86 0.71634
87 0.73113
88 0.73843
89 0.74571
90 0.75921
91 0.76874
92 0.77141
93 0.78582
94 0.8001
95 0.81476
96 0.82252
97 0.83216
98 0.83586
99 0.84274
100 0.85181
101 0.85677
102 0.86204
103 0.87232
104 0.88254
105 0.89511
106 0.90078
107 0.91257
108 0.9146
109 0.93129
110 0.93396
111 0.93528
112 0.94555
113 0.95534
114 0.96415
115 0.97388
116 0.98344
117 0.99282
118 0.99771
119 1.00352
120 1.01014
121 1.02294
122 1.0255
123 1.05023
124 1.05319
125 1.06288
126 1.07466
127 1.09897
128 1.10756
129 1.11812
130 1.12477
131 1.12992
132 1.14379
133 1.14892
134 1.1598
135 1.17212
136 1.18429
137 1.19078
138 1.19764
139 1.20009
140 1.22653
141 1.24036
142 1.24648
143 1.25524
144 1.26297
145 1.27149
146 1.27787
147 1.29232
148 1.29811
149 1.3023
150 1.30537
151 1.3083
152 1.33883
153 1.34282
154 1.35157
155 1.35512
156 1.37796
157 1.37946
158 1.39492
159 1.40606
160 1.41614
161 1.42866
162 1.43823
163 1.44158
164 1.44296
165 1.44792
166 1.45353
167 1.45583
168 1.48675
169 1.49207
170 1.49859
171 1.50153
172 1.50771
173 1.50911
174 1.51345
175 1.52593
176 1.53929
177 1.55032
178 1.55868
179 1.5624
180 1.56778
181 1.57009
182 1.57881
183 1.58294
184 1.58743
185 1.59027
186 1.60369
187 1.6149
188 1.61746
189 1.63687
190 1.64987
191 1.65198
192 1.67313
193 1.67957
194 1.68934
195 1.70829
196 1.7113
197 1.71999
198 1.7238
199 1.75833
200 1.7661
201 1.77652
202 1.77806
203 1.78912
204 1.79076
205 1.80453
206 1.81651
207 1.82218
208 1.82772
209 1.82943
210 1.83436
211 1.84215
212 1.85472
213 1.86137
214 1.86522
215 1.86856
216 1.88042
217 1.89941
218 1.9039
219 1.92178
220 1.92762
221 1.93637
222 1.95308
223 1.9692
224 1.97818
225 1.98704
226 1.99063
227 1.99409
228 1.99802
229 2.00617
230 2.01631
231 2.02338
232 2.02865
233 2.05012
234 2.06943
235 2.07253
236 2.07461
237 2.07814
238 2.08499
239 2.09632
240 2.10521
241 2.12231
242 2.13272
243 2.14592
244 2.16014
245 2.16188
246 2.17743
247 2.19797
248 2.21468
249 2.23437
250 2.23664
251 2.24531
252 2.25203
253 2.25509
254 2.25915
255 2.26698
256 2.29071
257 2.29413
258 2.299
259 2.30341
260 2.306
261 2.32288
262 2.32819
263 2.33745
264 2.34378
265 2.34663
266 2.35774
267 2.36843
268 2.37643
269 2.39265
270 2.40324
271 2.41388
272 2.42725
273 2.46043
274 2.47747
275 2.49534
276 2.50071
277 2.50739
278 2.52421
279 2.52974
280 2.53885
281 2.55099
282 2.55573
283 2.56213
284 2.57086
285 2.57445
286 2.588
287 2.59294
288 2.60239
289 2.60892
290 2.61846
291 2.63479
292 2.653
293 2.6727
294 2.69204
295 2.69712
296 2.71078
297 2.7408
298 2.74435
299 2.7492
300 2.76627
301 2.77371
302 2.78276
303 2.78713
304 2.79491
305 2.81098
306 2.83864
307 2.85571
308 2.86187
309 2.86308
310 2.87325
311 2.89523
312 2.89862
313 2.92037
314 2.93965
315 2.94885
316 2.96005
317 2.9708
318 2.99835
