1 0.0024
2 0.00875
3 0.01282
4 0.01801
5 0.02126
6 0.03682
7 0.04614
8 0.04874
9 0.05159
10 0.05731
11 0.05975
12 0.06373
13 0.0667
14 0.08436
15 0.0906
16 0.09404
17 0.09572
18 0.10337
19 0.11263
20 0.12714
21 0.15537
22 0.15917
23 0.16962
24 0.1713
25 0.17449
26 0.17879
27 0.1858
28 0.19462
29 0.1961
30 0.21137
31 0.21581
32 0.22102
33 0.24628
34 0.25629
35 0.26034
36 0.26273
37 0.26564
38 0.26952
39 0.27289
40 0.278
41 0.28131
42 0.28576
43 0.28965
44 0.29256
45 0.30077
46 0.31237
47 0.31607
48 0.31973
49 0.32259
50 0.32722
51 0.32938
52 0.33492
53 0.33747
54 0.34524
55 0.35088
56 0.36925
57 0.37879
58 0.39349
59 0.39649
60 0.40211
61 0.4087
62 0.41324
63 0.43441
64 0.45355
65 0.4718
66 0.47673
67 0.49902
68 0.50232
69 0.50454
70 0.50896
71 0.51706
72 0.538
73 0.55363
74 0.55661
75 0.56391
76 0.57149
77 0.58268
78 0.58425
79 0.59652
80 0.61737
81 0.62169
82 0.62501
83 0.62683
84 0.63111
85 0.63845
86 0.64702
87 0.65774
88 0.66327
89 0.66515
90 0.66788
91 0.67407
92 0.68333
93 0.69297
94 0.70218
95 0.71443
96 0.71624
97 0.72116
98 0.72971
99 0.73651
100 0.74182
101 0.7584
102 0.75987
103 0.76271
104 0.76749
105 0.77791
106 0.78121
107 0.78711
108 0.79064
109 0.79293
110 0.79564
111 0.8106
112 0.81593
113 0.83282
114 0.84686
115 0.86213
116 0.86836
117 0.872
118 0.88569
119 0.88832
120 0.89549
121 0.90951
122 0.91235
123 0.91635
124 0.9246
125 0.94172
126 0.94344
127 0.94493
128 0.95004
129 0.95858
130 0.96374
131 0.96694
132 0.97093
133 0.97224
134 0.97746
135 0.99019
136 0.99316
137 1.00519
138 1.01091
139 1.01245
140 1.021
141 1.0313
142 1.03617
143 1.04257
144 1.05268
145 1.05996
146 1.06903
147 1.08385
148 1.08913
149 1.09094
150 1.11617
151 1.12017
152 1.12568
153 1.13003
154 1.13473
155 1.13846
156 1.14219
157 1.15707
158 1.16671
159 1.17926
160 1.1933
161 1.19667
162 1.20006
163 1.21351
164 1.2204
165 1.22747
166 1.24086
167 1.2522
168 1.2549
169 1.26831
170 1.27663
171 1.28235
172 1.28539
173 1.30022
174 1.30727
175 1.31358
176 1.32712
177 1.33652
178 1.34572
179 1.34802
180 1.36271
181 1.3655
182 1.36791
183 1.37432
184 1.40098
185 1.40858
186 1.41465
187 1.41982
188 1.42303
189 1.42818
190 1.43501
191 1.44214
192 1.44887
193 1.45355
194 1.46187
195 1.47539
196 1.48639
197 1.49039
198 1.49713
199 1.50525
200 1.51215
201 1.51904
202 1.52072
203 1.52794
204 1.53155
205 1.53876
206 1.54293
207 1.54627
208 1.5746
209 1.57878
210 1.59079
211 1.59837
212 1.60277
213 1.61856
214 1.62506
215 1.62644
216 1.63197
217 1.6462
218 1.6581
219 1.66213
220 1.66573
221 1.67296
222 1.70084
223 1.71711
224 1.72247
225 1.73095
226 1.74016
227 1.75776
228 1.765
229 1.76608
230 1.77636
231 1.79024
232 1.7941
233 1.79993
234 1.8188
235 1.82544
236 1.82955
237 1.83522
238 1.86318
239 1.87358
240 1.8748
241 1.88294
242 1.88986
243 1.90869
244 1.91078
245 1.91519
246 1.92214
247 1.92855
248 1.94104
249 1.94583
250 1.94809
251 1.95779
252 1.96539
253 1.97044
254 1.97445
255 1.97672
256 1.98085
257 1.98845
258 1.9906
259 1.9938
260 2.00455
261 2.00674
262 2.01475
263 2.01872
264 2.02239
265 2.02552
266 2.03393
267 2.03508
268 2.03985
269 2.04084
270 2.04276
271 2.04436
272 2.0632
273 2.0766
274 2.0809
275 2.09227
276 2.09527
277 2.10032
278 2.10172
279 2.11977
280 2.13719
281 2.14514
282 2.15176
283 2.15753
284 2.17188
285 2.1759
286 2.18228
287 2.18513
288 2.20144
289 2.21253
290 2.21509
291 2.22507
292 2.24371
293 2.25536
294 2.25943
295 2.26708
296 2.27086
297 2.28733
298 2.30572
299 2.3155
300 2.33483
301 2.33768
302 2.34057
303 2.34601
304 2.36292
305 2.36573
306 2.36802
307 2.37426
308 2.38624
309 2.39873
310 2.40985
311 2.41256
312 2.42166
313 2.44478
314 2.46284
315 2.47153
316 2.48541
317 2.49106
318 2.5026
319 2.51312
320 2.51753
321 2.52138
322 2.53628
323 2.54083
324 2.54459
325 2.55884
326 2.5616
327 2.56553
328 2.56734
329 2.58491
330 2.5917
331 2.59351
332 2.60387
333 2.61551
334 2.62318
335 2.63869
336 2.64627
337 2.65605
338 2.65879
339 2.66521
340 2.67144
341 2.67867
342 2.69086
343 2.6938
344 2.69507
345 2.69969
346 2.70147
347 2.71234
348 2.71359
349 2.72526
350 2.73412
351 2.73516
352 2.74369
353 2.75376
354 2.76251
355 2.76696
356 2.77294
357 2.77566
358 2.77729
359 2.78755
360 2.7976
361 2.8027
362 2.80439
363 2.82837
364 2.82976
365 2.83701
366 2.83945
367 2.84752
368 2.8497
369 2.85124
370 2.86055
371 2.86821
372 2.87717
373 2.87988
374 2.88539
375 2.89358
376 2.90688
377 2.91628
378 2.92516
379 2.92859
380 2.94378
381 2.94531
382 2.94691
383 2.95274
384 2.97257
385 2.97517
386 2.99132
387 2.99757
