1 0.00428
2 0.01649
3 0.02229
4 0.0281
5 0.03144
6 0.03339
7 0.03511
8 0.06622
9 0.07097
10 0.07557
11 0.08182
12 0.08989
13 0.10218
14 0.11724
15 0.12496
16 0.14186
17 0.14773
18 0.1522
19 0.1532
20 0.16058
21 0.16933
22 0.17723
23 0.18078
24 0.18208
25 0.18425
26 0.19177
27 0.19379
28 0.19875
29 0.21227
30 0.21779
31 0.22686
32 0.22949
33 0.23734
34 0.24338
35 0.25222
36 0.25762
37 0.26184
38 0.27776
39 0.28904
40 0.30913
41 0.31319
42 0.32714
43 0.33376
44 0.34269
45 0.3553
46 0.35903
47 0.36177
48 0.36291
49 0.36587
50 0.37583
51 0.3824
52 0.38425
53 0.38769
54 0.40428
55 0.41848
56 0.42676
57 0.42891
58 0.44441
59 0.45981
60 0.4786
61 0.48053
62 0.48332
63 0.48688
64 0.50422
65 0.51284
66 0.52369
67 0.53104
68 0.53726
69 0.54046
70 0.5646
71 0.57874
72 0.58633
73 0.60363
74 0.60683
75 0.60988
76 0.61181
77 0.61621
78 0.62742
79 0.63102
80 0.63813
81 0.64156
82 0.65403
83 0.65876
84 0.66542
85 0.68688
86 0.69853
87 0.70284
88 0.71768
89 0.72598
90 0.73072
91 0.74633
92 0.75849
93 0.76401
94 0.78289
95 0.80198
96 0.80644
97 0.80885
98 0.81758
99 0.82003
100 0.82478
101 0.82832
102 0.83145
103 0.84446
104 0.85749
105 0.86214
106 0.86562
107 0.86796
108 0.87552
109 0.87766
110 0.8802
111 0.89195
112 0.89424
113 0.89829
114 0.90367
115 0.90632
116 0.91997
117 0.9253
118 0.92805
119 0.9355
120 0.96072
121 0.96723
122 0.97812
123 0.98604
124 0.99533
125 0.99786
126 1.00327
127 1.02644
128 1.03674
129 1.0412
130 1.0547
131 1.06364
132 1.07802
133 1.08698
134 1.09189
135 1.09409
136 1.10516
137 1.11459
138 1.12805
139 1.13238
140 1.14176
141 1.14644
142 1.15124
143 1.16427
144 1.18247
145 1.1862
146 1.1924
147 1.19992
148 1.20478
149 1.21072
150 1.21397
151 1.22387
152 1.24636
153 1.26334
154 1.28125
155 1.28634
156 1.30727
157 1.31167
158 1.31603
159 1.32132
160 1.3345
161 1.33895
162 1.34154
163 1.35309
164 1.35609
165 1.36691
166 1.38987
167 1.40327
168 1.41027
169 1.41653
170 1.42951
171 1.44273
172 1.45183
173 1.4544
174 1.46296
175 1.46541
176 1.47087
177 1.48017
178 1.49239
179 1.50428
180 1.52142
181 1.52824
182 1.54669
183 1.55157
184 1.56492
185 1.57004
186 1.57173
187 1.58288
188 1.58563
189 1.60417
190 1.61774
191 1.62721
192 1.63057
193 1.63963
194 1.64442
195 1.65542
196 1.66503
197 1.67089
198 1.67983
199 1.69168
200 1.70173
201 1.71967
202 1.72762
203 1.73605
204 1.73816
205 1.75542
206 1.76099
207 1.76966
208 1.77545
209 1.78864
210 1.79206
211 1.79818
212 1.80836
213 1.81109
214 1.82017
215 1.83725
216 1.84722
217 1.85472
218 1.86211
219 1.88232
220 1.88906
221 1.90288
222 1.90489
223 1.91705
224 1.92753
225 1.93336
226 1.96031
227 1.96475
228 1.98195
229 1.98819
230 1.99676
231 2.00406
232 2.00857
233 2.01245
234 2.0306
235 2.03721
236 2.05281
237 2.05644
238 2.06278
239 2.06714
240 2.07164
241 2.10384
242 2.10725
243 2.11387
244 2.12695
245 2.13316
246 2.14636
247 2.14819
248 2.1546
249 2.15736
250 2.1639
251 2.16778
252 2.17537
253 2.18073
254 2.18372
255 2.20093
256 2.20279
257 2.20794
258 2.22441
259 2.2472
260 2.249
261 2.26348
262 2.27235
263 2.28974
264 2.3109
265 2.31719
266 2.32013
267 2.32452
268 2.33241
269 2.33888
270 2.34696
271 2.3653
272 2.37205
273 2.40331
274 2.41133
275 2.42426
276 2.42551
277 2.44003
278 2.44448
279 2.46374
280 2.46682
281 2.46853
282 2.47437
283 2.49021
284 2.50269
285 2.52426
286 2.53022
287 2.53553
288 2.5391
289 2.55185
290 2.55852
291 2.57619
292 2.58696
293 2.58918
294 2.59248
295 2.60748
296 2.6252
297 2.62708
298 2.63015
299 2.64345
300 2.64826
301 2.65574
302 2.66091
303 2.68666
304 2.69797
305 2.70797
306 2.72032
307 2.72597
308 2.73032
309 2.74098
310 2.75078
311 2.75339
312 2.75849
313 2.77839
314 2.78336
315 2.79632
316 2.80603
317 2.81958
318 2.8394
319 2.8546
320 2.86511
321 2.87041
322 2.87894
323 2.88699
324 2.90692
325 2.92109
326 2.94315
327 2.94528
328 2.95852
329 2.96784
330 2.98692
331 2.9908
332 2.99875
