1 0.00752
2 0.04764
3 0.06211
4 0.08148
5 0.08897
6 0.09997
7 0.10718
8 0.13323
9 0.13426
10 0.14359
11 0.14522
12 0.15882
13 0.16047
14 0.16713
15 0.16898
16 0.17039
17 0.17573
18 0.17892
19 0.18793
20 0.19576
21 0.20276
22 0.20955
23 0.21291
24 0.22323
25 0.22986
26 0.23936
27 0.25079
28 0.25738
29 0.27738
30 0.28335
31 0.30249
32 0.31532
33 0.34254
34 0.34807
35 0.35751
36 0.39567
37 0.41095
38 0.41954
39 0.42923
40 0.44497
41 0.45458
42 0.45834
43 0.46598
44 0.49716
45 0.50278
46 0.5079
47 0.51359
48 0.51705
49 0.53311
50 0.53857
51 0.55225
52 0.56015
53 0.56167
54 0.58936
55 0.59328
56 0.61059
57 0.61861
58 0.6412
59 0.64667
60 0.6632
61 0.6689
62 0.6934
63 0.72274
64 0.72881
65 0.7334
66 0.74576
67 0.75536
68 0.76034
69 0.77506
70 0.78625
71 0.79987
72 0.80377
73 0.81305
74 0.81693
75 0.82296
76 0.86676
77 0.87176
78 0.87499
79 0.88204
80 0.89547
81 0.91704
82 0.91854
83 0.92456
84 0.92595
85 0.94539
86 0.96274
87 0.96679
88 0.99929
89 1.01092
90 1.01451
91 1.0359
92 1.04413
93 1.05055
94 1.07629
95 1.08957
96 1.09294
97 1.1091
98 1.11402
99 1.13264
100 1.13822
101 1.14242
102 1.15554
103 1.16117
104 1.16339
105 1.17431
106 1.17717
107 1.18383
108 1.19291
109 1.195
110 1.20254
111 1.21758
112 1.22529
113 1.23633
114 1.25948
115 1.26309
116 1.27155
117 1.2798
118 1.30452
119 1.30625
120 1.31715
121 1.33303
122 1.33489
123 1.33911
124 1.34285
125 1.34481
126 1.34898
127 1.35626
128 1.36302
129 1.36602
130 1.37488
131 1.39996
132 1.4087
133 1.42773
134 1.47136
135 1.48016
136 1.49748
137 1.50174
138 1.50557
139 1.53335
140 1.5354
141 1.53714
142 1.53938
143 1.55551
144 1.56504
145 1.57106
146 1.57282
147 1.57838
148 1.60022
149 1.61326
150 1.61689
151 1.63277
152 1.63863
153 1.66087
154 1.66819
155 1.67173
156 1.67366
157 1.67669
158 1.69604
159 1.70772
160 1.72306
161 1.72906
162 1.73429
163 1.74699
164 1.75482
165 1.77189
166 1.78522
167 1.78775
168 1.8094
169 1.81338
170 1.82392
171 1.82934
172 1.83714
173 1.84697
174 1.84912
175 1.85038
176 1.85221
177 1.86238
178 1.87571
179 1.87729
180 1.91067
181 1.91905
182 1.92293
183 1.92952
184 1.954
185 1.96101
186 1.96486
187 1.97114
188 2.00124
189 2.00314
190 2.01257
191 2.01414
192 2.02367
193 2.02953
194 2.0328
195 2.054
196 2.05979
197 2.0729
198 2.07783
199 2.09118
200 2.10139
201 2.11907
202 2.13343
203 2.14585
204 2.17504
205 2.17872
206 2.21292
207 2.21672
208 2.22181
209 2.23814
210 2.24947
211 2.27508
212 2.29606
213 2.30853
214 2.31103
215 2.33209
216 2.33769
217 2.34148
218 2.36147
219 2.38732
220 2.40694
221 2.40891
222 2.41912
223 2.44322
224 2.44907
225 2.46059
226 2.49336
227 2.54081
228 2.54218
229 2.57208
230 2.58122
231 2.59888
232 2.61811
233 2.62454
234 2.63954
235 2.64964
236 2.65199
237 2.65924
238 2.6679
239 2.70271
240 2.70427
241 2.71611
242 2.72356
243 2.73174
244 2.73695
245 2.75297
246 2.77834
247 2.80528
248 2.80892
249 2.82935
250 2.83118
251 2.84417
252 2.85132
253 2.86542
254 2.8791
255 2.88669
256 2.89498
257 2.90397
258 2.92166
259 2.92516
260 2.94002
261 2.9571
262 2.96139
263 2.96916
264 2.97079
265 2.9965
