1 0.00188
2 0.00405
3 0.00754
4 0.01291
5 0.01739
6 0.02288
7 0.02684
8 0.03032
9 0.03208
10 0.03566
11 0.04046
12 0.0536
13 0.06021
14 0.06842
15 0.07557
16 0.07806
17 0.08393
18 0.09116
19 0.0946
20 0.1001
21 0.10939
22 0.11554
23 0.1195
24 0.12238
25 0.12414
26 0.12788
27 0.13343
28 0.1389
29 0.14574
30 0.15347
31 0.16359
32 0.16628
33 0.16876
34 0.18464
35 0.18724
36 0.1912
37 0.20063
38 0.20376
39 0.21014
40 0.21714
41 0.22388
42 0.23375
43 0.25515
44 0.2648
45 0.26844
46 0.27135
47 0.28218
48 0.29135
49 0.29482
50 0.29625
51 0.30381
52 0.30778
53 0.30941
54 0.31245
55 0.32063
56 0.34134
57 0.34446
58 0.35409
59 0.35853
60 0.36266
61 0.36483
62 0.36629
63 0.36796
64 0.37099
65 0.3791
66 0.38709
67 0.38921
68 0.39553
69 0.39941
70 0.41008
71 0.42156
72 0.42492
73 0.42711
74 0.43065
75 0.43901
76 0.45166
77 0.46136
78 0.46612
79 0.4709
80 0.472
81 0.4763
82 0.48529
83 0.51421
84 0.51758
85 0.52333
86 0.52987
87 0.53237
88 0.54449
89 0.55322
90 0.56983
91 0.57943
92 0.58128
93 0.58869
94 0.5976
95 0.59951
96 0.60463
97 0.60927
98 0.61416
99 0.61765
100 0.61936
101 0.62778
102 0.63404
103 0.65259
104 0.66224
105 0.66595
106 0.67077
107 0.68024
108 0.68938
109 0.69552
110 0.69874
111 0.69972
112 0.7041
113 0.70673
114 0.71214
115 0.72098
116 0.74244
117 0.76075
118 0.76245
119 0.76675
120 0.7699
121 0.77195
122 0.77903
123 0.78137
124 0.78834
125 0.79103
126 0.80026
127 0.81766
128 0.82107
129 0.82369
130 0.8249
131 0.83622
132 0.83826
133 0.84165
134 0.84607
135 0.8531
136 0.86057
137 0.86397
138 0.86617
139 0.86891
140 0.87206
141 0.87357
142 0.88604
143 0.88889
144 0.90458
145 0.92366
146 0.94533
147 0.94745
148 0.95224
149 0.96622
150 0.97449
151 0.9861
152 0.99359
153 1.01102
154 1.01883
155 1.02014
156 1.02761
157 1.04047
158 1.04217
159 1.04908
160 1.05788
161 1.07833
162 1.08324
163 1.09104
164 1.093
165 1.09599
166 1.09905
167 1.112
168 1.11918
169 1.12098
170 1.13001
171 1.13293
172 1.15824
173 1.16748
174 1.1725
175 1.17863
176 1.19337
177 1.19741
178 1.20053
179 1.20656
180 1.21206
181 1.21908
182 1.22184
183 1.22843
184 1.2309
185 1.23329
186 1.24928
187 1.26731
188 1.27014
189 1.28376
190 1.28811
191 1.29755
192 1.32007
193 1.3291
194 1.33357
195 1.33743
196 1.34024
197 1.34512
198 1.35911
199 1.36653
200 1.37567
201 1.38554
202 1.38915
203 1.39067
204 1.39473
205 1.4034
206 1.41148
207 1.41437
208 1.42451
209 1.42944
210 1.43602
211 1.43933
212 1.44558
213 1.4472
214 1.45272
215 1.45656
216 1.46034
217 1.46215
218 1.46636
219 1.47603
220 1.47919
221 1.50992
222 1.52662
223 1.52832
224 1.53199
225 1.53909
226 1.54182
227 1.54448
228 1.54654
229 1.56421
230 1.57294
231 1.58493
232 1.59012
233 1.60191
234 1.61024
235 1.61238
236 1.61611
237 1.61934
238 1.62484
239 1.62871
240 1.63994
241 1.64729
242 1.65643
243 1.65844
244 1.66419
245 1.67035
246 1.67406
247 1.67971
248 1.68454
249 1.68923
250 1.6922
251 1.69498
252 1.69899
253 1.703
254 1.70594
255 1.71701
256 1.73613
257 1.73828
258 1.76544
259 1.77554
260 1.77803
261 1.79234
262 1.80189
263 1.80648
264 1.80775
265 1.81897
266 1.82302
267 1.82859
268 1.83521
269 1.85126
270 1.8534
271 1.86477
272 1.87314
273 1.88429
274 1.88913
275 1.89185
276 1.89902
277 1.90096
278 1.90526
279 1.91259
280 1.91825
281 1.92755
282 1.93278
283 1.93787
284 1.9463
285 1.95118
286 1.95539
287 1.96682
288 1.97437
289 1.98309
290 1.98619
291 1.99608
292 2.01046
293 2.01403
294 2.0201
295 2.02881
296 2.03239
297 2.03706
298 2.03942
299 2.04148
300 2.04776
301 2.05637
302 2.065
303 2.06946
304 2.07173
305 2.07804
306 2.0827
307 2.08746
308 2.09272
309 2.09854
310 2.10038
311 2.10572
312 2.10981
313 2.11107
314 2.12086
315 2.12395
316 2.12773
317 2.13172
318 2.14636
319 2.14882
320 2.15733
321 2.16705
322 2.17575
323 2.19043
324 2.19434
325 2.19661
326 2.20383
327 2.21837
328 2.22761
329 2.2297
330 2.24846
331 2.26751
332 2.275
333 2.27971
334 2.28476
335 2.29382
336 2.3009
337 2.306
338 2.3131
339 2.31647
340 2.31815
341 2.32245
342 2.3402
343 2.34597
344 2.35002
345 2.35352
346 2.35525
347 2.36423
348 2.36765
349 2.38154
350 2.39609
351 2.40264
352 2.40873
353 2.41038
354 2.41433
355 2.41769
356 2.43142
357 2.43297
358 2.43877
359 2.44565
360 2.45078
361 2.46079
362 2.46805
363 2.47936
364 2.48525
365 2.51475
366 2.52437
367 2.52813
368 2.53233
369 2.54223
370 2.54933
371 2.56144
372 2.56844
373 2.57026
374 2.57626
375 2.58185
376 2.59771
377 2.60424
378 2.60879
379 2.61256
380 2.61635
381 2.61935
382 2.62169
383 2.62516
384 2.63341
385 2.63555
386 2.64286
387 2.65147
388 2.65319
389 2.66266
390 2.66424
391 2.66791
392 2.66923
393 2.68603
394 2.70017
395 2.70999
396 2.7272
397 2.73757
398 2.76029
399 2.77334
400 2.77539
401 2.77817
402 2.78623
403 2.79338
404 2.79565
405 2.79944
406 2.80517
407 2.8122
408 2.81396
409 2.82883
410 2.83244
411 2.83915
412 2.85465
413 2.86248
414 2.86366
415 2.8762
416 2.87952
417 2.88544
418 2.89471
419 2.90303
420 2.90925
421 2.91384
422 2.92093
423 2.92813
424 2.93738
425 2.94999
426 2.95749
427 2.96802
428 2.97076
429 2.97653
430 2.98011
431 2.98546
432 2.99477
