1 0.00367
2 0.01369
3 0.01949
4 0.03228
5 0.03875
6 0.04389
7 0.04963
8 0.05271
9 0.05633
10 0.08068
11 0.08831
12 0.09621
13 0.10148
14 0.10873
15 0.14659
16 0.15176
17 0.17113
18 0.1746
19 0.1768
20 0.18087
21 0.1915
22 0.1995
23 0.20403
24 0.21024
25 0.23046
26 0.24246
27 0.24576
28 0.2695
29 0.27851
30 0.28183
31 0.29144
32 0.30507
33 0.31214
34 0.33008
35 0.34088
36 0.3459
37 0.35234
38 0.37024
39 0.37858
40 0.3917
41 0.3972
42 0.41019
43 0.42267
44 0.42913
45 0.44248
46 0.46205
47 0.46657
48 0.49203
49 0.51664
50 0.52015
51 0.5277
52 0.53673
53 0.54277
54 0.54407
55 0.54627
56 0.55354
57 0.56319
58 0.56846
59 0.57223
60 0.57908
61 0.58453
62 0.59791
63 0.60206
64 0.60744
65 0.62233
66 0.64736
67 0.67964
68 0.69801
69 0.70264
70 0.70647
71 0.70904
72 0.71664
73 0.71763
74 0.7276
75 0.74267
76 0.75579
77 0.76537
78 0.77923
79 0.79452
80 0.79706
81 0.80271
82 0.81507
83 0.82577
84 0.82948
85 0.83543
86 0.84838
87 0.86025
88 0.86436
89 0.87043
90 0.87311
91 0.88013
92 0.89355
93 0.90227
94 0.90305
95 0.90762
96 0.91168
97 0.91734
98 0.91863
99 0.92781
100 0.93033
101 0.9503
102 0.95226
103 0.95646
104 0.96777
105 0.98185
106 0.98854
107 0.99315
108 0.99967
109 1.00907
110 1.01504
111 1.01999
112 1.03341
113 1.04749
114 1.05276
115 1.05879
116 1.06166
117 1.06467
118 1.07832
119 1.09017
120 1.10155
121 1.11341
122 1.13077
123 1.13445
124 1.15161
125 1.15358
126 1.17317
127 1.17565
128 1.18704
129 1.20687
130 1.20962
131 1.21977
132 1.24018
133 1.25546
134 1.26863
135 1.27548
136 1.28949
137 1.30509
138 1.30934
139 1.31315
140 1.31678
141 1.32881
142 1.33916
143 1.35045
144 1.3553
145 1.35782
146 1.35977
147 1.36198
148 1.37631
149 1.39436
150 1.40472
151 1.41309
152 1.42388
153 1.43406
154 1.43648
155 1.43933
156 1.44607
157 1.44806
158 1.45844
159 1.46988
160 1.4962
161 1.51071
162 1.52162
163 1.5252
164 1.5383
165 1.55414
166 1.56446
167 1.56683
168 1.58289
169 1.59513
170 1.62101
171 1.62471
172 1.63319
173 1.63728
174 1.6635
175 1.67249
176 1.68227
177 1.69158
178 1.70483
179 1.70807
180 1.73654
181 1.74443
182 1.75257
183 1.76553
184 1.76776
185 1.79345
186 1.7957
187 1.81128
188 1.81731
189 1.83495
190 1.8385
191 1.84473
192 1.85223
193 1.85367
194 1.85498
195 1.87112
196 1.89884
197 1.90107
198 1.91573
199 1.92269
200 1.93021
201 1.93521
202 1.95321
203 1.96028
204 1.96402
205 1.99386
206 2.001
207 2.00252
208 2.00946
209 2.01754
210 2.03524
211 2.04218
212 2.04677
213 2.05187
214 2.05741
215 2.06297
216 2.07199
217 2.07697
218 2.0875
219 2.0885
220 2.10126
221 2.11747
222 2.11957
223 2.13759
224 2.13961
225 2.14439
226 2.1692
227 2.17606
228 2.1782
229 2.18867
230 2.19254
231 2.19957
232 2.20885
233 2.22839
234 2.23158
235 2.25815
236 2.26959
237 2.2774
238 2.2816
239 2.29206
240 2.31595
241 2.32406
242 2.33368
243 2.33606
244 2.33914
245 2.34364
246 2.35794
247 2.36247
248 2.37574
249 2.38593
250 2.4066
251 2.42574
252 2.43917
253 2.44783
254 2.45295
255 2.46306
256 2.46474
257 2.47749
258 2.49987
259 2.50696
260 2.50975
261 2.53256
262 2.55023
263 2.55559
264 2.56956
265 2.57904
266 2.58998
267 2.59354
268 2.59865
269 2.60491
270 2.61476
271 2.62248
272 2.63715
273 2.64058
274 2.67225
275 2.67348
276 2.71522
277 2.71884
278 2.72295
279 2.74012
280 2.75087
281 2.7621
282 2.76702
283 2.77235
284 2.79006
285 2.79701
286 2.80327
287 2.82717
288 2.83652
289 2.84237
290 2.85391
291 2.86645
292 2.8812
293 2.89788
294 2.90086
295 2.9241
296 2.93563
297 2.9367
298 2.96945
299 2.99585
