1 0.00519
2 0.01723
3 0.01966
4 0.02962
5 0.0361
6 0.04404
7 0.05253
8 0.06131
9 0.0804
10 0.09299
11 0.10133
12 0.10838
13 0.11163
14 0.11619
15 0.12058
16 0.12561
17 0.13587
18 0.14294
19 0.15045
20 0.15412
21 0.16164
22 0.17561
23 0.18004
24 0.185
25 0.18799
26 0.19395
27 0.20519
28 0.21068
29 0.2144
30 0.23198
31 0.24764
32 0.25232
33 0.25712
34 0.25929
35 0.26104
36 0.2721
37 0.27858
38 0.28381
39 0.28935
40 0.30011
41 0.30402
42 0.30579
43 0.31292
44 0.33097
45 0.34641
46 0.35079
47 0.35507
48 0.35755
49 0.36419
50 0.37494
51 0.38615
52 0.38889
53 0.39416
54 0.39716
55 0.39845
56 0.40212
57 0.41497
58 0.4325
59 0.43689
60 0.45383
61 0.45692
62 0.46188
63 0.47165
64 0.48189
65 0.48762
66 0.49623
67 0.50095
68 0.50925
69 0.51356
70 0.51904
71 0.52577
72 0.53991
73 0.54823
74 0.55425
75 0.55946
76 0.5691
77 0.57478
78 0.58803
79 0.59782
80 0.60618
81 0.61109
82 0.62971
83 0.63602
84 0.67169
85 0.6849
86 0.69156
87 0.70168
88 0.71039
89 0.71349
90 0.716
91 0.7365
92 0.7378
93 0.74345
94 0.74809
95 0.75225
96 0.76746
97 0.77254
98 0.77568
99 0.78768
100 0.7968
101 0.8002
102 0.80594
103 0.80908
104 0.81727
105 0.84268
106 0.85982
107 0.86187
108 0.87283
109 0.87881
110 0.88291
111 0.88537
112 0.89075
113 0.89513
114 0.90865
115 0.91515
116 0.92053
117 0.9258
118 0.94179
119 0.95322
120 0.95794
121 0.96007
122 0.96795
123 0.97756
124 0.98995
125 0.99283
126 1.00365
127 1.02095
128 1.03493
129 1.04452
130 1.05591
131 1.05781
132 1.06427
133 1.09085
134 1.09234
135 1.10144
136 1.11042
137 1.11588
138 1.12467
139 1.13128
140 1.13751
141 1.1415
142 1.1514
143 1.15921
144 1.16378
145 1.16808
146 1.184
147 1.18953
148 1.1999
149 1.20227
150 1.21155
151 1.23826
152 1.24335
153 1.25878
154 1.26071
155 1.26765
156 1.28514
157 1.29128
158 1.29495
159 1.30012
160 1.30198
161 1.30867
162 1.31157
163 1.31902
164 1.34519
165 1.35383
166 1.35702
167 1.36358
168 1.37463
169 1.39711
170 1.42182
171 1.43302
172 1.43713
173 1.44115
174 1.45573
175 1.46757
176 1.4835
177 1.48609
178 1.48997
179 1.50569
180 1.51397
181 1.51974
182 1.54061
183 1.54953
184 1.55591
185 1.55758
186 1.56484
187 1.57089
188 1.57743
189 1.58122
190 1.59384
191 1.59691
192 1.60107
193 1.60896
194 1.61036
195 1.61317
196 1.62046
197 1.6231
198 1.62764
199 1.63237
200 1.63567
201 1.64188
202 1.66418
203 1.67284
204 1.67987
205 1.68399
206 1.6927
207 1.69445
208 1.70362
209 1.71629
210 1.72701
211 1.74528
212 1.75123
213 1.75289
214 1.76378
215 1.76989
216 1.78883
217 1.79237
218 1.79391
219 1.79712
220 1.80278
221 1.80575
222 1.80952
223 1.81524
224 1.81866
225 1.83673
226 1.83885
227 1.84374
228 1.84669
229 1.86988
230 1.87385
231 1.88093
232 1.88773
233 1.89218
234 1.89509
235 1.90728
236 1.91389
237 1.91674
238 1.92042
239 1.92582
240 1.93551
241 1.95199
242 1.9623
243 1.97791
244 1.99973
245 2.01758
246 2.03332
247 2.03957
248 2.04108
249 2.05568
250 2.05716
251 2.06678
252 2.08685
253 2.09104
254 2.10931
255 2.11114
256 2.11826
257 2.12356
258 2.12746
259 2.12995
260 2.13114
261 2.13537
262 2.14558
263 2.15939
264 2.16156
265 2.16617
266 2.17091
267 2.18192
268 2.18715
269 2.20227
270 2.20846
271 2.21637
272 2.21856
273 2.22084
274 2.22379
275 2.24767
276 2.25522
277 2.2574
278 2.25838
279 2.27247
280 2.28077
281 2.28411
282 2.28747
283 2.29321
284 2.29781
285 2.30409
286 2.30898
287 2.31137
288 2.31261
289 2.31479
290 2.33158
291 2.34635
292 2.35705
293 2.3655
294 2.37527
295 2.38398
296 2.39938
297 2.40703
298 2.42045
299 2.42631
300 2.42862
301 2.43059
302 2.43684
303 2.44469
304 2.45317
305 2.46277
306 2.46661
307 2.4696
308 2.47787
309 2.48329
310 2.49157
311 2.49866
312 2.50022
313 2.52315
314 2.53166
315 2.54054
316 2.54933
317 2.56171
318 2.56822
319 2.57121
320 2.58464
321 2.58913
322 2.59367
323 2.60153
324 2.61749
325 2.62666
326 2.63559
327 2.64143
328 2.64758
329 2.65677
330 2.67133
331 2.6746
332 2.69378
333 2.69778
334 2.70569
335 2.71359
336 2.72179
337 2.72688
338 2.72891
339 2.74412
340 2.75059
341 2.76297
342 2.77105
343 2.77833
344 2.78175
345 2.78948
346 2.7911
347 2.79643
348 2.8084
349 2.81151
350 2.8161
351 2.82954
352 2.83911
353 2.84306
354 2.84791
355 2.86908
356 2.87049
357 2.87259
358 2.8882
359 2.89539
360 2.89894
361 2.90765
362 2.91101
363 2.92286
364 2.92453
365 2.92575
366 2.94034
367 2.94736
368 2.95211
369 2.95491
370 2.97707
371 2.98356
372 2.98847
373 2.99319
374 2.99948
