1 0.00297
2 0.00532
3 0.0082
4 0.0111
5 0.01251
6 0.01502
7 0.01931
8 0.02691
9 0.03269
10 0.04075
11 0.04193
12 0.04281
13 0.04833
14 0.08065
15 0.08586
16 0.08766
17 0.10039
18 0.10396
19 0.11207
20 0.1164
21 0.12244
22 0.13516
23 0.14203
24 0.14467
25 0.15794
26 0.16412
27 0.16895
28 0.17514
29 0.18326
30 0.18445
31 0.1959
32 0.19726
33 0.20239
34 0.2109
35 0.2173
36 0.23929
37 0.24156
38 0.25521
39 0.28264
40 0.29207
41 0.29513
42 0.2999
43 0.30488
44 0.31687
45 0.33403
46 0.33713
47 0.35052
48 0.35485
49 0.35948
50 0.36256
51 0.37772
52 0.38265
53 0.38491
54 0.3925
55 0.40239
56 0.40509
57 0.4216
58 0.42904
59 0.43556
60 0.44714
61 0.45151
62 0.45415
63 0.46764
64 0.46877
65 0.48101
66 0.49053
67 0.49226
68 0.49996
69 0.50331
70 0.50695
71 0.51569
72 0.51726
73 0.52885
74 0.53707
75 0.54976
76 0.55326
77 0.55587
78 0.56143
79 0.57609
80 0.58628
81 0.58839
82 0.59304
83 0.62782
84 0.63005
85 0.63648
86 0.64296
87 0.64714
88 0.65996
89 0.66863
90 0.69614
91 0.69769
92 0.72289
93 0.72849
94 0.74727
95 0.74991
96 0.75336
97 0.75987
98 0.76867
99 0.78268
100 0.78812
101 0.80069
102 0.80243
103 0.81691
104 0.81972
105 0.82402
106 0.83019
107 0.83222
108 0.84041
109 0.84345
110 0.85526
111 0.85895
112 0.86833
113 0.88553
114 0.8904
115 0.89763
116 0.90042
117 0.90238
118 0.91806
119 0.92358
120 0.93289
121 0.9385
122 0.95661
123 0.96417
124 0.96654
125 0.97276
126 0.97957
127 0.98919
128 1.00735
129 1.02181
130 1.03187
131 1.05947
132 1.07716
133 1.08089
134 1.08191
135 1.10528
136 1.11075
137 1.11235
138 1.12721
139 1.13055
140 1.13418
141 1.13756
142 1.14465
143 1.15109
144 1.15638
145 1.17774
146 1.18633
147 1.19134
148 1.19886
149 1.2003
150 1.20274
151 1.20621
152 1.21053
153 1.22111
154 1.22201
155 1.22464
156 1.22836
157 1.23402
158 1.24007
159 1.26466
160 1.26969
161 1.27533
162 1.27877
163 1.2948
164 1.30342
165 1.32117
166 1.33227
167 1.33985
168 1.34306
169 1.35345
170 1.36064
171 1.36521
172 1.36898
173 1.37636
174 1.38558
175 1.39986
176 1.41838
177 1.42485
178 1.43476
179 1.44435
180 1.44878
181 1.45205
182 1.45672
183 1.47743
184 1.49404
185 1.50752
186 1.51062
187 1.51844
188 1.5306
189 1.53733
190 1.54988
191 1.55193
192 1.55948
193 1.57361
194 1.58281
195 1.59785
196 1.61411
197 1.62655
198 1.63057
199 1.6336
200 1.63612
201 1.64204
202 1.64672
203 1.65856
204 1.66394
205 1.66731
206 1.67902
207 1.68346
208 1.68746
209 1.69485
210 1.70491
211 1.7312
212 1.73309
213 1.74064
214 1.74579
215 1.74959
216 1.76294
217 1.76868
218 1.77617
219 1.78279
220 1.79802
221 1.80368
222 1.82069
223 1.82975
224 1.83702
225 1.84023
226 1.84346
227 1.84967
228 1.85172
229 1.85791
230 1.87029
231 1.87775
232 1.88539
233 1.88793
234 1.90946
235 1.91514
236 1.93121
237 1.93875
238 1.94229
239 1.95383
240 1.97124
241 1.981
242 1.98595
243 1.99616
244 2.0067
245 2.01236
246 2.02239
247 2.02793
248 2.05011
249 2.06396
250 2.06577
251 2.06767
252 2.07097
253 2.08267
254 2.09152
255 2.09444
256 2.10027
257 2.10966
258 2.11354
259 2.12265
260 2.12451
261 2.12786
262 2.14402
263 2.15388
264 2.17401
265 2.18524
266 2.20534
267 2.21326
268 2.21992
269 2.22194
270 2.24169
271 2.24634
272 2.2514
273 2.26382
274 2.27674
275 2.27886
276 2.30136
277 2.31705
278 2.32658
279 2.33154
280 2.34677
281 2.34969
282 2.37086
283 2.37568
284 2.382
285 2.39617
286 2.40485
287 2.41129
288 2.41965
289 2.42972
290 2.43248
291 2.43728
292 2.4468
293 2.44792
294 2.45727
295 2.47268
296 2.48762
297 2.4957
298 2.52329
299 2.52726
300 2.55868
301 2.574
302 2.57654
303 2.57998
304 2.59205
305 2.60074
306 2.60869
307 2.61348
308 2.61913
309 2.62508
310 2.63897
311 2.64607
312 2.65015
313 2.66111
314 2.66508
315 2.6883
316 2.72271
317 2.74041
318 2.76074
319 2.76692
320 2.76985
321 2.78323
322 2.78986
323 2.80118
324 2.83356
325 2.83781
326 2.84431
327 2.84826
328 2.85078
329 2.87442
330 2.90285
331 2.91314
332 2.93101
333 2.9346
334 2.94199
335 2.96627
336 2.97612
337 2.9867
338 2.9979
