1 0.00192
2 0.00748
3 0.01186
4 0.01901
5 0.02341
6 0.03866
7 0.06271
8 0.07314
9 0.0808
10 0.08509
11 0.08786
12 0.09739
13 0.10063
14 0.10531
15 0.10991
16 0.11608
17 0.11994
18 0.12183
19 0.12922
20 0.13334
21 0.14213
22 0.14607
23 0.14903
24 0.1577
25 0.1757
26 0.17899
27 0.18718
28 0.19159
29 0.19665
30 0.21001
31 0.21973
32 0.22933
33 0.23191
34 0.23399
35 0.24369
36 0.25184
37 0.25411
38 0.26068
39 0.27107
40 0.28045
41 0.3119
42 0.31337
43 0.31956
44 0.3386
45 0.37261
46 0.37684
47 0.39759
48 0.40349
49 0.40486
50 0.408
51 0.42303
52 0.42923
53 0.43417
54 0.43636
55 0.43975
56 0.44212
57 0.45148
58 0.45881
59 0.4715
60 0.48679
61 0.4926
62 0.49527
63 0.51608
64 0.52191
65 0.53128
66 0.55511
67 0.56222
68 0.58329
69 0.60382
70 0.60891
71 0.612
72 0.61558
73 0.61992
74 0.62751
75 0.63078
76 0.64217
77 0.68574
78 0.69428
79 0.70169
80 0.70471
81 0.72731
82 0.72908
83 0.74079
84 0.74526
85 0.75057
86 0.76229
87 0.78796
88 0.79353
89 0.80089
90 0.81497
91 0.83236
92 0.85617
93 0.86042
94 0.86303
95 0.8723
96 0.87575
97 0.88102
98 0.88219
99 0.88552
100 0.89895
101 0.90088
102 0.90281
103 0.9193
104 0.92165
105 0.928
106 0.93223
107 0.9365
108 0.94059
109 0.94562
110 0.95158
111 0.95265
112 0.96248
113 0.97193
114 0.97794
115 0.98265
116 0.99363
117 0.9998
118 1.01964
119 1.02477
120 1.053
121 1.06265
122 1.08085
123 1.09258
124 1.10442
125 1.10631
126 1.11159
127 1.11532
128 1.11965
129 1.12542
130 1.13498
131 1.13825
132 1.14212
133 1.14695
134 1.15309
135 1.15449
136 1.15696
137 1.16698
138 1.17568
139 1.17922
140 1.18739
141 1.19146
142 1.19941
143 1.20892
144 1.20998
145 1.22046
146 1.23128
147 1.24083
148 1.25223
149 1.26906
150 1.27539
151 1.29827
152 1.3069
153 1.33097
154 1.34188
155 1.3477
156 1.35231
157 1.35485
158 1.35673
159 1.36587
160 1.37084
161 1.38173
162 1.38843
163 1.39826
164 1.40213
165 1.41992
166 1.42288
167 1.42919
168 1.43658
169 1.44223
170 1.44338
171 1.45295
172 1.45843
173 1.47268
174 1.4787
175 1.48018
176 1.48615
177 1.48742
178 1.50072
179 1.50289
180 1.51122
181 1.52133
182 1.52347
183 1.53632
184 1.53819
185 1.54181
186 1.55799
187 1.56663
188 1.58502
189 1.60132
190 1.60466
191 1.61265
192 1.61858
193 1.62894
194 1.63403
195 1.64187
196 1.64826
197 1.65909
198 1.67216
199 1.6786
200 1.6844
201 1.70584
202 1.71817
203 1.72
204 1.7353
205 1.74427
206 1.74527
207 1.75
208 1.76372
209 1.76689
210 1.7706
211 1.80277
212 1.81024
213 1.82998
214 1.84409
215 1.85702
216 1.86406
217 1.87399
218 1.87824
219 1.88428
220 1.88683
221 1.89987
222 1.90793
223 1.91736
224 1.93458
225 1.94792
226 1.95203
227 1.95523
228 1.95863
229 1.98166
230 1.99626
231 2.01703
232 2.01914
233 2.03764
234 2.04755
235 2.08242
236 2.08734
237 2.09672
238 2.10295
239 2.10823
240 2.10996
241 2.11345
242 2.11611
243 2.12367
244 2.12575
245 2.13209
246 2.1351
247 2.14509
248 2.15578
249 2.16876
250 2.17111
251 2.17446
252 2.18889
253 2.19266
254 2.19733
255 2.20052
256 2.20544
257 2.20664
258 2.22356
259 2.23051
260 2.23771
261 2.24126
262 2.25
263 2.27127
264 2.28938
265 2.29848
266 2.3148
267 2.34444
268 2.35181
269 2.36217
270 2.36394
271 2.36794
272 2.37282
273 2.38158
274 2.38617
275 2.38834
276 2.39423
277 2.40209
278 2.41183
279 2.41446
280 2.43554
281 2.43937
282 2.4506
283 2.47485
284 2.48349
285 2.48588
286 2.49669
287 2.50022
288 2.50513
289 2.50608
290 2.51971
291 2.52288
292 2.52917
293 2.54692
294 2.54966
295 2.56115
296 2.58706
297 2.59231
298 2.60672
299 2.60997
300 2.61731
301 2.62258
302 2.62646
303 2.63935
304 2.65067
305 2.66536
306 2.67252
307 2.68511
308 2.69605
309 2.73179
310 2.73354
311 2.73872
312 2.74454
313 2.75381
314 2.76242
315 2.765
316 2.76907
317 2.77259
318 2.79066
319 2.79675
320 2.80066
321 2.82437
322 2.84011
323 2.84322
324 2.85141
325 2.86055
326 2.86874
327 2.87034
328 2.87447
329 2.88063
330 2.88353
331 2.88768
332 2.90481
333 2.93559
334 2.94105
335 2.94964
336 2.95183
337 2.96883
338 2.98305
339 2.98662
340 2.99141
