1 0.00344
2 0.00998
3 0.01962
4 0.02821
5 0.0356
6 0.04426
7 0.04638
8 0.05339
9 0.0569
10 0.05918
11 0.06404
12 0.07236
13 0.07368
14 0.07794
15 0.0821
16 0.08928
17 0.0986
18 0.11698
19 0.1207
20 0.12874
21 0.13303
22 0.13598
23 0.1401
24 0.14488
25 0.149
26 0.15272
27 0.17058
28 0.18557
29 0.19249
30 0.19422
31 0.20345
32 0.20848
33 0.21215
34 0.22092
35 0.22971
36 0.23849
37 0.24542
38 0.2486
39 0.25306
40 0.25679
41 0.26374
42 0.26655
43 0.27558
44 0.29351
45 0.3029
46 0.31022
47 0.31608
48 0.31836
49 0.32367
50 0.32877
51 0.33136
52 0.33771
53 0.37185
54 0.37766
55 0.38602
56 0.39085
57 0.41872
58 0.42391
59 0.43495
60 0.43901
61 0.44784
62 0.45342
63 0.45588
64 0.4578
65 0.46128
66 0.46673
67 0.47046
68 0.48125
69 0.48652
70 0.49202
71 0.50252
72 0.50749
73 0.51155
74 0.52446
75 0.54038
76 0.5491
77 0.5516
78 0.55626
79 0.55908
80 0.56676
81 0.57312
82 0.58174
83 0.58943
84 0.59357
85 0.60137
86 0.6237
87 0.62767
88 0.62905
89 0.6312
90 0.63409
91 0.64213
92 0.6464
93 0.64809
94 0.65178
95 0.65882
96 0.67035
97 0.67554
98 0.67729
99 0.67856
100 0.68333
101 0.69297
102 0.70662
103 0.71275
104 0.71652
105 0.72057
106 0.72219
107 0.72928
108 0.73748
109 0.744
110 0.75094
111 0.76543
112 0.77335
113 0.78298
114 0.79873
115 0.8015
116 0.81038
117 0.81473
118 0.82086
119 0.83964
120 0.84647
121 0.85361
122 0.87084
123 0.87941
124 0.88301
125 0.88488
126 0.88835
127 0.89615
128 0.9158
129 0.91988
130 0.92309
131 0.92553
132 0.92914
133 0.93144
134 0.9345
135 0.93835
136 0.94058
137 0.94433
138 0.95976
139 0.97535
140 0.97851
141 0.983
142 0.98833
143 0.99292
144 1.00006
145 1.00982
146 1.01697
147 1.01959
148 1.03325
149 1.0385
150 1.04695
151 1.05086
152 1.05347
153 1.0594
154 1.06479
155 1.06642
156 1.07226
157 1.07443
158 1.08124
159 1.09083
160 1.09756
161 1.12056
162 1.12649
163 1.13555
164 1.14966
165 1.16792
166 1.17138
167 1.17524
168 1.17751
169 1.1831
170 1.18908
171 1.20831
172 1.22168
173 1.22664
174 1.23227
175 1.23482
176 1.24211
177 1.24693
178 1.25012
179 1.25951
180 1.26386
181 1.27197
182 1.28126
183 1.29093
184 1.3229
185 1.32642
186 1.33032
187 1.33334
188 1.34282
189 1.34716
190 1.37212
191 1.37363
192 1.37486
193 1.37657
194 1.37886
195 1.38032
196 1.39172
197 1.40262
198 1.41842
199 1.42322
200 1.42561
201 1.42791
202 1.43321
203 1.45029
204 1.45399
205 1.4664
206 1.4691
207 1.47349
208 1.48369
209 1.4898
210 1.49825
211 1.50489
212 1.52139
213 1.52895
214 1.5369
215 1.55107
216 1.55651
217 1.5593
218 1.56372
219 1.567
220 1.57231
221 1.58002
222 1.58149
223 1.59293
224 1.59554
225 1.59937
226 1.61898
227 1.62119
228 1.62378
229 1.63906
230 1.64511
231 1.64644
232 1.65425
233 1.67304
234 1.68998
235 1.69413
236 1.69555
237 1.70476
238 1.71154
239 1.71354
240 1.71749
241 1.725
242 1.73186
243 1.73805
244 1.73956
245 1.75457
246 1.75957
247 1.7658
248 1.76976
249 1.782
250 1.78802
251 1.79369
252 1.80644
253 1.81339
254 1.81833
255 1.8218
256 1.83135
257 1.84465
258 1.85797
259 1.87136
260 1.87476
261 1.87747
262 1.89192
263 1.91824
264 1.93093
265 1.9336
266 1.93776
267 1.94672
268 1.95148
269 1.9535
270 1.96516
271 1.96755
272 1.97624
273 1.98388
274 1.98611
275 1.99038
276 1.99381
277 2.00494
278 2.00996
279 2.02891
280 2.03158
281 2.03802
282 2.04013
283 2.05645
284 2.07114
285 2.07415
286 2.07796
287 2.08119
288 2.08895
289 2.09172
290 2.09364
291 2.10022
292 2.10342
293 2.12334
294 2.1302
295 2.13715
296 2.14107
297 2.17194
298 2.17547
299 2.18835
300 2.19304
301 2.21067
302 2.21331
303 2.21493
304 2.21855
305 2.22427
306 2.23166
307 2.23274
308 2.23397
309 2.23595
310 2.23698
311 2.24487
312 2.25051
313 2.26235
314 2.27347
315 2.28121
316 2.29724
317 2.30036
318 2.32496
319 2.32608
320 2.33675
321 2.33884
322 2.3432
323 2.34801
324 2.35449
325 2.37425
326 2.37746
327 2.37987
328 2.38365
329 2.38501
330 2.38984
331 2.42504
332 2.43575
333 2.44099
334 2.46584
335 2.46822
336 2.48948
337 2.49355
338 2.51
339 2.51331
340 2.51844
341 2.52351
342 2.53169
343 2.54175
344 2.55991
345 2.56441
346 2.57969
347 2.58449
348 2.59018
349 2.59757
350 2.61778
351 2.62126
352 2.62731
353 2.64347
354 2.64713
355 2.66903
356 2.67964
357 2.6812
358 2.69247
359 2.69681
360 2.71147
361 2.71455
362 2.71723
363 2.7237
364 2.72921
365 2.74218
366 2.75568
367 2.75791
368 2.77122
369 2.77797
370 2.79847
371 2.8008
372 2.8133
373 2.81657
374 2.82129
375 2.82767
376 2.82919
377 2.83586
378 2.84052
379 2.84579
380 2.87109
381 2.8732
382 2.87545
383 2.87742
384 2.8836
385 2.89206
386 2.91779
387 2.92799
388 2.92944
389 2.93827
390 2.93924
391 2.95478
392 2.95971
393 2.9626
394 2.96698
395 2.96963
396 2.97782
397 2.97974
398 2.98251
399 2.98847
400 2.9924
401 2.99778
402 2.99995
