1 0.00154
2 0.00676
3 0.01227
4 0.01971
5 0.0238
6 0.03179
7 0.03581
8 0.04867
9 0.0544
10 0.05953
11 0.06141
12 0.06481
13 0.06639
14 0.07433
15 0.07785
16 0.0894
17 0.09937
18 0.1045
19 0.10917
20 0.11126
21 0.11495
22 0.12519
23 0.13281
24 0.13445
25 0.1458
26 0.1493
27 0.15729
28 0.17338
29 0.18217
30 0.18512
31 0.19062
32 0.19701
33 0.2
34 0.216
35 0.2208
36 0.22313
37 0.23359
38 0.23793
39 0.25392
40 0.25826
41 0.25923
42 0.26285
43 0.27269
44 0.27454
45 0.27804
46 0.2834
47 0.28757
48 0.28936
49 0.29776
50 0.30516
51 0.30843
52 0.31167
53 0.32068
54 0.33064
55 0.33346
56 0.33498
57 0.33936
58 0.34308
59 0.34564
60 0.34865
61 0.35721
62 0.36162
63 0.37346
64 0.37737
65 0.38169
66 0.38292
67 0.39601
68 0.41173
69 0.42433
70 0.4327
71 0.43881
72 0.44787
73 0.45462
74 0.4624
75 0.46387
76 0.46714
77 0.46926
78 0.47311
79 0.47843
80 0.48366
81 0.49341
82 0.50108
83 0.51181
84 0.5192
85 0.52982
86 0.53384
87 0.55196
88 0.55521
89 0.5578
90 0.56608
91 0.57075
92 0.57889
93 0.58259
94 0.59272
95 0.59892
96 0.60241
97 0.60569
98 0.60677
99 0.61257
100 0.63077
101 0.64959
102 0.65416
103 0.66301
104 0.66697
105 0.66837
106 0.67048
107 0.6731
108 0.67982
109 0.68192
110 0.68862
111 0.69257
112 0.69576
113 0.704
114 0.70959
115 0.71501
116 0.7182
117 0.72354
118 0.72981
119 0.73488
120 0.75084
121 0.75846
122 0.7622
123 0.76471
124 0.76834
125 0.77448
126 0.79356
127 0.79672
128 0.80522
129 0.81739
130 0.82694
131 0.83351
132 0.84529
133 0.8509
134 0.85695
135 0.866
136 0.86962
137 0.87335
138 0.87829
139 0.90097
140 0.90868
141 0.91545
142 0.9331
143 0.94243
144 0.94867
145 0.9632
146 0.96625
147 0.9696
148 0.97283
149 0.97714
150 0.98337
151 0.9844
152 0.99083
153 1.00288
154 1.00497
155 1.00787
156 1.01424
157 1.01939
158 1.02651
159 1.03068
160 1.03372
161 1.03541
162 1.04125
163 1.04903
164 1.05549
165 1.06095
166 1.06502
167 1.06752
168 1.07984
169 1.08459
170 1.08854
171 1.09382
172 1.09887
173 1.10194
174 1.11238
175 1.12195
176 1.13053
177 1.146
178 1.14976
179 1.15731
180 1.16356
181 1.16805
182 1.17139
183 1.17531
184 1.18222
185 1.18538
186 1.18752
187 1.19945
188 1.205
189 1.20756
190 1.21415
191 1.22044
192 1.22352
193 1.23482
194 1.24241
195 1.25212
196 1.25473
197 1.26207
198 1.27268
199 1.27362
200 1.27869
201 1.28811
202 1.30334
203 1.30786
204 1.31334
205 1.32498
206 1.32755
207 1.33439
208 1.34001
209 1.34355
210 1.35492
211 1.36393
212 1.36657
213 1.38655
214 1.39687
215 1.41212
216 1.42031
217 1.42794
218 1.43355
219 1.43547
220 1.43875
221 1.44035
222 1.44486
223 1.45193
224 1.45331
225 1.45828
226 1.46178
227 1.46659
228 1.48114
229 1.48419
230 1.49775
231 1.51059
232 1.51372
233 1.51869
234 1.53327
235 1.55375
236 1.55776
237 1.5634
238 1.57572
239 1.5904
240 1.59323
241 1.5945
242 1.59625
243 1.59768
244 1.6019
245 1.61626
246 1.62675
247 1.63059
248 1.63977
249 1.66331
250 1.6645
251 1.67575
252 1.68006
253 1.69386
254 1.71199
255 1.71583
256 1.72016
257 1.72942
258 1.73427
259 1.73678
260 1.75548
261 1.7605
262 1.77067
263 1.77358
264 1.77793
265 1.78529
266 1.78978
267 1.8028
268 1.80518
269 1.81541
270 1.82456
271 1.83332
272 1.83756
273 1.84273
274 1.8464
275 1.85303
276 1.85417
277 1.85829
278 1.86178
279 1.86407
280 1.86872
281 1.87519
282 1.89373
283 1.89747
284 1.90116
285 1.90518
286 1.90703
287 1.91465
288 1.91655
289 1.91783
290 1.92007
291 1.93858
292 1.94096
293 1.94479
294 1.9483
295 1.96101
296 1.96349
297 1.97226
298 1.97956
299 1.98611
300 1.98997
301 1.99872
302 2.00352
303 2.0143
304 2.02759
305 2.04229
306 2.04802
307 2.05327
308 2.05603
309 2.05869
310 2.06199
311 2.07163
312 2.08052
313 2.08437
314 2.09534
315 2.09995
316 2.10773
317 2.11561
318 2.11862
319 2.13832
320 2.14279
321 2.15263
322 2.17763
323 2.1872
324 2.19355
325 2.20044
326 2.20805
327 2.21262
328 2.21359
329 2.22146
330 2.22511
331 2.23363
332 2.24121
333 2.25259
334 2.25784
335 2.26178
336 2.26413
337 2.27623
338 2.28174
339 2.28445
340 2.29276
341 2.29393
342 2.29663
343 2.30822
344 2.31324
345 2.32045
346 2.33361
347 2.33577
348 2.34465
349 2.34881
350 2.35367
351 2.35637
352 2.36661
353 2.38115
354 2.39181
355 2.39415
356 2.40545
357 2.41412
358 2.42255
359 2.42736
360 2.4359
361 2.44761
362 2.46236
363 2.47646
364 2.5089
365 2.51894
366 2.52543
367 2.53049
368 2.53364
369 2.54048
370 2.54711
371 2.55817
372 2.5689
373 2.5736
374 2.60058
375 2.60466
376 2.60891
377 2.62097
378 2.63156
379 2.64193
380 2.64351
381 2.64848
382 2.65482
383 2.65588
384 2.65747
385 2.67172
386 2.68559
387 2.69057
388 2.69652
389 2.69989
390 2.7086
391 2.71124
392 2.71525
393 2.72605
394 2.74367
395 2.75262
396 2.75695
397 2.76887
398 2.77287
399 2.77451
400 2.7969
401 2.8012
402 2.80749
403 2.81142
404 2.82654
405 2.84199
406 2.85496
407 2.86987
408 2.87571
409 2.88381
410 2.88592
411 2.89053
412 2.90443
413 2.91369
414 2.93467
415 2.94337
416 2.9516
417 2.95665
418 2.9631
419 2.96707
420 2.98806
421 2.98982
422 2.9907
