1 0.00439
2 0.00616
3 0.01204
4 0.01394
5 0.01612
6 0.01812
7 0.02717
8 0.03672
9 0.0428
10 0.04563
11 0.05373
12 0.06259
13 0.07876
14 0.08468
15 0.09877
16 0.10978
17 0.11349
18 0.12909
19 0.14257
20 0.15218
21 0.15579
22 0.15769
23 0.15961
24 0.1616
25 0.17117
26 0.17743
27 0.18112
28 0.18433
29 0.19423
30 0.19525
31 0.21201
32 0.21328
33 0.22607
34 0.22842
35 0.24464
36 0.25926
37 0.26399
38 0.2675
39 0.26985
40 0.27819
41 0.29827
42 0.32207
43 0.32626
44 0.32839
45 0.32976
46 0.33197
47 0.34639
48 0.3481
49 0.35356
50 0.36913
51 0.3743
52 0.37949
53 0.39194
54 0.39708
55 0.402
56 0.40987
57 0.42558
58 0.43627
59 0.45127
60 0.4632
61 0.46606
62 0.4766
63 0.48076
64 0.49245
65 0.50311
66 0.50484
67 0.51106
68 0.51767
69 0.52203
70 0.53425
71 0.54308
72 0.54605
73 0.55729
74 0.5796
75 0.58835
76 0.59364
77 0.63012
78 0.63621
79 0.65433
80 0.66557
81 0.68781
82 0.69831
83 0.70895
84 0.71339
85 0.72325
86 0.73276
87 0.74484
88 0.74905
89 0.75358
90 0.75772
91 0.76639
92 0.79727
93 0.80158
94 0.81316
95 0.8181
96 0.83125
97 0.83572
98 0.83991
99 0.84131
100 0.84438
101 0.84627
102 0.85394
103 0.864
104 0.87382
105 0.90077
106 0.90694
107 0.91174
108 0.92644
109 0.93631
110 0.95481
111 0.964
112 0.9794
113 0.99147
114 1.00749
115 1.01781
116 1.03388
117 1.03854
118 1.05323
119 1.06601
120 1.07504
121 1.08522
122 1.08769
123 1.09177
124 1.09862
125 1.10991
126 1.11884
127 1.12294
128 1.12926
129 1.13437
130 1.13878
131 1.14397
132 1.15389
133 1.16285
134 1.17467
135 1.19428
136 1.19981
137 1.20439
138 1.22782
139 1.23247
140 1.24857
141 1.2525
142 1.26376
143 1.27861
144 1.2843
145 1.31062
146 1.32566
147 1.33699
148 1.35912
149 1.36558
150 1.36863
151 1.3877
152 1.39092
153 1.39816
154 1.40948
155 1.41465
156 1.4197
157 1.43575
158 1.46437
159 1.47209
160 1.47746
161 1.48172
162 1.50123
163 1.50718
164 1.51128
165 1.52087
166 1.52489
167 1.5347
168 1.53948
169 1.54768
170 1.55927
171 1.57029
172 1.58162
173 1.59178
174 1.59435
175 1.60347
176 1.61299
177 1.61874
178 1.62444
179 1.63792
180 1.64071
181 1.65111
182 1.6564
183 1.66299
184 1.66795
185 1.67155
186 1.67609
187 1.6918
188 1.69565
189 1.69801
190 1.70034
191 1.70754
192 1.721
193 1.72623
194 1.75258
195 1.75509
196 1.76459
197 1.77185
198 1.78227
199 1.78378
200 1.78946
201 1.79539
202 1.80225
203 1.8193
204 1.83725
205 1.84498
206 1.85786
207 1.86275
208 1.8679
209 1.87727
210 1.88253
211 1.88747
212 1.89354
213 1.90819
214 1.91461
215 1.92088
216 1.92732
217 1.93651
218 1.94116
219 1.94478
220 1.95701
221 1.96684
222 1.9681
223 1.98312
224 1.99503
225 2.00287
226 2.01213
227 2.02761
228 2.03033
229 2.03267
230 2.04915
231 2.05294
232 2.07892
233 2.08241
234 2.08924
235 2.09035
236 2.09614
237 2.11268
238 2.12067
239 2.12802
240 2.13473
241 2.1367
242 2.13904
243 2.14481
244 2.16315
245 2.16664
246 2.16806
247 2.19232
248 2.19704
249 2.20866
250 2.21438
251 2.21959
252 2.22836
253 2.23107
254 2.24765
255 2.24975
256 2.27014
257 2.2845
258 2.28809
259 2.30113
260 2.30755
261 2.32231
262 2.33093
263 2.34101
264 2.36418
265 2.36716
266 2.38112
267 2.3959
268 2.39789
269 2.41619
270 2.41842
271 2.42356
272 2.4278
273 2.444
274 2.44535
275 2.45008
276 2.4555
277 2.45916
278 2.46323
279 2.48179
280 2.48467
281 2.50319
282 2.51432
283 2.52156
284 2.53528
285 2.5415
286 2.56795
287 2.57287
288 2.58075
289 2.59399
290 2.61182
291 2.61584
292 2.63447
293 2.64776
294 2.65923
295 2.67045
296 2.67368
297 2.6815
298 2.68897
299 2.70333
300 2.71328
301 2.7245
302 2.72594
303 2.73738
304 2.75536
305 2.77719
306 2.78227
307 2.79795
308 2.81361
309 2.82151
310 2.8291
311 2.83579
312 2.83988
313 2.84153
314 2.84594
315 2.85307
316 2.85497
317 2.86556
318 2.86823
319 2.87091
320 2.89136
321 2.90986
322 2.92127
323 2.9344
324 2.94673
325 2.94884
326 2.95082
327 2.95336
328 2.95463
329 2.95772
330 2.97061
331 2.97928
332 2.99017
333 2.99259
