1 0.0019
2 0.0102
3 0.01422
4 0.01792
5 0.02685
6 0.03316
7 0.03636
8 0.04905
9 0.05978
10 0.06268
11 0.07411
12 0.07563
13 0.08003
14 0.08322
15 0.09065
16 0.09369
17 0.0971
18 0.10568
19 0.1069
20 0.10862
21 0.11158
22 0.11685
23 0.12095
24 0.12243
25 0.12863
26 0.13522
27 0.14456
28 0.14592
29 0.14854
30 0.15624
31 0.15958
32 0.16278
33 0.16929
34 0.1767
35 0.18089
36 0.18753
37 0.1971
38 0.20411
39 0.20512
40 0.21254
41 0.22594
42 0.23074
43 0.23254
44 0.23655
45 0.2451
46 0.25254
47 0.25523
48 0.25925
49 0.26123
50 0.26715
51 0.28881
52 0.29314
53 0.29894
54 0.30138
55 0.31699
56 0.31851
57 0.32295
58 0.33682
59 0.34215
60 0.35068
61 0.35864
62 0.36099
63 0.38473
64 0.38865
65 0.40038
66 0.40269
67 0.4091
68 0.42174
69 0.42969
70 0.4321
71 0.43936
72 0.44796
73 0.45731
74 0.46407
75 0.46838
76 0.48232
77 0.48608
78 0.4911
79 0.50673
80 0.51193
81 0.51806
82 0.52906
83 0.53599
84 0.54677
85 0.54811
86 0.5514
87 0.55265
88 0.55629
89 0.55763
90 0.55879
91 0.58648
92 0.59733
93 0.60832
94 0.61713
95 0.61885
96 0.62408
97 0.63412
98 0.63927
99 0.64424
100 0.64779
101 0.64989
102 0.652
103 0.65736
104 0.66455
105 0.67235
106 0.68311
107 0.69335
108 0.69418
109 0.70068
110 0.70927
111 0.71891
112 0.73512
113 0.74227
114 0.74588
115 0.75477
116 0.75932
117 0.76418
118 0.77044
119 0.77938
120 0.78426
121 0.7918
122 0.79649
123 0.7992
124 0.80188
125 0.80505
126 0.82096
127 0.82694
128 0.83103
129 0.83473
130 0.851
131 0.85624
132 0.87324
133 0.87894
134 0.88282
135 0.88518
136 0.8863
137 0.89513
138 0.89833
139 0.90113
140 0.91012
141 0.91743
142 0.92093
143 0.92991
144 0.93942
145 0.94184
146 0.94444
147 0.94893
148 0.96325
149 0.97106
150 0.98303
151 0.985
152 0.99308
153 0.99648
154 1.00332
155 1.00977
156 1.01513
157 1.01718
158 1.02857
159 1.03356
160 1.04751
161 1.05118
162 1.05825
163 1.06051
164 1.06342
165 1.06681
166 1.07276
167 1.07621
168 1.08685
169 1.09156
170 1.10189
171 1.10514
172 1.11018
173 1.13003
174 1.13469
175 1.13735
176 1.14781
177 1.17925
178 1.1838
179 1.18661
180 1.19653
181 1.21007
182 1.21769
183 1.23564
184 1.24341
185 1.24681
186 1.26283
187 1.27351
188 1.27845
189 1.28463
190 1.28999
191 1.31022
192 1.32872
193 1.33446
194 1.3383
195 1.34463
196 1.35062
197 1.35717
198 1.36058
199 1.36266
200 1.3686
201 1.37281
202 1.3796
203 1.38933
204 1.39499
205 1.40544
206 1.41243
207 1.42279
208 1.45129
209 1.46345
210 1.46908
211 1.47452
212 1.48209
213 1.48969
214 1.50752
215 1.51236
216 1.52495
217 1.52751
218 1.5377
219 1.53945
220 1.54905
221 1.55684
222 1.55999
223 1.56286
224 1.57851
225 1.58222
226 1.60475
227 1.61432
228 1.62091
229 1.63433
230 1.64302
231 1.64715
232 1.6558
233 1.66342
234 1.66671
235 1.6735
236 1.67599
237 1.67794
238 1.68634
239 1.69189
240 1.69838
241 1.70649
242 1.7167
243 1.72279
244 1.73105
245 1.73464
246 1.73733
247 1.75414
248 1.75598
249 1.76058
250 1.76326
251 1.76459
252 1.77295
253 1.779
254 1.78959
255 1.80126
256 1.80926
257 1.81332
258 1.81785
259 1.82172
260 1.82693
261 1.8354
262 1.85112
263 1.8547
264 1.85818
265 1.86026
266 1.86354
267 1.87757
268 1.88124
269 1.88416
270 1.90336
271 1.90726
272 1.91377
273 1.92005
274 1.92543
275 1.94411
276 1.95476
277 1.96901
278 1.9776
279 1.99775
280 2.0092
281 2.01946
282 2.0254
283 2.03387
284 2.0436
285 2.04754
286 2.06327
287 2.0657
288 2.06969
289 2.0763
290 2.079
291 2.0849
292 2.08754
293 2.11511
294 2.11769
295 2.12138
296 2.12703
297 2.13419
298 2.13812
299 2.13994
300 2.14073
301 2.14533
302 2.15023
303 2.15678
304 2.15985
305 2.16909
306 2.17071
307 2.17593
308 2.18209
309 2.18939
310 2.201
311 2.21258
312 2.23904
313 2.25707
314 2.26006
315 2.2663
316 2.27086
317 2.27578
318 2.29207
319 2.29444
320 2.29962
321 2.30375
322 2.31808
323 2.32204
324 2.33119
325 2.3326
326 2.34469
327 2.352
328 2.35861
329 2.37436
330 2.37751
331 2.38786
332 2.39418
333 2.39785
334 2.39993
335 2.40738
336 2.41623
337 2.42279
338 2.43092
339 2.43663
340 2.44568
341 2.45563
342 2.46204
343 2.4646
344 2.47867
345 2.48066
346 2.49448
347 2.49579
348 2.49997
349 2.5104
350 2.51447
351 2.52217
352 2.52868
353 2.53899
354 2.54948
355 2.55055
356 2.56178
357 2.57944
358 2.58537
359 2.58897
360 2.59211
361 2.60409
362 2.60643
363 2.61317
364 2.62395
365 2.63165
366 2.65019
367 2.65583
368 2.65826
369 2.66561
370 2.66733
371 2.67069
372 2.67254
373 2.68606
374 2.68962
375 2.69258
376 2.69988
377 2.70882
378 2.71725
379 2.72239
380 2.73478
381 2.74397
382 2.74763
383 2.75885
384 2.76528
385 2.76847
386 2.77017
387 2.77896
388 2.79017
389 2.79459
390 2.79819
391 2.80155
392 2.80856
393 2.81292
394 2.82154
395 2.82368
396 2.82714
397 2.83724
398 2.83906
399 2.84752
400 2.85235
401 2.85706
402 2.86247
403 2.87501
404 2.88453
405 2.89954
406 2.9078
407 2.91414
408 2.92284
409 2.95543
410 2.96552
411 2.97688
412 2.98471
