1 0.00252
2 0.00671
3 0.01589
4 0.01723
5 0.02376
6 0.02543
7 0.03399
8 0.03999
9 0.04506
10 0.05777
11 0.05951
12 0.06537
13 0.07557
14 0.0906
15 0.09245
16 0.09887
17 0.1003
18 0.1015
19 0.10295
20 0.1066
21 0.10914
22 0.12112
23 0.12252
24 0.12573
25 0.12892
26 0.14058
27 0.14333
28 0.14692
29 0.15238
30 0.15527
31 0.16018
32 0.16429
33 0.17134
34 0.17689
35 0.18619
36 0.19602
37 0.20013
38 0.20769
39 0.2124
40 0.21597
41 0.22585
42 0.23159
43 0.24102
44 0.25646
45 0.26443
46 0.26661
47 0.27724
48 0.28122
49 0.30965
50 0.3122
51 0.31588
52 0.32909
53 0.33825
54 0.34286
55 0.34664
56 0.35458
57 0.35867
58 0.36965
59 0.37143
60 0.38327
61 0.3876
62 0.39527
63 0.39917
64 0.40553
65 0.40769
66 0.41844
67 0.42408
68 0.42685
69 0.43112
70 0.44112
71 0.44877
72 0.45084
73 0.45529
74 0.46329
75 0.46573
76 0.47393
77 0.47754
78 0.4802
79 0.49566
80 0.50653
81 0.50991
82 0.51156
83 0.51629
84 0.52168
85 0.53222
86 0.54103
87 0.55858
88 0.56345
89 0.5756
90 0.57818
91 0.59284
92 0.60278
93 0.60553
94 0.60707
95 0.61344
96 0.6209
97 0.62246
98 0.62725
99 0.62995
100 0.64509
101 0.65025
102 0.65434
103 0.67476
104 0.68036
105 0.68146
106 0.68363
107 0.69297
108 0.69543
109 0.70404
110 0.70721
111 0.71264
112 0.71922
113 0.72395
114 0.73596
115 0.74833
116 0.75798
117 0.76306
118 0.77086
119 0.77253
120 0.77524
121 0.78888
122 0.79101
123 0.79519
124 0.80354
125 0.80838
126 0.81323
127 0.82
128 0.82853
129 0.83904
130 0.84492
131 0.85323
132 0.85654
133 0.87282
134 0.88218
135 0.8845
136 0.90195
137 0.90433
138 0.91102
139 0.92699
140 0.94825
141 0.94961
142 0.95355
143 0.97672
144 0.98096
145 1.00361
146 1.01103
147 1.02004
148 1.02421
149 1.02969
150 1.03135
151 1.0426
152 1.05191
153 1.06423
154 1.06711
155 1.07914
156 1.08673
157 1.10056
158 1.10195
159 1.10459
160 1.11285
161 1.1174
162 1.12782
163 1.12881
164 1.13005
165 1.13183
166 1.14974
167 1.17001
168 1.17604
169 1.17717
170 1.17902
171 1.18577
172 1.19679
173 1.2012
174 1.20739
175 1.21057
176 1.21428
177 1.21904
178 1.22037
179 1.23349
180 1.23708
181 1.24559
182 1.25605
183 1.25881
184 1.26294
185 1.26985
186 1.27089
187 1.28244
188 1.29303
189 1.3118
190 1.31688
191 1.32252
192 1.32515
193 1.3291
194 1.33631
195 1.34973
196 1.36223
197 1.37053
198 1.37527
199 1.37946
200 1.38466
201 1.39241
202 1.40682
203 1.41273
204 1.43199
205 1.44642
206 1.45309
207 1.4636
208 1.47515
209 1.4855
210 1.50681
211 1.50967
212 1.51095
213 1.51707
214 1.52022
215 1.52226
216 1.53234
217 1.53706
218 1.54514
219 1.54932
220 1.56192
221 1.56756
222 1.57074
223 1.57466
224 1.58434
225 1.59662
226 1.60764
227 1.61766
228 1.61929
229 1.6264
230 1.63084
231 1.63731
232 1.64503
233 1.65368
234 1.65559
235 1.68073
236 1.69647
237 1.70771
238 1.71365
239 1.71624
240 1.72209
241 1.73382
242 1.74887
243 1.75293
244 1.75954
245 1.76298
246 1.77226
247 1.77472
248 1.78006
249 1.78311
250 1.80944
251 1.8219
252 1.83027
253 1.84409
254 1.85484
255 1.8593
256 1.86524
257 1.87263
258 1.88287
259 1.88865
260 1.89603
261 1.91061
262 1.91772
263 1.92415
264 1.92854
265 1.93165
266 1.93451
267 1.93874
268 1.94242
269 1.95529
270 1.96133
271 1.96505
272 1.97024
273 1.9763
274 1.9785
275 1.99898
276 2.00428
277 2.01095
278 2.01373
279 2.01769
280 2.021
281 2.02733
282 2.03798
283 2.03928
284 2.04313
285 2.05463
286 2.06853
287 2.0734
288 2.08786
289 2.09718
290 2.10075
291 2.10821
292 2.11146
293 2.11803
294 2.12093
295 2.13193
296 2.13672
297 2.1475
298 2.14974
299 2.1568
300 2.15967
301 2.17817
302 2.18485
303 2.18711
304 2.19844
305 2.21616
306 2.22215
307 2.25962
308 2.26291
309 2.26563
310 2.26939
311 2.27262
312 2.2753
313 2.28647
314 2.29632
315 2.29941
316 2.30426
317 2.31184
318 2.32052
319 2.32313
320 2.35053
321 2.36654
322 2.37074
323 2.37177
324 2.3832
325 2.40213
326 2.41012
327 2.42262
328 2.42742
329 2.43264
330 2.45264
331 2.45501
332 2.45834
333 2.4625
334 2.46644
335 2.46826
336 2.47083
337 2.4771
338 2.47976
339 2.48194
340 2.50682
341 2.51188
342 2.51588
343 2.51852
344 2.52636
345 2.52958
346 2.53669
347 2.5389
348 2.54421
349 2.55281
350 2.55572
351 2.56652
352 2.56748
353 2.56918
354 2.59318
355 2.60555
356 2.61077
357 2.61713
358 2.62244
359 2.63061
360 2.63734
361 2.64105
362 2.64786
363 2.65993
364 2.67059
365 2.67635
366 2.6796
367 2.68637
368 2.68829
369 2.69173
370 2.70467
371 2.71515
372 2.72089
373 2.72655
374 2.72899
375 2.75073
376 2.75232
377 2.75641
378 2.76662
379 2.77762
380 2.78038
381 2.78527
382 2.78919
383 2.81158
384 2.81455
385 2.81732
386 2.82212
387 2.82294
388 2.83223
389 2.84782
390 2.85612
391 2.85939
392 2.86247
393 2.86453
394 2.88559
395 2.89424
396 2.90243
397 2.90651
398 2.91355
399 2.91471
400 2.91669
401 2.92187
402 2.92313
403 2.92913
404 2.93167
405 2.94211
406 2.95748
407 2.96703
408 2.97094
409 2.97573
410 2.97899
411 2.98944
