1 0.02565
2 0.03778
3 0.03884
4 0.04017
5 0.04765
6 0.05287
7 0.0561
8 0.06762
9 0.07284
10 0.08417
11 0.08592
12 0.09639
13 0.10185
14 0.11828
15 0.13311
16 0.14067
17 0.1479
18 0.16084
19 0.17464
20 0.19131
21 0.19932
22 0.20304
23 0.23213
24 0.24116
25 0.27764
26 0.29526
27 0.29791
28 0.30083
29 0.30652
30 0.31263
31 0.31665
32 0.32536
33 0.33082
34 0.34458
35 0.35455
36 0.36555
37 0.37835
38 0.3847
39 0.39034
40 0.39913
41 0.40496
42 0.41356
43 0.4157
44 0.4196
45 0.42949
46 0.43411
47 0.43605
48 0.44804
49 0.45164
50 0.45664
51 0.46265
52 0.46971
53 0.47481
54 0.48551
55 0.48663
56 0.49625
57 0.50036
58 0.5163
59 0.52769
60 0.5323
61 0.53792
62 0.54121
63 0.54343
64 0.54866
65 0.55121
66 0.55991
67 0.56321
68 0.57324
69 0.58046
70 0.60465
71 0.61621
72 0.64044
73 0.64223
74 0.65107
75 0.65555
76 0.66227
77 0.66355
78 0.68078
79 0.69032
80 0.69831
81 0.70187
82 0.70314
83 0.71467
84 0.73756
85 0.74547
86 0.74787
87 0.75268
88 0.77202
89 0.78084
90 0.79085
91 0.79498
92 0.79753
93 0.8099
94 0.81236
95 0.82176
96 0.83068
97 0.8325
98 0.84678
99 0.85148
100 0.8652
101 0.87907
102 0.89365
103 0.89742
104 0.90474
105 0.91041
106 0.92534
107 0.93195
108 0.93652
109 0.93924
110 0.94526
111 0.95431
112 0.96178
113 0.97878
114 0.98317
115 0.98626
116 0.99102
117 0.99315
118 0.9975
119 1.0004
120 1.01778
121 1.02608
122 1.03517
123 1.04368
124 1.04623
125 1.04968
126 1.05871
127 1.06234
128 1.06655
129 1.09387
130 1.10606
131 1.12273
132 1.13172
133 1.14192
134 1.14434
135 1.14718
136 1.15276
137 1.16003
138 1.17111
139 1.17874
140 1.18524
141 1.19989
142 1.20377
143 1.20673
144 1.20981
145 1.21198
146 1.21563
147 1.22472
148 1.23254
149 1.24416
150 1.25149
151 1.25825
152 1.2819
153 1.28486
154 1.29541
155 1.30168
156 1.31023
157 1.31313
158 1.32634
159 1.33985
160 1.34401
161 1.35052
162 1.36516
163 1.36624
164 1.36843
165 1.37174
166 1.37802
167 1.39816
168 1.4007
169 1.41065
170 1.41257
171 1.42095
172 1.42695
173 1.43427
174 1.44284
175 1.45152
176 1.46016
177 1.47058
178 1.48499
179 1.49012
180 1.4942
181 1.5125
182 1.52375
183 1.53321
184 1.53874
185 1.55219
186 1.55413
187 1.55811
188 1.56086
189 1.5667
190 1.57961
191 1.59057
192 1.5962
193 1.61027
194 1.61193
195 1.61417
196 1.62309
197 1.6281
198 1.63016
199 1.64151
200 1.6443
201 1.64957
202 1.65598
203 1.66618
204 1.67491
205 1.68271
206 1.68783
207 1.69282
208 1.70469
209 1.7238
210 1.73682
211 1.7536
212 1.76702
213 1.77188
214 1.7903
215 1.79742
216 1.80146
217 1.81502
218 1.82001
219 1.83058
220 1.84567
221 1.84773
222 1.84961
223 1.85942
224 1.87871
225 1.90115
226 1.91825
227 1.92163
228 1.92609
229 1.93479
230 1.93836
231 1.94167
232 1.94985
233 1.95336
234 1.95794
235 1.9672
236 1.97273
237 1.97801
238 1.98024
239 1.99019
240 1.99792
241 2.0008
242 2.03844
243 2.04079
244 2.04672
245 2.05894
246 2.06699
247 2.0777
248 2.09662
249 2.10112
250 2.13143
251 2.13953
252 2.15735
253 2.17272
254 2.18674
255 2.19246
256 2.23323
257 2.23752
258 2.23884
259 2.24895
260 2.27949
261 2.28775
262 2.29754
263 2.31095
264 2.33101
265 2.34616
266 2.34767
267 2.35263
268 2.35736
269 2.37671
270 2.39278
271 2.40151
272 2.41565
273 2.41699
274 2.41954
275 2.42612
276 2.43176
277 2.43667
278 2.45551
279 2.47477
280 2.48511
281 2.49309
282 2.49655
283 2.50153
284 2.50706
285 2.51786
286 2.53912
287 2.55718
288 2.56022
289 2.57514
290 2.59748
291 2.60073
292 2.61834
293 2.62821
294 2.64704
295 2.64957
296 2.65522
297 2.66372
298 2.66762
299 2.67106
300 2.67625
301 2.69059
302 2.69529
303 2.70538
304 2.71323
305 2.73329
306 2.73786
307 2.74338
308 2.79652
309 2.80531
310 2.81017
311 2.81435
312 2.84557
313 2.85593
314 2.85958
315 2.861
316 2.86541
317 2.89325
318 2.90623
319 2.91904
320 2.92827
321 2.93621
322 2.93937
323 2.94148
324 2.95173
325 2.96091
326 2.96781
327 2.97357
328 2.98186
329 2.98703
330 2.99475
