1 0.00256
2 0.00852
3 0.01252
4 0.01963
5 0.0217
6 0.02474
7 0.03386
8 0.04576
9 0.05721
10 0.06193
11 0.06419
12 0.06878
13 0.07144
14 0.08411
15 0.08545
16 0.10167
17 0.10516
18 0.11072
19 0.14742
20 0.14898
21 0.1511
22 0.16255
23 0.17373
24 0.17925
25 0.19003
26 0.19715
27 0.20418
28 0.21815
29 0.24098
30 0.24626
31 0.24761
32 0.25012
33 0.25407
34 0.25913
35 0.26151
36 0.27139
37 0.27585
38 0.29495
39 0.30183
40 0.30672
41 0.31361
42 0.32411
43 0.34157
44 0.34443
45 0.35106
46 0.3703
47 0.37474
48 0.37756
49 0.38909
50 0.39366
51 0.39921
52 0.40338
53 0.40621
54 0.42902
55 0.43697
56 0.44829
57 0.45565
58 0.47526
59 0.47949
60 0.4926
61 0.50467
62 0.52018
63 0.5284
64 0.54982
65 0.55833
66 0.56622
67 0.56979
68 0.58241
69 0.58764
70 0.59188
71 0.59737
72 0.60315
73 0.62157
74 0.63966
75 0.64403
76 0.64706
77 0.68223
78 0.68821
79 0.69622
80 0.70407
81 0.71996
82 0.72536
83 0.7277
84 0.73227
85 0.73645
86 0.74161
87 0.75108
88 0.7655
89 0.77056
90 0.77415
91 0.77865
92 0.78218
93 0.78663
94 0.7919
95 0.80162
96 0.80873
97 0.81876
98 0.83966
99 0.84764
100 0.85119
101 0.86545
102 0.86801
103 0.88975
104 0.89239
105 0.90163
106 0.91248
107 0.92012
108 0.92516
109 0.92653
110 0.93553
111 0.94747
112 0.95163
113 0.95416
114 0.96203
115 0.96685
116 0.98524
117 0.99574
118 0.99726
119 1.00118
120 1.00476
121 1.02235
122 1.04571
123 1.04997
124 1.05493
125 1.0648
126 1.07111
127 1.0865
128 1.08956
129 1.0927
130 1.09872
131 1.10198
132 1.11263
133 1.11905
134 1.12231
135 1.12898
136 1.13814
137 1.14353
138 1.16376
139 1.16811
140 1.17122
141 1.17512
142 1.1821
143 1.18563
144 1.19504
145 1.21154
146 1.21509
147 1.21876
148 1.22796
149 1.23256
150 1.24684
151 1.25317
152 1.25553
153 1.27488
154 1.30395
155 1.3267
156 1.33181
157 1.33745
158 1.34568
159 1.3531
160 1.36041
161 1.36879
162 1.37637
163 1.39333
164 1.41614
165 1.42027
166 1.42161
167 1.44077
168 1.45659
169 1.46371
170 1.46485
171 1.49297
172 1.49886
173 1.50752
174 1.51175
175 1.52658
176 1.5375
177 1.5446
178 1.54684
179 1.55334
180 1.55803
181 1.56356
182 1.56617
183 1.5858
184 1.58787
185 1.60261
186 1.60769
187 1.61161
188 1.61718
189 1.62101
190 1.62493
191 1.63287
192 1.64139
193 1.64651
194 1.64896
195 1.665
196 1.66675
197 1.6771
198 1.68026
199 1.68676
200 1.69192
201 1.69439
202 1.69901
203 1.70085
204 1.70298
205 1.71224
206 1.71701
207 1.71941
208 1.72608
209 1.73038
210 1.73782
211 1.75052
212 1.75216
213 1.75464
214 1.76963
215 1.77611
216 1.78926
217 1.79368
218 1.7997
219 1.80625
220 1.80862
221 1.8096
222 1.81258
223 1.81876
224 1.83008
225 1.83681
226 1.84136
227 1.84626
228 1.85552
229 1.86101
230 1.86663
231 1.87489
232 1.88986
233 1.90573
234 1.91951
235 1.93448
236 1.94532
237 1.96441
238 1.97967
239 1.99404
240 2.00892
241 2.01096
242 2.02871
243 2.04044
244 2.05533
245 2.05795
246 2.06713
247 2.07165
248 2.07401
249 2.07783
250 2.0808
251 2.08329
252 2.0878
253 2.09528
254 2.09941
255 2.10225
256 2.10827
257 2.11008
258 2.11713
259 2.12001
260 2.1428
261 2.1451
262 2.14904
263 2.16259
264 2.19633
265 2.21435
266 2.22714
267 2.22935
268 2.23366
269 2.24163
270 2.24741
271 2.2605
272 2.27075
273 2.27724
274 2.29962
275 2.30136
276 2.31342
277 2.31577
278 2.32349
279 2.32969
280 2.33391
281 2.34116
282 2.36449
283 2.36638
284 2.36885
285 2.37473
286 2.38373
287 2.39048
288 2.39285
289 2.3958
290 2.39797
291 2.40392
292 2.40675
293 2.41738
294 2.42904
295 2.4307
296 2.43994
297 2.44893
298 2.45131
299 2.45319
300 2.4555
301 2.46149
302 2.46762
303 2.47211
304 2.47614
305 2.49352
306 2.4956
307 2.50944
308 2.51208
309 2.52075
310 2.54009
311 2.54846
312 2.5567
313 2.57335
314 2.57567
315 2.58774
316 2.59382
317 2.62104
318 2.6231
319 2.63939
320 2.64363
321 2.64801
322 2.66712
323 2.67009
324 2.67509
325 2.67945
326 2.68304
327 2.68859
328 2.69096
329 2.70356
330 2.71324
331 2.71604
332 2.71912
333 2.72699
334 2.73399
335 2.74582
336 2.75211
337 2.76741
338 2.77118
339 2.79503
340 2.79983
341 2.81553
342 2.81764
343 2.82707
344 2.82897
345 2.83601
346 2.84212
347 2.84576
348 2.85522
349 2.85756
350 2.8732
351 2.87772
352 2.89615
353 2.91975
354 2.92606
355 2.93746
356 2.9407
357 2.95685
358 2.96166
359 2.97474
360 2.97996
361 2.98513
362 2.99485
363 2.99643
364 2.99889
