1 0.00806
2 0.01689
3 0.01904
4 0.02885
5 0.03306
6 0.03725
7 0.03922
8 0.04096
9 0.04781
10 0.05324
11 0.05953
12 0.06418
13 0.06639
14 0.07671
15 0.09052
16 0.09753
17 0.10362
18 0.10954
19 0.1221
20 0.12604
21 0.13892
22 0.14862
23 0.15047
24 0.17229
25 0.19215
26 0.19562
27 0.21569
28 0.23943
29 0.25759
30 0.26229
31 0.26875
32 0.27208
33 0.28024
34 0.28201
35 0.29562
36 0.30518
37 0.31161
38 0.31897
39 0.32562
40 0.33509
41 0.35303
42 0.36918
43 0.38464
44 0.40554
45 0.40731
46 0.41276
47 0.42103
48 0.42785
49 0.42891
50 0.45219
51 0.45545
52 0.4584
53 0.46252
54 0.47524
55 0.48657
56 0.50069
57 0.50397
58 0.51207
59 0.5181
60 0.52199
61 0.52641
62 0.54373
63 0.55632
64 0.56669
65 0.57218
66 0.57966
67 0.59264
68 0.59679
69 0.60016
70 0.60116
71 0.61824
72 0.63106
73 0.63856
74 0.65581
75 0.65689
76 0.66586
77 0.6865
78 0.69654
79 0.70662
80 0.71876
81 0.74134
82 0.74522
83 0.75024
84 0.76545
85 0.77384
86 0.79299
87 0.79893
88 0.80654
89 0.82273
90 0.82431
91 0.82756
92 0.8336
93 0.83555
94 0.84851
95 0.85936
96 0.86444
97 0.87142
98 0.8942
99 0.89707
100 0.90268
101 0.90545
102 0.91386
103 0.91692
104 0.93353
105 0.94486
106 0.961
107 0.96546
108 0.96669
109 0.97655
110 0.99253
111 0.99514
112 1.00919
113 1.01942
114 1.02697
115 1.03142
116 1.03406
117 1.03901
118 1.05348
119 1.0545
120 1.05827
121 1.07057
122 1.08574
123 1.09824
124 1.09978
125 1.10793
126 1.11523
127 1.12305
128 1.12979
129 1.13434
130 1.14882
131 1.15385
132 1.15661
133 1.16548
134 1.17521
135 1.17818
136 1.18201
137 1.18999
138 1.20572
139 1.21635
140 1.23544
141 1.24502
142 1.26749
143 1.27165
144 1.27524
145 1.2778
146 1.28551
147 1.28976
148 1.29945
149 1.30594
150 1.31696
151 1.32504
152 1.33796
153 1.34515
154 1.34716
155 1.35771
156 1.36586
157 1.37746
158 1.38286
159 1.40127
160 1.40651
161 1.40815
162 1.41259
163 1.44559
164 1.46026
165 1.47391
166 1.48002
167 1.48154
168 1.52092
169 1.53451
170 1.55327
171 1.55986
172 1.57067
173 1.57337
174 1.57555
175 1.58377
176 1.5907
177 1.60349
178 1.61536
179 1.63861
180 1.64443
181 1.65057
182 1.6615
183 1.67179
184 1.6849
185 1.69315
186 1.69672
187 1.70233
188 1.70881
189 1.71999
190 1.72861
191 1.7407
192 1.75516
193 1.76117
194 1.76448
195 1.78778
196 1.79022
197 1.79549
198 1.80813
199 1.81115
200 1.81561
201 1.82645
202 1.83193
203 1.83381
204 1.84225
205 1.84911
206 1.8637
207 1.86715
208 1.86969
209 1.87631
210 1.8873
211 1.90037
212 1.91762
213 1.9417
214 1.94634
215 1.95068
216 1.9636
217 1.97363
218 1.9858
219 1.99054
220 1.99243
221 1.99436
222 2.00702
223 2.02022
224 2.0301
225 2.06713
226 2.07045
227 2.07872
228 2.08783
229 2.08961
230 2.09683
231 2.10603
232 2.11501
233 2.11741
234 2.12451
235 2.12961
236 2.13279
237 2.14146
238 2.15363
239 2.16627
240 2.18036
241 2.18134
242 2.18793
243 2.20568
244 2.209
245 2.21714
246 2.23253
247 2.23585
248 2.24683
249 2.2567
250 2.26869
251 2.28217
252 2.28489
253 2.28956
254 2.29236
255 2.29546
256 2.30271
257 2.31501
258 2.32108
259 2.32406
260 2.33397
261 2.35354
262 2.36144
263 2.36649
264 2.37838
265 2.38256
266 2.39477
267 2.41085
268 2.41653
269 2.42287
270 2.43004
271 2.43634
272 2.45522
273 2.48805
274 2.49295
275 2.49836
276 2.50809
277 2.51412
278 2.51846
279 2.52443
280 2.52864
281 2.53567
282 2.53858
283 2.55376
284 2.55876
285 2.58252
286 2.60424
287 2.6065
288 2.60987
289 2.61974
290 2.6298
291 2.63262
292 2.63924
293 2.64472
294 2.6642
295 2.69451
296 2.69973
297 2.70285
298 2.704
299 2.70983
300 2.7234
301 2.74662
302 2.75142
303 2.76406
304 2.77086
305 2.77766
306 2.78804
307 2.79257
308 2.79582
309 2.80305
310 2.81078
311 2.82573
312 2.83458
313 2.84244
314 2.84592
315 2.85286
316 2.86522
317 2.86814
318 2.88844
319 2.89788
320 2.90301
321 2.92819
322 2.93744
323 2.94246
324 2.95815
325 2.96891
326 2.97281
327 2.97412
328 2.98451
329 2.99572
