1 0.00583
2 0.00723
3 0.00959
4 0.01447
5 0.02507
6 0.02936
7 0.04189
8 0.04952
9 0.06451
10 0.08502
11 0.08749
12 0.08905
13 0.10145
14 0.11141
15 0.12998
16 0.13118
17 0.15332
18 0.15629
19 0.16015
20 0.16562
21 0.17727
22 0.18893
23 0.19049
24 0.19369
25 0.20276
26 0.21919
27 0.22781
28 0.23124
29 0.23575
30 0.24482
31 0.24642
32 0.25165
33 0.25608
34 0.26549
35 0.27825
36 0.29162
37 0.29321
38 0.29838
39 0.30691
40 0.30803
41 0.32621
42 0.33053
43 0.33356
44 0.34472
45 0.35315
46 0.35563
47 0.36297
48 0.36671
49 0.36937
50 0.37875
51 0.39335
52 0.40134
53 0.40656
54 0.41436
55 0.42338
56 0.42659
57 0.44801
58 0.44985
59 0.4654
60 0.48486
61 0.4953
62 0.50149
63 0.51293
64 0.51779
65 0.5221
66 0.53622
67 0.54448
68 0.55032
69 0.55363
70 0.5631
71 0.56481
72 0.56773
73 0.57225
74 0.57529
75 0.58393
76 0.59901
77 0.6076
78 0.60885
79 0.62531
80 0.62944
81 0.66507
82 0.70295
83 0.7124
84 0.71478
85 0.71814
86 0.72038
87 0.72732
88 0.72973
89 0.73485
90 0.74522
91 0.75486
92 0.76435
93 0.77332
94 0.78263
95 0.7879
96 0.80201
97 0.8062
98 0.83725
99 0.85648
100 0.86115
101 0.86813
102 0.88113
103 0.88604
104 0.89115
105 0.90568
106 0.92248
107 0.93076
108 0.93792
109 0.95032
110 0.95201
111 0.95519
112 0.96751
113 0.97597
114 0.97948
115 0.98941
116 0.99688
117 1.00805
118 1.01108
119 1.01329
120 1.01687
121 1.02453
122 1.03243
123 1.03601
124 1.04373
125 1.07856
126 1.08609
127 1.10413
128 1.11628
129 1.11999
130 1.13464
131 1.13973
132 1.14242
133 1.14825
134 1.16287
135 1.19343
136 1.20538
137 1.21667
138 1.22998
139 1.23374
140 1.23919
141 1.24438
142 1.24676
143 1.25286
144 1.25749
145 1.26828
146 1.27303
147 1.27935
148 1.28238
149 1.31242
150 1.31829
151 1.31972
152 1.33627
153 1.35179
154 1.3598
155 1.36432
156 1.36791
157 1.38616
158 1.40741
159 1.41562
160 1.42069
161 1.43562
162 1.44305
163 1.44788
164 1.45536
165 1.46484
166 1.47284
167 1.47749
168 1.49324
169 1.50976
170 1.51583
171 1.5207
172 1.52613
173 1.5311
174 1.53936
175 1.5462
176 1.55563
177 1.56241
178 1.56826
179 1.58503
180 1.59815
181 1.6229
182 1.63024
183 1.63213
184 1.64016
185 1.64546
186 1.70338
187 1.71831
188 1.72031
189 1.73015
190 1.75948
191 1.77004
192 1.77647
193 1.78243
194 1.79017
195 1.80466
196 1.82337
197 1.8265
198 1.82918
199 1.83147
200 1.85832
201 1.86295
202 1.86419
203 1.86841
204 1.8781
205 1.88241
206 1.89886
207 1.90248
208 1.90807
209 1.91786
210 1.93243
211 1.94959
212 1.95781
213 1.96338
214 1.96526
215 1.9805
216 1.98675
217 2.01417
218 2.02152
219 2.02885
220 2.05001
221 2.07549
222 2.09423
223 2.10278
224 2.10955
225 2.11119
226 2.11299
227 2.11723
228 2.12216
229 2.12854
230 2.13552
231 2.14959
232 2.16947
233 2.18431
234 2.19104
235 2.19336
236 2.19498
237 2.20736
238 2.21839
239 2.22502
240 2.2349
241 2.25834
242 2.26726
243 2.26973
244 2.2772
245 2.28247
246 2.28613
247 2.29642
248 2.30259
249 2.31323
250 2.32567
251 2.33331
252 2.35321
253 2.35937
254 2.36435
255 2.37029
256 2.37884
257 2.4078
258 2.4122
259 2.41339
260 2.43842
261 2.44939
262 2.45498
263 2.46079
264 2.46343
265 2.4685
266 2.47792
267 2.49122
268 2.49718
269 2.5141
270 2.52377
271 2.52773
272 2.53102
273 2.54138
274 2.56014
275 2.56945
276 2.57246
277 2.57882
278 2.58535
279 2.60558
280 2.62299
281 2.63128
282 2.63436
283 2.63903
284 2.64308
285 2.6559
286 2.65957
287 2.66921
288 2.67754
289 2.6803
290 2.6831
291 2.6975
292 2.70047
293 2.71534
294 2.73424
295 2.73645
296 2.74669
297 2.75417
298 2.76179
299 2.76488
300 2.77354
301 2.78433
302 2.79601
303 2.80273
304 2.8239
305 2.82928
306 2.8596
307 2.86772
308 2.87608
309 2.89251
310 2.89936
311 2.93598
312 2.94076
313 2.95271
314 2.96726
315 2.97087
316 2.97474
317 2.98337
318 2.99653
