1 0.00382
2 0.01612
3 0.02011
4 0.02815
5 0.03811
6 0.04475
7 0.057
8 0.06411
9 0.0699
10 0.07393
11 0.09
12 0.10334
13 0.11361
14 0.125
15 0.13865
16 0.1444
17 0.15477
18 0.16245
19 0.16742
20 0.17217
21 0.18483
22 0.19448
23 0.19856
24 0.20677
25 0.21242
26 0.23027
27 0.23971
28 0.25878
29 0.26098
30 0.27047
31 0.27467
32 0.27652
33 0.29092
34 0.29308
35 0.29829
36 0.29943
37 0.31752
38 0.34096
39 0.34719
40 0.35711
41 0.35967
42 0.36164
43 0.39322
44 0.39772
45 0.40465
46 0.42256
47 0.43537
48 0.43634
49 0.44457
50 0.45065
51 0.45581
52 0.46826
53 0.48009
54 0.48196
55 0.48751
56 0.52144
57 0.52759
58 0.5362
59 0.54861
60 0.5556
61 0.56976
62 0.5798
63 0.58214
64 0.59049
65 0.59725
66 0.60062
67 0.60888
68 0.61175
69 0.61483
70 0.61775
71 0.63256
72 0.63438
73 0.65907
74 0.66605
75 0.66887
76 0.6876
77 0.69156
78 0.70804
79 0.71295
80 0.7193
81 0.72181
82 0.72607
83 0.73102
84 0.75951
85 0.77308
86 0.78122
87 0.78584
88 0.80408
89 0.80585
90 0.82794
91 0.83185
92 0.83496
93 0.84263
94 0.84654
95 0.85092
96 0.85699
97 0.86971
98 0.87708
99 0.89331
100 0.9021
101 0.91179
102 0.92163
103 0.92395
104 0.92736
105 0.92901
106 0.94191
107 0.94908
108 0.95009
109 0.97904
110 0.98246
111 0.99833
112 1.01128
113 1.02373
114 1.03766
115 1.0426
116 1.04564
117 1.06131
118 1.06754
119 1.07821
120 1.08652
121 1.09802
122 1.09985
123 1.11024
124 1.11664
125 1.12041
126 1.12325
127 1.12896
128 1.13205
129 1.14295
130 1.14679
131 1.15665
132 1.16775
133 1.17937
134 1.18609
135 1.19286
136 1.21082
137 1.2216
138 1.22866
139 1.24253
140 1.26054
141 1.27363
142 1.27778
143 1.28593
144 1.29197
145 1.2987
146 1.3127
147 1.33257
148 1.33484
149 1.3409
150 1.34456
151 1.36162
152 1.36412
153 1.37599
154 1.39051
155 1.39408
156 1.39558
157 1.39895
158 1.40569
159 1.4225
160 1.42653
161 1.43069
162 1.43233
163 1.44643
164 1.44981
165 1.45212
166 1.45799
167 1.47948
168 1.49734
169 1.50715
170 1.5384
171 1.54322
172 1.55582
173 1.56249
174 1.56696
175 1.57193
176 1.58786
177 1.61165
178 1.63688
179 1.64643
180 1.65625
181 1.6648
182 1.69376
183 1.70848
184 1.71959
185 1.72457
186 1.74619
187 1.75035
188 1.7689
189 1.77492
190 1.77906
191 1.8038
192 1.81232
193 1.82024
194 1.82627
195 1.83304
196 1.83536
197 1.8416
198 1.84528
199 1.85142
200 1.85285
201 1.86922
202 1.89955
203 1.90535
204 1.91988
205 1.92962
206 1.9308
207 1.94454
208 1.95249
209 1.95871
210 1.96648
211 1.9791
212 1.99599
213 2.01291
214 2.02432
215 2.02713
216 2.0331
217 2.03743
218 2.04379
219 2.04518
220 2.06002
221 2.06499
222 2.06793
223 2.07615
224 2.08449
225 2.0881
226 2.10604
227 2.10939
228 2.11192
229 2.12558
230 2.13305
231 2.14154
232 2.15355
233 2.15832
234 2.16098
235 2.16256
236 2.16548
237 2.1785
238 2.18341
239 2.18635
240 2.19043
241 2.20433
242 2.21291
243 2.21585
244 2.22859
245 2.24076
246 2.24518
247 2.25843
248 2.26002
249 2.27364
250 2.27879
251 2.28663
252 2.28925
253 2.29409
254 2.29741
255 2.30588
256 2.30958
257 2.33312
258 2.33511
259 2.33705
260 2.35203
261 2.36802
262 2.37857
263 2.39562
264 2.39854
265 2.4006
266 2.40512
267 2.42483
268 2.43789
269 2.44614
270 2.46215
271 2.46495
272 2.47129
273 2.48644
274 2.50529
275 2.51611
276 2.52297
277 2.5406
278 2.55769
279 2.5672
280 2.57902
281 2.59358
282 2.61079
283 2.61506
284 2.62458
285 2.64066
286 2.65801
287 2.67055
288 2.69387
289 2.7019
290 2.70671
291 2.71651
292 2.73009
293 2.7349
294 2.76037
295 2.77585
296 2.7862
297 2.79168
298 2.80153
299 2.80841
300 2.81851
301 2.82802
302 2.83504
303 2.83736
304 2.8424
305 2.85683
306 2.86642
307 2.87308
308 2.88671
309 2.90072
310 2.9039
311 2.90904
312 2.93004
313 2.94247
314 2.95161
315 2.95717
316 2.96518
317 2.97801
318 2.98354
319 2.99147
