1 0.00895
2 0.01159
3 0.02146
4 0.02365
5 0.02699
6 0.03812
7 0.04158
8 0.04313
9 0.07339
10 0.08162
11 0.08477
12 0.09104
13 0.09293
14 0.09662
15 0.10679
16 0.12995
17 0.14542
18 0.15724
19 0.16755
20 0.17123
21 0.17498
22 0.18428
23 0.20684
24 0.20821
25 0.21633
26 0.23485
27 0.24145
28 0.24325
29 0.24792
30 0.26536
31 0.27017
32 0.27387
33 0.27813
34 0.28194
35 0.29056
36 0.29732
37 0.31871
38 0.33522
39 0.35102
40 0.36136
41 0.37216
42 0.38061
43 0.38509
44 0.38918
45 0.4129
46 0.41508
47 0.41871
48 0.43442
49 0.44543
50 0.47847
51 0.49603
52 0.50712
53 0.5334
54 0.53816
55 0.5397
56 0.54285
57 0.54497
58 0.54832
59 0.56056
60 0.56443
61 0.56781
62 0.57191
63 0.57392
64 0.57581
65 0.58172
66 0.58567
67 0.59296
68 0.59486
69 0.60311
70 0.62107
71 0.6282
72 0.63773
73 0.65332
74 0.66106
75 0.66705
76 0.66851
77 0.68751
78 0.68902
79 0.70837
80 0.71917
81 0.73465
82 0.74489
83 0.75921
84 0.77186
85 0.79172
86 0.81115
87 0.82059
88 0.82639
89 0.83005
90 0.85992
91 0.87184
92 0.88313
93 0.89375
94 0.89829
95 0.90413
96 0.9098
97 0.92537
98 0.93526
99 0.95266
100 0.95727
101 0.96714
102 0.97283
103 0.97441
104 0.98676
105 0.9922
106 0.99955
107 1.01706
108 1.02036
109 1.02763
110 1.03846
111 1.05146
112 1.06892
113 1.07069
114 1.08541
115 1.10558
116 1.11066
117 1.12953
118 1.13296
119 1.14635
120 1.15628
121 1.16172
122 1.16707
123 1.17824
124 1.21743
125 1.21884
126 1.22495
127 1.24475
128 1.24635
129 1.25283
130 1.2659
131 1.2694
132 1.27992
133 1.28336
134 1.30001
135 1.31763
136 1.32349
137 1.34437
138 1.38133
139 1.39186
140 1.39694
141 1.4123
142 1.43548
143 1.44194
144 1.45579
145 1.45844
146 1.46587
147 1.47975
148 1.49505
149 1.50482
150 1.52339
151 1.55404
152 1.55914
153 1.58641
154 1.59721
155 1.60112
156 1.62638
157 1.63672
158 1.64588
159 1.64961
160 1.65224
161 1.66114
162 1.6746
163 1.70593
164 1.71218
165 1.72363
166 1.73071
167 1.73839
168 1.75465
169 1.76533
170 1.77121
171 1.78465
172 1.78645
173 1.81209
174 1.81372
175 1.82248
176 1.83719
177 1.86381
178 1.87066
179 1.87996
180 1.89674
181 1.91643
182 1.91874
183 1.93366
184 1.93978
185 1.95639
186 1.97761
187 1.99105
188 1.99855
189 2.00618
190 2.00782
191 2.02489
192 2.02694
193 2.03378
194 2.05505
195 2.06806
196 2.08369
197 2.08958
198 2.09273
199 2.09446
200 2.14393
201 2.15464
202 2.15992
203 2.16378
204 2.17308
205 2.20598
206 2.20927
207 2.22362
208 2.23855
209 2.25066
210 2.27187
211 2.28119
212 2.29027
213 2.31573
214 2.31995
215 2.33649
216 2.33818
217 2.35044
218 2.37099
219 2.37796
220 2.40196
221 2.41558
222 2.43965
223 2.45465
224 2.463
225 2.4934
226 2.49896
227 2.50666
228 2.5176
229 2.51903
230 2.52291
231 2.52474
232 2.54071
233 2.59025
234 2.59227
235 2.59604
236 2.60148
237 2.62494
238 2.65086
239 2.65302
240 2.66414
241 2.70671
242 2.71572
243 2.72979
244 2.73712
245 2.74386
246 2.74947
247 2.75288
248 2.75856
249 2.76287
250 2.77384
251 2.77726
252 2.78088
253 2.78748
254 2.79271
255 2.80542
256 2.81637
257 2.83688
258 2.8426
259 2.89296
260 2.89833
261 2.9046
262 2.90628
263 2.9601
264 2.98281
265 2.98597
266 2.99807
