1 0.00181
2 0.00354
3 0.00628
4 0.0083
5 0.01421
6 0.01605
7 0.0184
8 0.02458
9 0.0296
10 0.03288
11 0.03428
12 0.03666
13 0.0498
14 0.05576
15 0.05734
16 0.05887
17 0.0798
18 0.08509
19 0.11404
20 0.12202
21 0.1237
22 0.12725
23 0.12884
24 0.13738
25 0.14825
26 0.15146
27 0.15274
28 0.15421
29 0.15974
30 0.17173
31 0.19016
32 0.19712
33 0.20285
34 0.20462
35 0.21482
36 0.22263
37 0.23098
38 0.23664
39 0.24002
40 0.24459
41 0.24906
42 0.25738
43 0.26698
44 0.26912
45 0.27311
46 0.27766
47 0.27966
48 0.28276
49 0.29967
50 0.32434
51 0.32909
52 0.33617
53 0.34381
54 0.3477
55 0.37547
56 0.37819
57 0.37921
58 0.38252
59 0.38667
60 0.4035
61 0.41474
62 0.4258
63 0.44357
64 0.44955
65 0.45326
66 0.46439
67 0.46653
68 0.46789
69 0.46881
70 0.47436
71 0.47681
72 0.48565
73 0.49611
74 0.50531
75 0.50721
76 0.51301
77 0.53077
78 0.54202
79 0.54511
80 0.55949
81 0.57019
82 0.57574
83 0.58374
84 0.58716
85 0.61876
86 0.62149
87 0.63193
88 0.63744
89 0.6396
90 0.64341
91 0.64442
92 0.6514
93 0.65461
94 0.66104
95 0.69391
96 0.69816
97 0.70003
98 0.70611
99 0.71209
100 0.71984
101 0.73043
102 0.73308
103 0.74083
104 0.7442
105 0.75067
106 0.75318
107 0.75578
108 0.76057
109 0.76445
110 0.78058
111 0.78538
112 0.79797
113 0.80024
114 0.80896
115 0.81011
116 0.83362
117 0.84278
118 0.86604
119 0.87698
120 0.88491
121 0.8916
122 0.89582
123 0.90194
124 0.90573
125 0.91224
126 0.91954
127 0.94326
128 0.94638
129 0.9506
130 0.95399
131 0.95891
132 0.97899
133 0.99102
134 0.99863
135 1.00297
136 1.00429
137 1.01216
138 1.01724
139 1.01994
140 1.02575
141 1.03226
142 1.03613
143 1.0393
144 1.04701
145 1.04822
146 1.05099
147 1.08536
148 1.08828
149 1.11076
150 1.11832
151 1.12357
152 1.1285
153 1.13351
154 1.14294
155 1.14522
156 1.15158
157 1.16073
158 1.16234
159 1.16898
160 1.17406
161 1.19604
162 1.20534
163 1.20729
164 1.20869
165 1.21675
166 1.22062
167 1.23342
168 1.23926
169 1.24625
170 1.25303
171 1.25698
172 1.26259
173 1.2764
174 1.28302
175 1.2916
176 1.29543
177 1.30155
178 1.30395
179 1.32063
180 1.32379
181 1.33288
182 1.34605
183 1.37205
184 1.37637
185 1.39876
186 1.40553
187 1.4193
188 1.423
189 1.44501
190 1.45304
191 1.4558
192 1.45993
193 1.47086
194 1.48215
195 1.49641
196 1.49962
197 1.50375
198 1.51031
199 1.51403
200 1.51721
201 1.51982
202 1.5238
203 1.52552
204 1.52894
205 1.54176
206 1.56049
207 1.5625
208 1.56812
209 1.57605
210 1.58207
211 1.59473
212 1.61317
213 1.61619
214 1.62606
215 1.62862
216 1.6314
217 1.64059
218 1.64249
219 1.64611
220 1.64822
221 1.66249
222 1.69925
223 1.70229
224 1.7059
225 1.71154
226 1.71345
227 1.71455
228 1.7233
229 1.73173
230 1.74009
231 1.74739
232 1.75
233 1.77119
234 1.77677
235 1.78632
236 1.79886
237 1.82978
238 1.83537
239 1.87608
240 1.89101
241 1.8948
242 1.89849
243 1.90444
244 1.90631
245 1.91049
246 1.94449
247 1.94959
248 1.95461
249 1.95681
250 1.96316
251 1.96777
252 1.97247
253 1.98179
254 1.98462
255 1.99127
256 1.99392
257 2.00338
258 2.00539
259 2.01122
260 2.03042
261 2.03222
262 2.03685
263 2.03838
264 2.04513
265 2.04739
266 2.04879
267 2.07214
268 2.08042
269 2.09463
270 2.10532
271 2.12356
272 2.12853
273 2.13146
274 2.13457
275 2.14621
276 2.15832
277 2.16328
278 2.16738
279 2.17532
280 2.20058
281 2.20505
282 2.21372
283 2.22195
284 2.22373
285 2.23708
286 2.24865
287 2.25521
288 2.25749
289 2.26006
290 2.26306
291 2.2815
292 2.28447
293 2.29115
294 2.29572
295 2.29977
296 2.30448
297 2.30937
298 2.31929
299 2.33055
300 2.33964
301 2.35903
302 2.37561
303 2.38305
304 2.39694
305 2.40184
306 2.40329
307 2.40679
308 2.41043
309 2.41636
310 2.41952
311 2.42223
312 2.4232
313 2.42431
314 2.44407
315 2.44524
316 2.45081
317 2.459
318 2.46222
319 2.47466
320 2.48659
321 2.49086
322 2.49812
323 2.50261
324 2.50798
325 2.51452
326 2.51752
327 2.52806
328 2.53372
329 2.54402
330 2.54831
331 2.56023
332 2.56801
333 2.5717
334 2.57729
335 2.58018
336 2.58428
337 2.59191
338 2.62252
339 2.6262
340 2.63069
341 2.63874
342 2.64909
343 2.65897
344 2.69717
345 2.7007
346 2.70239
347 2.7124
348 2.71424
349 2.72849
350 2.73345
351 2.74143
352 2.74355
353 2.74938
354 2.75419
355 2.76381
356 2.77114
357 2.78793
358 2.79018
359 2.79402
360 2.80681
361 2.81259
362 2.8245
363 2.83232
364 2.83634
365 2.8497
366 2.87073
367 2.87848
368 2.88225
369 2.89284
370 2.89964
371 2.90414
372 2.90633
373 2.91089
374 2.91197
375 2.91895
376 2.92361
377 2.92536
378 2.95296
379 2.96121
380 2.96863
381 2.97658
382 2.98378
383 2.98651
384 2.99439
385 2.99934
