1 0.00365
2 0.00816
3 0.01117
4 0.01254
5 0.01833
6 0.02097
7 0.02377
8 0.02785
9 0.02969
10 0.03197
11 0.03345
12 0.03665
13 0.04054
14 0.04726
15 0.05641
16 0.05826
17 0.06692
18 0.06925
19 0.08296
20 0.09017
21 0.0977
22 0.10304
23 0.10485
24 0.11711
25 0.12103
26 0.1294
27 0.14286
28 0.1637
29 0.19486
30 0.21204
31 0.21676
32 0.22817
33 0.2365
34 0.23856
35 0.24234
36 0.24661
37 0.24834
38 0.2514
39 0.26106
40 0.26344
41 0.27286
42 0.27739
43 0.28339
44 0.29773
45 0.30643
46 0.31862
47 0.3301
48 0.33309
49 0.3444
50 0.35289
51 0.35521
52 0.35852
53 0.36154
54 0.36467
55 0.37361
56 0.38471
57 0.38983
58 0.39349
59 0.39458
60 0.41561
61 0.41789
62 0.42135
63 0.42763
64 0.43242
65 0.44913
66 0.46295
67 0.46547
68 0.46974
69 0.48087
70 0.48369
71 0.48685
72 0.49609
73 0.49903
74 0.50212
75 0.51101
76 0.51706
77 0.52688
78 0.53214
79 0.53596
80 0.5483
81 0.55053
82 0.55428
83 0.55899
84 0.5667
85 0.57097
86 0.58944
87 0.59328
88 0.60217
89 0.60964
90 0.62047
91 0.63048
92 0.64471
93 0.64881
94 0.65439
95 0.65738
96 0.66383
97 0.66925
98 0.6716
99 0.68006
100 0.69228
101 0.69915
102 0.70535
103 0.72627
104 0.73721
105 0.75262
106 0.75468
107 0.76508
108 0.77716
109 0.78602
110 0.7918
111 0.80283
112 0.81722
113 0.82854
114 0.84358
115 0.84587
116 0.86126
117 0.86697
118 0.87414
119 0.87553
120 0.88172
121 0.88894
122 0.89595
123 0.90153
124 0.90302
125 0.90688
126 0.90903
127 0.91185
128 0.93661
129 0.93853
130 0.9416
131 0.94446
132 0.9535
133 0.96336
134 0.98289
135 0.98872
136 0.99563
137 0.99836
138 1.00582
139 1.01745
140 1.02598
141 1.02956
142 1.03519
143 1.04293
144 1.04762
145 1.05262
146 1.0553
147 1.07319
148 1.07544
149 1.08376
150 1.09481
151 1.10105
152 1.10453
153 1.11257
154 1.11791
155 1.13921
156 1.1477
157 1.15265
158 1.15888
159 1.1674
160 1.18881
161 1.19647
162 1.2034
163 1.20684
164 1.23029
165 1.23541
166 1.24294
167 1.24518
168 1.24665
169 1.25392
170 1.25699
171 1.26217
172 1.26565
173 1.2798
174 1.28913
175 1.29265
176 1.31686
177 1.32257
178 1.32794
179 1.3308
180 1.33634
181 1.3412
182 1.34619
183 1.36247
184 1.36821
185 1.38013
186 1.38143
187 1.3865
188 1.39459
189 1.40702
190 1.4167
191 1.42273
192 1.42639
193 1.42896
194 1.45163
195 1.45505
196 1.47169
197 1.47484
198 1.47938
199 1.48434
200 1.48976
201 1.49529
202 1.49876
203 1.51445
204 1.52495
205 1.52873
206 1.53355
207 1.54706
208 1.56198
209 1.56492
210 1.58466
211 1.58773
212 1.59187
213 1.5951
214 1.61113
215 1.62521
216 1.64904
217 1.65292
218 1.66675
219 1.68009
220 1.70906
221 1.71101
222 1.71363
223 1.72731
224 1.73915
225 1.74058
226 1.74684
227 1.77176
228 1.77578
229 1.77934
230 1.7877
231 1.7915
232 1.83145
233 1.83898
234 1.85249
235 1.85674
236 1.86048
237 1.87868
238 1.90629
239 1.91737
240 1.92901
241 1.93846
242 1.95252
243 1.97236
244 1.98941
245 2.00196
246 2.00999
247 2.01911
248 2.0256
249 2.05181
250 2.0538
251 2.06681
252 2.07508
253 2.07735
254 2.0873
255 2.09295
256 2.10134
257 2.11016
258 2.11745
259 2.13886
260 2.14403
261 2.15989
262 2.16882
263 2.19741
264 2.20732
265 2.21269
266 2.22998
267 2.23963
268 2.25683
269 2.26117
270 2.26845
271 2.27238
272 2.27452
273 2.27874
274 2.28471
275 2.29134
276 2.29594
277 2.29842
278 2.32195
279 2.33428
280 2.34587
281 2.35093
282 2.35863
283 2.37235
284 2.38108
285 2.38955
286 2.39527
287 2.39885
288 2.40339
289 2.40972
290 2.41644
291 2.42373
292 2.44962
293 2.45954
294 2.47392
295 2.48585
296 2.50284
297 2.50626
298 2.50964
299 2.51352
300 2.51728
301 2.52357
302 2.52898
303 2.53932
304 2.5465
305 2.5517
306 2.56383
307 2.57739
308 2.58102
309 2.58352
310 2.58881
311 2.59309
312 2.60592
313 2.61523
314 2.62413
315 2.63616
316 2.65084
317 2.65677
318 2.66041
319 2.67602
320 2.69458
321 2.69857
322 2.70127
323 2.70874
324 2.71297
325 2.71589
326 2.72128
327 2.7246
328 2.73289
329 2.74628
330 2.75219
331 2.75599
332 2.76678
333 2.77363
334 2.77644
335 2.78405
336 2.78694
337 2.79796
338 2.80551
339 2.81808
340 2.82082
341 2.82512
342 2.83211
343 2.83838
344 2.84768
345 2.85765
346 2.87431
347 2.88872
348 2.89608
349 2.89967
350 2.9327
351 2.9381
352 2.946
353 2.95539
354 2.95908
355 2.97216
356 2.97423
357 2.97585
358 2.98594
359 2.99989
