1 0.00934
2 0.01824
3 0.02317
4 0.03763
5 0.03928
6 0.0447
7 0.04635
8 0.05097
9 0.05758
10 0.07503
11 0.08124
12 0.08363
13 0.09256
14 0.09788
15 0.10991
16 0.1116
17 0.11619
18 0.1229
19 0.13095
20 0.1385
21 0.15121
22 0.15414
23 0.16625
24 0.17979
25 0.18616
26 0.18832
27 0.19247
28 0.20026
29 0.21442
30 0.2462
31 0.28121
32 0.289
33 0.29799
34 0.30335
35 0.31794
36 0.32929
37 0.34268
38 0.35156
39 0.36154
40 0.36452
41 0.36781
42 0.37177
43 0.38165
44 0.38397
45 0.38602
46 0.41728
47 0.41983
48 0.42121
49 0.42609
50 0.43115
51 0.43254
52 0.4399
53 0.44645
54 0.45797
55 0.46589
56 0.48125
57 0.49123
58 0.49408
59 0.50143
60 0.5055
61 0.53545
62 0.53771
63 0.5441
64 0.55767
65 0.57894
66 0.58694
67 0.59469
68 0.60006
69 0.60927
70 0.62252
71 0.62645
72 0.63048
73 0.63404
74 0.65689
75 0.67661
76 0.68099
77 0.68763
78 0.70218
79 0.71034
80 0.71648
81 0.7343
82 0.74045
83 0.74465
84 0.74966
85 0.75635
86 0.76702
87 0.76881
88 0.77083
89 0.78813
90 0.78944
91 0.80292
92 0.80838
93 0.82937
94 0.8392
95 0.85575
96 0.86506
97 0.87374
98 0.88599
99 0.915
100 0.91898
101 0.92063
102 0.92647
103 0.9299
104 0.93262
105 0.94059
106 0.94513
107 0.95019
108 0.9693
109 0.98918
110 0.99896
111 1.01798
112 1.0362
113 1.04116
114 1.04806
115 1.07305
116 1.07479
117 1.08284
118 1.10187
119 1.11186
120 1.1193
121 1.12938
122 1.13442
123 1.13626
124 1.16496
125 1.17342
126 1.17925
127 1.18089
128 1.18432
129 1.19521
130 1.20261
131 1.2126
132 1.23807
133 1.2476
134 1.26111
135 1.28284
136 1.30004
137 1.32193
138 1.32649
139 1.32813
140 1.32998
141 1.33864
142 1.34607
143 1.35405
144 1.35852
145 1.36436
146 1.36756
147 1.37425
148 1.3789
149 1.38163
150 1.38413
151 1.39154
152 1.41476
153 1.42312
154 1.42639
155 1.42987
156 1.44252
157 1.44489
158 1.44778
159 1.45438
160 1.45824
161 1.47214
162 1.48427
163 1.4898
164 1.50505
165 1.52214
166 1.52451
167 1.53355
168 1.53531
169 1.55387
170 1.56558
171 1.56686
172 1.58951
173 1.59293
174 1.60354
175 1.61058
176 1.62513
177 1.65069
178 1.67189
179 1.67732
180 1.68067
181 1.68574
182 1.69408
183 1.69745
184 1.70076
185 1.71072
186 1.74047
187 1.74456
188 1.75465
189 1.76509
190 1.79022
191 1.79909
192 1.81222
193 1.82166
194 1.82651
195 1.83128
196 1.83769
197 1.84685
198 1.85299
199 1.85521
200 1.85982
201 1.87838
202 1.90607
203 1.9198
204 1.9282
205 1.93401
206 1.9362
207 1.94526
208 1.9482
209 1.95022
210 1.98787
211 1.99242
212 1.99706
213 2.02025
214 2.0259
215 2.03248
216 2.03602
217 2.0496
218 2.06899
219 2.07399
220 2.07632
221 2.08413
222 2.09285
223 2.11424
224 2.13398
225 2.16627
226 2.18158
227 2.18305
228 2.20158
229 2.21087
230 2.2452
231 2.25235
232 2.2857
233 2.28872
234 2.29996
235 2.31951
236 2.32677
237 2.32953
238 2.33655
239 2.33963
240 2.34895
241 2.36043
242 2.36226
243 2.37057
244 2.37529
245 2.37772
246 2.38308
247 2.385
248 2.41815
249 2.42555
250 2.42755
251 2.44567
252 2.46491
253 2.48931
254 2.49198
255 2.49652
256 2.50855
257 2.51896
258 2.53115
259 2.54252
260 2.56683
261 2.58914
262 2.59143
263 2.59288
264 2.59867
265 2.60207
266 2.60882
267 2.62344
268 2.6312
269 2.63675
270 2.65314
271 2.6731
272 2.67909
273 2.69272
274 2.69712
275 2.73445
276 2.74682
277 2.77176
278 2.79217
279 2.79306
280 2.80218
281 2.81721
282 2.82266
283 2.82544
284 2.82629
285 2.8294
286 2.83623
287 2.84346
288 2.8468
289 2.85485
290 2.86063
291 2.86343
292 2.87875
293 2.8802
294 2.9006
295 2.91157
296 2.91622
297 2.92151
298 2.92592
299 2.94118
300 2.95179
301 2.96022
302 2.96528
303 2.98742
304 2.99212
305 2.99629
