1 0.00462
2 0.01228
3 0.03103
4 0.04228
5 0.04478
6 0.06419
7 0.09807
8 0.10026
9 0.10979
10 0.11121
11 0.13782
12 0.16418
13 0.17787
14 0.18788
15 0.1918
16 0.19534
17 0.2057
18 0.21548
19 0.22454
20 0.23322
21 0.24005
22 0.24548
23 0.24794
24 0.25139
25 0.26137
26 0.26467
27 0.26977
28 0.27111
29 0.27746
30 0.29292
31 0.30765
32 0.32062
33 0.32214
34 0.32508
35 0.33994
36 0.35329
37 0.37765
38 0.38541
39 0.39985
40 0.4134
41 0.4189
42 0.42212
43 0.43507
44 0.43676
45 0.44206
46 0.44593
47 0.45422
48 0.46038
49 0.46346
50 0.46966
51 0.48907
52 0.49217
53 0.49408
54 0.50313
55 0.54464
56 0.54894
57 0.5615
58 0.56493
59 0.5727
60 0.60202
61 0.60841
62 0.62209
63 0.62358
64 0.62994
65 0.63138
66 0.63556
67 0.64286
68 0.65208
69 0.66261
70 0.67075
71 0.68142
72 0.68425
73 0.68944
74 0.69472
75 0.69829
76 0.70509
77 0.70728
78 0.76449
79 0.76744
80 0.77192
81 0.78793
82 0.7921
83 0.80167
84 0.82789
85 0.84514
86 0.85107
87 0.87167
88 0.87758
89 0.89497
90 0.89991
91 0.90436
92 0.90799
93 0.92821
94 0.93169
95 0.94408
96 0.94895
97 0.95932
98 0.96424
99 0.97542
100 0.99917
101 1.01451
102 1.01853
103 1.01984
104 1.02555
105 1.03208
106 1.03386
107 1.05849
108 1.0615
109 1.06317
110 1.07204
111 1.07797
112 1.09207
113 1.10941
114 1.11424
115 1.11957
116 1.12656
117 1.13327
118 1.13628
119 1.14077
120 1.16358
121 1.17437
122 1.18205
123 1.1859
124 1.1877
125 1.19647
126 1.20013
127 1.20809
128 1.20976
129 1.2154
130 1.21912
131 1.2247
132 1.2284
133 1.24829
134 1.25292
135 1.2564
136 1.27099
137 1.28719
138 1.2885
139 1.29152
140 1.31381
141 1.32011
142 1.35156
143 1.35291
144 1.35752
145 1.38013
146 1.39549
147 1.41589
148 1.42049
149 1.42433
150 1.4297
151 1.43829
152 1.44351
153 1.44539
154 1.44691
155 1.4559
156 1.45882
157 1.46386
158 1.46768
159 1.47499
160 1.48013
161 1.49178
162 1.49332
163 1.49528
164 1.4963
165 1.51638
166 1.51901
167 1.52297
168 1.53078
169 1.54255
170 1.55911
171 1.56215
172 1.56517
173 1.56795
174 1.57234
175 1.58196
176 1.60315
177 1.63256
178 1.63762
179 1.64976
180 1.66612
181 1.67361
182 1.67533
183 1.68043
184 1.69109
185 1.69448
186 1.69585
187 1.70256
188 1.70803
189 1.72086
190 1.72848
191 1.76776
192 1.77543
193 1.78637
194 1.78762
195 1.78919
196 1.80807
197 1.81439
198 1.82006
199 1.82139
200 1.83192
201 1.84693
202 1.85681
203 1.88731
204 1.89646
205 1.91718
206 1.93132
207 1.93605
208 1.93968
209 1.94822
210 1.95135
211 1.96121
212 1.98095
213 1.98688
214 2.00581
215 2.01559
216 2.02175
217 2.02313
218 2.03363
219 2.0406
220 2.04575
221 2.06175
222 2.08539
223 2.10147
224 2.12101
225 2.12722
226 2.13248
227 2.14827
228 2.15729
229 2.16474
230 2.18707
231 2.18883
232 2.19748
233 2.20765
234 2.21665
235 2.21956
236 2.226
237 2.23025
238 2.23836
239 2.24269
240 2.2503
241 2.2697
242 2.27522
243 2.28595
244 2.2956
245 2.31212
246 2.31806
247 2.33346
248 2.34562
249 2.34755
250 2.34907
251 2.35013
252 2.35167
253 2.35764
254 2.36983
255 2.37248
256 2.37383
257 2.40259
258 2.41113
259 2.41694
260 2.42056
261 2.42398
262 2.42735
263 2.43804
264 2.44528
265 2.45338
266 2.46099
267 2.46884
268 2.49273
269 2.49772
270 2.50031
271 2.52119
272 2.54111
273 2.55645
274 2.55839
275 2.56229
276 2.57919
277 2.59042
278 2.60106
279 2.62357
280 2.63338
281 2.64607
282 2.65004
283 2.65161
284 2.65628
285 2.67131
286 2.67934
287 2.68175
288 2.68666
289 2.6987
290 2.7027
291 2.70713
292 2.71416
293 2.72798
294 2.73061
295 2.73792
296 2.74984
297 2.75488
298 2.76987
299 2.78857
300 2.79427
301 2.81007
302 2.81413
303 2.82599
304 2.86105
305 2.86242
306 2.88405
307 2.88986
308 2.89614
309 2.90014
310 2.90517
311 2.92156
312 2.93571
313 2.93983
314 2.94596
315 2.96921
316 2.97711
317 2.97874
