1 0.00133
2 0.01404
3 0.01976
4 0.02708
5 0.03434
6 0.04105
7 0.04578
8 0.05228
9 0.05865
10 0.06287
11 0.06683
12 0.06895
13 0.07353
14 0.08168
15 0.09052
16 0.09332
17 0.09612
18 0.09798
19 0.09901
20 0.1024
21 0.10549
22 0.10847
23 0.11116
24 0.11299
25 0.11602
26 0.12125
27 0.12301
28 0.12563
29 0.12754
30 0.12913
31 0.13363
32 0.13812
33 0.16395
34 0.17177
35 0.17375
36 0.18335
37 0.19141
38 0.19512
39 0.19865
40 0.21564
41 0.22657
42 0.22868
43 0.23165
44 0.23434
45 0.23796
46 0.24735
47 0.26406
48 0.2665
49 0.27327
50 0.27757
51 0.27868
52 0.28243
53 0.28681
54 0.2907
55 0.30033
56 0.30184
57 0.30355
58 0.30623
59 0.31295
60 0.31602
61 0.32361
62 0.32883
63 0.3368
64 0.34245
65 0.35204
66 0.3575
67 0.37066
68 0.37542
69 0.39013
70 0.39673
71 0.41627
72 0.42139
73 0.4266
74 0.43019
75 0.43612
76 0.4394
77 0.44966
78 0.46637
79 0.4754
80 0.4892
81 0.49541
82 0.5182
83 0.52167
84 0.52498
85 0.52838
86 0.53316
87 0.54115
88 0.54394
89 0.54884
90 0.557
91 0.55851
92 0.56691
93 0.56941
94 0.5747
95 0.58839
96 0.59144
97 0.59688
98 0.60546
99 0.6135
100 0.62022
101 0.62364
102 0.62729
103 0.63095
104 0.6653
105 0.67096
106 0.67364
107 0.67583
108 0.68629
109 0.69153
110 0.70543
111 0.72129
112 0.72255
113 0.7272
114 0.73033
115 0.73188
116 0.74244
117 0.76592
118 0.76865
119 0.77329
120 0.77706
121 0.78419
122 0.78806
123 0.7921
124 0.80061
125 0.80407
126 0.81198
127 0.81952
128 0.82767
129 0.83941
130 0.84961
131 0.8515
132 0.85452
133 0.85881
134 0.86496
135 0.86639
136 0.8705
137 0.87365
138 0.88012
139 0.89198
140 0.91701
141 0.93136
142 0.93534
143 0.94278
144 0.94856
145 0.96767
146 0.97955
147 0.98948
148 1.02275
149 1.03536
150 1.03655
151 1.04514
152 1.04779
153 1.05691
154 1.0714
155 1.07585
156 1.08739
157 1.10218
158 1.10615
159 1.10779
160 1.11024
161 1.11467
162 1.11916
163 1.12885
164 1.14095
165 1.14437
166 1.16447
167 1.17302
168 1.18344
169 1.18916
170 1.19256
171 1.19508
172 1.19969
173 1.2239
174 1.23328
175 1.23989
176 1.26633
177 1.27105
178 1.27647
179 1.28875
180 1.29258
181 1.30146
182 1.309
183 1.31176
184 1.315
185 1.32323
186 1.34594
187 1.35911
188 1.36682
189 1.37476
190 1.38152
191 1.41479
192 1.41986
193 1.42831
194 1.43755
195 1.4462
196 1.44802
197 1.47033
198 1.47405
199 1.47706
200 1.48067
201 1.48701
202 1.51475
203 1.51714
204 1.52022
205 1.52269
206 1.52607
207 1.53129
208 1.53548
209 1.54846
210 1.55271
211 1.55622
212 1.56026
213 1.56663
214 1.57592
215 1.57836
216 1.5828
217 1.58952
218 1.59439
219 1.59936
220 1.60282
221 1.61664
222 1.6304
223 1.63617
224 1.6688
225 1.67121
226 1.67472
227 1.67863
228 1.68472
229 1.68647
230 1.68812
231 1.69085
232 1.6936
233 1.69507
234 1.70387
235 1.71992
236 1.72577
237 1.72771
238 1.72941
239 1.73152
240 1.74157
241 1.76212
242 1.76535
243 1.77111
244 1.77875
245 1.78457
246 1.7909
247 1.79456
248 1.80067
249 1.80392
250 1.81236
251 1.8182
252 1.82317
253 1.8267
254 1.8302
255 1.83569
256 1.83924
257 1.84299
258 1.85533
259 1.85843
260 1.86929
261 1.87409
262 1.87999
263 1.8883
264 1.92432
265 1.92765
266 1.93307
267 1.9362
268 1.93785
269 1.95392
270 1.96806
271 1.97423
272 1.97538
273 1.97863
274 1.98173
275 1.98526
276 1.99541
277 2.0197
278 2.02312
279 2.03394
280 2.03639
281 2.03861
282 2.04522
283 2.05424
284 2.05575
285 2.06052
286 2.06253
287 2.07237
288 2.07741
289 2.09795
290 2.09987
291 2.12593
292 2.13701
293 2.14334
294 2.17429
295 2.17928
296 2.18191
297 2.19028
298 2.19659
299 2.19943
300 2.20164
301 2.21654
302 2.22798
303 2.23138
304 2.24023
305 2.25161
306 2.26594
307 2.27039
308 2.27488
309 2.28134
310 2.29334
311 2.29596
312 2.29993
313 2.30683
314 2.30883
315 2.31408
316 2.32084
317 2.3387
318 2.35549
319 2.36242
320 2.37083
321 2.38069
322 2.41635
323 2.42211
324 2.42603
325 2.43977
326 2.44555
327 2.46902
328 2.47438
329 2.4774
330 2.48555
331 2.49079
332 2.51231
333 2.52565
334 2.53311
335 2.54284
336 2.54401
337 2.55229
338 2.55613
339 2.56422
340 2.56653
341 2.58144
342 2.59264
343 2.59644
344 2.6039
345 2.60919
346 2.62439
347 2.63427
348 2.63902
349 2.67071
350 2.68045
351 2.68853
352 2.69398
353 2.69778
354 2.71947
355 2.72692
356 2.73684
357 2.76367
358 2.76823
359 2.77515
360 2.78236
361 2.78802
362 2.79064
363 2.79376
364 2.80434
365 2.8165
366 2.82545
367 2.83384
368 2.83563
369 2.84409
370 2.86488
371 2.87062
372 2.87626
373 2.87801
374 2.88242
375 2.89
376 2.89435
377 2.92263
378 2.93015
379 2.93325
380 2.93721
381 2.9502
382 2.95307
383 2.96961
384 2.97224
385 2.97513
386 2.98669
