1 0.00045
2 0.00227
3 0.01891
4 0.02477
5 0.03435
6 0.04201
7 0.04573
8 0.04903
9 0.05323
10 0.06542
11 0.068
12 0.07095
13 0.08017
14 0.0992
15 0.10601
16 0.10989
17 0.11421
18 0.11932
19 0.12157
20 0.12627
21 0.14544
22 0.15063
23 0.15196
24 0.15914
25 0.16159
26 0.16721
27 0.18315
28 0.20017
29 0.20291
30 0.21152
31 0.21332
32 0.21579
33 0.22779
34 0.23046
35 0.23453
36 0.24277
37 0.24531
38 0.24645
39 0.25089
40 0.25565
41 0.258
42 0.27087
43 0.28343
44 0.30116
45 0.30662
46 0.30961
47 0.33801
48 0.35592
49 0.36079
50 0.36175
51 0.3679
52 0.37967
53 0.38109
54 0.39234
55 0.39806
56 0.40183
57 0.40781
58 0.41809
59 0.42687
60 0.42964
61 0.43094
62 0.44316
63 0.44858
64 0.45349
65 0.45932
66 0.46376
67 0.46656
68 0.47911
69 0.49515
70 0.5135
71 0.52477
72 0.54036
73 0.5441
74 0.54924
75 0.55414
76 0.56067
77 0.5669
78 0.57643
79 0.58125
80 0.60029
81 0.60431
82 0.6053
83 0.61432
84 0.61685
85 0.62265
86 0.63614
87 0.64276
88 0.64948
89 0.66572
90 0.66994
91 0.67466
92 0.68359
93 0.70188
94 0.7062
95 0.70896
96 0.71083
97 0.71388
98 0.72073
99 0.72291
100 0.73466
101 0.74776
102 0.74965
103 0.77202
104 0.77588
105 0.7821
106 0.78625
107 0.78922
108 0.79711
109 0.80319
110 0.80763
111 0.81097
112 0.81533
113 0.82154
114 0.83593
115 0.84998
116 0.8529
117 0.85533
118 0.86328
119 0.8738
120 0.87852
121 0.88812
122 0.89601
123 0.90121
124 0.91032
125 0.91914
126 0.9271
127 0.93287
128 0.93642
129 0.941
130 0.946
131 0.96223
132 0.97475
133 0.98518
134 0.98969
135 1.00091
136 1.00462
137 1.03223
138 1.03437
139 1.04622
140 1.05475
141 1.05764
142 1.08099
143 1.08233
144 1.09725
145 1.11622
146 1.12761
147 1.13787
148 1.14066
149 1.14328
150 1.15064
151 1.15526
152 1.15844
153 1.16347
154 1.17479
155 1.1811
156 1.18482
157 1.19513
158 1.20968
159 1.22125
160 1.2315
161 1.236
162 1.27754
163 1.28625
164 1.29193
165 1.29966
166 1.30495
167 1.31325
168 1.31926
169 1.34488
170 1.35113
171 1.35523
172 1.35755
173 1.3747
174 1.38255
175 1.38883
176 1.39211
177 1.39568
178 1.40109
179 1.40249
180 1.40379
181 1.41239
182 1.41484
183 1.41921
184 1.42612
185 1.42961
186 1.43152
187 1.44354
188 1.44988
189 1.45438
190 1.47611
191 1.48166
192 1.48424
193 1.48593
194 1.5182
195 1.55073
196 1.5606
197 1.5656
198 1.56822
199 1.57536
200 1.58287
201 1.59919
202 1.60454
203 1.60982
204 1.61116
205 1.61305
206 1.61592
207 1.61835
208 1.63861
209 1.64892
210 1.66294
211 1.66498
212 1.67151
213 1.6887
214 1.69823
215 1.69924
216 1.70648
217 1.72716
218 1.73116
219 1.7387
220 1.74448
221 1.74889
222 1.75268
223 1.79027
224 1.79199
225 1.80089
226 1.80641
227 1.81076
228 1.81351
229 1.82009
230 1.82357
231 1.83265
232 1.84559
233 1.85046
234 1.8627
235 1.87148
236 1.88105
237 1.88832
238 1.90003
239 1.90527
240 1.91197
241 1.92157
242 1.93487
243 1.94233
244 1.94842
245 1.95098
246 1.9532
247 1.95416
248 1.95878
249 1.96518
250 1.98027
251 1.98397
252 1.98726
253 1.99357
254 2.00044
255 2.0262
256 2.02979
257 2.04822
258 2.0542
259 2.06557
260 2.07509
261 2.086
262 2.09607
263 2.10175
264 2.11285
265 2.11645
266 2.11973
267 2.1433
268 2.1481
269 2.16628
270 2.1688
271 2.18462
272 2.19032
273 2.21891
274 2.22781
275 2.2308
276 2.24166
277 2.24888
278 2.25837
279 2.26468
280 2.29375
281 2.30221
282 2.3374
283 2.34339
284 2.35592
285 2.36632
286 2.36932
287 2.37516
288 2.37836
289 2.3842
290 2.39925
291 2.40755
292 2.41523
293 2.43126
294 2.4343
295 2.44609
296 2.4486
297 2.45385
298 2.48093
299 2.48464
300 2.50703
301 2.54108
302 2.54275
303 2.5553
304 2.55968
305 2.57567
306 2.57915
307 2.59403
308 2.60195
309 2.61422
310 2.62426
311 2.62869
312 2.6506
313 2.65215
314 2.66765
315 2.67397
316 2.68679
317 2.69576
318 2.70801
319 2.71405
320 2.71795
321 2.7262
322 2.72816
323 2.7346
324 2.75193
325 2.76648
326 2.77181
327 2.78279
328 2.79013
329 2.799
330 2.80474
331 2.82202
332 2.86852
333 2.87027
334 2.87562
335 2.87924
336 2.89377
337 2.899
338 2.90914
339 2.91274
340 2.9142
341 2.92807
342 2.93567
343 2.93829
344 2.93937
345 2.96542
346 2.98357
