1 0.00202
2 0.00582
3 0.00942
4 0.01347
5 0.01466
6 0.01813
7 0.02703
8 0.02975
9 0.03288
10 0.03486
11 0.03741
12 0.04123
13 0.04269
14 0.04399
15 0.04717
16 0.04839
17 0.05262
18 0.06313
19 0.0761
20 0.07944
21 0.08236
22 0.08589
23 0.08985
24 0.09468
25 0.09883
26 0.09973
27 0.10565
28 0.1089
29 0.11369
30 0.1184
31 0.13045
32 0.14523
33 0.15563
34 0.15717
35 0.16698
36 0.17234
37 0.18402
38 0.19818
39 0.20093
40 0.20273
41 0.2135
42 0.2154
43 0.23593
44 0.24228
45 0.25251
46 0.25734
47 0.26559
48 0.28026
49 0.28291
50 0.28565
51 0.30239
52 0.30674
53 0.3112
54 0.31534
55 0.33139
56 0.34188
57 0.34451
58 0.35105
59 0.35593
60 0.35977
61 0.36217
62 0.36529
63 0.36794
64 0.39044
65 0.39357
66 0.39981
67 0.4194
68 0.42229
69 0.43108
70 0.43693
71 0.43915
72 0.44548
73 0.44695
74 0.45808
75 0.46245
76 0.48279
77 0.49098
78 0.49571
79 0.49909
80 0.50144
81 0.50644
82 0.50896
83 0.52209
84 0.53155
85 0.53524
86 0.55215
87 0.55782
88 0.56827
89 0.57773
90 0.58455
91 0.58892
92 0.59139
93 0.60835
94 0.61954
95 0.62385
96 0.6341
97 0.64366
98 0.65356
99 0.66938
100 0.67069
101 0.67354
102 0.67963
103 0.68282
104 0.69989
105 0.70734
106 0.71693
107 0.72616
108 0.73551
109 0.74419
110 0.74686
111 0.75209
112 0.75435
113 0.75953
114 0.78009
115 0.78583
116 0.80096
117 0.80638
118 0.80807
119 0.81375
120 0.81499
121 0.8285
122 0.83753
123 0.84435
124 0.85488
125 0.85792
126 0.86512
127 0.86783
128 0.88224
129 0.89499
130 0.90216
131 0.92024
132 0.92318
133 0.94257
134 0.95324
135 0.95748
136 0.97089
137 0.98502
138 0.98681
139 0.9985
140 1.00585
141 1.01104
142 1.01387
143 1.0362
144 1.03993
145 1.04798
146 1.05378
147 1.06202
148 1.06852
149 1.0793
150 1.08367
151 1.09819
152 1.10422
153 1.11168
154 1.11639
155 1.12537
156 1.13423
157 1.15088
158 1.15599
159 1.16978
160 1.17237
161 1.18506
162 1.19764
163 1.20201
164 1.20455
165 1.20901
166 1.21532
167 1.22138
168 1.24042
169 1.24563
170 1.26274
171 1.27158
172 1.28419
173 1.28556
174 1.28741
175 1.29009
176 1.29164
177 1.30074
178 1.318
179 1.33007
180 1.34226
181 1.35067
182 1.3749
183 1.38345
184 1.3902
185 1.39845
186 1.40076
187 1.40548
188 1.41909
189 1.42483
190 1.42662
191 1.42922
192 1.43502
193 1.45999
194 1.46389
195 1.47319
196 1.48062
197 1.49706
198 1.50621
199 1.50936
200 1.51449
201 1.52081
202 1.53494
203 1.5409
204 1.55939
205 1.58156
206 1.58477
207 1.58609
208 1.59968
209 1.61528
210 1.629
211 1.64002
212 1.65045
213 1.65571
214 1.66725
215 1.6774
216 1.68515
217 1.6904
218 1.7071
219 1.71021
220 1.71611
221 1.74317
222 1.75167
223 1.7556
224 1.76177
225 1.76647
226 1.77562
227 1.77935
228 1.78572
229 1.78772
230 1.79065
231 1.80437
232 1.81035
233 1.82166
234 1.82783
235 1.83394
236 1.84212
237 1.8497
238 1.85347
239 1.85963
240 1.86395
241 1.8808
242 1.89002
243 1.89505
244 1.90574
245 1.91819
246 1.92075
247 1.92486
248 1.9331
249 1.95469
250 1.95587
251 1.95801
252 1.95926
253 1.9646
254 1.966
255 1.96807
256 1.96988
257 1.97368
258 1.98634
259 1.99503
260 2.00163
261 2.00853
262 2.0126
263 2.01688
264 2.03494
265 2.0391
266 2.04249
267 2.0478
268 2.05366
269 2.05777
270 2.06124
271 2.06479
272 2.07187
273 2.08903
274 2.10482
275 2.10638
276 2.11583
277 2.11831
278 2.12744
279 2.13226
280 2.13425
281 2.13789
282 2.14644
283 2.15357
284 2.16205
285 2.16827
286 2.17062
287 2.19241
288 2.2066
289 2.2117
290 2.24053
291 2.25154
292 2.25305
293 2.26259
294 2.28343
295 2.29566
296 2.30795
297 2.30992
298 2.31386
299 2.327
300 2.34005
301 2.35001
302 2.36301
303 2.37268
304 2.37705
305 2.38224
306 2.38843
307 2.39902
308 2.41821
309 2.42162
310 2.44382
311 2.44738
312 2.45264
313 2.46296
314 2.46478
315 2.46961
316 2.4811
317 2.49154
318 2.49862
319 2.50909
320 2.51195
321 2.51649
322 2.53444
323 2.53787
324 2.54997
325 2.55573
326 2.56613
327 2.57323
328 2.57858
329 2.5892
330 2.59137
331 2.59612
332 2.59791
333 2.6
334 2.60847
335 2.61086
336 2.62124
337 2.63491
338 2.64608
339 2.65268
340 2.66054
341 2.6698
342 2.67411
343 2.67612
344 2.67935
345 2.6997
346 2.71046
347 2.7174
348 2.72204
349 2.72906
350 2.73925
351 2.75666
352 2.76475
353 2.76747
354 2.78066
355 2.80236
356 2.80853
357 2.81302
358 2.83499
359 2.84039
360 2.84697
361 2.85217
362 2.86036
363 2.86679
364 2.89693
365 2.90181
366 2.9117
367 2.92156
368 2.92474
369 2.93347
370 2.94153
371 2.95601
372 2.96005
373 2.99321
