1 0.00365
2 0.00762
3 0.01004
4 0.01862
5 0.022
6 0.02785
7 0.03515
8 0.05137
9 0.06894
10 0.07314
11 0.0773
12 0.0917
13 0.10541
14 0.11107
15 0.12069
16 0.1239
17 0.12524
18 0.15233
19 0.15563
20 0.15977
21 0.17377
22 0.17852
23 0.18969
24 0.19711
25 0.20684
26 0.21333
27 0.21721
28 0.23704
29 0.24013
30 0.24467
31 0.25809
32 0.2606
33 0.26298
34 0.2677
35 0.26909
36 0.27294
37 0.2821
38 0.28994
39 0.29276
40 0.29534
41 0.30226
42 0.32868
43 0.34824
44 0.36685
45 0.38333
46 0.39732
47 0.41026
48 0.41306
49 0.42562
50 0.43864
51 0.44627
52 0.44821
53 0.4498
54 0.45465
55 0.46296
56 0.48084
57 0.48306
58 0.49897
59 0.50656
60 0.50787
61 0.51957
62 0.52945
63 0.5339
64 0.53895
65 0.54782
66 0.55285
67 0.56453
68 0.57129
69 0.57685
70 0.59276
71 0.59619
72 0.6398
73 0.65213
74 0.66005
75 0.66423
76 0.67094
77 0.68698
78 0.69516
79 0.70632
80 0.71307
81 0.71775
82 0.73018
83 0.74166
84 0.76701
85 0.77727
86 0.77899
87 0.79341
88 0.80671
89 0.80819
90 0.81318
91 0.81921
92 0.82203
93 0.85591
94 0.86154
95 0.86939
96 0.87883
97 0.88763
98 0.89575
99 0.90027
100 0.91328
101 0.91762
102 0.92891
103 0.93254
104 0.937
105 0.94009
106 0.94338
107 0.95333
108 0.96004
109 0.96235
110 0.98139
111 0.99375
112 0.99698
113 1.00015
114 1.00851
115 1.0199
116 1.02255
117 1.02846
118 1.04317
119 1.0498
120 1.06954
121 1.07378
122 1.09106
123 1.09773
124 1.10486
125 1.10837
126 1.12379
127 1.13602
128 1.14165
129 1.14815
130 1.15528
131 1.17067
132 1.18117
133 1.18635
134 1.19459
135 1.20486
136 1.20924
137 1.2146
138 1.22406
139 1.23091
140 1.24229
141 1.24432
142 1.25819
143 1.27599
144 1.29103
145 1.30145
146 1.32163
147 1.33155
148 1.34738
149 1.3609
150 1.36627
151 1.37927
152 1.38875
153 1.40807
154 1.41301
155 1.4158
156 1.41822
157 1.42009
158 1.43795
159 1.45167
160 1.45838
161 1.46407
162 1.48796
163 1.49393
164 1.50104
165 1.51573
166 1.52254
167 1.52952
168 1.53901
169 1.55903
170 1.56047
171 1.56926
172 1.58823
173 1.59737
174 1.60541
175 1.61949
176 1.6264
177 1.62793
178 1.64065
179 1.65906
180 1.66393
181 1.6659
182 1.67337
183 1.67753
184 1.68345
185 1.69357
186 1.70288
187 1.71464
188 1.7329
189 1.74099
190 1.74676
191 1.75814
192 1.76636
193 1.77102
194 1.77425
195 1.77881
196 1.78357
197 1.79929
198 1.80323
199 1.81616
200 1.82146
201 1.82519
202 1.83886
203 1.84497
204 1.84838
205 1.85206
206 1.87418
207 1.89271
208 1.90481
209 1.90936
210 1.91794
211 1.94097
212 1.94418
213 1.95216
214 1.95468
215 1.95943
216 1.9633
217 1.9701
218 1.97419
219 1.97556
220 1.97918
221 1.98738
222 1.99979
223 2.00741
224 2.00998
225 2.01742
226 2.03679
227 2.06394
228 2.08812
229 2.09814
230 2.10746
231 2.12242
232 2.13186
233 2.14072
234 2.14621
235 2.15821
236 2.16114
237 2.16364
238 2.16667
239 2.17799
240 2.17916
241 2.18073
242 2.18844
243 2.19229
244 2.19455
245 2.19871
246 2.20189
247 2.20532
248 2.21261
249 2.21893
250 2.22644
251 2.24292
252 2.26222
253 2.26453
254 2.26579
255 2.27298
256 2.27593
257 2.30796
258 2.31871
259 2.32684
260 2.34801
261 2.35403
262 2.358
263 2.36038
264 2.36565
265 2.3669
266 2.36801
267 2.36932
268 2.41312
269 2.4257
270 2.44032
271 2.46134
272 2.47801
273 2.48306
274 2.48955
275 2.49772
276 2.49998
277 2.51294
278 2.52342
279 2.52881
280 2.53263
281 2.54044
282 2.54275
283 2.5491
284 2.56585
285 2.5799
286 2.58572
287 2.59089
288 2.60224
289 2.60459
290 2.62825
291 2.62925
292 2.64775
293 2.6518
294 2.65417
295 2.65621
296 2.65974
297 2.66174
298 2.66482
299 2.68073
300 2.68726
301 2.69787
302 2.7033
303 2.71667
304 2.72621
305 2.72896
306 2.73504
307 2.75424
308 2.75777
309 2.76428
310 2.77676
311 2.79481
312 2.79628
313 2.79916
314 2.80744
315 2.81885
316 2.832
317 2.83843
318 2.83965
319 2.84414
320 2.86529
321 2.87254
322 2.8841
323 2.89
324 2.9074
325 2.91314
326 2.91726
327 2.93559
328 2.93902
329 2.94685
330 2.94926
331 2.96079
332 2.96391
333 2.9671
334 2.97362
335 2.97901
336 2.98713
337 2.99622
