1 0.01752
2 0.0326
3 0.03475
4 0.03641
5 0.03946
6 0.0481
7 0.06042
8 0.06254
9 0.06557
10 0.07706
11 0.08534
12 0.09075
13 0.10406
14 0.10904
15 0.11677
16 0.12615
17 0.13172
18 0.13948
19 0.16332
20 0.16949
21 0.18153
22 0.18652
23 0.19931
24 0.20572
25 0.2091
26 0.21564
27 0.23547
28 0.25977
29 0.27234
30 0.27858
31 0.28957
32 0.30583
33 0.31857
34 0.32382
35 0.32541
36 0.32727
37 0.34405
38 0.3536
39 0.35491
40 0.35854
41 0.36701
42 0.37437
43 0.38764
44 0.39596
45 0.40192
46 0.40826
47 0.4111
48 0.4145
49 0.42545
50 0.43631
51 0.43899
52 0.44293
53 0.45997
54 0.4719
55 0.47413
56 0.47721
57 0.48641
58 0.49877
59 0.52252
60 0.52647
61 0.52999
62 0.53732
63 0.54188
64 0.54387
65 0.55369
66 0.55589
67 0.573
68 0.58943
69 0.59771
70 0.60055
71 0.614
72 0.62196
73 0.64931
74 0.66014
75 0.66762
76 0.66841
77 0.67223
78 0.67966
79 0.68231
80 0.70831
81 0.71048
82 0.72863
83 0.73247
84 0.73449
85 0.75097
86 0.75372
87 0.75973
88 0.76485
89 0.7715
90 0.77916
91 0.78862
92 0.79878
93 0.81127
94 0.81368
95 0.82914
96 0.83489
97 0.84266
98 0.86062
99 0.86567
100 0.87135
101 0.89339
102 0.90302
103 0.90672
104 0.91149
105 0.91491
106 0.92096
107 0.9264
108 0.9426
109 0.94974
110 0.95334
111 0.96553
112 0.972
113 0.97935
114 0.99093
115 0.99973
116 1.00613
117 1.02723
118 1.02956
119 1.0355
120 1.0406
121 1.04284
122 1.04554
123 1.06104
124 1.07327
125 1.08106
126 1.08535
127 1.11653
128 1.12367
129 1.12755
130 1.13078
131 1.14327
132 1.15049
133 1.15957
134 1.16413
135 1.17057
136 1.17137
137 1.18413
138 1.19012
139 1.19559
140 1.20033
141 1.21171
142 1.21449
143 1.21675
144 1.23026
145 1.24152
146 1.25167
147 1.25584
148 1.2729
149 1.28681
150 1.28833
151 1.29375
152 1.31797
153 1.323
154 1.32743
155 1.33087
156 1.33698
157 1.35837
158 1.36422
159 1.36977
160 1.37324
161 1.37762
162 1.38193
163 1.3913
164 1.39846
165 1.4375
166 1.45214
167 1.45853
168 1.46356
169 1.46921
170 1.47621
171 1.48266
172 1.51285
173 1.51931
174 1.5217
175 1.52881
176 1.5323
177 1.54869
178 1.55101
179 1.56747
180 1.574
181 1.58393
182 1.61302
183 1.61914
184 1.64847
185 1.6533
186 1.65653
187 1.6693
188 1.67894
189 1.69382
190 1.70481
191 1.7092
192 1.7253
193 1.73342
194 1.74099
195 1.74692
196 1.75389
197 1.75495
198 1.76276
199 1.77307
200 1.77825
201 1.78955
202 1.79845
203 1.80793
204 1.82001
205 1.8223
206 1.82428
207 1.83988
208 1.84114
209 1.84435
210 1.84892
211 1.85126
212 1.86051
213 1.86502
214 1.87008
215 1.87546
216 1.87694
217 1.89154
218 1.90611
219 1.91303
220 1.9184
221 1.93346
222 1.94114
223 1.95035
224 1.95538
225 1.95902
226 1.96994
227 1.97268
228 1.97622
229 1.97794
230 1.9868
231 1.99177
232 2.02146
233 2.02817
234 2.03567
235 2.03772
236 2.03957
237 2.04251
238 2.04438
239 2.05444
240 2.0609
241 2.06819
242 2.0712
243 2.07304
244 2.07691
245 2.07951
246 2.101
247 2.10506
248 2.10876
249 2.1143
250 2.1194
251 2.12152
252 2.13278
253 2.14749
254 2.14984
255 2.15356
256 2.15622
257 2.16946
258 2.18403
259 2.19934
260 2.20576
261 2.21487
262 2.21732
263 2.22516
264 2.2611
265 2.26867
266 2.28004
267 2.28384
268 2.2879
269 2.29046
270 2.31442
271 2.31628
272 2.32601
273 2.34256
274 2.35275
275 2.36234
276 2.37921
277 2.38747
278 2.39827
279 2.40252
280 2.40807
281 2.41718
282 2.42437
283 2.4358
284 2.44408
285 2.46588
286 2.46996
287 2.4839
288 2.49036
289 2.49772
290 2.51259
291 2.52005
292 2.52529
293 2.54117
294 2.54474
295 2.5518
296 2.55581
297 2.57545
298 2.58265
299 2.58449
300 2.59974
301 2.60488
302 2.6111
303 2.62208
304 2.64403
305 2.64718
306 2.65043
307 2.65815
308 2.66735
309 2.68048
310 2.69024
311 2.6943
312 2.70039
313 2.70869
314 2.72493
315 2.73632
316 2.73792
317 2.74352
318 2.7484
319 2.75742
320 2.76677
321 2.77286
322 2.77467
323 2.77925
324 2.78572
325 2.79783
326 2.80785
327 2.82486
328 2.82906
329 2.86006
330 2.86218
331 2.86843
332 2.87011
333 2.87864
334 2.89158
335 2.90481
336 2.9093
337 2.91289
338 2.93139
339 2.94241
340 2.94342
341 2.96039
342 2.96311
343 2.97262
344 2.97985
345 2.98637
346 2.99028
347 2.99325
