1 0.00802
2 0.00966
3 0.0129
4 0.01681
5 0.02
6 0.02219
7 0.02838
8 0.03275
9 0.03756
10 0.04301
11 0.0568
12 0.06373
13 0.07195
14 0.07337
15 0.0754
16 0.07623
17 0.08663
18 0.09435
19 0.10663
20 0.11156
21 0.11501
22 0.12512
23 0.12923
24 0.14208
25 0.14848
26 0.16159
27 0.17782
28 0.17988
29 0.19099
30 0.19464
31 0.20097
32 0.20595
33 0.22219
34 0.23167
35 0.23663
36 0.23906
37 0.24519
38 0.25042
39 0.25337
40 0.25893
41 0.266
42 0.27548
43 0.29775
44 0.30456
45 0.30644
46 0.32689
47 0.3389
48 0.34742
49 0.35598
50 0.36344
51 0.36825
52 0.37642
53 0.38373
54 0.38548
55 0.38687
56 0.3892
57 0.41466
58 0.42779
59 0.43576
60 0.44612
61 0.45063
62 0.45571
63 0.45989
64 0.47458
65 0.48058
66 0.4911
67 0.49712
68 0.50148
69 0.50539
70 0.50648
71 0.5138
72 0.52296
73 0.53242
74 0.55515
75 0.57543
76 0.58091
77 0.60314
78 0.60683
79 0.60938
80 0.6131
81 0.62983
82 0.63159
83 0.64287
84 0.64889
85 0.67349
86 0.68973
87 0.69277
88 0.71076
89 0.72735
90 0.74025
91 0.76323
92 0.76707
93 0.77854
94 0.78419
95 0.79144
96 0.79753
97 0.80387
98 0.80777
99 0.81016
100 0.831
101 0.83786
102 0.84652
103 0.8537
104 0.85678
105 0.86194
106 0.87499
107 0.88257
108 0.89296
109 0.89986
110 0.90825
111 0.91861
112 0.94751
113 0.95924
114 0.9657
115 0.97306
116 0.97665
117 0.98934
118 0.99416
119 1.00844
120 1.01618
121 1.02924
122 1.04675
123 1.06985
124 1.0751
125 1.08086
126 1.08418
127 1.09639
128 1.10071
129 1.10385
130 1.11363
131 1.1309
132 1.14116
133 1.1442
134 1.15894
135 1.16974
136 1.1721
137 1.18082
138 1.18531
139 1.20168
140 1.20977
141 1.21422
142 1.21601
143 1.22091
144 1.24014
145 1.24644
146 1.25591
147 1.25781
148 1.2595
149 1.26642
150 1.28096
151 1.28496
152 1.30126
153 1.30324
154 1.30656
155 1.32779
156 1.33377
157 1.357
158 1.36244
159 1.364
160 1.3678
161 1.36935
162 1.37589
163 1.38819
164 1.40523
165 1.42164
166 1.42371
167 1.4413
168 1.44231
169 1.44593
170 1.45933
171 1.46954
172 1.47411
173 1.47901
174 1.48908
175 1.49391
176 1.50298
177 1.50632
178 1.52737
179 1.53032
180 1.5514
181 1.55608
182 1.55977
183 1.56568
184 1.57534
185 1.57887
186 1.58012
187 1.58296
188 1.5874
189 1.61282
190 1.61831
191 1.63934
192 1.6449
193 1.65078
194 1.65873
195 1.66434
196 1.67098
197 1.67512
198 1.68175
199 1.68831
200 1.69589
201 1.69888
202 1.70376
203 1.70826
204 1.71938
205 1.7277
206 1.73296
207 1.74802
208 1.75463
209 1.75728
210 1.77922
211 1.78357
212 1.79869
213 1.80127
214 1.81031
215 1.82005
216 1.82761
217 1.84223
218 1.84748
219 1.85354
220 1.85953
221 1.86312
222 1.86794
223 1.88125
224 1.88563
225 1.89012
226 1.89974
227 1.90424
228 1.91189
229 1.92544
230 1.92884
231 1.93497
232 1.93668
233 1.95637
234 1.96557
235 1.97535
236 1.98724
237 1.98992
238 1.99997
239 2.0082
240 2.01642
241 2.01994
242 2.02184
243 2.02997
244 2.0473
245 2.05073
246 2.05301
247 2.05902
248 2.07735
249 2.08102
250 2.08364
251 2.09545
252 2.10379
253 2.11146
254 2.11549
255 2.11981
256 2.129
257 2.13717
258 2.14111
259 2.14241
260 2.15007
261 2.15309
262 2.15462
263 2.16276
264 2.17924
265 2.19793
266 2.20588
267 2.21641
268 2.22684
269 2.23617
270 2.24012
271 2.25647
272 2.27322
273 2.29365
274 2.29638
275 2.30546
276 2.34358
277 2.34936
278 2.3519
279 2.35889
280 2.37202
281 2.3808
282 2.38455
283 2.3881
284 2.39424
285 2.39838
286 2.4193
287 2.42805
288 2.43268
289 2.44026
290 2.45451
291 2.46568
292 2.46877
293 2.47309
294 2.48178
295 2.48485
296 2.496
297 2.50276
298 2.50434
299 2.51271
300 2.51707
301 2.52085
302 2.52634
303 2.54506
304 2.5541
305 2.56334
306 2.56507
307 2.57048
308 2.59681
309 2.61511
310 2.62108
311 2.64152
312 2.64367
313 2.65675
314 2.66035
315 2.66425
316 2.67451
317 2.69193
318 2.69906
319 2.70069
320 2.71934
321 2.72938
322 2.73771
323 2.73956
324 2.744
325 2.75648
326 2.76427
327 2.76949
328 2.77707
329 2.78377
330 2.80124
331 2.81085
332 2.82336
333 2.8263
334 2.83006
335 2.84181
336 2.85319
337 2.85854
338 2.87336
339 2.87609
340 2.88531
341 2.88872
342 2.93393
343 2.93864
344 2.94599
345 2.96405
346 2.97142
347 2.97736
348 2.97982
349 2.98542
