1 0.01072
2 0.01305
3 0.01973
4 0.02236
5 0.0297
6 0.03987
7 0.04412
8 0.06422
9 0.07605
10 0.07993
11 0.09155
12 0.10068
13 0.10943
14 0.11228
15 0.11756
16 0.13086
17 0.14751
18 0.14941
19 0.16398
20 0.17048
21 0.17549
22 0.17918
23 0.18682
24 0.19018
25 0.21505
26 0.21685
27 0.22721
28 0.2375
29 0.24028
30 0.24671
31 0.27135
32 0.29128
33 0.29246
34 0.2947
35 0.30642
36 0.31153
37 0.32291
38 0.32991
39 0.33862
40 0.34864
41 0.3692
42 0.38458
43 0.39983
44 0.41001
45 0.41565
46 0.42977
47 0.43589
48 0.44459
49 0.45919
50 0.46231
51 0.46799
52 0.47586
53 0.47914
54 0.48724
55 0.50631
56 0.50972
57 0.51167
58 0.51587
59 0.5359
60 0.53875
61 0.55234
62 0.56387
63 0.584
64 0.5946
65 0.60497
66 0.62189
67 0.6232
68 0.62939
69 0.63228
70 0.64164
71 0.6526
72 0.65539
73 0.66847
74 0.68049
75 0.70106
76 0.70954
77 0.71702
78 0.72227
79 0.72761
80 0.73656
81 0.76924
82 0.77986
83 0.79289
84 0.80274
85 0.81679
86 0.81899
87 0.82028
88 0.82432
89 0.85006
90 0.8764
91 0.88289
92 0.88526
93 0.89175
94 0.90077
95 0.90332
96 0.91454
97 0.92723
98 0.93754
99 0.94554
100 0.95277
101 0.95398
102 0.96762
103 0.97769
104 1.00379
105 1.0171
106 1.03313
107 1.05201
108 1.06912
109 1.07941
110 1.08485
111 1.08872
112 1.09175
113 1.09593
114 1.10219
115 1.12047
116 1.12621
117 1.13072
118 1.14171
119 1.15425
120 1.15935
121 1.16917
122 1.17518
123 1.18611
124 1.21099
125 1.21728
126 1.23162
127 1.24212
128 1.25358
129 1.25879
130 1.28204
131 1.28814
132 1.30852
133 1.31125
134 1.32495
135 1.33704
136 1.35334
137 1.35781
138 1.36831
139 1.37248
140 1.37559
141 1.37865
142 1.4019
143 1.41515
144 1.41768
145 1.42554
146 1.46026
147 1.46241
148 1.46382
149 1.47234
150 1.47599
151 1.47805
152 1.48623
153 1.49738
154 1.50343
155 1.51221
156 1.52064
157 1.52262
158 1.53179
159 1.54504
160 1.54914
161 1.55431
162 1.5566
163 1.57069
164 1.5759
165 1.58294
166 1.58546
167 1.58952
168 1.5951
169 1.60626
170 1.60968
171 1.61889
172 1.6232
173 1.62708
174 1.62894
175 1.63141
176 1.63241
177 1.65114
178 1.67054
179 1.67183
180 1.68596
181 1.69206
182 1.71077
183 1.72844
184 1.7352
185 1.74379
186 1.76405
187 1.77336
188 1.78457
189 1.78877
190 1.81052
191 1.82182
192 1.85428
193 1.85713
194 1.86256
195 1.88101
196 1.88635
197 1.90017
198 1.91424
199 1.93592
200 1.94828
201 1.96436
202 1.9718
203 1.98566
204 1.98925
205 1.9932
206 2.01512
207 2.02508
208 2.02993
209 2.03255
210 2.03752
211 2.0632
212 2.06947
213 2.07837
214 2.08234
215 2.08645
216 2.09458
217 2.12174
218 2.12681
219 2.1303
220 2.13254
221 2.13557
222 2.14682
223 2.16532
224 2.16977
225 2.17422
226 2.17651
227 2.18794
228 2.20121
229 2.22241
230 2.22358
231 2.2377
232 2.24272
233 2.24986
234 2.25365
235 2.25676
236 2.26579
237 2.2728
238 2.29336
239 2.29554
240 2.30656
241 2.31832
242 2.32101
243 2.34787
244 2.3599
245 2.36992
246 2.39497
247 2.40148
248 2.42405
249 2.44457
250 2.4683
251 2.47597
252 2.48267
253 2.50375
254 2.51324
255 2.51675
256 2.51934
257 2.54127
258 2.54975
259 2.55349
260 2.55637
261 2.56509
262 2.58165
263 2.59062
264 2.60589
265 2.61497
266 2.61814
267 2.63922
268 2.64229
269 2.64642
270 2.65588
271 2.66237
272 2.66714
273 2.68176
274 2.68589
275 2.69601
276 2.71699
277 2.72336
278 2.72832
279 2.73358
280 2.74737
281 2.76401
282 2.76647
283 2.77157
284 2.78999
285 2.81952
286 2.82228
287 2.8337
288 2.84289
289 2.84735
290 2.87941
291 2.88562
292 2.89213
293 2.90706
294 2.9183
295 2.92361
296 2.93082
297 2.94555
298 2.94746
299 2.9521
300 2.95706
301 2.9654
302 2.96869
303 2.9745
304 2.98888
