1 0.0068
2 0.01302
3 0.01657
4 0.02237
5 0.02485
6 0.02702
7 0.03086
8 0.04157
9 0.04654
10 0.05799
11 0.062
12 0.06878
13 0.07968
14 0.08779
15 0.08936
16 0.09362
17 0.09828
18 0.09947
19 0.10073
20 0.11273
21 0.14
22 0.1496
23 0.16245
24 0.16838
25 0.18097
26 0.18281
27 0.18878
28 0.20073
29 0.20425
30 0.20894
31 0.21083
32 0.23579
33 0.24236
34 0.24456
35 0.25276
36 0.25927
37 0.2633
38 0.27283
39 0.27887
40 0.28927
41 0.29877
42 0.30777
43 0.31275
44 0.31716
45 0.32767
46 0.33334
47 0.34855
48 0.35295
49 0.36059
50 0.38504
51 0.39295
52 0.41721
53 0.42121
54 0.45473
55 0.46654
56 0.47483
57 0.48632
58 0.48943
59 0.49494
60 0.51744
61 0.53513
62 0.53908
63 0.54165
64 0.54574
65 0.559
66 0.56206
67 0.57711
68 0.58998
69 0.59409
70 0.59687
71 0.61107
72 0.61342
73 0.62812
74 0.63032
75 0.63827
76 0.64531
77 0.64759
78 0.66341
79 0.66941
80 0.68133
81 0.7102
82 0.7145
83 0.72669
84 0.74228
85 0.74682
86 0.75073
87 0.75358
88 0.75722
89 0.7731
90 0.77709
91 0.78973
92 0.7921
93 0.80234
94 0.80521
95 0.81252
96 0.82306
97 0.8352
98 0.85208
99 0.8582
100 0.86955
101 0.87728
102 0.89537
103 0.9098
104 0.92068
105 0.92945
106 0.93633
107 0.9457
108 0.9516
109 0.97091
110 0.97992
111 0.98087
112 0.9914
113 1.01087
114 1.02279
115 1.02661
116 1.02839
117 1.03444
118 1.03783
119 1.05126
120 1.07165
121 1.07328
122 1.0871
123 1.09155
124 1.1106
125 1.11339
126 1.11525
127 1.1224
128 1.12898
129 1.13121
130 1.134
131 1.13963
132 1.15974
133 1.16587
134 1.17213
135 1.18061
136 1.19042
137 1.1943
138 1.20268
139 1.20694
140 1.21228
141 1.21635
142 1.22149
143 1.22449
144 1.22779
145 1.24204
146 1.24471
147 1.24883
148 1.27633
149 1.28791
150 1.29674
151 1.30304
152 1.3064
153 1.30954
154 1.31562
155 1.33951
156 1.34967
157 1.35304
158 1.36031
159 1.38212
160 1.40087
161 1.4138
162 1.4201
163 1.43157
164 1.45303
165 1.46455
166 1.46925
167 1.47562
168 1.48005
169 1.48184
170 1.48673
171 1.49008
172 1.49628
173 1.49836
174 1.5026
175 1.52146
176 1.5315
177 1.54208
178 1.54581
179 1.55181
180 1.55535
181 1.56413
182 1.58368
183 1.58686
184 1.58824
185 1.59401
186 1.60155
187 1.6033
188 1.60637
189 1.61141
190 1.6224
191 1.63189
192 1.64505
193 1.65832
194 1.66443
195 1.67538
196 1.67984
197 1.70211
198 1.71895
199 1.72083
200 1.73566
201 1.74014
202 1.74244
203 1.7504
204 1.75932
205 1.7686
206 1.77497
207 1.77747
208 1.78301
209 1.78725
210 1.79734
211 1.81262
212 1.81401
213 1.81846
214 1.82511
215 1.83597
216 1.84027
217 1.85778
218 1.8626
219 1.88036
220 1.88622
221 1.89208
222 1.89729
223 1.89984
224 1.91166
225 1.9149
226 1.92297
227 1.93373
228 1.93706
229 1.93995
230 1.94274
231 1.95174
232 1.9575
233 1.96303
234 1.96695
235 1.97175
236 1.97857
237 1.99299
238 2.04027
239 2.04251
240 2.05472
241 2.05849
242 2.06084
243 2.06718
244 2.07291
245 2.07931
246 2.08374
247 2.09303
248 2.09464
249 2.1041
250 2.11169
251 2.1309
252 2.14276
253 2.15626
254 2.1654
255 2.20421
256 2.20614
257 2.22622
258 2.22843
259 2.2335
260 2.23949
261 2.2421
262 2.25177
263 2.25709
264 2.27012
265 2.2788
266 2.28114
267 2.29956
268 2.30279
269 2.31202
270 2.32237
271 2.33005
272 2.33536
273 2.3383
274 2.34135
275 2.34303
276 2.34432
277 2.34616
278 2.35275
279 2.35705
280 2.36705
281 2.37114
282 2.37544
283 2.38036
284 2.38206
285 2.39025
286 2.39792
287 2.42217
288 2.42815
289 2.45595
290 2.46035
291 2.46183
292 2.46332
293 2.47647
294 2.48212
295 2.48598
296 2.49739
297 2.5226
298 2.5317
299 2.5355
300 2.55793
301 2.56093
302 2.57026
303 2.57837
304 2.60126
305 2.60719
306 2.61011
307 2.61691
308 2.64136
309 2.66036
310 2.66606
311 2.68663
312 2.68933
313 2.6929
314 2.70199
315 2.71185
316 2.73377
317 2.73788
318 2.74615
319 2.75386
320 2.77874
321 2.78648
322 2.78977
323 2.79656
324 2.81637
325 2.82298
326 2.82878
327 2.83166
328 2.85576
329 2.87783
330 2.87945
331 2.88729
332 2.89213
333 2.91576
334 2.9173
335 2.92538
336 2.93696
337 2.94815
338 2.97318
339 2.97503
340 2.98601
341 2.99931
