1 0.00315
2 0.00491
3 0.00831
4 0.01295
5 0.02055
6 0.02523
7 0.02902
8 0.03073
9 0.03368
10 0.03665
11 0.0427
12 0.04951
13 0.05676
14 0.0719
15 0.07468
16 0.0848
17 0.08856
18 0.09245
19 0.09565
20 0.09739
21 0.11973
22 0.13839
23 0.14393
24 0.14885
25 0.15445
26 0.15882
27 0.17697
28 0.18483
29 0.18741
30 0.19426
31 0.19958
32 0.20266
33 0.20975
34 0.22471
35 0.22973
36 0.23648
37 0.24423
38 0.25495
39 0.26076
40 0.27319
41 0.27711
42 0.28071
43 0.29039
44 0.29781
45 0.30191
46 0.3138
47 0.31769
48 0.32918
49 0.33664
50 0.34637
51 0.3583
52 0.36076
53 0.37294
54 0.3836
55 0.3931
56 0.4005
57 0.42723
58 0.45057
59 0.45498
60 0.46172
61 0.46898
62 0.48699
63 0.4926
64 0.50031
65 0.50429
66 0.50696
67 0.51086
68 0.52532
69 0.53462
70 0.53766
71 0.5469
72 0.55346
73 0.55592
74 0.56712
75 0.57379
76 0.57592
77 0.58411
78 0.59006
79 0.59597
80 0.60974
81 0.61605
82 0.61864
83 0.63167
84 0.63792
85 0.64863
86 0.65878
87 0.66216
88 0.67255
89 0.67971
90 0.68549
91 0.7008
92 0.7243
93 0.72762
94 0.73089
95 0.73945
96 0.75014
97 0.77686
98 0.78394
99 0.79844
100 0.80302
101 0.81339
102 0.81805
103 0.82001
104 0.8259
105 0.82843
106 0.83743
107 0.84157
108 0.85196
109 0.86221
110 0.87079
111 0.88233
112 0.88864
113 0.89018
114 0.89148
115 0.89346
116 0.89856
117 0.90964
118 0.91913
119 0.92339
120 0.94433
121 0.94998
122 0.96883
123 0.9755
124 0.98374
125 0.99593
126 0.9984
127 1.0043
128 1.00526
129 1.0077
130 1.02143
131 1.03058
132 1.03323
133 1.03944
134 1.04241
135 1.04662
136 1.0492
137 1.0586
138 1.0704
139 1.08599
140 1.0966
141 1.11254
142 1.11421
143 1.1213
144 1.13409
145 1.14055
146 1.14266
147 1.15148
148 1.17905
149 1.18438
150 1.22377
151 1.23129
152 1.23274
153 1.24569
154 1.24978
155 1.25125
156 1.2614
157 1.28575
158 1.29534
159 1.31267
160 1.32176
161 1.3262
162 1.33839
163 1.34737
164 1.36256
165 1.36626
166 1.38323
167 1.3851
168 1.38872
169 1.39528
170 1.40217
171 1.40983
172 1.4115
173 1.42306
174 1.44705
175 1.45471
176 1.45835
177 1.46465
178 1.46776
179 1.47383
180 1.47653
181 1.48165
182 1.48541
183 1.4879
184 1.49737
185 1.5131
186 1.52681
187 1.53773
188 1.54209
189 1.54711
190 1.55144
191 1.55367
192 1.57834
193 1.58101
194 1.5918
195 1.60759
196 1.61599
197 1.62932
198 1.63317
199 1.63556
200 1.63977
201 1.64233
202 1.64485
203 1.65044
204 1.6703
205 1.67804
206 1.6976
207 1.70943
208 1.71513
209 1.72455
210 1.72761
211 1.73
212 1.74086
213 1.75254
214 1.77392
215 1.78608
216 1.79795
217 1.81649
218 1.82313
219 1.82468
220 1.83203
221 1.8348
222 1.83951
223 1.84442
224 1.86397
225 1.86669
226 1.87907
227 1.88401
228 1.89602
229 1.9132
230 1.91588
231 1.92177
232 1.9461
233 1.96849
234 1.97673
235 1.98332
236 1.9876
237 1.99191
238 1.99944
239 2.0039
240 2.01109
241 2.01799
242 2.02495
243 2.03017
244 2.04356
245 2.05025
246 2.05631
247 2.05816
248 2.07576
249 2.07714
250 2.08359
251 2.08925
252 2.09509
253 2.12114
254 2.13131
255 2.14355
256 2.16197
257 2.16542
258 2.17629
259 2.19173
260 2.21603
261 2.22844
262 2.2462
263 2.25195
264 2.25708
265 2.2601
266 2.28136
267 2.29261
268 2.29715
269 2.31459
270 2.325
271 2.33046
272 2.33246
273 2.35457
274 2.35792
275 2.36079
276 2.36556
277 2.38168
278 2.3866
279 2.39003
280 2.39178
281 2.40163
282 2.41052
283 2.41891
284 2.42181
285 2.45781
286 2.46147
287 2.47511
288 2.48504
289 2.50046
290 2.52253
291 2.52643
292 2.52888
293 2.53329
294 2.53669
295 2.54133
296 2.55242
297 2.55778
298 2.56259
299 2.57149
300 2.58172
301 2.59581
302 2.59887
303 2.61058
304 2.61747
305 2.62096
306 2.63541
307 2.6404
308 2.65035
309 2.66541
310 2.67703
311 2.68241
312 2.7069
313 2.70801
314 2.7248
315 2.72937
316 2.73396
317 2.74171
318 2.74731
319 2.76002
320 2.76497
321 2.7751
322 2.77799
323 2.77947
324 2.78275
325 2.78381
326 2.78767
327 2.80302
328 2.81831
329 2.82092
330 2.82898
331 2.83674
332 2.84404
333 2.85324
334 2.8551
335 2.85944
336 2.86167
337 2.86606
338 2.87737
339 2.88026
340 2.89082
341 2.90369
342 2.90783
343 2.9117
344 2.9147
345 2.9275
346 2.92989
347 2.9414
348 2.9622
349 2.97011
350 2.99197
