1 0.008
2 0.0097
3 0.01172
4 0.01777
5 0.02374
6 0.02699
7 0.03349
8 0.05609
9 0.06162
10 0.073
11 0.07576
12 0.07884
13 0.08364
14 0.09276
15 0.0983
16 0.11427
17 0.11751
18 0.12362
19 0.13252
20 0.14178
21 0.1512
22 0.16015
23 0.16271
24 0.16721
25 0.17636
26 0.18016
27 0.19874
28 0.21504
29 0.2227
30 0.23171
31 0.23455
32 0.23815
33 0.24338
34 0.2463
35 0.2509
36 0.26485
37 0.26824
38 0.27144
39 0.28356
40 0.2983
41 0.30008
42 0.30506
43 0.31401
44 0.31888
45 0.32961
46 0.33444
47 0.3383
48 0.35391
49 0.3606
50 0.36565
51 0.37708
52 0.39177
53 0.40268
54 0.40444
55 0.4194
56 0.42946
57 0.44227
58 0.44807
59 0.44982
60 0.45224
61 0.46114
62 0.46629
63 0.48455
64 0.49166
65 0.49661
66 0.50077
67 0.50799
68 0.52534
69 0.53411
70 0.54547
71 0.54725
72 0.55185
73 0.56323
74 0.56707
75 0.57244
76 0.57612
77 0.58036
78 0.59755
79 0.6046
80 0.60832
81 0.61529
82 0.62108
83 0.62219
84 0.62429
85 0.62778
86 0.62938
87 0.64273
88 0.65654
89 0.66232
90 0.66626
91 0.67042
92 0.67563
93 0.67964
94 0.68391
95 0.69223
96 0.70186
97 0.70308
98 0.70952
99 0.71266
100 0.72622
101 0.73368
102 0.74048
103 0.75126
104 0.75799
105 0.76904
106 0.7797
107 0.7893
108 0.79949
109 0.80932
110 0.81145
111 0.81725
112 0.83168
113 0.84146
114 0.85833
115 0.86337
116 0.86759
117 0.87418
118 0.87612
119 0.89373
120 0.91397
121 0.91813
122 0.93716
123 0.95262
124 0.96348
125 0.9723
126 0.98159
127 0.99467
128 1.00271
129 1.04083
130 1.0455
131 1.06611
132 1.06906
133 1.07444
134 1.08602
135 1.09295
136 1.10218
137 1.10701
138 1.11663
139 1.1271
140 1.13576
141 1.14007
142 1.15571
143 1.18091
144 1.18493
145 1.19808
146 1.20675
147 1.21423
148 1.22141
149 1.22992
150 1.23554
151 1.24406
152 1.27536
153 1.2786
154 1.28571
155 1.30233
156 1.30756
157 1.31119
158 1.31713
159 1.34051
160 1.35013
161 1.36783
162 1.3779
163 1.37942
164 1.3836
165 1.40551
166 1.40958
167 1.42161
168 1.42726
169 1.43093
170 1.43766
171 1.44285
172 1.44615
173 1.45652
174 1.4642
175 1.47298
176 1.47686
177 1.49325
178 1.51235
179 1.5142
180 1.51645
181 1.5179
182 1.52648
183 1.52913
184 1.53856
185 1.54273
186 1.54783
187 1.55209
188 1.55877
189 1.57587
190 1.5818
191 1.59357
192 1.60099
193 1.60833
194 1.6157
195 1.62367
196 1.63812
197 1.64282
198 1.647
199 1.65183
200 1.65427
201 1.65928
202 1.66706
203 1.67636
204 1.68112
205 1.6897
206 1.70782
207 1.72134
208 1.72774
209 1.73156
210 1.73735
211 1.7396
212 1.75217
213 1.76231
214 1.79148
215 1.8003
216 1.8086
217 1.81398
218 1.83355
219 1.84405
220 1.84816
221 1.85372
222 1.859
223 1.8633
224 1.87926
225 1.89027
226 1.89111
227 1.89362
228 1.90068
229 1.92075
230 1.92316
231 1.92499
232 1.93528
233 1.94421
234 1.96673
235 1.97517
236 1.98559
237 1.99374
238 2.00363
239 2.01746
240 2.02416
241 2.03143
242 2.03973
243 2.0486
244 2.06507
245 2.06615
246 2.07725
247 2.08417
248 2.09132
249 2.09733
250 2.10163
251 2.11087
252 2.11374
253 2.13037
254 2.14582
255 2.15382
256 2.16341
257 2.17454
258 2.17979
259 2.18602
260 2.19966
261 2.20701
262 2.21487
263 2.23313
264 2.24647
265 2.25218
266 2.25442
267 2.26377
268 2.2723
269 2.27708
270 2.28002
271 2.28959
272 2.30237
273 2.30324
274 2.30605
275 2.31048
276 2.32427
277 2.33466
278 2.33803
279 2.34217
280 2.35059
281 2.35259
282 2.35441
283 2.36109
284 2.37516
285 2.37829
286 2.37997
287 2.38595
288 2.39964
289 2.40357
290 2.41207
291 2.4166
292 2.45428
293 2.46002
294 2.46613
295 2.47628
296 2.48593
297 2.49263
298 2.49654
299 2.51035
300 2.51869
301 2.53077
302 2.53959
303 2.54565
304 2.54713
305 2.55246
306 2.56408
307 2.56562
308 2.57566
309 2.58528
310 2.59348
311 2.59737
312 2.59976
313 2.6041
314 2.62818
315 2.63409
316 2.6384
317 2.64147
318 2.66384
319 2.66839
320 2.68176
321 2.69486
322 2.69962
323 2.70214
324 2.70757
325 2.71654
326 2.72159
327 2.72866
328 2.7364
329 2.7655
330 2.76792
331 2.77124
332 2.78017
333 2.79429
334 2.81112
335 2.81643
336 2.82196
337 2.82635
338 2.83545
339 2.84329
340 2.84708
341 2.85962
342 2.8638
343 2.86476
344 2.87527
345 2.87734
346 2.88245
347 2.89026
348 2.89777
349 2.89901
350 2.92832
351 2.93301
352 2.9384
353 2.94818
354 2.96184
355 2.96435
356 2.96789
357 2.97175
358 2.97301
359 2.9808
360 2.98619
361 2.99012
362 2.99246
