1 0.0021
2 0.00583
3 0.0095
4 0.01076
5 0.01486
6 0.02295
7 0.02952
8 0.03236
9 0.03593
10 0.04338
11 0.05713
12 0.06369
13 0.07474
14 0.07793
15 0.09352
16 0.10368
17 0.11829
18 0.12856
19 0.13469
20 0.14208
21 0.14571
22 0.14968
23 0.15533
24 0.17087
25 0.17813
26 0.18074
27 0.19869
28 0.22057
29 0.22427
30 0.23033
31 0.23474
32 0.25458
33 0.25935
34 0.26286
35 0.26569
36 0.27126
37 0.27308
38 0.2769
39 0.28356
40 0.29264
41 0.30098
42 0.3293
43 0.35068
44 0.36302
45 0.37078
46 0.37277
47 0.37853
48 0.3852
49 0.38664
50 0.39384
51 0.39794
52 0.40131
53 0.41057
54 0.41559
55 0.42582
56 0.43045
57 0.43411
58 0.43755
59 0.44481
60 0.46134
61 0.46568
62 0.47263
63 0.47471
64 0.47614
65 0.47844
66 0.48239
67 0.49949
68 0.50305
69 0.50884
70 0.51001
71 0.51925
72 0.52176
73 0.52921
74 0.53103
75 0.54519
76 0.551
77 0.5577
78 0.57806
79 0.58224
80 0.58958
81 0.59344
82 0.5946
83 0.59802
84 0.60197
85 0.60591
86 0.61933
87 0.6216
88 0.62316
89 0.62976
90 0.63531
91 0.638
92 0.641
93 0.64943
94 0.65241
95 0.66444
96 0.69182
97 0.70215
98 0.70664
99 0.71023
100 0.71352
101 0.71649
102 0.72245
103 0.7253
104 0.72836
105 0.73478
106 0.73623
107 0.73733
108 0.74831
109 0.75504
110 0.76047
111 0.76572
112 0.77233
113 0.77582
114 0.78899
115 0.79181
116 0.80711
117 0.80908
118 0.82784
119 0.83955
120 0.84629
121 0.8556
122 0.86211
123 0.87231
124 0.87643
125 0.88124
126 0.88512
127 0.88972
128 0.89938
129 0.92255
130 0.92525
131 0.95267
132 0.95465
133 0.96365
134 0.97134
135 0.97583
136 0.9785
137 0.98604
138 0.99561
139 1.00704
140 1.01387
141 1.01725
142 1.02173
143 1.02537
144 1.02751
145 1.02929
146 1.0311
147 1.0375
148 1.05519
149 1.07567
150 1.07986
151 1.09087
152 1.09758
153 1.09955
154 1.12028
155 1.13451
156 1.1419
157 1.14593
158 1.15376
159 1.16995
160 1.17474
161 1.18029
162 1.18439
163 1.20479
164 1.21333
165 1.21524
166 1.22247
167 1.22609
168 1.22929
169 1.23335
170 1.23661
171 1.23969
172 1.25208
173 1.26152
174 1.2688
175 1.27571
176 1.28718
177 1.28889
178 1.29443
179 1.29991
180 1.30501
181 1.31804
182 1.32666
183 1.33309
184 1.33729
185 1.3424
186 1.3453
187 1.3512
188 1.36377
189 1.37228
190 1.38483
191 1.38875
192 1.40081
193 1.40313
194 1.42874
195 1.43454
196 1.43794
197 1.44259
198 1.45544
199 1.47575
200 1.4807
201 1.49752
202 1.51321
203 1.51963
204 1.5226
205 1.52924
206 1.53161
207 1.53603
208 1.5464
209 1.55368
210 1.58717
211 1.60486
212 1.62201
213 1.62829
214 1.63958
215 1.64501
216 1.64833
217 1.65604
218 1.66413
219 1.67492
220 1.68918
221 1.70371
222 1.7106
223 1.71584
224 1.72386
225 1.7264
226 1.73066
227 1.73234
228 1.73518
229 1.73791
230 1.74911
231 1.75865
232 1.76577
233 1.76954
234 1.77036
235 1.77928
236 1.78094
237 1.78787
238 1.79628
239 1.81504
240 1.81901
241 1.84414
242 1.8696
243 1.87892
244 1.88315
245 1.89214
246 1.89419
247 1.92582
248 1.92989
249 1.9344
250 1.93702
251 1.94396
252 1.94974
253 1.95816
254 1.96039
255 1.96946
256 1.98095
257 1.98543
258 1.98872
259 2.00492
260 2.00904
261 2.02021
262 2.02582
263 2.03131
264 2.03417
265 2.03658
266 2.04175
267 2.05188
268 2.06187
269 2.07958
270 2.08706
271 2.08867
272 2.09497
273 2.10659
274 2.1251
275 2.12741
276 2.13698
277 2.14811
278 2.15149
279 2.16813
280 2.174
281 2.18365
282 2.18981
283 2.19182
284 2.195
285 2.20069
286 2.20687
287 2.21285
288 2.22563
289 2.23789
290 2.24399
291 2.25508
292 2.26291
293 2.27472
294 2.28124
295 2.28474
296 2.28679
297 2.29853
298 2.30512
299 2.3253
300 2.33644
301 2.34201
302 2.34609
303 2.35275
304 2.37854
305 2.37986
306 2.38148
307 2.38883
308 2.3946
309 2.42958
310 2.44337
311 2.44909
312 2.45757
313 2.46157
314 2.46441
315 2.47088
316 2.47516
317 2.48348
318 2.4908
319 2.49512
320 2.50211
321 2.50577
322 2.51404
323 2.52051
324 2.52251
325 2.52701
326 2.52922
327 2.53889
328 2.54876
329 2.54969
330 2.5527
331 2.55859
332 2.56451
333 2.58462
334 2.59579
335 2.60387
336 2.61002
337 2.61136
338 2.62108
339 2.62409
340 2.63146
341 2.63851
342 2.65034
343 2.65674
344 2.67104
345 2.6784
346 2.70254
347 2.70653
348 2.70809
349 2.71092
350 2.71392
351 2.72136
352 2.72557
353 2.7307
354 2.75739
355 2.76421
356 2.76846
357 2.77905
358 2.78321
359 2.79094
360 2.79622
361 2.80486
362 2.81463
363 2.8474
364 2.85266
365 2.86717
366 2.87562
367 2.89273
368 2.89422
369 2.89727
370 2.90416
371 2.92602
372 2.93629
373 2.94239
374 2.94398
375 2.95639
376 2.9629
377 2.96697
378 2.97304
379 2.99529
380 2.99934
