1 0.00384
2 0.00782
3 0.03803
4 0.05217
5 0.05715
6 0.06656
7 0.07057
8 0.07412
9 0.07939
10 0.08092
11 0.08865
12 0.09249
13 0.09632
14 0.10586
15 0.12289
16 0.13394
17 0.14995
18 0.15474
19 0.1665
20 0.17719
21 0.18405
22 0.18544
23 0.19296
24 0.20827
25 0.20966
26 0.223
27 0.25235
28 0.26306
29 0.27575
30 0.2897
31 0.3027
32 0.30625
33 0.32605
34 0.33169
35 0.33606
36 0.35233
37 0.35361
38 0.35738
39 0.36957
40 0.37844
41 0.38786
42 0.3982
43 0.40075
44 0.40577
45 0.41238
46 0.42061
47 0.42716
48 0.43792
49 0.44649
50 0.45036
51 0.46456
52 0.46835
53 0.46962
54 0.47759
55 0.48998
56 0.50493
57 0.5116
58 0.55146
59 0.56347
60 0.57169
61 0.58342
62 0.59879
63 0.60439
64 0.64766
65 0.65442
66 0.66541
67 0.66671
68 0.67434
69 0.67721
70 0.69476
71 0.70365
72 0.70547
73 0.71316
74 0.71931
75 0.72087
76 0.72947
77 0.75201
78 0.8121
79 0.81792
80 0.82115
81 0.82294
82 0.82733
83 0.83107
84 0.83807
85 0.85516
86 0.86718
87 0.8817
88 0.88807
89 0.89289
90 0.90685
91 0.90963
92 0.91251
93 0.92185
94 0.92914
95 0.93729
96 0.94767
97 0.96285
98 0.97218
99 0.99336
100 1.01414
101 1.05149
102 1.05764
103 1.06978
104 1.07313
105 1.07514
106 1.07923
107 1.09007
108 1.10021
109 1.10304
110 1.10911
111 1.11457
112 1.119
113 1.1298
114 1.14699
115 1.15056
116 1.17433
117 1.18068
118 1.2063
119 1.21159
120 1.21364
121 1.21706
122 1.23115
123 1.23237
124 1.25123
125 1.26955
126 1.30039
127 1.30841
128 1.31811
129 1.32248
130 1.32742
131 1.33156
132 1.33359
133 1.33854
134 1.34314
135 1.35764
136 1.37064
137 1.37754
138 1.40659
139 1.4102
140 1.41336
141 1.42052
142 1.42769
143 1.45018
144 1.46347
145 1.47128
146 1.51126
147 1.52139
148 1.53286
149 1.55936
150 1.58719
151 1.58891
152 1.59195
153 1.5981
154 1.60746
155 1.61637
156 1.61998
157 1.64585
158 1.66082
159 1.6732
160 1.67477
161 1.67779
162 1.68143
163 1.68263
164 1.68374
165 1.701
166 1.71843
167 1.71959
168 1.72513
169 1.72789
170 1.7507
171 1.75199
172 1.77311
173 1.78761
174 1.79317
175 1.80468
176 1.81275
177 1.81824
178 1.82399
179 1.83607
180 1.85246
181 1.85499
182 1.87604
183 1.87933
184 1.88711
185 1.89436
186 1.89777
187 1.90565
188 1.91531
189 1.92307
190 1.9273
191 1.93169
192 1.95227
193 1.96013
194 1.96728
195 1.97457
196 1.97564
197 2.03237
198 2.0407
199 2.06568
200 2.07138
201 2.07726
202 2.08879
203 2.09211
204 2.09552
205 2.10674
206 2.12801
207 2.14245
208 2.14874
209 2.15028
210 2.15216
211 2.15706
212 2.16442
213 2.16869
214 2.17594
215 2.20004
216 2.20366
217 2.21136
218 2.21933
219 2.25351
220 2.25927
221 2.27672
222 2.28753
223 2.31154
224 2.32626
225 2.3321
226 2.33394
227 2.33559
228 2.34015
229 2.35109
230 2.38137
231 2.39745
232 2.40596
233 2.42785
234 2.43741
235 2.45822
236 2.46176
237 2.47696
238 2.51336
239 2.5567
240 2.56126
241 2.56493
242 2.56622
243 2.57584
244 2.58356
245 2.60204
246 2.6111
247 2.61438
248 2.62031
249 2.64513
250 2.66035
251 2.66526
252 2.66686
253 2.67484
254 2.68112
255 2.70598
256 2.70867
257 2.75998
258 2.76712
259 2.79411
260 2.80014
261 2.81456
262 2.82025
263 2.84218
264 2.85697
265 2.86702
266 2.86919
267 2.88913
268 2.89403
269 2.90006
270 2.90542
271 2.9164
272 2.92321
273 2.92468
274 2.92771
275 2.95122
276 2.95799
277 2.98062
