1 0.00672
2 0.01203
3 0.01314
4 0.01999
5 0.0288
6 0.03623
7 0.03991
8 0.05412
9 0.05962
10 0.06591
11 0.07066
12 0.07277
13 0.07917
14 0.09146
15 0.09348
16 0.09574
17 0.11464
18 0.12381
19 0.13952
20 0.14864
21 0.17102
22 0.17509
23 0.18565
24 0.19555
25 0.21067
26 0.21266
27 0.21976
28 0.22689
29 0.23034
30 0.23437
31 0.24672
32 0.24886
33 0.26304
34 0.28539
35 0.31402
36 0.3171
37 0.32234
38 0.32638
39 0.33623
40 0.33766
41 0.35267
42 0.35944
43 0.37171
44 0.3774
45 0.38208
46 0.39661
47 0.39837
48 0.4021
49 0.42052
50 0.42452
51 0.42659
52 0.439
53 0.45315
54 0.45668
55 0.4606
56 0.48919
57 0.50755
58 0.51535
59 0.5263
60 0.53412
61 0.54433
62 0.55044
63 0.5547
64 0.57921
65 0.58592
66 0.58919
67 0.59625
68 0.60555
69 0.61417
70 0.62264
71 0.63878
72 0.64462
73 0.64717
74 0.6509
75 0.65318
76 0.65967
77 0.68019
78 0.68402
79 0.6929
80 0.70223
81 0.72024
82 0.72333
83 0.72891
84 0.73916
85 0.7565
86 0.77502
87 0.78703
88 0.79403
89 0.79838
90 0.80186
91 0.80552
92 0.81469
93 0.81644
94 0.81962
95 0.8213
96 0.82417
97 0.82914
98 0.8388
99 0.84374
100 0.8481
101 0.85371
102 0.85647
103 0.864
104 0.86937
105 0.87285
106 0.87584
107 0.90475
108 0.91139
109 0.92274
110 0.9264
111 0.94424
112 0.95594
113 0.96514
114 0.96619
115 0.9699
116 0.98516
117 0.99047
118 1.01728
119 1.02428
120 1.03415
121 1.05317
122 1.0595
123 1.06749
124 1.07646
125 1.1012
126 1.10804
127 1.1191
128 1.12675
129 1.12851
130 1.13922
131 1.14434
132 1.15349
133 1.16427
134 1.16779
135 1.18283
136 1.19461
137 1.19799
138 1.20442
139 1.20794
140 1.22744
141 1.23315
142 1.24199
143 1.25602
144 1.25887
145 1.27131
146 1.2874
147 1.29101
148 1.2941
149 1.30245
150 1.31229
151 1.31497
152 1.32287
153 1.32749
154 1.3307
155 1.34082
156 1.35048
157 1.35303
158 1.36021
159 1.373
160 1.38305
161 1.38995
162 1.40082
163 1.40266
164 1.40426
165 1.41262
166 1.42155
167 1.43582
168 1.44801
169 1.45544
170 1.46178
171 1.46387
172 1.47177
173 1.48945
174 1.5057
175 1.50735
176 1.5163
177 1.52799
178 1.53156
179 1.54558
180 1.54733
181 1.55781
182 1.56603
183 1.56738
184 1.57399
185 1.58103
186 1.59854
187 1.60859
188 1.61704
189 1.61891
190 1.6286
191 1.64144
192 1.65355
193 1.66817
194 1.67618
195 1.68319
196 1.68409
197 1.68717
198 1.69115
199 1.69386
200 1.70474
201 1.70754
202 1.71065
203 1.72509
204 1.73097
205 1.73921
206 1.74441
207 1.74809
208 1.75121
209 1.75662
210 1.77251
211 1.77694
212 1.78162
213 1.7853
214 1.80255
215 1.80611
216 1.81084
217 1.81331
218 1.82801
219 1.83353
220 1.83974
221 1.85073
222 1.86506
223 1.87535
224 1.90039
225 1.91565
226 1.92078
227 1.92476
228 1.94536
229 1.95371
230 1.96057
231 1.96724
232 1.97891
233 1.98201
234 1.98734
235 1.99317
236 2.00179
237 2.01051
238 2.02479
239 2.03332
240 2.03948
241 2.04754
242 2.06209
243 2.0652
244 2.06794
245 2.07786
246 2.08242
247 2.08585
248 2.09679
249 2.10532
250 2.1092
251 2.1152
252 2.1251
253 2.13895
254 2.15165
255 2.16203
256 2.1673
257 2.17016
258 2.18772
259 2.19622
260 2.2005
261 2.20654
262 2.21019
263 2.24037
264 2.24638
265 2.24962
266 2.25711
267 2.26703
268 2.2696
269 2.27606
270 2.29318
271 2.30011
272 2.31216
273 2.31647
274 2.32085
275 2.33906
276 2.34403
277 2.34921
278 2.35346
279 2.36075
280 2.36828
281 2.37161
282 2.37809
283 2.38487
284 2.40197
285 2.40403
286 2.42215
287 2.44248
288 2.44576
289 2.44811
290 2.46487
291 2.47617
292 2.48121
293 2.48462
294 2.49594
295 2.49932
296 2.50254
297 2.51238
298 2.52292
299 2.52979
300 2.54481
301 2.54901
302 2.55183
303 2.56712
304 2.57597
305 2.60561
306 2.61036
307 2.61437
308 2.62928
309 2.63743
310 2.64653
311 2.64959
312 2.66293
313 2.68382
314 2.69408
315 2.69693
316 2.70137
317 2.70638
318 2.7092
319 2.72587
320 2.73892
321 2.74171
322 2.74799
323 2.75632
324 2.76267
325 2.76576
326 2.76943
327 2.78439
328 2.79903
329 2.82148
330 2.83101
331 2.83816
332 2.8443
333 2.84903
334 2.87345
335 2.87636
336 2.88034
337 2.89441
338 2.90789
339 2.91355
340 2.93051
341 2.93885
342 2.94528
343 2.9527
344 2.95917
345 2.96583
346 2.97898
347 2.98325
348 2.99937
