1 0.00192
2 0.00451
3 0.01049
4 0.01479
5 0.02393
6 0.02917
7 0.03865
8 0.04381
9 0.05189
10 0.06114
11 0.06336
12 0.06564
13 0.06882
14 0.07081
15 0.08088
16 0.08554
17 0.08939
18 0.0974
19 0.10273
20 0.11337
21 0.12777
22 0.13015
23 0.13855
24 0.14192
25 0.1441
26 0.14731
27 0.1491
28 0.15174
29 0.15666
30 0.15999
31 0.16751
32 0.1751
33 0.17702
34 0.18285
35 0.1866
36 0.18902
37 0.19432
38 0.20083
39 0.20358
40 0.20445
41 0.21265
42 0.21954
43 0.23432
44 0.23836
45 0.25069
46 0.25296
47 0.25793
48 0.26197
49 0.2656
50 0.27043
51 0.27416
52 0.27949
53 0.28853
54 0.29535
55 0.30556
56 0.3146
57 0.32025
58 0.32485
59 0.32884
60 0.33452
61 0.33791
62 0.34406
63 0.34745
64 0.35059
65 0.35401
66 0.37286
67 0.38139
68 0.38402
69 0.40226
70 0.40373
71 0.40777
72 0.42379
73 0.42855
74 0.4328
75 0.4402
76 0.44433
77 0.44728
78 0.45172
79 0.45486
80 0.45841
81 0.468
82 0.48401
83 0.49708
84 0.50342
85 0.50604
86 0.51508
87 0.52167
88 0.52825
89 0.533
90 0.55754
91 0.56683
92 0.57271
93 0.57564
94 0.57776
95 0.58029
96 0.58622
97 0.58966
98 0.59337
99 0.60044
100 0.60351
101 0.61406
102 0.61737
103 0.62174
104 0.62685
105 0.63647
106 0.64318
107 0.66349
108 0.66816
109 0.6728
110 0.68461
111 0.69173
112 0.70073
113 0.70413
114 0.71157
115 0.71387
116 0.71572
117 0.71987
118 0.73982
119 0.75041
120 0.75254
121 0.7535
122 0.76038
123 0.76668
124 0.76854
125 0.77331
126 0.77526
127 0.78922
128 0.7939
129 0.80427
130 0.8118
131 0.81632
132 0.82203
133 0.82804
134 0.83301
135 0.83505
136 0.8405
137 0.84146
138 0.85231
139 0.85771
140 0.86142
141 0.86816
142 0.88213
143 0.88738
144 0.8976
145 0.90655
146 0.92419
147 0.93322
148 0.94609
149 0.95115
150 0.95605
151 0.96209
152 0.97187
153 0.98406
154 0.99278
155 1.00489
156 1.00729
157 1.02085
158 1.03418
159 1.04119
160 1.05426
161 1.0757
162 1.08419
163 1.0919
164 1.10026
165 1.10441
166 1.10967
167 1.1206
168 1.13836
169 1.17167
170 1.18256
171 1.18844
172 1.19335
173 1.19831
174 1.21242
175 1.21879
176 1.2219
177 1.22589
178 1.2455
179 1.25202
180 1.25464
181 1.26198
182 1.26668
183 1.26816
184 1.27492
185 1.28569
186 1.29232
187 1.2993
188 1.31483
189 1.32983
190 1.34118
191 1.34793
192 1.38367
193 1.38927
194 1.40234
195 1.40929
196 1.41423
197 1.41596
198 1.42143
199 1.42993
200 1.43233
201 1.43783
202 1.44306
203 1.45679
204 1.46049
205 1.46668
206 1.47559
207 1.49576
208 1.50124
209 1.50593
210 1.50964
211 1.51676
212 1.52408
213 1.53515
214 1.54283
215 1.54864
216 1.56665
217 1.57263
218 1.57599
219 1.57902
220 1.59461
221 1.59611
222 1.59878
223 1.60065
224 1.60192
225 1.60293
226 1.61137
227 1.6184
228 1.62274
229 1.62914
230 1.64284
231 1.66243
232 1.66519
233 1.67632
234 1.68117
235 1.69355
236 1.69782
237 1.70895
238 1.71383
239 1.72052
240 1.74876
241 1.75113
242 1.75622
243 1.75992
244 1.76301
245 1.77322
246 1.79455
247 1.80742
248 1.83755
249 1.84042
250 1.84571
251 1.88848
252 1.89365
253 1.91411
254 1.92
255 1.92985
256 1.93265
257 1.93669
258 1.94059
259 1.95806
260 1.96828
261 1.96976
262 1.98691
263 1.99476
264 2.0004
265 2.00348
266 2.00678
267 2.01381
268 2.01795
269 2.02722
270 2.03061
271 2.04648
272 2.04797
273 2.05019
274 2.06746
275 2.08073
276 2.08569
277 2.09663
278 2.09838
279 2.10184
280 2.10475
281 2.11756
282 2.13545
283 2.13921
284 2.14472
285 2.16722
286 2.17342
287 2.18079
288 2.1875
289 2.18995
290 2.1966
291 2.20659
292 2.21013
293 2.22435
294 2.23748
295 2.24057
296 2.24753
297 2.2642
298 2.26807
299 2.27154
300 2.28155
301 2.28818
302 2.299
303 2.30467
304 2.31084
305 2.3203
306 2.32715
307 2.3297
308 2.33379
309 2.33731
310 2.34794
311 2.3661
312 2.37264
313 2.37601
314 2.38724
315 2.38855
316 2.396
317 2.41421
318 2.41647
319 2.42108
320 2.42397
321 2.42877
322 2.44055
323 2.44467
324 2.452
325 2.45916
326 2.46642
327 2.47145
328 2.48418
329 2.50172
330 2.50807
331 2.51416
332 2.52127
333 2.52938
334 2.54662
335 2.55057
336 2.56666
337 2.57135
338 2.57633
339 2.57832
340 2.58058
341 2.58394
342 2.58826
343 2.58927
344 2.59614
345 2.6042
346 2.6257
347 2.63567
348 2.64199
349 2.64851
350 2.66179
351 2.67222
352 2.67751
353 2.68346
354 2.69378
355 2.69663
356 2.70885
357 2.72016
358 2.72572
359 2.73044
360 2.73914
361 2.74605
362 2.75279
363 2.75615
364 2.76206
365 2.76554
366 2.77651
367 2.78089
368 2.78894
369 2.79699
370 2.80599
371 2.80919
372 2.81695
373 2.81818
374 2.82724
375 2.83135
376 2.8329
377 2.83811
378 2.83965
379 2.84977
380 2.85094
381 2.85518
382 2.85871
383 2.86126
384 2.88021
385 2.88196
386 2.88563
387 2.89085
388 2.89556
389 2.90498
390 2.91718
391 2.9357
392 2.94474
393 2.95842
394 2.96418
395 2.9769
396 2.97942
397 2.98273
398 2.98965
399 2.99197
400 2.99741
