1 0.00201
2 0.00571
3 0.01138
4 0.02245
5 0.02434
6 0.03991
7 0.04245
8 0.05843
9 0.07028
10 0.07845
11 0.08942
12 0.09094
13 0.09687
14 0.1101
15 0.11478
16 0.12461
17 0.12901
18 0.14329
19 0.14883
20 0.16388
21 0.16707
22 0.17128
23 0.1762
24 0.18156
25 0.18543
26 0.19579
27 0.20118
28 0.20345
29 0.20989
30 0.21832
31 0.22893
32 0.23322
33 0.2382
34 0.24458
35 0.24673
36 0.255
37 0.26398
38 0.27024
39 0.27136
40 0.28209
41 0.28976
42 0.29752
43 0.30971
44 0.31486
45 0.3244
46 0.33023
47 0.33466
48 0.33846
49 0.34355
50 0.35235
51 0.35438
52 0.36066
53 0.36379
54 0.37418
55 0.38161
56 0.38985
57 0.3936
58 0.40282
59 0.40796
60 0.42182
61 0.42389
62 0.42643
63 0.42871
64 0.43627
65 0.44089
66 0.44609
67 0.45673
68 0.47914
69 0.48264
70 0.494
71 0.49516
72 0.4986
73 0.50327
74 0.50799
75 0.51463
76 0.52231
77 0.52565
78 0.52804
79 0.53328
80 0.53817
81 0.54089
82 0.55347
83 0.56849
84 0.57426
85 0.57872
86 0.58226
87 0.5852
88 0.59237
89 0.60276
90 0.60632
91 0.61247
92 0.61437
93 0.61824
94 0.62713
95 0.63364
96 0.64711
97 0.6553
98 0.66379
99 0.66633
100 0.67617
101 0.68471
102 0.69078
103 0.69362
104 0.69849
105 0.71471
106 0.7206
107 0.73291
108 0.73911
109 0.74608
110 0.75061
111 0.75276
112 0.75438
113 0.76369
114 0.76528
115 0.7823
116 0.78722
117 0.7958
118 0.80688
119 0.81276
120 0.81723
121 0.82141
122 0.82734
123 0.83939
124 0.84132
125 0.84493
126 0.85031
127 0.8531
128 0.85653
129 0.86537
130 0.86781
131 0.87603
132 0.87961
133 0.88565
134 0.8926
135 0.90147
136 0.90402
137 0.91026
138 0.91724
139 0.92936
140 0.94007
141 0.95039
142 0.95454
143 0.9592
144 0.96244
145 0.97549
146 0.97917
147 0.98383
148 0.98893
149 0.99283
150 1.00465
151 1.00875
152 1.01861
153 1.02556
154 1.03349
155 1.03574
156 1.04211
157 1.05556
158 1.06092
159 1.0789
160 1.08163
161 1.0963
162 1.11021
163 1.1161
164 1.11967
165 1.12279
166 1.13801
167 1.14095
168 1.14404
169 1.15096
170 1.15366
171 1.16051
172 1.17002
173 1.18574
174 1.19223
175 1.19352
176 1.20262
177 1.21024
178 1.21222
179 1.22061
180 1.22302
181 1.23269
182 1.24495
183 1.25172
184 1.26201
185 1.26352
186 1.26545
187 1.26909
188 1.2705
189 1.28199
190 1.29948
191 1.31661
192 1.32922
193 1.33874
194 1.35953
195 1.37979
196 1.38831
197 1.3936
198 1.40884
199 1.41546
200 1.42304
201 1.43097
202 1.43572
203 1.4458
204 1.45231
205 1.45598
206 1.46524
207 1.47392
208 1.48366
209 1.48694
210 1.49267
211 1.50218
212 1.50685
213 1.51381
214 1.51784
215 1.52146
216 1.52433
217 1.52914
218 1.53098
219 1.5352
220 1.54091
221 1.55383
222 1.56534
223 1.56795
224 1.57611
225 1.57812
226 1.58256
227 1.58441
228 1.60311
229 1.61103
230 1.61714
231 1.62081
232 1.62951
233 1.63311
234 1.63925
235 1.64296
236 1.66323
237 1.66411
238 1.66915
239 1.68048
240 1.68643
241 1.68935
242 1.6908
243 1.70605
244 1.71161
245 1.72683
246 1.73354
247 1.73742
248 1.74418
249 1.74844
250 1.75008
251 1.75984
252 1.77359
253 1.79705
254 1.80519
255 1.8132
256 1.82382
257 1.82634
258 1.85271
259 1.86213
260 1.86965
261 1.87534
262 1.87815
263 1.88475
264 1.89583
265 1.89798
266 1.90781
267 1.92001
268 1.92407
269 1.92749
270 1.94054
271 1.94268
272 1.945
273 1.95013
274 1.95505
275 1.9633
276 1.96512
277 1.97233
278 1.98655
279 1.99392
280 1.99634
281 2.00209
282 2.00922
283 2.01483
284 2.03918
285 2.05279
286 2.05831
287 2.07229
288 2.07379
289 2.08746
290 2.09372
291 2.09642
292 2.10487
293 2.11299
294 2.11672
295 2.12244
296 2.12568
297 2.13242
298 2.13687
299 2.14095
300 2.14895
301 2.15021
302 2.16157
303 2.16411
304 2.17636
305 2.18062
306 2.18701
307 2.18967
308 2.19456
309 2.2021
310 2.20391
311 2.22894
312 2.23292
313 2.2356
314 2.24029
315 2.24273
316 2.24796
317 2.25024
318 2.26053
319 2.27139
320 2.27721
321 2.29499
322 2.29621
323 2.30823
324 2.31644
325 2.32296
326 2.32741
327 2.37243
328 2.37529
329 2.38988
330 2.39663
331 2.40738
332 2.41743
333 2.42136
334 2.42275
335 2.42702
336 2.43277
337 2.44532
338 2.45103
339 2.45497
340 2.46433
341 2.46633
342 2.47089
343 2.47954
344 2.48434
345 2.48895
346 2.49415
347 2.49945
348 2.50874
349 2.51484
350 2.52412
351 2.52935
352 2.53224
353 2.54018
354 2.55882
355 2.56716
356 2.57245
357 2.57424
358 2.5799
359 2.58393
360 2.59031
361 2.59767
362 2.60591
363 2.61015
364 2.6221
365 2.62877
366 2.63619
367 2.64159
368 2.65248
369 2.66019
370 2.66764
371 2.68111
372 2.68638
373 2.69889
374 2.70053
375 2.71144
376 2.72543
377 2.73169
378 2.73586
379 2.74343
380 2.74745
381 2.75655
382 2.76232
383 2.77859
384 2.78034
385 2.78534
386 2.79027
387 2.80119
388 2.80812
389 2.81194
390 2.823
391 2.83405
392 2.83789
393 2.83916
394 2.841
395 2.84687
396 2.85139
397 2.85582
398 2.86145
399 2.87356
400 2.87491
401 2.88071
402 2.88164
403 2.89082
404 2.89177
405 2.89442
406 2.90694
407 2.91639
408 2.93402
409 2.95451
410 2.95762
411 2.96048
412 2.97891
413 2.99316
414 2.99735
415 2.99984
