1 0.01121
2 0.01398
3 0.01841
4 0.0196
5 0.02231
6 0.03224
7 0.04514
8 0.0556
9 0.06804
10 0.07165
11 0.07445
12 0.08543
13 0.10028
14 0.10896
15 0.11177
16 0.12305
17 0.13846
18 0.15102
19 0.15801
20 0.15932
21 0.16028
22 0.18577
23 0.19183
24 0.1945
25 0.19852
26 0.20537
27 0.2177
28 0.2213
29 0.22617
30 0.23163
31 0.24509
32 0.25877
33 0.27115
34 0.27805
35 0.2939
36 0.31438
37 0.3343
38 0.34502
39 0.35741
40 0.36298
41 0.36869
42 0.38867
43 0.40591
44 0.4135
45 0.42205
46 0.4304
47 0.44257
48 0.4669
49 0.4726
50 0.47731
51 0.48571
52 0.49837
53 0.50638
54 0.52074
55 0.52388
56 0.52717
57 0.54422
58 0.55492
59 0.56472
60 0.58683
61 0.59069
62 0.59625
63 0.6066
64 0.62695
65 0.63259
66 0.6361
67 0.63921
68 0.6435
69 0.6467
70 0.64893
71 0.66373
72 0.67321
73 0.70119
74 0.71568
75 0.73157
76 0.73583
77 0.74077
78 0.74379
79 0.7567
80 0.7606
81 0.77231
82 0.77516
83 0.77985
84 0.78642
85 0.79299
86 0.79805
87 0.80664
88 0.81688
89 0.82107
90 0.82567
91 0.8285
92 0.83492
93 0.86041
94 0.86758
95 0.88115
96 0.89757
97 0.90157
98 0.90476
99 0.90986
100 0.91974
101 0.92595
102 0.95555
103 0.96287
104 0.96648
105 0.97652
106 0.99586
107 1.01567
108 1.02235
109 1.03015
110 1.03617
111 1.04163
112 1.07029
113 1.07349
114 1.08297
115 1.09246
116 1.09425
117 1.0983
118 1.1048
119 1.12068
120 1.12732
121 1.13066
122 1.13273
123 1.13476
124 1.14322
125 1.14595
126 1.14982
127 1.15885
128 1.18077
129 1.19222
130 1.20172
131 1.20986
132 1.21441
133 1.21918
134 1.23018
135 1.23898
136 1.24914
137 1.27487
138 1.27693
139 1.27944
140 1.28904
141 1.28982
142 1.3084
143 1.31358
144 1.31803
145 1.32273
146 1.33937
147 1.36769
148 1.37721
149 1.38672
150 1.39384
151 1.39758
152 1.41528
153 1.41829
154 1.42037
155 1.4324
156 1.43942
157 1.45073
158 1.45644
159 1.46451
160 1.47142
161 1.48086
162 1.49296
163 1.49779
164 1.4993
165 1.50517
166 1.51242
167 1.52569
168 1.53406
169 1.54148
170 1.55352
171 1.56373
172 1.57233
173 1.57665
174 1.58327
175 1.59436
176 1.59744
177 1.60101
178 1.60993
179 1.61824
180 1.62352
181 1.63944
182 1.64993
183 1.65694
184 1.66638
185 1.69258
186 1.69793
187 1.69992
188 1.70721
189 1.71071
190 1.71369
191 1.7178
192 1.72046
193 1.72458
194 1.72792
195 1.73278
196 1.73697
197 1.74352
198 1.74972
199 1.75841
200 1.76581
201 1.77183
202 1.77358
203 1.7842
204 1.78779
205 1.79497
206 1.80064
207 1.80316
208 1.80973
209 1.81562
210 1.82968
211 1.84075
212 1.85282
213 1.85869
214 1.87782
215 1.8912
216 1.90395
217 1.90567
218 1.92877
219 1.93233
220 1.94632
221 1.95344
222 1.9624
223 2.00359
224 2.00877
225 2.0276
226 2.03002
227 2.03344
228 2.0555
229 2.06545
230 2.07649
231 2.0975
232 2.10055
233 2.12438
234 2.12681
235 2.13813
236 2.14169
237 2.15363
238 2.16528
239 2.17283
240 2.17905
241 2.18529
242 2.18718
243 2.19058
244 2.19827
245 2.20799
246 2.21325
247 2.2156
248 2.22082
249 2.2256
250 2.23201
251 2.23472
252 2.24475
253 2.25115
254 2.26869
255 2.27732
256 2.27908
257 2.2924
258 2.33146
259 2.33549
260 2.34532
261 2.3487
262 2.37752
263 2.38658
264 2.39293
265 2.40767
266 2.41228
267 2.41492
268 2.42331
269 2.42769
270 2.43383
271 2.43613
272 2.44366
273 2.46014
274 2.46607
275 2.4707
276 2.47515
277 2.47854
278 2.48431
279 2.4974
280 2.51444
281 2.51881
282 2.52942
283 2.53611
284 2.54372
285 2.54738
286 2.55799
287 2.57442
288 2.58003
289 2.58269
290 2.58564
291 2.6061
292 2.61783
293 2.62667
294 2.64494
295 2.65876
296 2.672
297 2.68447
298 2.69407
299 2.70694
300 2.7161
301 2.72248
302 2.72547
303 2.72907
304 2.73868
305 2.74111
306 2.74262
307 2.7568
308 2.76627
309 2.77876
310 2.78353
311 2.80551
312 2.81581
313 2.82088
314 2.82204
315 2.84414
316 2.86581
317 2.8708
318 2.88875
319 2.91133
320 2.91369
321 2.92183
322 2.92616
323 2.93129
324 2.93774
325 2.94376
326 2.961
327 2.99137
