1 0.00267
2 0.00926
3 0.01136
4 0.01823
5 0.02127
6 0.03141
7 0.03527
8 0.03978
9 0.06049
10 0.06412
11 0.06544
12 0.07896
13 0.08731
14 0.09953
15 0.1033
16 0.10627
17 0.10947
18 0.11319
19 0.11581
20 0.12057
21 0.12816
22 0.13327
23 0.1346
24 0.14
25 0.14761
26 0.15975
27 0.16774
28 0.17598
29 0.18462
30 0.1861
31 0.19218
32 0.19363
33 0.19641
34 0.21584
35 0.22083
36 0.24552
37 0.24984
38 0.2512
39 0.2594
40 0.26292
41 0.2655
42 0.27024
43 0.27333
44 0.27672
45 0.28542
46 0.28876
47 0.29042
48 0.29415
49 0.30399
50 0.309
51 0.31215
52 0.3146
53 0.31938
54 0.32391
55 0.32859
56 0.33599
57 0.34661
58 0.35033
59 0.35529
60 0.36916
61 0.37735
62 0.38006
63 0.38833
64 0.39324
65 0.39948
66 0.40581
67 0.41271
68 0.43139
69 0.43399
70 0.43894
71 0.47293
72 0.47851
73 0.48434
74 0.49075
75 0.49451
76 0.49751
77 0.49941
78 0.50481
79 0.50866
80 0.51537
81 0.52579
82 0.53393
83 0.53676
84 0.53912
85 0.54883
86 0.55789
87 0.56571
88 0.57118
89 0.57554
90 0.58009
91 0.58605
92 0.59368
93 0.59953
94 0.60237
95 0.60702
96 0.60864
97 0.62564
98 0.63353
99 0.63676
100 0.63969
101 0.64301
102 0.64573
103 0.64945
104 0.65258
105 0.65521
106 0.65959
107 0.66296
108 0.67643
109 0.6843
110 0.69326
111 0.69719
112 0.70253
113 0.71704
114 0.73386
115 0.73729
116 0.74167
117 0.75153
118 0.76038
119 0.77206
120 0.7804
121 0.79475
122 0.80223
123 0.80652
124 0.81065
125 0.81688
126 0.82039
127 0.82895
128 0.84362
129 0.84632
130 0.84731
131 0.84819
132 0.85447
133 0.85937
134 0.86676
135 0.88033
136 0.89218
137 0.89534
138 0.89748
139 0.90995
140 0.91687
141 0.92782
142 0.9413
143 0.94767
144 0.95387
145 0.97482
146 0.97771
147 0.98422
148 0.99254
149 1.00159
150 1.00611
151 1.0075
152 1.01066
153 1.02106
154 1.02248
155 1.026
156 1.02943
157 1.0429
158 1.04815
159 1.05102
160 1.05619
161 1.06891
162 1.07188
163 1.07659
164 1.08959
165 1.10153
166 1.10691
167 1.11125
168 1.13828
169 1.14761
170 1.15846
171 1.16587
172 1.17912
173 1.18844
174 1.19527
175 1.21015
176 1.22387
177 1.22899
178 1.23076
179 1.23399
180 1.24718
181 1.25553
182 1.25816
183 1.26178
184 1.26782
185 1.27672
186 1.28094
187 1.28902
188 1.29469
189 1.30135
190 1.30737
191 1.30897
192 1.33659
193 1.34773
194 1.3543
195 1.35707
196 1.36497
197 1.37776
198 1.37981
199 1.38365
200 1.3978
201 1.39925
202 1.40085
203 1.40253
204 1.40839
205 1.41027
206 1.41941
207 1.4234
208 1.43627
209 1.44174
210 1.44603
211 1.45611
212 1.47919
213 1.48657
214 1.49358
215 1.49802
216 1.50498
217 1.5174
218 1.52733
219 1.53095
220 1.53288
221 1.53602
222 1.54292
223 1.57502
224 1.57626
225 1.58099
226 1.58472
227 1.58831
228 1.59129
229 1.60282
230 1.62236
231 1.63756
232 1.64361
233 1.64832
234 1.65802
235 1.67267
236 1.67526
237 1.67998
238 1.68504
239 1.68914
240 1.6953
241 1.71258
242 1.73508
243 1.75016
244 1.75399
245 1.75552
246 1.75811
247 1.7654
248 1.77031
249 1.78363
250 1.79189
251 1.79651
252 1.8016
253 1.80705
254 1.81051
255 1.81605
256 1.81863
257 1.83153
258 1.83578
259 1.84364
260 1.85175
261 1.85855
262 1.8768
263 1.88276
264 1.88775
265 1.89227
266 1.89834
267 1.91094
268 1.93044
269 1.94196
270 1.94577
271 1.95199
272 1.96719
273 1.97869
274 1.98706
275 1.99874
276 1.99985
277 2.00085
278 2.00694
279 2.01248
280 2.01754
281 2.02137
282 2.02318
283 2.03378
284 2.0352
285 2.04402
286 2.05224
287 2.06051
288 2.06253
289 2.06777
290 2.06947
291 2.07302
292 2.08629
293 2.10355
294 2.11004
295 2.1136
296 2.11856
297 2.1384
298 2.14482
299 2.14875
300 2.15272
301 2.16884
302 2.171
303 2.1759
304 2.18074
305 2.18503
306 2.19146
307 2.19633
308 2.20536
309 2.22563
310 2.23545
311 2.23773
312 2.24274
313 2.2466
314 2.25129
315 2.25711
316 2.265
317 2.26839
318 2.27263
319 2.28676
320 2.29351
321 2.29793
322 2.30481
323 2.30606
324 2.31544
325 2.3176
326 2.32109
327 2.32637
328 2.32989
329 2.33457
330 2.34064
331 2.34696
332 2.37694
333 2.39832
334 2.43243
335 2.43603
336 2.44275
337 2.4452
338 2.44932
339 2.45284
340 2.4771
341 2.48619
342 2.49282
343 2.5082
344 2.51411
345 2.51526
346 2.51788
347 2.52933
348 2.54072
349 2.55088
350 2.55806
351 2.56833
352 2.57871
353 2.58404
354 2.59004
355 2.59416
356 2.60164
357 2.63111
358 2.63491
359 2.63887
360 2.64676
361 2.64949
362 2.65138
363 2.65596
364 2.67995
365 2.69347
366 2.69991
367 2.71942
368 2.73404
369 2.75183
370 2.7628
371 2.76567
372 2.76873
373 2.77313
374 2.77645
375 2.78343
376 2.78766
377 2.79573
378 2.80744
379 2.80971
380 2.81392
381 2.82193
382 2.83144
383 2.84056
384 2.84601
385 2.85278
386 2.88207
387 2.88751
388 2.89665
389 2.89961
390 2.9283
391 2.93061
392 2.93691
393 2.94263
394 2.94463
395 2.95668
396 2.98226
397 2.99723
