1 0.00139
2 0.00628
3 0.01121
4 0.02015
5 0.0306
6 0.04468
7 0.04662
8 0.04956
9 0.05477
10 0.05819
11 0.06292
12 0.06433
13 0.07284
14 0.08121
15 0.08741
16 0.08886
17 0.09395
18 0.09779
19 0.10282
20 0.10481
21 0.10803
22 0.11235
23 0.12464
24 0.13067
25 0.13486
26 0.13862
27 0.14387
28 0.14874
29 0.15429
30 0.15921
31 0.16234
32 0.16928
33 0.17467
34 0.18025
35 0.18501
36 0.19023
37 0.19799
38 0.20677
39 0.21062
40 0.21711
41 0.22055
42 0.22596
43 0.22833
44 0.23166
45 0.24064
46 0.25234
47 0.25632
48 0.27293
49 0.27533
50 0.29265
51 0.29746
52 0.3009
53 0.30371
54 0.30634
55 0.31556
56 0.32144
57 0.33501
58 0.34187
59 0.3453
60 0.3502
61 0.3562
62 0.36121
63 0.38095
64 0.38373
65 0.38627
66 0.38863
67 0.39986
68 0.40422
69 0.40969
70 0.41378
71 0.42197
72 0.42818
73 0.43255
74 0.43585
75 0.43898
76 0.44066
77 0.44465
78 0.45129
79 0.46779
80 0.47421
81 0.47697
82 0.48171
83 0.48577
84 0.50071
85 0.50203
86 0.50491
87 0.50854
88 0.51023
89 0.52462
90 0.52687
91 0.53839
92 0.54707
93 0.55494
94 0.5615
95 0.58288
96 0.59772
97 0.60232
98 0.60656
99 0.61131
100 0.61668
101 0.61803
102 0.63454
103 0.6437
104 0.65221
105 0.6547
106 0.65683
107 0.65948
108 0.66272
109 0.67154
110 0.69696
111 0.70924
112 0.71634
113 0.72399
114 0.73316
115 0.73616
116 0.75151
117 0.75896
118 0.77796
119 0.78116
120 0.79506
121 0.80272
122 0.80932
123 0.81108
124 0.81769
125 0.82097
126 0.82986
127 0.83296
128 0.84996
129 0.86184
130 0.86524
131 0.87001
132 0.88136
133 0.88397
134 0.90274
135 0.90703
136 0.91374
137 0.92502
138 0.92637
139 0.92812
140 0.93193
141 0.93821
142 0.94209
143 0.94843
144 0.95315
145 0.95579
146 0.96223
147 0.96634
148 0.96783
149 0.97029
150 0.9852
151 0.98641
152 1.0006
153 1.01361
154 1.01624
155 1.02274
156 1.03424
157 1.03821
158 1.04229
159 1.0438
160 1.04679
161 1.05339
162 1.08493
163 1.08689
164 1.09707
165 1.11113
166 1.11262
167 1.11734
168 1.13045
169 1.13127
170 1.14764
171 1.1503
172 1.15835
173 1.16119
174 1.16664
175 1.17748
176 1.17891
177 1.18591
178 1.19879
179 1.2036
180 1.20962
181 1.21473
182 1.22467
183 1.24465
184 1.24716
185 1.25484
186 1.27776
187 1.28158
188 1.29343
189 1.29714
190 1.30606
191 1.30802
192 1.31486
193 1.33888
194 1.3445
195 1.35099
196 1.35427
197 1.36422
198 1.37862
199 1.38313
200 1.38609
201 1.39868
202 1.40145
203 1.40984
204 1.41161
205 1.41902
206 1.42761
207 1.4306
208 1.43556
209 1.43972
210 1.44087
211 1.44885
212 1.46056
213 1.46304
214 1.47026
215 1.4751
216 1.48895
217 1.5046
218 1.50761
219 1.52844
220 1.5335
221 1.54416
222 1.55095
223 1.56095
224 1.58261
225 1.58599
226 1.58943
227 1.60283
228 1.60468
229 1.60858
230 1.61597
231 1.63227
232 1.63731
233 1.63875
234 1.65323
235 1.68196
236 1.68662
237 1.69708
238 1.7043
239 1.7161
240 1.72235
241 1.728
242 1.73113
243 1.73366
244 1.73727
245 1.75025
246 1.75311
247 1.75645
248 1.75965
249 1.7624
250 1.7832
251 1.78994
252 1.80128
253 1.80545
254 1.80956
255 1.81327
256 1.81493
257 1.8401
258 1.84165
259 1.84838
260 1.85394
261 1.85498
262 1.8592
263 1.87127
264 1.88108
265 1.88983
266 1.89732
267 1.90664
268 1.92045
269 1.92472
270 1.93373
271 1.93614
272 1.93952
273 1.94301
274 1.94916
275 1.96033
276 1.97147
277 1.98077
278 1.99635
279 2.00181
280 2.03437
281 2.04393
282 2.04787
283 2.05586
284 2.05791
285 2.06112
286 2.06312
287 2.07275
288 2.08368
289 2.08602
290 2.08774
291 2.0901
292 2.0922
293 2.10367
294 2.10669
295 2.11307
296 2.13197
297 2.15114
298 2.15244
299 2.15567
300 2.16158
301 2.16573
302 2.17257
303 2.17827
304 2.18127
305 2.18898
306 2.19723
307 2.20539
308 2.21008
309 2.2139
310 2.21781
311 2.22642
312 2.25016
313 2.27603
314 2.27764
315 2.29234
316 2.29772
317 2.30118
318 2.30771
319 2.31395
320 2.3349
321 2.34052
322 2.34214
323 2.35559
324 2.35949
325 2.36269
326 2.3698
327 2.37341
328 2.3774
329 2.38281
330 2.38767
331 2.40276
332 2.40597
333 2.42267
334 2.43392
335 2.44582
336 2.45824
337 2.46321
338 2.47641
339 2.48287
340 2.49102
341 2.49461
342 2.50744
343 2.51061
344 2.51562
345 2.52639
346 2.53018
347 2.55208
348 2.55589
349 2.58065
350 2.58599
351 2.59032
352 2.60605
353 2.61235
354 2.62607
355 2.63473
356 2.65421
357 2.65674
358 2.66616
359 2.67309
360 2.67768
361 2.68571
362 2.68689
363 2.69296
364 2.69719
365 2.70305
366 2.71008
367 2.71316
368 2.71975
369 2.723
370 2.72459
371 2.74692
372 2.75569
373 2.76334
374 2.78505
375 2.78632
376 2.79072
377 2.7957
378 2.80079
379 2.81158
380 2.83476
381 2.84466
382 2.85668
383 2.85902
384 2.87511
385 2.87882
386 2.88029
387 2.88501
388 2.88941
389 2.89348
390 2.90345
391 2.90665
392 2.91412
393 2.92144
394 2.93031
395 2.94029
396 2.95434
397 2.963
398 2.96463
399 2.96936
400 2.97466
401 2.97635
402 2.97714
403 2.98378
404 2.99223
405 2.99588
406 2.99904
