1 0.00269
2 0.00643
3 0.0109
4 0.01565
5 0.01876
6 0.02116
7 0.03192
8 0.03336
9 0.03999
10 0.0488
11 0.05621
12 0.06329
13 0.08041
14 0.08392
15 0.08734
16 0.0905
17 0.09415
18 0.10279
19 0.10612
20 0.11198
21 0.11351
22 0.11678
23 0.11776
24 0.12313
25 0.12748
26 0.13053
27 0.14634
28 0.14964
29 0.15609
30 0.16021
31 0.16471
32 0.1685
33 0.17675
34 0.18005
35 0.18231
36 0.18641
37 0.20802
38 0.21209
39 0.22358
40 0.22842
41 0.23045
42 0.23974
43 0.24455
44 0.25737
45 0.26962
46 0.27059
47 0.27318
48 0.27932
49 0.28336
50 0.28883
51 0.29506
52 0.30196
53 0.30605
54 0.31044
55 0.31616
56 0.33219
57 0.35338
58 0.35616
59 0.36098
60 0.36794
61 0.37354
62 0.37675
63 0.38179
64 0.41294
65 0.4154
66 0.41789
67 0.42565
68 0.42973
69 0.43236
70 0.43341
71 0.43678
72 0.45895
73 0.47284
74 0.48019
75 0.49481
76 0.49768
77 0.49936
78 0.50283
79 0.50713
80 0.51428
81 0.52189
82 0.54011
83 0.54397
84 0.54825
85 0.54964
86 0.55532
87 0.55869
88 0.56139
89 0.5703
90 0.57658
91 0.5797
92 0.60374
93 0.60634
94 0.60888
95 0.6126
96 0.61835
97 0.6247
98 0.62712
99 0.62934
100 0.63209
101 0.6372
102 0.6593
103 0.66534
104 0.67872
105 0.68148
106 0.68488
107 0.69401
108 0.703
109 0.70838
110 0.71203
111 0.72223
112 0.72395
113 0.72595
114 0.74219
115 0.74537
116 0.75223
117 0.75487
118 0.763
119 0.7718
120 0.77693
121 0.78704
122 0.79183
123 0.79671
124 0.79911
125 0.80663
126 0.80943
127 0.8163
128 0.83804
129 0.84766
130 0.85321
131 0.85628
132 0.8655
133 0.8674
134 0.871
135 0.87444
136 0.87773
137 0.88486
138 0.89067
139 0.90869
140 0.91872
141 0.92182
142 0.92517
143 0.93068
144 0.93364
145 0.93623
146 0.9399
147 0.95166
148 0.95886
149 0.96538
150 0.97024
151 0.9751
152 0.98238
153 0.99517
154 0.99953
155 1.0078
156 1.0196
157 1.0349
158 1.03777
159 1.04098
160 1.04326
161 1.04894
162 1.05449
163 1.05984
164 1.06236
165 1.07842
166 1.08018
167 1.0874
168 1.09062
169 1.0998
170 1.10941
171 1.11066
172 1.11509
173 1.1187
174 1.12347
175 1.1251
176 1.13179
177 1.13574
178 1.1457
179 1.14897
180 1.1606
181 1.17002
182 1.17367
183 1.17915
184 1.19035
185 1.19629
186 1.2022
187 1.20367
188 1.20478
189 1.21027
190 1.21461
191 1.21764
192 1.21852
193 1.22192
194 1.22521
195 1.24074
196 1.24717
197 1.25504
198 1.25695
199 1.25941
200 1.2708
201 1.27913
202 1.29061
203 1.30691
204 1.31516
205 1.33111
206 1.33329
207 1.34255
208 1.35722
209 1.36566
210 1.37386
211 1.38399
212 1.39107
213 1.40832
214 1.41953
215 1.43239
216 1.45559
217 1.45747
218 1.46026
219 1.46204
220 1.46696
221 1.47007
222 1.47275
223 1.48212
224 1.4984
225 1.50505
226 1.51862
227 1.5235
228 1.52858
229 1.53795
230 1.5541
231 1.55557
232 1.56849
233 1.57841
234 1.58156
235 1.5845
236 1.587
237 1.60236
238 1.60696
239 1.61058
240 1.61549
241 1.61827
242 1.62159
243 1.6249
244 1.62773
245 1.63212
246 1.63583
247 1.63817
248 1.64345
249 1.65602
250 1.67572
251 1.67831
252 1.68414
253 1.68696
254 1.6904
255 1.70542
256 1.71391
257 1.71692
258 1.72569
259 1.72897
260 1.74223
261 1.7487
262 1.75278
263 1.76012
264 1.7675
265 1.77212
266 1.77546
267 1.78369
268 1.78614
269 1.79501
270 1.79867
271 1.80524
272 1.81353
273 1.82571
274 1.83266
275 1.83385
276 1.83748
277 1.83993
278 1.84105
279 1.84995
280 1.85994
281 1.86454
282 1.87032
283 1.8729
284 1.87547
285 1.8783
286 1.87976
287 1.88587
288 1.90752
289 1.9101
290 1.91177
291 1.91693
292 1.9194
293 1.93267
294 1.93507
295 1.95161
296 1.95664
297 1.96421
298 1.96698
299 1.97072
300 1.97418
301 1.98122
302 1.98679
303 1.99096
304 2.00595
305 2.01679
306 2.02476
307 2.03054
308 2.0319
309 2.03913
310 2.0438
311 2.06262
312 2.07607
313 2.08187
314 2.09154
315 2.09942
316 2.10536
317 2.11082
318 2.12346
319 2.12819
320 2.13025
321 2.13245
322 2.1389
323 2.14149
324 2.15644
325 2.16114
326 2.16531
327 2.16847
328 2.1744
329 2.18636
330 2.1905
331 2.19496
332 2.20343
333 2.21869
334 2.2287
335 2.23194
336 2.2437
337 2.24673
338 2.24843
339 2.25396
340 2.26792
341 2.27369
342 2.28776
343 2.29266
344 2.30278
345 2.30659
346 2.30831
347 2.31555
348 2.33327
349 2.35372
350 2.37149
351 2.37671
352 2.38346
353 2.39079
354 2.40611
355 2.41201
356 2.41966
357 2.42414
358 2.43002
359 2.44202
360 2.45261
361 2.45976
362 2.46144
363 2.46672
364 2.47563
365 2.48134
366 2.48433
367 2.49714
368 2.50169
369 2.50327
370 2.52216
371 2.53179
372 2.53715
373 2.53976
374 2.55123
375 2.55627
376 2.55802
377 2.56632
378 2.58201
379 2.58335
380 2.60686
381 2.61464
382 2.61803
383 2.62362
384 2.63105
385 2.63405
386 2.64272
387 2.66106
388 2.66921
389 2.67723
390 2.70337
391 2.71283
392 2.7149
393 2.71917
394 2.72465
395 2.72764
396 2.73038
397 2.74575
398 2.7501
399 2.75237
400 2.7546
401 2.75635
402 2.76474
403 2.76883
404 2.77962
405 2.78321
406 2.78775
407 2.79287
408 2.80602
409 2.81343
410 2.82791
411 2.84341
412 2.85191
413 2.85368
414 2.85747
415 2.86539
416 2.86825
417 2.87639
418 2.87933
419 2.88172
420 2.88432
421 2.88611
422 2.89027
423 2.89455
424 2.90486
425 2.91763
426 2.92085
427 2.9248
428 2.93132
429 2.93534
430 2.93875
431 2.95009
432 2.95398
433 2.9645
434 2.96825
435 2.973
436 2.97863
437 2.9802
438 2.99758
