1 0.0028
2 0.00719
3 0.00926
4 0.01167
5 0.02077
6 0.02828
7 0.02983
8 0.03543
9 0.03743
10 0.05413
11 0.06153
12 0.06378
13 0.06659
14 0.06864
15 0.07858
16 0.09372
17 0.09569
18 0.09715
19 0.1
20 0.10416
21 0.11661
22 0.12295
23 0.12615
24 0.13278
25 0.13573
26 0.13936
27 0.15762
28 0.16892
29 0.17445
30 0.17834
31 0.18258
32 0.20099
33 0.20237
34 0.20437
35 0.20683
36 0.20802
37 0.21674
38 0.21992
39 0.22613
40 0.23825
41 0.24178
42 0.24539
43 0.25056
44 0.25671
45 0.25797
46 0.26808
47 0.27575
48 0.28507
49 0.29021
50 0.29236
51 0.29811
52 0.30063
53 0.30275
54 0.30708
55 0.30901
56 0.31129
57 0.32019
58 0.32429
59 0.33931
60 0.3419
61 0.34569
62 0.34749
63 0.35019
64 0.36485
65 0.36825
66 0.36999
67 0.376
68 0.38094
69 0.38838
70 0.39157
71 0.39442
72 0.42622
73 0.43037
74 0.43348
75 0.44966
76 0.45861
77 0.47112
78 0.4734
79 0.48191
80 0.48839
81 0.50079
82 0.50885
83 0.52318
84 0.53959
85 0.54162
86 0.5458
87 0.55546
88 0.5579
89 0.56166
90 0.57287
91 0.57605
92 0.5774
93 0.58283
94 0.59188
95 0.59584
96 0.59716
97 0.6066
98 0.62019
99 0.62377
100 0.62956
101 0.63207
102 0.63822
103 0.64649
104 0.65679
105 0.66916
106 0.67453
107 0.67592
108 0.69734
109 0.70419
110 0.70526
111 0.71014
112 0.71109
113 0.71251
114 0.72408
115 0.72496
116 0.72899
117 0.7333
118 0.74255
119 0.74869
120 0.75416
121 0.75748
122 0.7598
123 0.77552
124 0.78367
125 0.78634
126 0.7991
127 0.80457
128 0.81492
129 0.82552
130 0.84172
131 0.84658
132 0.85193
133 0.87156
134 0.87335
135 0.87679
136 0.88663
137 0.89
138 0.89214
139 0.89588
140 0.89835
141 0.91823
142 0.92092
143 0.92487
144 0.92624
145 0.93347
146 0.93729
147 0.95047
148 0.95358
149 0.96135
150 0.96387
151 0.97295
152 0.97719
153 0.9862
154 0.99491
155 0.99894
156 1.0286
157 1.02989
158 1.06232
159 1.07329
160 1.0761
161 1.09417
162 1.09637
163 1.09842
164 1.10176
165 1.12213
166 1.13707
167 1.14975
168 1.1725
169 1.17647
170 1.18067
171 1.18462
172 1.20291
173 1.20613
174 1.20759
175 1.2153
176 1.2187
177 1.22241
178 1.22966
179 1.2327
180 1.23436
181 1.24576
182 1.25022
183 1.25572
184 1.25901
185 1.26028
186 1.27302
187 1.27757
188 1.27901
189 1.28223
190 1.29724
191 1.30045
192 1.30461
193 1.31074
194 1.32929
195 1.33995
196 1.34964
197 1.35849
198 1.36676
199 1.36966
200 1.37745
201 1.38608
202 1.4237
203 1.43675
204 1.45202
205 1.45827
206 1.46528
207 1.47208
208 1.47666
209 1.4793
210 1.48583
211 1.50119
212 1.50351
213 1.51074
214 1.51568
215 1.52546
216 1.52896
217 1.5313
218 1.54785
219 1.55279
220 1.56062
221 1.56627
222 1.57561
223 1.58112
224 1.5958
225 1.59908
226 1.61643
227 1.6296
228 1.63225
229 1.67093
230 1.6774
231 1.67932
232 1.70101
233 1.70396
234 1.70708
235 1.71058
236 1.71937
237 1.73406
238 1.73658
239 1.73967
240 1.74588
241 1.74872
242 1.77361
243 1.77874
244 1.78274
245 1.78441
246 1.80051
247 1.80456
248 1.80797
249 1.82358
250 1.82669
251 1.84026
252 1.84134
253 1.84437
254 1.84601
255 1.8524
256 1.85397
257 1.86715
258 1.87062
259 1.87194
260 1.8814
261 1.88652
262 1.92254
263 1.92561
264 1.92749
265 1.93546
266 1.95065
267 1.95412
268 1.96618
269 1.97074
270 1.97818
271 1.98749
272 1.99682
273 2.00523
274 2.01116
275 2.01733
276 2.02463
277 2.02779
278 2.0337
279 2.0368
280 2.04451
281 2.04919
282 2.05545
283 2.06334
284 2.07223
285 2.07857
286 2.09104
287 2.09646
288 2.10245
289 2.11634
290 2.11929
291 2.13053
292 2.13686
293 2.14653
294 2.1561
295 2.17043
296 2.17216
297 2.17698
298 2.17938
299 2.18395
300 2.20012
301 2.20134
302 2.20589
303 2.20931
304 2.22
305 2.22273
306 2.22455
307 2.22588
308 2.22793
309 2.22901
310 2.24112
311 2.24421
312 2.25794
313 2.26055
314 2.28142
315 2.2891
316 2.29987
317 2.30858
318 2.31242
319 2.33125
320 2.34214
321 2.34423
322 2.34851
323 2.36755
324 2.37291
325 2.37444
326 2.38081
327 2.38522
328 2.38762
329 2.39269
330 2.39715
331 2.42113
332 2.42801
333 2.42953
334 2.43495
335 2.43931
336 2.45274
337 2.46006
338 2.4673
339 2.47117
340 2.48517
341 2.48967
342 2.49482
343 2.50145
344 2.5039
345 2.50936
346 2.5255
347 2.53523
348 2.54987
349 2.55672
350 2.5709
351 2.59001
352 2.59504
353 2.60145
354 2.61483
355 2.61678
356 2.62034
357 2.62316
358 2.62758
359 2.63445
360 2.64541
361 2.6725
362 2.67744
363 2.69865
364 2.70395
365 2.70658
366 2.71648
367 2.7201
368 2.722
369 2.74527
370 2.75406
371 2.75577
372 2.75699
373 2.76311
374 2.77277
375 2.78348
376 2.78829
377 2.79986
378 2.80251
379 2.82702
380 2.8281
381 2.84098
382 2.84776
383 2.8504
384 2.86757
385 2.87339
386 2.88987
387 2.9189
388 2.92512
389 2.93267
390 2.93783
391 2.94713
392 2.96107
393 2.96438
394 2.96896
395 2.97243
396 2.97812
397 2.98048
398 2.98765
399 2.99696
400 2.99998
