1 0.00135
2 0.00267
3 0.00553
4 0.00858
5 0.01364
6 0.01825
7 0.02175
8 0.02415
9 0.03713
10 0.04379
11 0.04628
12 0.05456
13 0.06044
14 0.07348
15 0.07688
16 0.08105
17 0.08284
18 0.084
19 0.08657
20 0.09132
21 0.09283
22 0.10262
23 0.10684
24 0.10981
25 0.11959
26 0.13168
27 0.13308
28 0.13853
29 0.14172
30 0.14389
31 0.14765
32 0.1504
33 0.16273
34 0.17172
35 0.18568
36 0.19006
37 0.19884
38 0.20197
39 0.20591
40 0.21225
41 0.22075
42 0.23004
43 0.23842
44 0.24854
45 0.26085
46 0.26226
47 0.26591
48 0.27014
49 0.27639
50 0.29107
51 0.29344
52 0.30057
53 0.31209
54 0.31382
55 0.31916
56 0.32873
57 0.34327
58 0.3525
59 0.3555
60 0.35646
61 0.35885
62 0.36061
63 0.36603
64 0.38744
65 0.39228
66 0.39874
67 0.40057
68 0.40322
69 0.41295
70 0.42139
71 0.42685
72 0.43189
73 0.43694
74 0.4408
75 0.44509
76 0.45592
77 0.45866
78 0.4663
79 0.473
80 0.47801
81 0.49666
82 0.50399
83 0.50614
84 0.51349
85 0.51976
86 0.5228
87 0.53926
88 0.54036
89 0.54658
90 0.55045
91 0.55206
92 0.5616
93 0.56513
94 0.56861
95 0.57076
96 0.57533
97 0.58682
98 0.59424
99 0.60337
100 0.60743
101 0.61068
102 0.61533
103 0.6245
104 0.62778
105 0.63158
106 0.63301
107 0.6355
108 0.64613
109 0.65027
110 0.65488
111 0.65906
112 0.66112
113 0.66221
114 0.66501
115 0.66646
116 0.67064
117 0.67684
118 0.68269
119 0.68645
120 0.6899
121 0.69561
122 0.70754
123 0.7092
124 0.71458
125 0.74215
126 0.75299
127 0.76851
128 0.78731
129 0.78977
130 0.79258
131 0.80168
132 0.81674
133 0.81882
134 0.82038
135 0.82583
136 0.83194
137 0.83475
138 0.84122
139 0.84652
140 0.85908
141 0.86086
142 0.88457
143 0.88914
144 0.89972
145 0.90165
146 0.90368
147 0.90672
148 0.91342
149 0.92082
150 0.92412
151 0.93295
152 0.93581
153 0.94897
154 0.95204
155 0.95912
156 0.96417
157 0.97082
158 0.97829
159 0.99142
160 1.01272
161 1.01572
162 1.01746
163 1.02087
164 1.02416
165 1.02498
166 1.04455
167 1.05236
168 1.0621
169 1.06362
170 1.0714
171 1.08465
172 1.10351
173 1.10573
174 1.10868
175 1.12689
176 1.13798
177 1.14536
178 1.15374
179 1.15681
180 1.16237
181 1.17781
182 1.18267
183 1.18555
184 1.18865
185 1.19101
186 1.19456
187 1.19877
188 1.20452
189 1.20825
190 1.21341
191 1.22267
192 1.22856
193 1.24598
194 1.26276
195 1.26488
196 1.27006
197 1.27411
198 1.28991
199 1.29616
200 1.2991
201 1.30433
202 1.30955
203 1.31637
204 1.3189
205 1.32779
206 1.33148
207 1.34128
208 1.34255
209 1.3521
210 1.36717
211 1.37101
212 1.38012
213 1.39125
214 1.39831
215 1.40253
216 1.40482
217 1.41182
218 1.41689
219 1.42064
220 1.43541
221 1.43699
222 1.44217
223 1.44984
224 1.46081
225 1.47946
226 1.48906
227 1.49783
228 1.51167
229 1.51435
230 1.52026
231 1.53037
232 1.54178
233 1.56149
234 1.56688
235 1.5851
236 1.59084
237 1.61262
238 1.63137
239 1.63542
240 1.64443
241 1.6473
242 1.65614
243 1.66957
244 1.67394
245 1.687
246 1.70492
247 1.74354
248 1.75242
249 1.75369
250 1.76197
251 1.77126
252 1.77651
253 1.78868
254 1.79075
255 1.80783
256 1.81569
257 1.83413
258 1.8546
259 1.85684
260 1.86179
261 1.8645
262 1.87062
263 1.88044
264 1.89061
265 1.90364
266 1.90491
267 1.90906
268 1.91832
269 1.92711
270 1.93668
271 1.93848
272 1.94159
273 1.94615
274 1.95402
275 1.96175
276 1.96795
277 1.98992
278 1.99227
279 1.99538
280 2.00116
281 2.00492
282 2.01031
283 2.01518
284 2.01906
285 2.02395
286 2.02712
287 2.04341
288 2.06325
289 2.07263
290 2.08435
291 2.10335
292 2.11672
293 2.11898
294 2.13577
295 2.14541
296 2.15596
297 2.16771
298 2.17329
299 2.18454
300 2.18998
301 2.1932
302 2.2012
303 2.20504
304 2.2174
305 2.236
306 2.24502
307 2.25449
308 2.25684
309 2.26951
310 2.27408
311 2.28904
312 2.29328
313 2.29484
314 2.2999
315 2.31313
316 2.31883
317 2.32119
318 2.32864
319 2.33362
320 2.33576
321 2.35498
322 2.35629
323 2.35899
324 2.3634
325 2.38147
326 2.38311
327 2.38496
328 2.3885
329 2.39858
330 2.40012
331 2.40135
332 2.40734
333 2.41063
334 2.41678
335 2.4198
336 2.42595
337 2.43273
338 2.43786
339 2.44039
340 2.44377
341 2.44476
342 2.4469
343 2.44797
344 2.45597
345 2.46726
346 2.46855
347 2.49428
348 2.50352
349 2.51877
350 2.52203
351 2.52374
352 2.54349
353 2.5451
354 2.55176
355 2.5531
356 2.56564
357 2.57525
358 2.57614
359 2.58446
360 2.58741
361 2.59383
362 2.6083
363 2.60934
364 2.61172
365 2.61376
366 2.62794
367 2.6394
368 2.64717
369 2.65465
370 2.66301
371 2.67711
372 2.68682
373 2.69402
374 2.69598
375 2.69918
376 2.70424
377 2.71453
378 2.72931
379 2.74025
380 2.7481
381 2.75168
382 2.75396
383 2.76754
384 2.77286
385 2.78657
386 2.79264
387 2.81058
388 2.81444
389 2.83297
390 2.85174
391 2.85548
392 2.86073
393 2.86996
394 2.87934
395 2.88276
396 2.88429
397 2.88772
398 2.88968
399 2.90333
400 2.90699
401 2.91373
402 2.91603
403 2.93487
404 2.94188
405 2.94324
406 2.95437
407 2.96351
408 2.98107
409 2.99506
