1 0.0035
2 0.00899
3 0.02722
4 0.03433
5 0.05208
6 0.05349
7 0.07156
8 0.07449
9 0.07826
10 0.09083
11 0.09514
12 0.10903
13 0.11128
14 0.11933
15 0.14251
16 0.14902
17 0.15861
18 0.1711
19 0.17649
20 0.18329
21 0.19165
22 0.19692
23 0.20573
24 0.20885
25 0.22052
26 0.2237
27 0.23243
28 0.23874
29 0.24913
30 0.25254
31 0.25444
32 0.25771
33 0.26678
34 0.27039
35 0.27563
36 0.27876
37 0.2808
38 0.29433
39 0.30549
40 0.31332
41 0.32119
42 0.32572
43 0.33499
44 0.33774
45 0.34803
46 0.36598
47 0.37283
48 0.37786
49 0.37952
50 0.38611
51 0.39116
52 0.40097
53 0.40718
54 0.4157
55 0.41815
56 0.41975
57 0.42588
58 0.44463
59 0.4472
60 0.45141
61 0.45754
62 0.45999
63 0.46949
64 0.47406
65 0.4762
66 0.49372
67 0.51659
68 0.52261
69 0.52509
70 0.53281
71 0.54238
72 0.55018
73 0.56361
74 0.57385
75 0.57579
76 0.58061
77 0.59185
78 0.5992
79 0.60755
80 0.61548
81 0.62416
82 0.63544
83 0.63891
84 0.64515
85 0.6476
86 0.65653
87 0.66021
88 0.66464
89 0.67938
90 0.68199
91 0.68925
92 0.69594
93 0.70215
94 0.73089
95 0.73243
96 0.73884
97 0.7451
98 0.77664
99 0.78168
100 0.7908
101 0.7918
102 0.79857
103 0.81141
104 0.82199
105 0.83476
106 0.84783
107 0.85565
108 0.86124
109 0.86502
110 0.87522
111 0.88437
112 0.90586
113 0.90757
114 0.91732
115 0.91939
116 0.93691
117 0.94821
118 0.96555
119 0.96845
120 0.97667
121 0.99078
122 1.00037
123 1.01782
124 1.02279
125 1.03072
126 1.04254
127 1.05231
128 1.05444
129 1.05766
130 1.06239
131 1.06833
132 1.07179
133 1.08945
134 1.09276
135 1.09819
136 1.12338
137 1.13011
138 1.13598
139 1.15548
140 1.1676
141 1.17675
142 1.19163
143 1.19786
144 1.20512
145 1.22293
146 1.23649
147 1.24105
148 1.26251
149 1.26973
150 1.28112
151 1.28491
152 1.29369
153 1.2998
154 1.31229
155 1.315
156 1.325
157 1.33383
158 1.33768
159 1.3397
160 1.35508
161 1.36949
162 1.38538
163 1.38751
164 1.3973
165 1.41416
166 1.42296
167 1.42793
168 1.43329
169 1.43608
170 1.44029
171 1.44519
172 1.47028
173 1.47767
174 1.48579
175 1.49726
176 1.51057
177 1.51665
178 1.52233
179 1.5261
180 1.52893
181 1.53348
182 1.53766
183 1.54714
184 1.55131
185 1.57257
186 1.57703
187 1.58693
188 1.59123
189 1.59606
190 1.60627
191 1.61048
192 1.61318
193 1.61568
194 1.63402
195 1.63884
196 1.64173
197 1.65625
198 1.66905
199 1.68217
200 1.68526
201 1.69118
202 1.70077
203 1.7149
204 1.72156
205 1.72637
206 1.75183
207 1.76228
208 1.77645
209 1.77887
210 1.79301
211 1.79424
212 1.79922
213 1.81821
214 1.83226
215 1.83996
216 1.84518
217 1.8572
218 1.87293
219 1.8788
220 1.88684
221 1.89677
222 1.90897
223 1.92498
224 1.92856
225 1.93406
226 1.95584
227 1.96675
228 1.98244
229 1.99241
230 1.99989
231 2.01129
232 2.01995
233 2.02692
234 2.0401
235 2.04809
236 2.05341
237 2.0742
238 2.08718
239 2.09271
240 2.0984
241 2.11208
242 2.12172
243 2.12971
244 2.14306
245 2.15663
246 2.16235
247 2.16605
248 2.17383
249 2.18201
250 2.18402
251 2.2046
252 2.21343
253 2.22164
254 2.22897
255 2.25444
256 2.26838
257 2.27871
258 2.29231
259 2.29355
260 2.29634
261 2.30271
262 2.30801
263 2.31279
264 2.31701
265 2.32268
266 2.34314
267 2.35016
268 2.36301
269 2.37781
270 2.38432
271 2.38991
272 2.40066
273 2.40772
274 2.41144
275 2.42969
276 2.43481
277 2.45243
278 2.45686
279 2.47217
280 2.47582
281 2.49158
282 2.49937
283 2.51171
284 2.53076
285 2.53307
286 2.54797
287 2.55999
288 2.56273
289 2.57645
290 2.57868
291 2.58265
292 2.58548
293 2.59929
294 2.60665
295 2.61694
296 2.62849
297 2.63455
298 2.64129
299 2.64389
300 2.65561
301 2.66444
302 2.67493
303 2.6822
304 2.69128
305 2.70258
306 2.70941
307 2.71441
308 2.71986
309 2.73039
310 2.74529
311 2.74684
312 2.76296
313 2.76977
314 2.77945
315 2.78435
316 2.79545
317 2.82096
318 2.83331
319 2.83924
320 2.84194
321 2.85097
322 2.86333
323 2.88545
324 2.88961
325 2.89577
326 2.90863
327 2.91809
328 2.9232
329 2.92752
330 2.93207
331 2.93808
332 2.94036
333 2.94403
334 2.9505
335 2.95565
336 2.96821
337 2.988
338 2.99322
