1 0.00434
2 0.00618
3 0.01418
4 0.03075
5 0.03789
6 0.04161
7 0.04284
8 0.04633
9 0.05047
10 0.07649
11 0.07903
12 0.08747
13 0.09218
14 0.09711
15 0.11454
16 0.1181
17 0.128
18 0.13444
19 0.15559
20 0.15867
21 0.17124
22 0.17356
23 0.18059
24 0.18261
25 0.19509
26 0.20148
27 0.21561
28 0.22271
29 0.22488
30 0.2278
31 0.23005
32 0.23688
33 0.24801
34 0.26011
35 0.28581
36 0.28989
37 0.29284
38 0.30321
39 0.30891
40 0.317
41 0.32113
42 0.3251
43 0.3556
44 0.36256
45 0.36605
46 0.3758
47 0.37909
48 0.38276
49 0.40408
50 0.40803
51 0.41107
52 0.41705
53 0.42745
54 0.45509
55 0.46297
56 0.46757
57 0.47333
58 0.48149
59 0.48916
60 0.48997
61 0.49843
62 0.51091
63 0.51329
64 0.51878
65 0.5278
66 0.53212
67 0.5442
68 0.54773
69 0.55736
70 0.56992
71 0.57649
72 0.58191
73 0.60205
74 0.60295
75 0.61006
76 0.61581
77 0.62305
78 0.62737
79 0.639
80 0.6421
81 0.65922
82 0.66528
83 0.66887
84 0.67609
85 0.70704
86 0.72265
87 0.7293
88 0.73668
89 0.74073
90 0.74459
91 0.75848
92 0.76878
93 0.77428
94 0.78288
95 0.79135
96 0.79711
97 0.80755
98 0.81274
99 0.82501
100 0.82953
101 0.85793
102 0.8632
103 0.87906
104 0.8847
105 0.89859
106 0.90056
107 0.904
108 0.91347
109 0.91867
110 0.92707
111 0.93042
112 0.94985
113 0.95582
114 0.95918
115 0.97488
116 0.98221
117 0.9841
118 0.99168
119 1.01615
120 1.03276
121 1.04326
122 1.04625
123 1.0531
124 1.05873
125 1.06039
126 1.08544
127 1.10764
128 1.11652
129 1.12449
130 1.13125
131 1.13712
132 1.15803
133 1.1643
134 1.17097
135 1.17854
136 1.18481
137 1.19149
138 1.19393
139 1.2043
140 1.21905
141 1.22218
142 1.23657
143 1.23889
144 1.24235
145 1.24439
146 1.25205
147 1.25826
148 1.26322
149 1.27649
150 1.28009
151 1.28618
152 1.29545
153 1.30727
154 1.32114
155 1.33595
156 1.33872
157 1.35017
158 1.3681
159 1.38009
160 1.38653
161 1.41118
162 1.41491
163 1.41689
164 1.44431
165 1.45761
166 1.46471
167 1.47901
168 1.49236
169 1.50423
170 1.52737
171 1.53657
172 1.55848
173 1.56428
174 1.56731
175 1.58049
176 1.58495
177 1.59884
178 1.60605
179 1.62348
180 1.62727
181 1.63343
182 1.64117
183 1.65743
184 1.66111
185 1.66895
186 1.67412
187 1.68018
188 1.69634
189 1.70413
190 1.71203
191 1.73017
192 1.73393
193 1.73591
194 1.75153
195 1.75346
196 1.76572
197 1.77467
198 1.77956
199 1.81514
200 1.82602
201 1.82789
202 1.83435
203 1.86026
204 1.87094
205 1.88721
206 1.90861
207 1.91439
208 1.91765
209 1.92446
210 1.93183
211 1.9394
212 1.94313
213 1.95777
214 1.9728
215 1.98018
216 1.98972
217 2.00479
218 2.01265
219 2.04854
220 2.06844
221 2.074
222 2.07653
223 2.08641
224 2.09507
225 2.10102
226 2.10223
227 2.11056
228 2.12062
229 2.12988
230 2.13808
231 2.15826
232 2.16015
233 2.16314
234 2.16764
235 2.17409
236 2.18286
237 2.1947
238 2.20544
239 2.209
240 2.21756
241 2.22256
242 2.22744
243 2.2331
244 2.2437
245 2.25493
246 2.26635
247 2.28525
248 2.30528
249 2.31358
250 2.31977
251 2.3353
252 2.34404
253 2.35436
254 2.36084
255 2.36771
256 2.37501
257 2.37808
258 2.38947
259 2.39192
260 2.40642
261 2.41045
262 2.42237
263 2.4342
264 2.44235
265 2.45573
266 2.463
267 2.46781
268 2.47395
269 2.48588
270 2.49079
271 2.50561
272 2.54422
273 2.55309
274 2.57924
275 2.59288
276 2.59829
277 2.60475
278 2.61771
279 2.62959
280 2.63786
281 2.65334
282 2.66292
283 2.6704
284 2.67532
285 2.6801
286 2.69498
287 2.699
288 2.72313
289 2.7315
290 2.74563
291 2.75617
292 2.77516
293 2.78208
294 2.78557
295 2.79546
296 2.80492
297 2.81039
298 2.81425
299 2.82903
300 2.85786
301 2.8646
302 2.87578
303 2.89994
304 2.90588
305 2.90913
306 2.91013
307 2.91504
308 2.92245
309 2.93466
310 2.95234
311 2.98071
312 2.98712
313 2.98871
314 2.99788
