1 0.00878
2 0.01479
3 0.01929
4 0.02067
5 0.04335
6 0.05041
7 0.05735
8 0.06354
9 0.07062
10 0.07893
11 0.08089
12 0.08939
13 0.09233
14 0.10484
15 0.11035
16 0.11502
17 0.1196
18 0.12443
19 0.13971
20 0.143
21 0.14911
22 0.15627
23 0.15804
24 0.16346
25 0.16964
26 0.18529
27 0.19228
28 0.19844
29 0.21048
30 0.21457
31 0.22343
32 0.2263
33 0.23866
34 0.25263
35 0.26774
36 0.26945
37 0.27892
38 0.29818
39 0.30887
40 0.31396
41 0.33312
42 0.33458
43 0.34064
44 0.34274
45 0.34607
46 0.34951
47 0.3595
48 0.36312
49 0.37545
50 0.38617
51 0.39166
52 0.39878
53 0.40259
54 0.41252
55 0.42032
56 0.42195
57 0.42678
58 0.42812
59 0.44287
60 0.453
61 0.45458
62 0.46202
63 0.47099
64 0.47746
65 0.48868
66 0.49491
67 0.49882
68 0.51434
69 0.52114
70 0.52274
71 0.53553
72 0.54076
73 0.55595
74 0.57262
75 0.58496
76 0.58802
77 0.59869
78 0.60485
79 0.61415
80 0.6175
81 0.62383
82 0.62518
83 0.63234
84 0.64296
85 0.65382
86 0.66608
87 0.67232
88 0.67339
89 0.67643
90 0.69512
91 0.70437
92 0.71443
93 0.71661
94 0.75268
95 0.76865
96 0.79173
97 0.80864
98 0.82319
99 0.82563
100 0.83475
101 0.84574
102 0.85498
103 0.86577
104 0.87211
105 0.87433
106 0.87765
107 0.88825
108 0.89151
109 0.90149
110 0.91723
111 0.93567
112 0.94615
113 0.94891
114 0.95636
115 0.9595
116 0.96121
117 0.96607
118 0.97309
119 0.97867
120 0.99727
121 1.0119
122 1.01558
123 1.02287
124 1.0278
125 1.03504
126 1.04809
127 1.05845
128 1.06837
129 1.07205
130 1.08723
131 1.10097
132 1.10811
133 1.1171
134 1.12094
135 1.12794
136 1.13557
137 1.13973
138 1.15109
139 1.16043
140 1.16383
141 1.18257
142 1.1873
143 1.19257
144 1.20046
145 1.2034
146 1.20703
147 1.20992
148 1.24145
149 1.24872
150 1.25016
151 1.25867
152 1.26653
153 1.26926
154 1.27082
155 1.28475
156 1.28824
157 1.29686
158 1.30442
159 1.31241
160 1.32461
161 1.3373
162 1.36097
163 1.36441
164 1.37772
165 1.3847
166 1.38793
167 1.38998
168 1.39683
169 1.41009
170 1.41442
171 1.42499
172 1.43378
173 1.43788
174 1.44406
175 1.44608
176 1.4509
177 1.45672
178 1.46074
179 1.46677
180 1.48544
181 1.49705
182 1.51331
183 1.52909
184 1.5427
185 1.54372
186 1.54573
187 1.54746
188 1.55179
189 1.55483
190 1.55978
191 1.57263
192 1.57533
193 1.57853
194 1.58749
195 1.593
196 1.60849
197 1.61283
198 1.62876
199 1.6368
200 1.65237
201 1.65557
202 1.66396
203 1.66955
204 1.67082
205 1.678
206 1.68465
207 1.68582
208 1.69303
209 1.69971
210 1.7013
211 1.72296
212 1.72535
213 1.72917
214 1.74113
215 1.74726
216 1.77488
217 1.78346
218 1.79194
219 1.79487
220 1.79689
221 1.82212
222 1.82554
223 1.82894
224 1.83996
225 1.85894
226 1.86085
227 1.86774
228 1.87306
229 1.89903
230 1.90156
231 1.90696
232 1.91197
233 1.91755
234 1.9199
235 1.94504
236 1.94863
237 1.95316
238 1.97323
239 1.9886
240 1.99259
241 2.00183
242 2.00373
243 2.00784
244 2.01747
245 2.0271
246 2.02959
247 2.03793
248 2.04279
249 2.04749
250 2.05247
251 2.05873
252 2.06178
253 2.08692
254 2.09417
255 2.1177
256 2.12042
257 2.12285
258 2.15278
259 2.16333
260 2.17016
261 2.17293
262 2.17664
263 2.19777
264 2.20271
265 2.22145
266 2.22904
267 2.23601
268 2.24097
269 2.24521
270 2.26593
271 2.27027
272 2.27149
273 2.2827
274 2.29228
275 2.29597
276 2.30624
277 2.31705
278 2.32341
279 2.33094
280 2.33644
281 2.34686
282 2.35517
283 2.3614
284 2.3667
285 2.3808
286 2.38811
287 2.39294
288 2.40268
289 2.40382
290 2.4134
291 2.4158
292 2.42251
293 2.4294
294 2.43137
295 2.43333
296 2.44255
297 2.46169
298 2.47027
299 2.47375
300 2.47686
301 2.4804
302 2.49723
303 2.50624
304 2.5089
305 2.52762
306 2.53115
307 2.53676
308 2.54125
309 2.54562
310 2.55386
311 2.5646
312 2.57022
313 2.57331
314 2.58205
315 2.59294
316 2.59534
317 2.60058
318 2.60724
319 2.61488
320 2.64023
321 2.64164
322 2.6434
323 2.64916
324 2.65484
325 2.6582
326 2.66063
327 2.68978
328 2.70848
329 2.71686
330 2.73775
331 2.74356
332 2.77032
333 2.77377
334 2.77693
335 2.78231
336 2.7953
337 2.79879
338 2.80656
339 2.81509
340 2.81867
341 2.82021
342 2.83231
343 2.83936
344 2.84462
345 2.86466
346 2.87088
347 2.88693
348 2.88961
349 2.89441
350 2.91326
351 2.9217
352 2.92373
353 2.93355
354 2.93909
355 2.94564
356 2.94795
357 2.96047
358 2.97368
359 2.98744
360 2.99088
361 2.99895
