1 0.0016
2 0.00487
3 0.01356
4 0.01714
5 0.02186
6 0.03378
7 0.04172
8 0.04347
9 0.05717
10 0.05976
11 0.06175
12 0.06633
13 0.07097
14 0.07481
15 0.08115
16 0.0857
17 0.09576
18 0.10032
19 0.10135
20 0.10757
21 0.11152
22 0.11603
23 0.1192
24 0.12723
25 0.13916
26 0.14676
27 0.14982
28 0.15148
29 0.15397
30 0.16075
31 0.16731
32 0.17871
33 0.18848
34 0.19394
35 0.20589
36 0.22446
37 0.2309
38 0.23466
39 0.23811
40 0.25035
41 0.25214
42 0.25483
43 0.26089
44 0.2684
45 0.27236
46 0.28524
47 0.29005
48 0.2986
49 0.3017
50 0.30887
51 0.31337
52 0.31766
53 0.32897
54 0.33536
55 0.34087
56 0.34613
57 0.35877
58 0.36641
59 0.37264
60 0.37733
61 0.38176
62 0.38745
63 0.3901
64 0.3961
65 0.4001
66 0.40996
67 0.41263
68 0.4324
69 0.44006
70 0.4419
71 0.45657
72 0.45972
73 0.4662
74 0.47454
75 0.47547
76 0.48216
77 0.48778
78 0.49116
79 0.50221
80 0.50617
81 0.51687
82 0.52728
83 0.54117
84 0.55398
85 0.56189
86 0.5664
87 0.57152
88 0.57507
89 0.57653
90 0.58541
91 0.58826
92 0.5891
93 0.59152
94 0.59763
95 0.59853
96 0.60126
97 0.62061
98 0.6301
99 0.63746
100 0.64833
101 0.65712
102 0.65936
103 0.66486
104 0.67193
105 0.68475
106 0.68628
107 0.68836
108 0.69001
109 0.69755
110 0.70261
111 0.70811
112 0.71502
113 0.73135
114 0.74116
115 0.75032
116 0.75479
117 0.75767
118 0.76479
119 0.7763
120 0.77864
121 0.78531
122 0.78897
123 0.80672
124 0.8147
125 0.82249
126 0.83381
127 0.83629
128 0.846
129 0.84951
130 0.85129
131 0.86028
132 0.86493
133 0.87603
134 0.87804
135 0.88001
136 0.89112
137 0.89332
138 0.89891
139 0.9084
140 0.9129
141 0.91831
142 0.92674
143 0.93289
144 0.94103
145 0.94462
146 0.94713
147 0.95283
148 0.95409
149 0.95599
150 0.96388
151 0.97379
152 0.97729
153 0.98211
154 0.99884
155 1.00124
156 1.0055
157 1.01354
158 1.0153
159 1.01924
160 1.02683
161 1.04713
162 1.05871
163 1.07287
164 1.08846
165 1.09786
166 1.10566
167 1.10776
168 1.11772
169 1.14133
170 1.14328
171 1.14575
172 1.14819
173 1.15538
174 1.15758
175 1.16555
176 1.17471
177 1.18586
178 1.19576
179 1.20276
180 1.20649
181 1.21627
182 1.23852
183 1.25592
184 1.26458
185 1.27064
186 1.2782
187 1.28165
188 1.2921
189 1.30205
190 1.31009
191 1.31705
192 1.33273
193 1.33438
194 1.33643
195 1.33769
196 1.34752
197 1.35464
198 1.35643
199 1.35804
200 1.36906
201 1.37251
202 1.3817
203 1.39006
204 1.40266
205 1.41061
206 1.4125
207 1.4168
208 1.43042
209 1.43448
210 1.4367
211 1.4428
212 1.44712
213 1.4605
214 1.46866
215 1.47623
216 1.48136
217 1.4916
218 1.50141
219 1.50535
220 1.51215
221 1.51683
222 1.52039
223 1.52573
224 1.53211
225 1.54317
226 1.55233
227 1.5588
228 1.56066
229 1.57426
230 1.58132
231 1.58925
232 1.59145
233 1.59422
234 1.59846
235 1.60516
236 1.61098
237 1.62
238 1.63089
239 1.63601
240 1.64843
241 1.65562
242 1.65885
243 1.67129
244 1.68244
245 1.70705
246 1.71019
247 1.72732
248 1.73548
249 1.73894
250 1.7533
251 1.75623
252 1.75744
253 1.77313
254 1.78427
255 1.79972
256 1.8063
257 1.80896
258 1.8157
259 1.82217
260 1.82986
261 1.83664
262 1.84048
263 1.8436
264 1.84836
265 1.85624
266 1.86229
267 1.86831
268 1.87518
269 1.88922
270 1.89763
271 1.90236
272 1.9083
273 1.91576
274 1.92019
275 1.92218
276 1.93106
277 1.93683
278 1.96111
279 1.96737
280 1.97807
281 1.98922
282 2.01466
283 2.0184
284 2.02744
285 2.03294
286 2.03769
287 2.06592
288 2.07472
289 2.07576
290 2.07815
291 2.09369
292 2.09629
293 2.1028
294 2.10669
295 2.11803
296 2.12439
297 2.14098
298 2.14835
299 2.14965
300 2.15716
301 2.1635
302 2.1667
303 2.18542
304 2.18648
305 2.19196
306 2.20374
307 2.20593
308 2.20876
309 2.21664
310 2.22457
311 2.23512
312 2.25097
313 2.25603
314 2.28279
315 2.29127
316 2.30646
317 2.31043
318 2.33007
319 2.33553
320 2.33984
321 2.34477
322 2.35314
323 2.35952
324 2.36563
325 2.37919
326 2.3838
327 2.38808
328 2.39411
329 2.40236
330 2.40858
331 2.41184
332 2.41822
333 2.4197
334 2.4306
335 2.43956
336 2.44697
337 2.45522
338 2.46002
339 2.47645
340 2.48937
341 2.50186
342 2.5156
343 2.53517
344 2.54523
345 2.55948
346 2.56045
347 2.56679
348 2.57346
349 2.58782
350 2.59144
351 2.59525
352 2.60358
353 2.60791
354 2.61795
355 2.62664
356 2.63914
357 2.64151
358 2.64587
359 2.65067
360 2.65624
361 2.66156
362 2.66334
363 2.66509
364 2.66695
365 2.68132
366 2.68687
367 2.69283
368 2.70483
369 2.70829
370 2.7181
371 2.72855
372 2.73166
373 2.73894
374 2.75541
375 2.76167
376 2.77084
377 2.77478
378 2.78982
379 2.80592
380 2.81151
381 2.81545
382 2.82119
383 2.8258
384 2.82908
385 2.83886
386 2.85096
387 2.86114
388 2.87012
389 2.87272
390 2.8805
391 2.89737
392 2.91323
393 2.9175
394 2.93689
395 2.94582
396 2.95673
397 2.95862
398 2.96234
399 2.96667
400 2.98022
401 2.98214
402 2.99009
403 2.99771
