1 0.00885
2 0.01194
3 0.01513
4 0.02027
5 0.02221
6 0.02985
7 0.03414
8 0.03735
9 0.04158
10 0.04571
11 0.04759
12 0.04917
13 0.05757
14 0.0725
15 0.07444
16 0.10664
17 0.11132
18 0.11889
19 0.12491
20 0.12585
21 0.13486
22 0.1413
23 0.14393
24 0.15235
25 0.15572
26 0.16572
27 0.17581
28 0.17909
29 0.18785
30 0.19607
31 0.23048
32 0.24082
33 0.24637
34 0.25593
35 0.26503
36 0.26835
37 0.27447
38 0.27633
39 0.2952
40 0.30389
41 0.30797
42 0.3161
43 0.32037
44 0.33244
45 0.33546
46 0.35653
47 0.36604
48 0.37416
49 0.38705
50 0.39816
51 0.40357
52 0.40516
53 0.41864
54 0.42419
55 0.4274
56 0.42999
57 0.43922
58 0.45381
59 0.47677
60 0.49047
61 0.49686
62 0.4985
63 0.52475
64 0.54546
65 0.56259
66 0.57924
67 0.58542
68 0.58929
69 0.59248
70 0.61762
71 0.62997
72 0.63102
73 0.64272
74 0.65441
75 0.66148
76 0.66359
77 0.67543
78 0.68179
79 0.69688
80 0.70217
81 0.7105
82 0.73531
83 0.76145
84 0.76713
85 0.76984
86 0.77548
87 0.79126
88 0.82064
89 0.8354
90 0.84217
91 0.84626
92 0.86015
93 0.8925
94 0.89547
95 0.89788
96 0.91073
97 0.92453
98 0.93049
99 0.93411
100 0.94341
101 0.94664
102 0.95267
103 0.95569
104 0.96755
105 0.9872
106 0.99485
107 0.99887
108 1.02025
109 1.02383
110 1.02907
111 1.03564
112 1.04135
113 1.04423
114 1.05286
115 1.05808
116 1.06346
117 1.07952
118 1.08749
119 1.10451
120 1.11063
121 1.11715
122 1.12293
123 1.13225
124 1.1365
125 1.15227
126 1.16851
127 1.17641
128 1.18397
129 1.18476
130 1.18869
131 1.20396
132 1.22944
133 1.25208
134 1.26545
135 1.28376
136 1.28764
137 1.30118
138 1.32523
139 1.34542
140 1.34861
141 1.34998
142 1.35408
143 1.35503
144 1.36071
145 1.36822
146 1.37207
147 1.38957
148 1.39347
149 1.39877
150 1.40854
151 1.41479
152 1.42083
153 1.43754
154 1.44525
155 1.45437
156 1.49416
157 1.50118
158 1.50605
159 1.52333
160 1.52785
161 1.53578
162 1.53939
163 1.54736
164 1.55207
165 1.56094
166 1.56423
167 1.57088
168 1.57798
169 1.58635
170 1.59647
171 1.60821
172 1.61812
173 1.62441
174 1.62918
175 1.64555
176 1.64834
177 1.66551
178 1.67209
179 1.6765
180 1.68749
181 1.69317
182 1.70261
183 1.70471
184 1.71973
185 1.72536
186 1.72841
187 1.73589
188 1.74245
189 1.74516
190 1.74966
191 1.75563
192 1.76351
193 1.77031
194 1.77344
195 1.78629
196 1.79135
197 1.79314
198 1.8081
199 1.81307
200 1.81531
201 1.82271
202 1.84642
203 1.85186
204 1.85485
205 1.86325
206 1.86665
207 1.87175
208 1.88416
209 1.90792
210 1.91368
211 1.9191
212 1.9381
213 1.95114
214 1.95562
215 1.96168
216 1.97348
217 1.98979
218 2.00439
219 2.01215
220 2.01404
221 2.02475
222 2.03594
223 2.05619
224 2.06834
225 2.07788
226 2.08327
227 2.0951
228 2.10898
229 2.11198
230 2.13103
231 2.1378
232 2.14756
233 2.15926
234 2.16057
235 2.16527
236 2.16919
237 2.1715
238 2.18106
239 2.19337
240 2.20553
241 2.21013
242 2.21345
243 2.23317
244 2.25795
245 2.30068
246 2.31298
247 2.31635
248 2.34218
249 2.35116
250 2.3706
251 2.40274
252 2.4061
253 2.41123
254 2.41672
255 2.41904
256 2.42323
257 2.42886
258 2.43901
259 2.44777
260 2.46695
261 2.47367
262 2.49273
263 2.49977
264 2.51353
265 2.52317
266 2.52595
267 2.5547
268 2.56485
269 2.56951
270 2.57397
271 2.5765
272 2.58837
273 2.59199
274 2.60256
275 2.6054
276 2.60967
277 2.61489
278 2.63721
279 2.64289
280 2.64603
281 2.65709
282 2.6643
283 2.66868
284 2.67774
285 2.71449
286 2.71565
287 2.71836
288 2.72101
289 2.72786
290 2.73939
291 2.74378
292 2.75893
293 2.7626
294 2.77945
295 2.7848
296 2.8026
297 2.81183
298 2.81623
299 2.82127
300 2.82346
301 2.8418
302 2.84418
303 2.85245
304 2.86008
305 2.88428
306 2.89104
307 2.8974
308 2.90284
309 2.91396
310 2.91739
311 2.92087
312 2.92507
313 2.93105
314 2.93534
315 2.95079
316 2.9663
317 2.97536
318 2.98033
319 2.98124
