1 0.00671
2 0.00842
3 0.01213
4 0.01537
5 0.01741
6 0.02608
7 0.03373
8 0.03599
9 0.04841
10 0.05107
11 0.07037
12 0.07239
13 0.07444
14 0.07911
15 0.08154
16 0.08871
17 0.09178
18 0.09334
19 0.09764
20 0.11177
21 0.11548
22 0.11654
23 0.12266
24 0.12659
25 0.13709
26 0.14231
27 0.14516
28 0.15003
29 0.1536
30 0.16375
31 0.17282
32 0.18161
33 0.19034
34 0.19824
35 0.20036
36 0.21009
37 0.22703
38 0.23171
39 0.23365
40 0.24333
41 0.25255
42 0.25411
43 0.2727
44 0.28284
45 0.28955
46 0.32929
47 0.3376
48 0.34723
49 0.35583
50 0.37046
51 0.37292
52 0.37526
53 0.37742
54 0.38909
55 0.39307
56 0.40062
57 0.4099
58 0.41105
59 0.4156
60 0.4448
61 0.45082
62 0.45489
63 0.46021
64 0.46573
65 0.47948
66 0.48381
67 0.49028
68 0.49332
69 0.49908
70 0.50847
71 0.50998
72 0.52012
73 0.52402
74 0.52949
75 0.53698
76 0.54797
77 0.54942
78 0.55242
79 0.55735
80 0.575
81 0.57961
82 0.58357
83 0.59363
84 0.61485
85 0.62237
86 0.63968
87 0.64842
88 0.66209
89 0.66701
90 0.67163
91 0.69253
92 0.69942
93 0.71144
94 0.72657
95 0.72811
96 0.73736
97 0.74168
98 0.74476
99 0.74787
100 0.75028
101 0.75613
102 0.76208
103 0.76349
104 0.77057
105 0.77484
106 0.78421
107 0.79936
108 0.8029
109 0.8234
110 0.82609
111 0.83052
112 0.83427
113 0.8366
114 0.83936
115 0.84185
116 0.85375
117 0.86808
118 0.91333
119 0.92545
120 0.94228
121 0.94905
122 0.95431
123 0.96399
124 0.97588
125 0.9797
126 0.98634
127 0.99082
128 0.99735
129 1.00033
130 1.00569
131 1.00976
132 1.02232
133 1.02854
134 1.0334
135 1.03579
136 1.05038
137 1.05932
138 1.07442
139 1.07709
140 1.08769
141 1.09954
142 1.1056
143 1.12014
144 1.12502
145 1.13832
146 1.14217
147 1.14805
148 1.16842
149 1.17393
150 1.19428
151 1.19643
152 1.19813
153 1.20106
154 1.20936
155 1.21571
156 1.22887
157 1.24
158 1.24299
159 1.24636
160 1.25245
161 1.26476
162 1.26683
163 1.26788
164 1.26947
165 1.27929
166 1.28377
167 1.28493
168 1.29634
169 1.30288
170 1.30867
171 1.31114
172 1.3241
173 1.34469
174 1.34591
175 1.35281
176 1.36656
177 1.37184
178 1.39033
179 1.402
180 1.41834
181 1.44031
182 1.44429
183 1.44875
184 1.45636
185 1.46105
186 1.4842
187 1.48738
188 1.49254
189 1.49991
190 1.50233
191 1.50717
192 1.51239
193 1.51657
194 1.52039
195 1.52885
196 1.55145
197 1.55414
198 1.5578
199 1.57679
200 1.57961
201 1.58335
202 1.58824
203 1.59304
204 1.59396
205 1.59565
206 1.60322
207 1.60534
208 1.6203
209 1.6251
210 1.63968
211 1.64328
212 1.64593
213 1.66631
214 1.67132
215 1.6737
216 1.68581
217 1.69585
218 1.69735
219 1.69962
220 1.70368
221 1.70778
222 1.71319
223 1.73041
224 1.73775
225 1.74387
226 1.74871
227 1.75094
228 1.75698
229 1.77308
230 1.77444
231 1.78527
232 1.7884
233 1.79256
234 1.7954
235 1.80456
236 1.82353
237 1.83152
238 1.83242
239 1.83965
240 1.84327
241 1.84855
242 1.86934
243 1.87119
244 1.88721
245 1.89433
246 1.89707
247 1.91284
248 1.91518
249 1.92229
250 1.9525
251 1.95686
252 1.96064
253 1.98856
254 1.99853
255 2.00197
256 2.00539
257 2.01876
258 2.02525
259 2.02812
260 2.03542
261 2.04681
262 2.05364
263 2.07729
264 2.0785
265 2.08603
266 2.09035
267 2.09485
268 2.10512
269 2.1163
270 2.12015
271 2.12129
272 2.12546
273 2.1388
274 2.14284
275 2.14442
276 2.14784
277 2.17099
278 2.17254
279 2.19811
280 2.20002
281 2.20288
282 2.21453
283 2.22871
284 2.23459
285 2.23975
286 2.2421
287 2.25155
288 2.25627
289 2.25831
290 2.26053
291 2.26528
292 2.26784
293 2.27047
294 2.28038
295 2.28701
296 2.29685
297 2.30274
298 2.30738
299 2.32449
300 2.32821
301 2.33074
302 2.33587
303 2.34302
304 2.34423
305 2.34924
306 2.35431
307 2.36253
308 2.36821
309 2.37059
310 2.37164
311 2.37733
312 2.39004
313 2.39629
314 2.41336
315 2.41728
316 2.42597
317 2.44346
318 2.4537
319 2.48503
320 2.49003
321 2.49444
322 2.4991
323 2.50399
324 2.51603
325 2.51828
326 2.52526
327 2.53363
328 2.5376
329 2.55091
330 2.55472
331 2.57424
332 2.57912
333 2.59264
334 2.59609
335 2.60609
336 2.61532
337 2.6295
338 2.63849
339 2.647
340 2.64856
341 2.66194
342 2.6936
343 2.70086
344 2.71321
345 2.73846
346 2.74796
347 2.75301
348 2.75975
349 2.76231
350 2.76807
351 2.77122
352 2.77441
353 2.77845
354 2.78699
355 2.79313
356 2.80233
357 2.80633
358 2.82709
359 2.84257
360 2.8448
361 2.85197
362 2.86441
363 2.87065
364 2.88858
365 2.91475
366 2.91849
367 2.9243
368 2.94865
369 2.95288
370 2.95624
371 2.95818
372 2.97982
373 2.98315
374 2.9852
375 2.99375
