1 0.00855
2 0.00954
3 0.01764
4 0.02401
5 0.02533
6 0.03206
7 0.03658
8 0.03814
9 0.04128
10 0.04719
11 0.05166
12 0.05601
13 0.08557
14 0.09311
15 0.11697
16 0.13028
17 0.13321
18 0.1359
19 0.1568
20 0.16688
21 0.18522
22 0.18971
23 0.19246
24 0.20492
25 0.22887
26 0.23062
27 0.23564
28 0.24694
29 0.26763
30 0.27298
31 0.27662
32 0.28218
33 0.28373
34 0.28717
35 0.29534
36 0.31579
37 0.3358
38 0.36964
39 0.38095
40 0.38272
41 0.39337
42 0.40582
43 0.41949
44 0.43642
45 0.43842
46 0.44622
47 0.45245
48 0.45977
49 0.47924
50 0.48368
51 0.49149
52 0.49573
53 0.49918
54 0.50301
55 0.50661
56 0.5207
57 0.53074
58 0.53525
59 0.53791
60 0.54317
61 0.54783
62 0.55113
63 0.56222
64 0.58456
65 0.60158
66 0.60533
67 0.61823
68 0.61997
69 0.62848
70 0.64116
71 0.64365
72 0.65559
73 0.66853
74 0.67714
75 0.67837
76 0.68185
77 0.69005
78 0.70302
79 0.71011
80 0.73962
81 0.74528
82 0.75354
83 0.75663
84 0.76126
85 0.77376
86 0.77858
87 0.79004
88 0.79365
89 0.8045
90 0.81487
91 0.81951
92 0.83382
93 0.84212
94 0.84805
95 0.87526
96 0.90366
97 0.90909
98 0.91488
99 0.93074
100 0.93687
101 0.94491
102 0.97749
103 0.97972
104 0.99678
105 1.01217
106 1.01969
107 1.0269
108 1.03549
109 1.04072
110 1.04324
111 1.04879
112 1.0526
113 1.06021
114 1.06239
115 1.08409
116 1.09417
117 1.12893
118 1.13193
119 1.13451
120 1.14341
121 1.14669
122 1.15604
123 1.1607
124 1.16909
125 1.1816
126 1.1893
127 1.19461
128 1.21301
129 1.22117
130 1.23645
131 1.23855
132 1.2466
133 1.24784
134 1.25184
135 1.26198
136 1.26755
137 1.27219
138 1.2796
139 1.30755
140 1.31359
141 1.32168
142 1.32422
143 1.33144
144 1.33352
145 1.38326
146 1.38852
147 1.3941
148 1.40843
149 1.42235
150 1.42652
151 1.44141
152 1.45295
153 1.48768
154 1.49967
155 1.51275
156 1.51692
157 1.52245
158 1.52811
159 1.53071
160 1.54039
161 1.54468
162 1.54819
163 1.55632
164 1.56366
165 1.56664
166 1.57938
167 1.58985
168 1.61962
169 1.63048
170 1.63905
171 1.64515
172 1.654
173 1.65703
174 1.65913
175 1.66245
176 1.68394
177 1.69324
178 1.69686
179 1.70171
180 1.70553
181 1.72356
182 1.73538
183 1.73685
184 1.7398
185 1.74381
186 1.74995
187 1.753
188 1.75811
189 1.76989
190 1.77403
191 1.77772
192 1.77905
193 1.78347
194 1.79297
195 1.80426
196 1.81256
197 1.81492
198 1.8188
199 1.82651
200 1.8277
201 1.86255
202 1.90279
203 1.91352
204 1.92755
205 1.93789
206 1.94218
207 1.95482
208 1.96496
209 1.98813
210 2.00447
211 2.01214
212 2.02502
213 2.02637
214 2.03297
215 2.03641
216 2.05078
217 2.05718
218 2.07522
219 2.0777
220 2.08988
221 2.09404
222 2.11808
223 2.12625
224 2.13297
225 2.14166
226 2.15388
227 2.16236
228 2.16586
229 2.17612
230 2.18854
231 2.20511
232 2.22616
233 2.24741
234 2.25318
235 2.26035
236 2.27182
237 2.2754
238 2.27862
239 2.29029
240 2.29472
241 2.31338
242 2.31654
243 2.32156
244 2.35831
245 2.38515
246 2.4049
247 2.41397
248 2.4293
249 2.44201
250 2.44954
251 2.45682
252 2.46221
253 2.46566
254 2.46772
255 2.48262
256 2.48538
257 2.49654
258 2.50347
259 2.51439
260 2.53104
261 2.53928
262 2.54502
263 2.5465
264 2.55301
265 2.56766
266 2.57575
267 2.57725
268 2.58287
269 2.59475
270 2.62124
271 2.62789
272 2.63418
273 2.63548
274 2.64308
275 2.65316
276 2.68908
277 2.69889
278 2.70956
279 2.71328
280 2.71719
281 2.72971
282 2.74151
283 2.74274
284 2.74677
285 2.75649
286 2.7595
287 2.76084
288 2.77821
289 2.78391
290 2.78734
291 2.79946
292 2.81287
293 2.82292
294 2.82797
295 2.83305
296 2.86517
297 2.87225
298 2.89671
299 2.90059
300 2.90454
301 2.93098
302 2.93272
303 2.95612
304 2.95786
305 2.96843
306 2.97856
307 2.99177
308 2.99469
