1 0.00134
2 0.01268
3 0.0196
4 0.02501
5 0.02643
6 0.04511
7 0.05403
8 0.05581
9 0.05877
10 0.06248
11 0.06987
12 0.07181
13 0.07887
14 0.08594
15 0.09119
16 0.09768
17 0.10228
18 0.11665
19 0.11906
20 0.13521
21 0.17398
22 0.17601
23 0.18076
24 0.1874
25 0.19039
26 0.19807
27 0.19989
28 0.20841
29 0.22364
30 0.23079
31 0.23199
32 0.24415
33 0.2666
34 0.27047
35 0.27341
36 0.2782
37 0.28302
38 0.2889
39 0.3036
40 0.31328
41 0.31804
42 0.3301
43 0.33593
44 0.34546
45 0.35174
46 0.35711
47 0.35969
48 0.36314
49 0.37133
50 0.37477
51 0.38116
52 0.38774
53 0.41917
54 0.42534
55 0.42674
56 0.42842
57 0.435
58 0.44384
59 0.44632
60 0.45528
61 0.47214
62 0.47454
63 0.47886
64 0.48709
65 0.49889
66 0.51009
67 0.51582
68 0.51897
69 0.52892
70 0.53347
71 0.53633
72 0.54197
73 0.54489
74 0.55512
75 0.56069
76 0.56354
77 0.56626
78 0.57044
79 0.57184
80 0.57997
81 0.58396
82 0.59388
83 0.59834
84 0.605
85 0.60835
86 0.61749
87 0.62339
88 0.6247
89 0.62601
90 0.63016
91 0.63973
92 0.6644
93 0.675
94 0.67795
95 0.68263
96 0.68413
97 0.69474
98 0.70403
99 0.71087
100 0.71697
101 0.7223
102 0.72798
103 0.75934
104 0.76163
105 0.76531
106 0.76961
107 0.77418
108 0.77863
109 0.78028
110 0.7878
111 0.79244
112 0.79522
113 0.79775
114 0.80346
115 0.80769
116 0.81978
117 0.83153
118 0.83934
119 0.84611
120 0.8498
121 0.85368
122 0.85545
123 0.86116
124 0.86506
125 0.86648
126 0.86894
127 0.87314
128 0.87576
129 0.87834
130 0.88604
131 0.89357
132 0.90215
133 0.90544
134 0.91526
135 0.9213
136 0.92296
137 0.92937
138 0.93099
139 0.93247
140 0.94249
141 0.94407
142 0.94558
143 0.94747
144 0.9524
145 0.97645
146 0.97763
147 0.98345
148 0.9861
149 0.99158
150 0.99898
151 1.00993
152 1.01417
153 1.02002
154 1.02471
155 1.03617
156 1.04524
157 1.04736
158 1.04928
159 1.0542
160 1.05608
161 1.06636
162 1.0758
163 1.08256
164 1.09359
165 1.1024
166 1.10918
167 1.11783
168 1.13394
169 1.1362
170 1.16473
171 1.16678
172 1.17455
173 1.17657
174 1.18055
175 1.183
176 1.18856
177 1.19299
178 1.19833
179 1.22124
180 1.23162
181 1.2438
182 1.25054
183 1.26651
184 1.26743
185 1.28134
186 1.28541
187 1.28821
188 1.29506
189 1.30161
190 1.30794
191 1.30943
192 1.31336
193 1.31849
194 1.32326
195 1.33508
196 1.33777
197 1.34093
198 1.34568
199 1.35636
200 1.36781
201 1.36948
202 1.37264
203 1.39331
204 1.41931
205 1.42515
206 1.43144
207 1.43628
208 1.43897
209 1.44195
210 1.44587
211 1.45318
212 1.46887
213 1.47572
214 1.47861
215 1.48156
216 1.48931
217 1.49668
218 1.51113
219 1.5136
220 1.5169
221 1.52425
222 1.53618
223 1.53883
224 1.54407
225 1.55332
226 1.55599
227 1.55736
228 1.56016
229 1.56476
230 1.56779
231 1.57649
232 1.58861
233 1.59201
234 1.60119
235 1.61309
236 1.62108
237 1.62497
238 1.63385
239 1.63811
240 1.66286
241 1.67814
242 1.6826
243 1.69084
244 1.69558
245 1.72074
246 1.72742
247 1.72956
248 1.73126
249 1.73953
250 1.74233
251 1.74857
252 1.76553
253 1.76692
254 1.77078
255 1.7787
256 1.78311
257 1.78723
258 1.79893
259 1.80709
260 1.82655
261 1.83518
262 1.83835
263 1.83922
264 1.85518
265 1.85772
266 1.86611
267 1.86791
268 1.87331
269 1.88127
270 1.92166
271 1.92842
272 1.93097
273 1.93839
274 1.94534
275 1.94896
276 1.9546
277 1.97152
278 1.97506
279 1.98307
280 1.98749
281 2.013
282 2.01939
283 2.03113
284 2.04547
285 2.05544
286 2.05746
287 2.06643
288 2.07228
289 2.07391
290 2.07728
291 2.08943
292 2.09081
293 2.09991
294 2.10306
295 2.10476
296 2.10896
297 2.11429
298 2.11966
299 2.12374
300 2.17011
301 2.17258
302 2.18433
303 2.18945
304 2.19232
305 2.1939
306 2.19977
307 2.22243
308 2.22864
309 2.23447
310 2.24329
311 2.26296
312 2.26878
313 2.27727
314 2.29289
315 2.30009
316 2.30426
317 2.3083
318 2.31615
319 2.31998
320 2.32295
321 2.33257
322 2.34255
323 2.35349
324 2.36205
325 2.37966
326 2.43045
327 2.43162
328 2.43892
329 2.44265
330 2.47112
331 2.47435
332 2.47842
333 2.48065
334 2.48593
335 2.48809
336 2.49062
337 2.51086
338 2.52602
339 2.5288
340 2.53369
341 2.54052
342 2.54793
343 2.55505
344 2.55844
345 2.5678
346 2.57301
347 2.57906
348 2.58174
349 2.59542
350 2.59719
351 2.5993
352 2.60461
353 2.61028
354 2.61222
355 2.61635
356 2.62172
357 2.62402
358 2.63577
359 2.66767
360 2.67415
361 2.67716
362 2.68327
363 2.68924
364 2.69476
365 2.70324
366 2.72299
367 2.72529
368 2.72839
369 2.73118
370 2.73286
371 2.73579
372 2.7431
373 2.76546
374 2.77664
375 2.7812
376 2.78798
377 2.7898
378 2.79877
379 2.80476
380 2.81317
381 2.81802
382 2.82513
383 2.83202
384 2.83554
385 2.84417
386 2.86365
387 2.87795
388 2.8848
389 2.89235
390 2.89841
391 2.92255
392 2.92757
393 2.93274
394 2.94172
395 2.9498
396 2.95355
397 2.97185
398 2.97556
399 2.98462
400 2.98701
401 2.99228
