1 0.00589
2 0.01655
3 0.03017
4 0.03291
5 0.03497
6 0.04254
7 0.04478
8 0.04977
9 0.0534
10 0.05674
11 0.06459
12 0.07142
13 0.07301
14 0.07431
15 0.0759
16 0.07964
17 0.08648
18 0.09409
19 0.09538
20 0.10101
21 0.10497
22 0.11088
23 0.11299
24 0.12085
25 0.12649
26 0.12969
27 0.13596
28 0.14243
29 0.14727
30 0.15465
31 0.1675
32 0.16925
33 0.17125
34 0.18661
35 0.18887
36 0.20071
37 0.20332
38 0.20663
39 0.21544
40 0.23152
41 0.23254
42 0.23545
43 0.23821
44 0.25866
45 0.26432
46 0.26981
47 0.27324
48 0.27815
49 0.28508
50 0.29009
51 0.29307
52 0.30092
53 0.31367
54 0.31513
55 0.31858
56 0.32262
57 0.32607
58 0.33134
59 0.34608
60 0.348
61 0.3608
62 0.36316
63 0.3766
64 0.39233
65 0.39363
66 0.40093
67 0.40307
68 0.40681
69 0.40915
70 0.42335
71 0.42959
72 0.43967
73 0.44541
74 0.44913
75 0.45241
76 0.47853
77 0.48951
78 0.49221
79 0.49732
80 0.5068
81 0.51061
82 0.51217
83 0.51369
84 0.51521
85 0.51949
86 0.52229
87 0.5259
88 0.53419
89 0.53993
90 0.55014
91 0.55341
92 0.5556
93 0.56091
94 0.56504
95 0.56845
96 0.57662
97 0.57853
98 0.58326
99 0.5857
100 0.59093
101 0.59322
102 0.59579
103 0.60235
104 0.60823
105 0.61493
106 0.62091
107 0.62315
108 0.62727
109 0.62914
110 0.63132
111 0.63943
112 0.64448
113 0.64671
114 0.65404
115 0.66999
116 0.67597
117 0.68176
118 0.6907
119 0.69705
120 0.70225
121 0.71321
122 0.71784
123 0.7321
124 0.73816
125 0.75879
126 0.7642
127 0.7655
128 0.77557
129 0.78084
130 0.78715
131 0.79501
132 0.80718
133 0.81801
134 0.8203
135 0.82622
136 0.83739
137 0.84205
138 0.84913
139 0.86167
140 0.86766
141 0.87928
142 0.88244
143 0.89061
144 0.89924
145 0.90723
146 0.9114
147 0.93963
148 0.94347
149 0.96125
150 0.967
151 0.9788
152 0.98786
153 0.98985
154 0.9914
155 0.99467
156 1.00539
157 1.01081
158 1.01622
159 1.02012
160 1.03039
161 1.0329
162 1.03878
163 1.04266
164 1.04571
165 1.04846
166 1.05676
167 1.06049
168 1.06693
169 1.06926
170 1.07641
171 1.08357
172 1.0865
173 1.0881
174 1.09373
175 1.10878
176 1.11654
177 1.12424
178 1.13425
179 1.14464
180 1.15067
181 1.15475
182 1.15712
183 1.16866
184 1.17181
185 1.17671
186 1.17869
187 1.19556
188 1.19786
189 1.19952
190 1.20078
191 1.20843
192 1.22132
193 1.232
194 1.23586
195 1.2567
196 1.26449
197 1.29442
198 1.29664
199 1.29904
200 1.30128
201 1.30365
202 1.30752
203 1.30899
204 1.32212
205 1.32419
206 1.33198
207 1.33806
208 1.34072
209 1.34254
210 1.35105
211 1.3525
212 1.35484
213 1.36176
214 1.37334
215 1.38506
216 1.39099
217 1.39952
218 1.40584
219 1.41047
220 1.41352
221 1.41983
222 1.42186
223 1.42519
224 1.44384
225 1.44976
226 1.46657
227 1.46888
228 1.47849
229 1.4853
230 1.48799
231 1.49564
232 1.50667
233 1.51292
234 1.51603
235 1.51925
236 1.52305
237 1.54279
238 1.54518
239 1.54837
240 1.5631
241 1.56945
242 1.57178
243 1.57591
244 1.59068
245 1.59452
246 1.60286
247 1.61672
248 1.6235
249 1.62662
250 1.63086
251 1.63246
252 1.64436
253 1.6467
254 1.64928
255 1.65362
256 1.65636
257 1.67009
258 1.67388
259 1.68927
260 1.70255
261 1.71043
262 1.71548
263 1.73071
264 1.73847
265 1.74496
266 1.75645
267 1.76059
268 1.76264
269 1.77436
270 1.77676
271 1.7832
272 1.79548
273 1.79839
274 1.80715
275 1.80911
276 1.81579
277 1.81943
278 1.82639
279 1.8309
280 1.84532
281 1.85096
282 1.86195
283 1.86305
284 1.8661
285 1.87184
286 1.87964
287 1.89232
288 1.9012
289 1.90737
290 1.91143
291 1.92564
292 1.94142
293 1.95062
294 1.95875
295 1.96843
296 1.97915
297 1.98781
298 1.9941
299 1.99665
300 2.00908
301 2.01199
302 2.01841
303 2.02227
304 2.02772
305 2.04671
306 2.05467
307 2.06286
308 2.06934
309 2.07201
310 2.08546
311 2.094
312 2.10115
313 2.1055
314 2.11511
315 2.12663
316 2.13421
317 2.14179
318 2.14477
319 2.14813
320 2.15061
321 2.15355
322 2.16847
323 2.1757
324 2.18942
325 2.19177
326 2.20514
327 2.21848
328 2.23421
329 2.23802
330 2.23953
331 2.25657
332 2.26332
333 2.27608
334 2.28322
335 2.28616
336 2.2905
337 2.29206
338 2.30068
339 2.30618
340 2.31294
341 2.31386
342 2.3188
343 2.32218
344 2.33347
345 2.33923
346 2.34126
347 2.35776
348 2.37408
349 2.38352
350 2.38453
351 2.39501
352 2.39731
353 2.40644
354 2.40898
355 2.41165
356 2.41377
357 2.42041
358 2.42437
359 2.43037
360 2.44007
361 2.44283
362 2.44538
363 2.45334
364 2.45529
365 2.46039
366 2.46865
367 2.48563
368 2.48851
369 2.49266
370 2.51051
371 2.51574
372 2.5297
373 2.53402
374 2.53765
375 2.54424
376 2.55962
377 2.56777
378 2.57302
379 2.57649
380 2.59217
381 2.60898
382 2.61184
383 2.62508
384 2.63953
385 2.64169
386 2.64328
387 2.66137
388 2.66785
389 2.67855
390 2.69036
391 2.69351
392 2.69579
393 2.69796
394 2.70285
395 2.70829
396 2.71535
397 2.73268
398 2.73507
399 2.73929
400 2.74546
401 2.75498
402 2.76224
403 2.76434
404 2.77482
405 2.78354
406 2.80513
407 2.81742
408 2.8248
409 2.83769
410 2.84078
411 2.86248
412 2.86997
413 2.87903
414 2.88901
415 2.89287
416 2.89988
417 2.90183
418 2.90597
419 2.91046
420 2.94145
421 2.94353
422 2.94763
423 2.95821
424 2.96227
425 2.97424
426 2.98435
427 2.98759
428 2.99677
