1 0.0158
2 0.01713
3 0.02277
4 0.02911
5 0.03574
6 0.03953
7 0.0445
8 0.04752
9 0.04967
10 0.05829
11 0.06214
12 0.06769
13 0.07463
14 0.0806
15 0.09105
16 0.09418
17 0.10821
18 0.12163
19 0.12398
20 0.14126
21 0.15514
22 0.1579
23 0.16726
24 0.17757
25 0.19269
26 0.20081
27 0.21069
28 0.21631
29 0.22203
30 0.22421
31 0.24087
32 0.24706
33 0.26132
34 0.26305
35 0.27446
36 0.2899
37 0.30131
38 0.30407
39 0.30817
40 0.31697
41 0.32191
42 0.3276
43 0.34331
44 0.35256
45 0.35802
46 0.36126
47 0.3643
48 0.37052
49 0.38391
50 0.40161
51 0.41011
52 0.42902
53 0.43927
54 0.44441
55 0.44676
56 0.45602
57 0.46297
58 0.46479
59 0.47548
60 0.47972
61 0.50402
62 0.52252
63 0.54405
64 0.5546
65 0.55664
66 0.56132
67 0.56317
68 0.57232
69 0.59589
70 0.60103
71 0.60307
72 0.61052
73 0.61942
74 0.62527
75 0.6405
76 0.65563
77 0.67932
78 0.69607
79 0.69928
80 0.70961
81 0.71129
82 0.74096
83 0.75191
84 0.76067
85 0.7719
86 0.78629
87 0.79722
88 0.80244
89 0.80759
90 0.80892
91 0.81676
92 0.825
93 0.82805
94 0.83309
95 0.84227
96 0.8594
97 0.86813
98 0.87103
99 0.87439
100 0.87797
101 0.90143
102 0.91566
103 0.92512
104 0.93201
105 0.93838
106 0.94534
107 0.9475
108 0.95494
109 0.95758
110 0.97813
111 0.98427
112 0.98851
113 1.01405
114 1.01909
115 1.02905
116 1.03681
117 1.04536
118 1.06578
119 1.08274
120 1.0852
121 1.10659
122 1.11311
123 1.11651
124 1.12725
125 1.12934
126 1.13831
127 1.14137
128 1.14632
129 1.15718
130 1.17011
131 1.18227
132 1.18731
133 1.19224
134 1.20766
135 1.214
136 1.22456
137 1.2268
138 1.24002
139 1.2568
140 1.26633
141 1.26982
142 1.27533
143 1.2808
144 1.28389
145 1.28685
146 1.30703
147 1.32389
148 1.33227
149 1.33843
150 1.3418
151 1.34841
152 1.35011
153 1.35424
154 1.36085
155 1.36917
156 1.38732
157 1.3934
158 1.39921
159 1.40706
160 1.43824
161 1.44432
162 1.44615
163 1.45011
164 1.4543
165 1.46316
166 1.47882
167 1.48577
168 1.5018
169 1.50743
170 1.51372
171 1.53031
172 1.53791
173 1.54288
174 1.54722
175 1.5675
176 1.57945
177 1.58732
178 1.59721
179 1.60919
180 1.62742
181 1.63135
182 1.6457
183 1.65168
184 1.6617
185 1.6849
186 1.69625
187 1.71647
188 1.71811
189 1.7271
190 1.73295
191 1.75817
192 1.77087
193 1.78103
194 1.80748
195 1.81151
196 1.82268
197 1.82685
198 1.83638
199 1.84486
200 1.8519
201 1.871
202 1.87982
203 1.88192
204 1.88423
205 1.89873
206 1.90553
207 1.91421
208 1.93697
209 1.94091
210 1.94476
211 1.94745
212 1.95157
213 1.96019
214 1.96514
215 1.9726
216 1.97963
217 1.99924
218 2.01253
219 2.01491
220 2.01854
221 2.0371
222 2.04651
223 2.06087
224 2.06912
225 2.07465
226 2.08102
227 2.08336
228 2.08727
229 2.09138
230 2.09777
231 2.10312
232 2.1146
233 2.12867
234 2.13759
235 2.14102
236 2.16591
237 2.17522
238 2.1867
239 2.21254
240 2.2181
241 2.225
242 2.23377
243 2.23507
244 2.25489
245 2.25798
246 2.26429
247 2.2759
248 2.28523
249 2.29062
250 2.29296
251 2.29999
252 2.3044
253 2.31174
254 2.31712
255 2.34268
256 2.34749
257 2.35867
258 2.36185
259 2.37645
260 2.38669
261 2.39248
262 2.3983
263 2.41212
264 2.43853
265 2.46289
266 2.50233
267 2.50372
268 2.52806
269 2.53727
270 2.5409
271 2.54689
272 2.55105
273 2.57019
274 2.5913
275 2.61326
276 2.63033
277 2.63983
278 2.65247
279 2.66688
280 2.67113
281 2.67612
282 2.68111
283 2.69363
284 2.70104
285 2.70716
286 2.74104
287 2.74939
288 2.75437
289 2.76292
290 2.76534
291 2.78071
292 2.79305
293 2.79999
294 2.82561
295 2.83079
296 2.84764
297 2.85065
298 2.88681
299 2.90435
300 2.90669
301 2.91015
302 2.91407
303 2.93614
304 2.95075
305 2.95783
306 2.9692
307 2.97827
308 2.97948
