1 0.00215
2 0.00613
3 0.00827
4 0.01417
5 0.02022
6 0.03409
7 0.04163
8 0.04561
9 0.04692
10 0.04998
11 0.05182
12 0.05637
13 0.08032
14 0.09191
15 0.09511
16 0.10314
17 0.10521
18 0.10863
19 0.1282
20 0.13172
21 0.13829
22 0.14172
23 0.15294
24 0.15418
25 0.15868
26 0.17666
27 0.181
28 0.2023
29 0.20411
30 0.20621
31 0.21569
32 0.22075
33 0.23287
34 0.24095
35 0.2497
36 0.25626
37 0.25975
38 0.27082
39 0.28669
40 0.29056
41 0.29451
42 0.30017
43 0.30955
44 0.31054
45 0.31493
46 0.31692
47 0.32061
48 0.32909
49 0.33604
50 0.34247
51 0.35106
52 0.38111
53 0.38239
54 0.38704
55 0.39804
56 0.41463
57 0.41732
58 0.42428
59 0.43344
60 0.43831
61 0.459
62 0.46159
63 0.48373
64 0.4915
65 0.5006
66 0.50696
67 0.51678
68 0.53562
69 0.53759
70 0.53935
71 0.54644
72 0.54976
73 0.55507
74 0.5614
75 0.57357
76 0.57494
77 0.58089
78 0.58254
79 0.60144
80 0.60399
81 0.61237
82 0.62616
83 0.62827
84 0.63486
85 0.64516
86 0.6483
87 0.65336
88 0.6555
89 0.66595
90 0.67719
91 0.68461
92 0.68998
93 0.70162
94 0.71058
95 0.71909
96 0.74018
97 0.74288
98 0.74786
99 0.75049
100 0.75243
101 0.75801
102 0.76434
103 0.7838
104 0.78857
105 0.79455
106 0.80189
107 0.80498
108 0.81203
109 0.81995
110 0.83831
111 0.84542
112 0.86413
113 0.87362
114 0.89122
115 0.90755
116 0.91317
117 0.91995
118 0.9432
119 0.94679
120 0.9536
121 0.96053
122 0.97401
123 0.97837
124 0.98636
125 0.99496
126 1.01727
127 1.02548
128 1.05845
129 1.06203
130 1.07372
131 1.07947
132 1.09436
133 1.09856
134 1.11536
135 1.12576
136 1.12734
137 1.12906
138 1.1333
139 1.13535
140 1.14563
141 1.14883
142 1.16424
143 1.17221
144 1.18196
145 1.18454
146 1.19434
147 1.19722
148 1.20076
149 1.20548
150 1.21172
151 1.2157
152 1.22952
153 1.23618
154 1.24291
155 1.24551
156 1.25873
157 1.26828
158 1.28346
159 1.29327
160 1.30308
161 1.31741
162 1.32115
163 1.32797
164 1.33348
165 1.33682
166 1.34319
167 1.35602
168 1.3743
169 1.39153
170 1.39695
171 1.4152
172 1.4202
173 1.422
174 1.42492
175 1.4404
176 1.45137
177 1.45541
178 1.46762
179 1.47154
180 1.48335
181 1.49378
182 1.49622
183 1.49847
184 1.52039
185 1.54499
186 1.55631
187 1.56431
188 1.56832
189 1.57673
190 1.57953
191 1.58247
192 1.5891
193 1.59924
194 1.60989
195 1.61526
196 1.6236
197 1.6286
198 1.63774
199 1.64612
200 1.651
201 1.67151
202 1.67618
203 1.68126
204 1.68751
205 1.69415
206 1.69796
207 1.71203
208 1.72044
209 1.72834
210 1.73513
211 1.7396
212 1.74129
213 1.75012
214 1.75406
215 1.75627
216 1.76555
217 1.7683
218 1.77823
219 1.78178
220 1.78642
221 1.78912
222 1.80608
223 1.80773
224 1.82439
225 1.83605
226 1.84099
227 1.84299
228 1.85165
229 1.8606
230 1.86584
231 1.87251
232 1.87998
233 1.88498
234 1.88861
235 1.89281
236 1.89745
237 1.90711
238 1.91098
239 1.9146
240 1.92689
241 1.94117
242 1.9444
243 1.94835
244 1.9587
245 1.9718
246 1.98147
247 1.99123
248 1.99921
249 2.00457
250 2.00966
251 2.02221
252 2.02863
253 2.03576
254 2.04308
255 2.05415
256 2.05764
257 2.06501
258 2.0783
259 2.08458
260 2.10322
261 2.1147
262 2.11784
263 2.12193
264 2.12736
265 2.13872
266 2.15087
267 2.15237
268 2.16473
269 2.17608
270 2.18906
271 2.20989
272 2.21127
273 2.21754
274 2.2197
275 2.2368
276 2.27341
277 2.29284
278 2.30252
279 2.32117
280 2.33463
281 2.33673
282 2.35223
283 2.35991
284 2.36423
285 2.38561
286 2.41573
287 2.42363
288 2.43783
289 2.44152
290 2.4516
291 2.46188
292 2.46351
293 2.46766
294 2.48094
295 2.48556
296 2.49027
297 2.49988
298 2.50802
299 2.51104
300 2.51933
301 2.52401
302 2.54037
303 2.55098
304 2.55806
305 2.581
306 2.58247
307 2.60279
308 2.60728
309 2.60822
310 2.62242
311 2.62567
312 2.63576
313 2.6443
314 2.65075
315 2.65491
316 2.65896
317 2.66084
318 2.66542
319 2.66857
320 2.67892
321 2.67997
322 2.69217
323 2.70644
324 2.71585
325 2.72445
326 2.72949
327 2.74161
328 2.74564
329 2.75687
330 2.76914
331 2.78011
332 2.79055
333 2.80754
334 2.81794
335 2.82674
336 2.83437
337 2.84801
338 2.86401
339 2.86845
340 2.87001
341 2.87736
342 2.89477
343 2.91037
344 2.9221
345 2.92756
346 2.93159
347 2.94423
348 2.9577
349 2.96533
350 2.97739
351 2.99073
