1 0.00474
2 0.01222
3 0.0152
4 0.01646
5 0.02001
6 0.02487
7 0.02726
8 0.03892
9 0.05476
10 0.06013
11 0.0744
12 0.08782
13 0.09303
14 0.12211
15 0.12684
16 0.1302
17 0.1446
18 0.15881
19 0.1688
20 0.17729
21 0.1997
22 0.20457
23 0.22593
24 0.22838
25 0.2398
26 0.25263
27 0.259
28 0.27674
29 0.28483
30 0.29115
31 0.29572
32 0.30888
33 0.31549
34 0.34983
35 0.35113
36 0.35385
37 0.36883
38 0.37432
39 0.37926
40 0.38446
41 0.39708
42 0.4061
43 0.42807
44 0.4323
45 0.44858
46 0.4533
47 0.4567
48 0.46533
49 0.4707
50 0.47185
51 0.47399
52 0.47607
53 0.48945
54 0.49269
55 0.49379
56 0.49495
57 0.49894
58 0.50511
59 0.52315
60 0.52966
61 0.54093
62 0.55894
63 0.57027
64 0.57319
65 0.59534
66 0.6096
67 0.61755
68 0.62759
69 0.64554
70 0.6698
71 0.67944
72 0.68475
73 0.69717
74 0.7016
75 0.70596
76 0.70884
77 0.7167
78 0.72279
79 0.72543
80 0.74456
81 0.75925
82 0.76795
83 0.77941
84 0.78456
85 0.79934
86 0.80937
87 0.82485
88 0.84931
89 0.85339
90 0.86819
91 0.87737
92 0.87872
93 0.89291
94 0.89427
95 0.91587
96 0.92948
97 0.9349
98 0.93912
99 0.95956
100 0.96282
101 0.96753
102 0.97154
103 0.97927
104 0.98295
105 0.985
106 0.99369
107 0.99839
108 1.02457
109 1.03187
110 1.03701
111 1.04134
112 1.04983
113 1.0525
114 1.06851
115 1.07255
116 1.07395
117 1.09319
118 1.09874
119 1.10218
120 1.11975
121 1.14023
122 1.14867
123 1.15798
124 1.16121
125 1.16982
126 1.17666
127 1.18411
128 1.19679
129 1.20377
130 1.21019
131 1.21764
132 1.22242
133 1.22738
134 1.2298
135 1.2382
136 1.24353
137 1.25959
138 1.27659
139 1.27983
140 1.28617
141 1.30196
142 1.30825
143 1.31357
144 1.33209
145 1.34084
146 1.34533
147 1.35264
148 1.36144
149 1.36661
150 1.37014
151 1.39485
152 1.41103
153 1.4129
154 1.44801
155 1.45128
156 1.46347
157 1.48166
158 1.48733
159 1.49051
160 1.49281
161 1.50395
162 1.50962
163 1.51717
164 1.52175
165 1.53265
166 1.54122
167 1.5467
168 1.55509
169 1.55899
170 1.57562
171 1.59586
172 1.59853
173 1.60148
174 1.61782
175 1.63962
176 1.64272
177 1.64911
178 1.65508
179 1.65916
180 1.67358
181 1.67499
182 1.68943
183 1.69657
184 1.70674
185 1.71325
186 1.71732
187 1.72363
188 1.72996
189 1.75572
190 1.77161
191 1.78282
192 1.78755
193 1.79714
194 1.80291
195 1.80411
196 1.81083
197 1.81475
198 1.83804
199 1.85413
200 1.86532
201 1.87636
202 1.87986
203 1.88419
204 1.89139
205 1.89408
206 1.91791
207 1.92085
208 1.92459
209 1.9265
210 1.93433
211 1.94026
212 1.94388
213 1.94988
214 1.95122
215 1.95517
216 1.95876
217 1.96136
218 1.9681
219 1.97524
220 1.9782
221 1.98091
222 1.98665
223 1.99381
224 1.99966
225 2.00209
226 2.00854
227 2.01581
228 2.02381
229 2.02729
230 2.03048
231 2.03478
232 2.05073
233 2.05387
234 2.05512
235 2.07267
236 2.07747
237 2.08776
238 2.11407
239 2.11636
240 2.11871
241 2.1277
242 2.13108
243 2.14189
244 2.14473
245 2.1605
246 2.16192
247 2.17594
248 2.17821
249 2.20753
250 2.21369
251 2.22052
252 2.23785
253 2.24198
254 2.24805
255 2.25718
256 2.25874
257 2.27151
258 2.27519
259 2.28188
260 2.28597
261 2.30014
262 2.30138
263 2.3074
264 2.3152
265 2.34703
266 2.36706
267 2.37299
268 2.37639
269 2.38593
270 2.39519
271 2.41948
272 2.42408
273 2.43344
274 2.44535
275 2.45501
276 2.45753
277 2.46177
278 2.46791
279 2.46933
280 2.47592
281 2.48107
282 2.48444
283 2.48817
284 2.51095
285 2.53102
286 2.53543
287 2.5409
288 2.56458
289 2.56652
290 2.59279
291 2.60718
292 2.62967
293 2.63945
294 2.65163
295 2.668
296 2.67975
297 2.68326
298 2.6892
299 2.69318
300 2.69927
301 2.70691
302 2.72127
303 2.74021
304 2.74308
305 2.7477
306 2.75018
307 2.75685
308 2.78658
309 2.80674
310 2.81182
311 2.84399
312 2.84884
313 2.86661
314 2.8804
315 2.91422
316 2.92343
317 2.95942
318 2.96272
319 2.96608
320 2.97782
321 2.97937
322 2.9886
323 2.99147
324 2.99645
