1 0.00294
2 0.00886
3 0.01993
4 0.0339
5 0.04056
6 0.04569
7 0.05614
8 0.063
9 0.07046
10 0.07231
11 0.09932
12 0.10686
13 0.11152
14 0.11473
15 0.12045
16 0.12728
17 0.13864
18 0.14048
19 0.14561
20 0.15645
21 0.16228
22 0.16774
23 0.18169
24 0.1917
25 0.19759
26 0.20578
27 0.20854
28 0.21604
29 0.22728
30 0.23778
31 0.24062
32 0.24277
33 0.2453
34 0.27088
35 0.27959
36 0.29616
37 0.3026
38 0.30555
39 0.30765
40 0.30911
41 0.31614
42 0.31774
43 0.32572
44 0.3437
45 0.35243
46 0.35563
47 0.36021
48 0.36372
49 0.37072
50 0.37319
51 0.38102
52 0.3917
53 0.39756
54 0.40372
55 0.40885
56 0.42312
57 0.43415
58 0.43944
59 0.44318
60 0.45665
61 0.47862
62 0.48548
63 0.48977
64 0.49564
65 0.49728
66 0.50093
67 0.50246
68 0.53589
69 0.54923
70 0.55019
71 0.55869
72 0.57031
73 0.59757
74 0.60474
75 0.60614
76 0.61298
77 0.61954
78 0.62926
79 0.63419
80 0.64095
81 0.64806
82 0.65163
83 0.66165
84 0.66688
85 0.66955
86 0.6742
87 0.67916
88 0.68445
89 0.68873
90 0.6966
91 0.71829
92 0.73066
93 0.7347
94 0.74142
95 0.74917
96 0.7746
97 0.79289
98 0.7965
99 0.80066
100 0.80561
101 0.81723
102 0.82373
103 0.82761
104 0.84159
105 0.84986
106 0.85097
107 0.85663
108 0.86203
109 0.87111
110 0.87732
111 0.8826
112 0.91811
113 0.9253
114 0.92761
115 0.9314
116 0.93778
117 0.94256
118 0.94996
119 0.95589
120 0.97124
121 0.98114
122 0.99255
123 1.01361
124 1.01663
125 1.01932
126 1.04071
127 1.04357
128 1.04955
129 1.05423
130 1.06782
131 1.07489
132 1.08963
133 1.09329
134 1.09785
135 1.10608
136 1.10984
137 1.11418
138 1.14892
139 1.15816
140 1.1601
141 1.16231
142 1.16708
143 1.1694
144 1.1832
145 1.19438
146 1.19672
147 1.22093
148 1.237
149 1.24093
150 1.2523
151 1.27483
152 1.27866
153 1.28893
154 1.29424
155 1.30487
156 1.31374
157 1.31586
158 1.32869
159 1.35049
160 1.36318
161 1.36533
162 1.37742
163 1.38669
164 1.39091
165 1.39523
166 1.40463
167 1.41563
168 1.42046
169 1.42574
170 1.43034
171 1.44014
172 1.44888
173 1.4525
174 1.47568
175 1.4802
176 1.48215
177 1.48355
178 1.49743
179 1.50294
180 1.512
181 1.52513
182 1.53521
183 1.54758
184 1.56441
185 1.59283
186 1.60823
187 1.61088
188 1.61902
189 1.63864
190 1.64206
191 1.64499
192 1.64906
193 1.67661
194 1.68015
195 1.69519
196 1.70269
197 1.70477
198 1.7064
199 1.71399
200 1.7236
201 1.72651
202 1.72831
203 1.72973
204 1.74161
205 1.75469
206 1.79663
207 1.80194
208 1.80941
209 1.82004
210 1.85376
211 1.85664
212 1.86621
213 1.87225
214 1.88071
215 1.88347
216 1.89927
217 1.90514
218 1.91161
219 1.92001
220 1.9238
221 1.92754
222 1.944
223 1.95101
224 1.96674
225 1.97871
226 1.98345
227 1.98956
228 2.01711
229 2.02417
230 2.04818
231 2.05638
232 2.06564
233 2.10052
234 2.10179
235 2.10592
236 2.12091
237 2.13208
238 2.1356
239 2.15387
240 2.16844
241 2.17618
242 2.18919
243 2.19168
244 2.19867
245 2.20002
246 2.20709
247 2.21054
248 2.23022
249 2.23552
250 2.28155
251 2.29368
252 2.29756
253 2.30444
254 2.30995
255 2.31525
256 2.32214
257 2.32749
258 2.3293
259 2.34754
260 2.34989
261 2.36057
262 2.36309
263 2.36555
264 2.3688
265 2.38754
266 2.39382
267 2.39826
268 2.40263
269 2.40756
270 2.41816
271 2.42349
272 2.42968
273 2.43513
274 2.44082
275 2.44426
276 2.45246
277 2.46121
278 2.46776
279 2.49349
280 2.54967
281 2.5592
282 2.56834
283 2.57515
284 2.59345
285 2.60059
286 2.6106
287 2.61356
288 2.61583
289 2.62375
290 2.62908
291 2.63396
292 2.64966
293 2.65214
294 2.66134
295 2.67785
296 2.69243
297 2.69446
298 2.6976
299 2.70097
300 2.70359
301 2.70618
302 2.71455
303 2.71754
304 2.72914
305 2.7356
306 2.73741
307 2.74373
308 2.74646
309 2.75032
310 2.78341
311 2.79546
312 2.806
313 2.81783
314 2.82138
315 2.83841
316 2.8428
317 2.8649
318 2.87086
319 2.89634
320 2.89909
321 2.90223
322 2.90925
323 2.91319
324 2.92138
325 2.92348
326 2.92715
327 2.93258
328 2.93754
329 2.93925
330 2.94457
331 2.94665
332 2.94868
333 2.95087
334 2.96019
335 2.96525
336 2.98134
337 2.98715
338 2.99117
