1 0.0028
2 0.00527
3 0.00906
4 0.01501
5 0.01837
6 0.0433
7 0.04785
8 0.05208
9 0.05585
10 0.05709
11 0.05836
12 0.07344
13 0.07663
14 0.07851
15 0.09069
16 0.0984
17 0.10167
18 0.10328
19 0.10858
20 0.11589
21 0.12544
22 0.12723
23 0.13398
24 0.13649
25 0.14344
26 0.14533
27 0.14832
28 0.1534
29 0.16912
30 0.18854
31 0.19125
32 0.19473
33 0.20215
34 0.20665
35 0.21404
36 0.21592
37 0.22007
38 0.22879
39 0.233
40 0.23679
41 0.24667
42 0.25483
43 0.27016
44 0.29836
45 0.30867
46 0.3143
47 0.323
48 0.32727
49 0.33063
50 0.33212
51 0.33553
52 0.34113
53 0.34952
54 0.35106
55 0.35951
56 0.36497
57 0.37608
58 0.39041
59 0.3938
60 0.40645
61 0.41464
62 0.43195
63 0.43429
64 0.43773
65 0.44393
66 0.46617
67 0.46766
68 0.4783
69 0.48625
70 0.49541
71 0.5031
72 0.50938
73 0.51497
74 0.5218
75 0.54291
76 0.55061
77 0.56702
78 0.57743
79 0.58761
80 0.59976
81 0.60222
82 0.61429
83 0.62174
84 0.62954
85 0.6357
86 0.63729
87 0.6554
88 0.67771
89 0.68707
90 0.69128
91 0.69551
92 0.70635
93 0.71191
94 0.71832
95 0.72109
96 0.72454
97 0.74099
98 0.74462
99 0.74688
100 0.74858
101 0.75492
102 0.77662
103 0.79214
104 0.79475
105 0.8018
106 0.80642
107 0.81684
108 0.84391
109 0.85045
110 0.87009
111 0.8719
112 0.87636
113 0.88048
114 0.88552
115 0.89028
116 0.89473
117 0.90264
118 0.917
119 0.93296
120 0.94165
121 0.9519
122 0.95961
123 0.9631
124 0.96636
125 0.96792
126 0.97083
127 0.9795
128 0.98508
129 0.99017
130 0.99922
131 1.00208
132 1.0212
133 1.04325
134 1.04562
135 1.05693
136 1.07625
137 1.08882
138 1.09255
139 1.09691
140 1.11122
141 1.11873
142 1.12273
143 1.12568
144 1.13803
145 1.14239
146 1.1565
147 1.16789
148 1.17187
149 1.1806
150 1.18897
151 1.19141
152 1.20344
153 1.2045
154 1.20982
155 1.21339
156 1.21596
157 1.2332
158 1.24028
159 1.24196
160 1.24758
161 1.26055
162 1.2712
163 1.29452
164 1.30026
165 1.30939
166 1.34007
167 1.3568
168 1.35921
169 1.37187
170 1.37603
171 1.37697
172 1.38133
173 1.38335
174 1.38901
175 1.39512
176 1.39921
177 1.40086
178 1.40281
179 1.41945
180 1.43434
181 1.44144
182 1.45243
183 1.4544
184 1.4622
185 1.46356
186 1.46787
187 1.47613
188 1.47905
189 1.48657
190 1.49359
191 1.49511
192 1.50062
193 1.50639
194 1.54627
195 1.54972
196 1.55561
197 1.56026
198 1.59059
199 1.59208
200 1.59561
201 1.60118
202 1.60851
203 1.6123
204 1.62147
205 1.62811
206 1.63483
207 1.64203
208 1.64607
209 1.65239
210 1.65509
211 1.66432
212 1.68112
213 1.6916
214 1.69429
215 1.69726
216 1.71177
217 1.7263
218 1.744
219 1.74733
220 1.75292
221 1.76076
222 1.76934
223 1.79681
224 1.79924
225 1.80635
226 1.80866
227 1.81577
228 1.82476
229 1.85176
230 1.85771
231 1.85977
232 1.86143
233 1.86587
234 1.87532
235 1.88346
236 1.88953
237 1.89426
238 1.89806
239 1.90233
240 1.90325
241 1.92967
242 1.9385
243 1.94954
244 1.95455
245 1.95672
246 1.96964
247 1.97426
248 1.9942
249 1.9955
250 1.99982
251 2.00685
252 2.00843
253 2.0109
254 2.01771
255 2.02433
256 2.04302
257 2.05076
258 2.08224
259 2.09245
260 2.09982
261 2.10703
262 2.10869
263 2.12385
264 2.12499
265 2.1275
266 2.13095
267 2.13523
268 2.14852
269 2.16801
270 2.18265
271 2.18597
272 2.1947
273 2.20736
274 2.21071
275 2.21637
276 2.21877
277 2.22573
278 2.24277
279 2.24399
280 2.24644
281 2.25055
282 2.26069
283 2.26995
284 2.29792
285 2.30202
286 2.30795
287 2.30938
288 2.32875
289 2.3417
290 2.35017
291 2.35337
292 2.35564
293 2.36128
294 2.36577
295 2.36744
296 2.37357
297 2.39001
298 2.39727
299 2.41851
300 2.43499
301 2.44265
302 2.44468
303 2.44886
304 2.4509
305 2.45277
306 2.45988
307 2.46703
308 2.47133
309 2.4933
310 2.49482
311 2.5013
312 2.50498
313 2.51089
314 2.54094
315 2.54618
316 2.55961
317 2.59001
318 2.60046
319 2.61382
320 2.61643
321 2.62081
322 2.62881
323 2.63177
324 2.63843
325 2.64443
326 2.65013
327 2.65841
328 2.67845
329 2.6838
330 2.69149
331 2.69712
332 2.70512
333 2.71166
334 2.71882
335 2.72123
336 2.73323
337 2.73524
338 2.74035
339 2.74428
340 2.74977
341 2.76286
342 2.76929
343 2.79477
344 2.80442
345 2.80987
346 2.82894
347 2.84707
348 2.84952
349 2.85103
350 2.85681
351 2.86056
352 2.87616
353 2.88168
354 2.88558
355 2.89525
356 2.90082
357 2.90508
358 2.93267
359 2.9411
360 2.94406
361 2.94627
362 2.95027
363 2.95291
364 2.95435
365 2.9709
366 2.98015
367 2.98302
368 2.98724
369 2.99131
370 2.99978
