1 0.01114
2 0.016
3 0.02661
4 0.03632
5 0.03886
6 0.04236
7 0.059
8 0.06463
9 0.07513
10 0.08361
11 0.09724
12 0.11887
13 0.12118
14 0.12389
15 0.12881
16 0.1303
17 0.13338
18 0.1426
19 0.14803
20 0.15746
21 0.16644
22 0.16849
23 0.17517
24 0.18466
25 0.20606
26 0.20912
27 0.21511
28 0.22652
29 0.22986
30 0.23539
31 0.24094
32 0.24727
33 0.25574
34 0.26103
35 0.2671
36 0.27231
37 0.27989
38 0.28566
39 0.29289
40 0.30981
41 0.32278
42 0.32917
43 0.34047
44 0.34799
45 0.34952
46 0.35996
47 0.36498
48 0.37636
49 0.37781
50 0.38215
51 0.38991
52 0.39126
53 0.39446
54 0.40897
55 0.41715
56 0.42459
57 0.43168
58 0.43413
59 0.45116
60 0.45894
61 0.46579
62 0.47175
63 0.47451
64 0.47788
65 0.49217
66 0.49764
67 0.50103
68 0.50468
69 0.50918
70 0.51798
71 0.52849
72 0.54009
73 0.54711
74 0.55331
75 0.55797
76 0.56796
77 0.57135
78 0.57601
79 0.57876
80 0.58358
81 0.59189
82 0.60663
83 0.61176
84 0.61954
85 0.62318
86 0.62719
87 0.63093
88 0.64086
89 0.64803
90 0.65956
91 0.67108
92 0.68086
93 0.68528
94 0.70433
95 0.70742
96 0.71124
97 0.71517
98 0.72679
99 0.72789
100 0.73351
101 0.74657
102 0.75341
103 0.76764
104 0.77311
105 0.78439
106 0.80743
107 0.82163
108 0.82715
109 0.8357
110 0.83713
111 0.85145
112 0.86454
113 0.87606
114 0.88043
115 0.8835
116 0.89201
117 0.89389
118 0.89924
119 0.90829
120 0.91023
121 0.92671
122 0.93856
123 0.94184
124 0.94942
125 0.95868
126 0.96717
127 0.96903
128 0.98233
129 0.98487
130 1.00036
131 1.00492
132 1.01042
133 1.01783
134 1.02476
135 1.02699
136 1.0315
137 1.03967
138 1.04793
139 1.0547
140 1.06069
141 1.06781
142 1.07296
143 1.08059
144 1.08328
145 1.09214
146 1.10238
147 1.10729
148 1.10916
149 1.12349
150 1.13728
151 1.14048
152 1.15073
153 1.15884
154 1.16579
155 1.17304
156 1.1743
157 1.19391
158 1.19685
159 1.20096
160 1.20546
161 1.21078
162 1.21284
163 1.21699
164 1.22226
165 1.22831
166 1.23437
167 1.24054
168 1.25362
169 1.25922
170 1.26264
171 1.2705
172 1.27336
173 1.28141
174 1.29226
175 1.30448
176 1.31581
177 1.3178
178 1.32661
179 1.33695
180 1.36332
181 1.36705
182 1.37544
183 1.37854
184 1.38411
185 1.38874
186 1.4023
187 1.40477
188 1.4154
189 1.4364
190 1.44341
191 1.4468
192 1.45068
193 1.45748
194 1.47517
195 1.4781
196 1.4999
197 1.50395
198 1.51552
199 1.51787
200 1.54293
201 1.55269
202 1.55894
203 1.56336
204 1.57597
205 1.58192
206 1.58876
207 1.60572
208 1.61214
209 1.6206
210 1.63504
211 1.64035
212 1.64814
213 1.66513
214 1.67249
215 1.68273
216 1.69248
217 1.71667
218 1.72136
219 1.7307
220 1.73435
221 1.74445
222 1.74686
223 1.75797
224 1.76737
225 1.7711
226 1.77987
227 1.78721
228 1.79484
229 1.79739
230 1.83147
231 1.83473
232 1.84078
233 1.8422
234 1.85169
235 1.85338
236 1.859
237 1.87018
238 1.87839
239 1.88388
240 1.88609
241 1.89554
242 1.9001
243 1.90915
244 1.91304
245 1.92035
246 1.92525
247 1.93543
248 1.93781
249 1.94163
250 1.95845
251 1.9616
252 1.9745
253 1.98008
254 2.00997
255 2.02246
256 2.04489
257 2.05501
258 2.06175
259 2.07318
260 2.07753
261 2.08084
262 2.09543
263 2.10479
264 2.11086
265 2.12957
266 2.13577
267 2.14
268 2.14698
269 2.15381
270 2.15693
271 2.16846
272 2.1921
273 2.19683
274 2.19904
275 2.20316
276 2.21211
277 2.21475
278 2.21937
279 2.22239
280 2.22548
281 2.2322
282 2.25092
283 2.26005
284 2.26918
285 2.27361
286 2.30431
287 2.31343
288 2.32568
289 2.33423
290 2.33654
291 2.34098
292 2.34973
293 2.3568
294 2.35932
295 2.36333
296 2.36639
297 2.37106
298 2.38695
299 2.39202
300 2.39758
301 2.40155
302 2.41818
303 2.43059
304 2.4342
305 2.4425
306 2.44503
307 2.4465
308 2.45284
309 2.45689
310 2.46781
311 2.47607
312 2.48454
313 2.48845
314 2.49108
315 2.50061
316 2.50624
317 2.52224
318 2.5265
319 2.54099
320 2.55404
321 2.55798
322 2.5772
323 2.58351
324 2.58855
325 2.59685
326 2.60177
327 2.61372
328 2.61808
329 2.62284
330 2.63664
331 2.63955
332 2.64154
333 2.64699
334 2.65568
335 2.6571
336 2.66303
337 2.66888
338 2.67385
339 2.69596
340 2.69869
341 2.70762
342 2.71366
343 2.724
344 2.74391
345 2.74514
346 2.77543
347 2.78451
348 2.78722
349 2.79412
350 2.80972
351 2.81153
352 2.81626
353 2.82144
354 2.83004
355 2.8459
356 2.85063
357 2.85858
358 2.86759
359 2.88471
360 2.90477
361 2.91491
362 2.91922
363 2.92463
364 2.94976
365 2.95185
366 2.95342
367 2.95598
368 2.96748
369 2.97206
370 2.9735
371 2.97551
372 2.98242
373 2.99513
