1 0.00343
2 0.01146
3 0.01284
4 0.022
5 0.03726
6 0.05211
7 0.0607
8 0.06893
9 0.08466
10 0.09007
11 0.09363
12 0.0961
13 0.10354
14 0.11085
15 0.12547
16 0.12733
17 0.12925
18 0.13469
19 0.1429
20 0.14968
21 0.16479
22 0.16699
23 0.17074
24 0.17572
25 0.19779
26 0.20236
27 0.20488
28 0.21093
29 0.21738
30 0.23055
31 0.23324
32 0.24029
33 0.24341
34 0.24923
35 0.25103
36 0.26187
37 0.26649
38 0.2702
39 0.27595
40 0.31232
41 0.31513
42 0.33381
43 0.33636
44 0.35136
45 0.35522
46 0.36427
47 0.36924
48 0.37311
49 0.37493
50 0.37615
51 0.39332
52 0.39831
53 0.4025
54 0.41389
55 0.41524
56 0.41708
57 0.41909
58 0.42603
59 0.43398
60 0.45006
61 0.46595
62 0.47082
63 0.47309
64 0.48417
65 0.50146
66 0.50962
67 0.51737
68 0.52309
69 0.52825
70 0.53835
71 0.54495
72 0.54894
73 0.56261
74 0.5824
75 0.59213
76 0.59657
77 0.60618
78 0.61225
79 0.61577
80 0.61733
81 0.62167
82 0.63871
83 0.64089
84 0.64988
85 0.66938
86 0.67162
87 0.67891
88 0.68444
89 0.68788
90 0.69421
91 0.70268
92 0.71185
93 0.72689
94 0.73585
95 0.74385
96 0.74675
97 0.75482
98 0.7614
99 0.77905
100 0.78721
101 0.79847
102 0.82917
103 0.84033
104 0.84398
105 0.85954
106 0.86169
107 0.86503
108 0.87201
109 0.88828
110 0.89839
111 0.8999
112 0.90242
113 0.9062
114 0.91658
115 0.93598
116 0.93846
117 0.94077
118 0.94499
119 0.94682
120 0.95079
121 0.97165
122 0.98188
123 0.98395
124 0.99576
125 1.00377
126 1.0137
127 1.04369
128 1.05946
129 1.06097
130 1.07028
131 1.07171
132 1.07957
133 1.1067
134 1.12119
135 1.12307
136 1.12577
137 1.12912
138 1.13123
139 1.13471
140 1.14286
141 1.14892
142 1.15277
143 1.15971
144 1.17601
145 1.19379
146 1.19958
147 1.20715
148 1.20874
149 1.2269
150 1.22946
151 1.23369
152 1.23601
153 1.2416
154 1.24761
155 1.24943
156 1.26043
157 1.26299
158 1.26439
159 1.27162
160 1.28788
161 1.30044
162 1.33012
163 1.33692
164 1.34261
165 1.35045
166 1.35564
167 1.36533
168 1.3695
169 1.37951
170 1.38478
171 1.38769
172 1.39126
173 1.39457
174 1.3962
175 1.40146
176 1.4047
177 1.41911
178 1.42783
179 1.43929
180 1.441
181 1.44682
182 1.45149
183 1.45467
184 1.45688
185 1.47896
186 1.48252
187 1.48604
188 1.50163
189 1.51691
190 1.52738
191 1.55552
192 1.58415
193 1.58895
194 1.6026
195 1.60574
196 1.60888
197 1.61167
198 1.62001
199 1.6302
200 1.63328
201 1.63908
202 1.64644
203 1.65452
204 1.67384
205 1.68462
206 1.69331
207 1.69718
208 1.69944
209 1.7025
210 1.70883
211 1.73519
212 1.73918
213 1.74799
214 1.75034
215 1.76564
216 1.76943
217 1.79749
218 1.80044
219 1.8071
220 1.8157
221 1.83298
222 1.83911
223 1.85524
224 1.86287
225 1.86774
226 1.86942
227 1.87921
228 1.88361
229 1.88746
230 1.90522
231 1.92342
232 1.92818
233 1.93493
234 1.94517
235 1.94749
236 1.94913
237 1.95499
238 1.96254
239 1.97649
240 1.9788
241 1.98102
242 1.98435
243 1.98713
244 1.99041
245 1.99749
246 2.00202
247 2.01384
248 2.01767
249 2.02155
250 2.03694
251 2.03917
252 2.06036
253 2.07184
254 2.08127
255 2.09166
256 2.10475
257 2.10911
258 2.11256
259 2.13037
260 2.13374
261 2.14325
262 2.14832
263 2.17086
264 2.19553
265 2.19817
266 2.22961
267 2.24085
268 2.24598
269 2.24824
270 2.2516
271 2.26381
272 2.26741
273 2.26985
274 2.27602
275 2.29025
276 2.29279
277 2.30962
278 2.33223
279 2.35123
280 2.35689
281 2.36037
282 2.36328
283 2.36635
284 2.37089
285 2.37286
286 2.38496
287 2.39187
288 2.4053
289 2.40639
290 2.41669
291 2.43032
292 2.4382
293 2.44288
294 2.44498
295 2.45559
296 2.46624
297 2.48868
298 2.49813
299 2.49982
300 2.50196
301 2.51905
302 2.52258
303 2.52597
304 2.54091
305 2.58317
306 2.59195
307 2.59549
308 2.60428
309 2.61002
310 2.61657
311 2.61823
312 2.62817
313 2.63233
314 2.63921
315 2.64543
316 2.65591
317 2.67365
318 2.67714
319 2.68321
320 2.68759
321 2.69236
322 2.69449
323 2.71747
324 2.71914
325 2.72203
326 2.7339
327 2.74163
328 2.7447
329 2.75205
330 2.76226
331 2.77066
332 2.79057
333 2.81079
334 2.82436
335 2.83118
336 2.84341
337 2.85692
338 2.86238
339 2.86456
340 2.86862
341 2.88836
342 2.90015
343 2.90666
344 2.91614
345 2.9287
346 2.93697
347 2.94124
348 2.95538
349 2.98006
350 2.98227
351 2.9881
352 2.99574
