1 0.02573
2 0.04355
3 0.05119
4 0.05267
5 0.08791
6 0.10118
7 0.10834
8 0.114
9 0.13167
10 0.13441
11 0.14066
12 0.14928
13 0.1542
14 0.16279
15 0.17027
16 0.1731
17 0.18947
18 0.19261
19 0.20223
20 0.22446
21 0.22856
22 0.24421
23 0.2529
24 0.25967
25 0.27603
26 0.28119
27 0.29289
28 0.32417
29 0.33581
30 0.35474
31 0.35816
32 0.36869
33 0.37984
34 0.38415
35 0.39428
36 0.39756
37 0.40403
38 0.41904
39 0.42531
40 0.44451
41 0.44812
42 0.45495
43 0.47864
44 0.4986
45 0.50026
46 0.50897
47 0.51374
48 0.52361
49 0.53807
50 0.54229
51 0.5483
52 0.5561
53 0.56207
54 0.56718
55 0.572
56 0.57803
57 0.59199
58 0.60834
59 0.61446
60 0.62646
61 0.62926
62 0.65581
63 0.65751
64 0.69296
65 0.70357
66 0.70446
67 0.73477
68 0.74673
69 0.76096
70 0.77108
71 0.79634
72 0.80586
73 0.8169
74 0.83769
75 0.86163
76 0.86591
77 0.86888
78 0.87012
79 0.87775
80 0.88175
81 0.8849
82 0.89744
83 0.90246
84 0.92227
85 0.92405
86 0.93852
87 0.95
88 0.95434
89 0.95749
90 0.959
91 0.96494
92 0.97092
93 0.98239
94 0.98917
95 0.99313
96 1.01431
97 1.02227
98 1.03939
99 1.04238
100 1.05941
101 1.06342
102 1.06741
103 1.06961
104 1.08323
105 1.10174
106 1.1036
107 1.11884
108 1.12516
109 1.13908
110 1.14278
111 1.14936
112 1.17134
113 1.19015
114 1.23792
115 1.25623
116 1.28778
117 1.29847
118 1.31645
119 1.33128
120 1.33418
121 1.34023
122 1.35498
123 1.35997
124 1.36821
125 1.37503
126 1.3787
127 1.38207
128 1.38647
129 1.39161
130 1.39599
131 1.40083
132 1.40319
133 1.42248
134 1.43413
135 1.44429
136 1.46542
137 1.49162
138 1.4999
139 1.50196
140 1.51409
141 1.51741
142 1.5534
143 1.56021
144 1.56352
145 1.58238
146 1.59978
147 1.60753
148 1.61909
149 1.63341
150 1.64326
151 1.64839
152 1.66179
153 1.68838
154 1.69572
155 1.71122
156 1.72102
157 1.73396
158 1.73601
159 1.74453
160 1.75157
161 1.76903
162 1.77578
163 1.7882
164 1.79257
165 1.81309
166 1.83386
167 1.84758
168 1.86835
169 1.88186
170 1.89236
171 1.89787
172 1.90108
173 1.91422
174 1.92189
175 1.95636
176 1.96166
177 1.98104
178 1.99034
179 1.99995
180 2.0196
181 2.04147
182 2.0631
183 2.07395
184 2.08322
185 2.08759
186 2.10892
187 2.11048
188 2.11211
189 2.11798
190 2.11979
191 2.12156
192 2.12255
193 2.1271
194 2.13112
195 2.1366
196 2.14113
197 2.15447
198 2.15908
199 2.17319
200 2.17549
201 2.17938
202 2.18934
203 2.19618
204 2.19993
205 2.20982
206 2.22309
207 2.23375
208 2.243
209 2.2466
210 2.26868
211 2.27364
212 2.27633
213 2.27956
214 2.29109
215 2.33596
216 2.34316
217 2.34634
218 2.36096
219 2.36759
220 2.37082
221 2.37499
222 2.37819
223 2.39538
224 2.39901
225 2.41052
226 2.4134
227 2.42859
228 2.44175
229 2.44601
230 2.44937
231 2.46309
232 2.47328
233 2.48529
234 2.48691
235 2.49422
236 2.50571
237 2.51273
238 2.52848
239 2.54233
240 2.55395
241 2.56259
242 2.5687
243 2.58797
244 2.59241
245 2.60003
246 2.6069
247 2.60972
248 2.61546
249 2.62107
250 2.63212
251 2.64594
252 2.65462
253 2.66561
254 2.6732
255 2.67724
256 2.68653
257 2.70112
258 2.70499
259 2.71234
260 2.716
261 2.7212
262 2.7279
263 2.73927
264 2.74988
265 2.75422
266 2.76394
267 2.76721
268 2.77087
269 2.78548
270 2.79392
271 2.80328
272 2.81695
273 2.82278
274 2.85873
275 2.87431
276 2.87848
277 2.89158
278 2.90252
279 2.91473
280 2.91778
281 2.93067
282 2.94057
283 2.94985
284 2.95225
285 2.96109
286 2.96513
287 2.9668
288 2.96972
289 2.98128
