1 0.00253
2 0.00479
3 0.00942
4 0.02035
5 0.02847
6 0.03416
7 0.03595
8 0.04151
9 0.04865
10 0.05346
11 0.06662
12 0.07368
13 0.08053
14 0.08334
15 0.08687
16 0.09171
17 0.09511
18 0.09873
19 0.10675
20 0.11219
21 0.11551
22 0.11759
23 0.12001
24 0.12787
25 0.13095
26 0.13499
27 0.1401
28 0.15326
29 0.16071
30 0.16993
31 0.18057
32 0.19666
33 0.20068
34 0.20837
35 0.21037
36 0.21621
37 0.21829
38 0.22303
39 0.22585
40 0.23178
41 0.24094
42 0.24716
43 0.25483
44 0.25825
45 0.2756
46 0.27666
47 0.28037
48 0.30343
49 0.30512
50 0.31822
51 0.3214
52 0.33797
53 0.33998
54 0.34712
55 0.34897
56 0.35767
57 0.36032
58 0.36613
59 0.37273
60 0.38049
61 0.38614
62 0.40295
63 0.40494
64 0.41076
65 0.41622
66 0.42307
67 0.42575
68 0.43291
69 0.44532
70 0.45632
71 0.45962
72 0.46536
73 0.46774
74 0.4718
75 0.4774
76 0.49164
77 0.49418
78 0.51095
79 0.51561
80 0.52796
81 0.53332
82 0.5369
83 0.55064
84 0.55837
85 0.56134
86 0.58311
87 0.58819
88 0.60686
89 0.61267
90 0.6392
91 0.64802
92 0.66375
93 0.66627
94 0.67834
95 0.69755
96 0.70145
97 0.70382
98 0.70876
99 0.71367
100 0.71507
101 0.71874
102 0.72999
103 0.73473
104 0.75612
105 0.76237
106 0.76453
107 0.7691
108 0.77063
109 0.77846
110 0.80965
111 0.81666
112 0.82742
113 0.83403
114 0.84223
115 0.84709
116 0.86824
117 0.87345
118 0.89981
119 0.91171
120 0.91517
121 0.91912
122 0.92079
123 0.92858
124 0.93726
125 0.9397
126 0.94912
127 0.9615
128 0.96311
129 0.97734
130 0.98117
131 1.00219
132 1.00949
133 1.01691
134 1.03255
135 1.03554
136 1.03748
137 1.03989
138 1.04923
139 1.05143
140 1.05642
141 1.06334
142 1.06877
143 1.07699
144 1.07883
145 1.08726
146 1.091
147 1.09966
148 1.11015
149 1.11378
150 1.11924
151 1.12854
152 1.13746
153 1.14467
154 1.14772
155 1.15902
156 1.16011
157 1.16742
158 1.17251
159 1.18991
160 1.20066
161 1.20381
162 1.20673
163 1.21439
164 1.22254
165 1.23304
166 1.23561
167 1.23865
168 1.24043
169 1.24426
170 1.25773
171 1.26107
172 1.26456
173 1.26652
174 1.2762
175 1.27912
176 1.28694
177 1.28991
178 1.30367
179 1.32047
180 1.32542
181 1.32806
182 1.33255
183 1.34187
184 1.34976
185 1.3586
186 1.36227
187 1.36917
188 1.37915
189 1.3915
190 1.39905
191 1.40529
192 1.41356
193 1.42391
194 1.42929
195 1.43106
196 1.45664
197 1.4612
198 1.46825
199 1.4746
200 1.48493
201 1.48697
202 1.49145
203 1.50601
204 1.51234
205 1.524
206 1.52885
207 1.53565
208 1.53798
209 1.54373
210 1.54766
211 1.55183
212 1.56279
213 1.5708
214 1.58457
215 1.59137
216 1.59459
217 1.60877
218 1.61217
219 1.62336
220 1.62671
221 1.63484
222 1.65251
223 1.66709
224 1.69342
225 1.7046
226 1.70672
227 1.71893
228 1.7271
229 1.73168
230 1.73826
231 1.7451
232 1.74751
233 1.76005
234 1.76442
235 1.77488
236 1.7793
237 1.79713
238 1.80116
239 1.81664
240 1.81848
241 1.82472
242 1.8286
243 1.84572
244 1.85988
245 1.86348
246 1.87687
247 1.89961
248 1.90722
249 1.91017
250 1.91963
251 1.92439
252 1.92716
253 1.92836
254 1.93399
255 1.95095
256 1.95351
257 1.95828
258 1.96193
259 1.96511
260 1.96733
261 1.96847
262 1.99769
263 1.99925
264 2.00563
265 2.00763
266 2.01236
267 2.01471
268 2.02859
269 2.02991
270 2.04107
271 2.04721
272 2.0539
273 2.06474
274 2.07686
275 2.09301
276 2.09478
277 2.10257
278 2.11013
279 2.1138
280 2.11658
281 2.12458
282 2.13073
283 2.13493
284 2.14756
285 2.15311
286 2.15856
287 2.16128
288 2.18076
289 2.187
290 2.20482
291 2.21667
292 2.21894
293 2.22841
294 2.23601
295 2.24424
296 2.24783
297 2.25548
298 2.25723
299 2.25989
300 2.26631
301 2.27258
302 2.27669
303 2.27944
304 2.28098
305 2.28359
306 2.29371
307 2.30264
308 2.30448
309 2.31786
310 2.33287
311 2.33963
312 2.34312
313 2.34646
314 2.34954
315 2.35578
316 2.36326
317 2.36863
318 2.37321
319 2.37689
320 2.38237
321 2.40646
322 2.41261
323 2.4221
324 2.42797
325 2.4384
326 2.44024
327 2.44786
328 2.45734
329 2.46277
330 2.46868
331 2.4745
332 2.48205
333 2.4851
334 2.48878
335 2.49338
336 2.49822
337 2.49968
338 2.50303
339 2.51187
340 2.51392
341 2.51797
342 2.53536
343 2.53773
344 2.54774
345 2.55396
346 2.55766
347 2.57425
348 2.57909
349 2.58307
350 2.60307
351 2.60888
352 2.61637
353 2.63655
354 2.64813
355 2.66365
356 2.67035
357 2.67738
358 2.68228
359 2.6866
360 2.69579
361 2.7078
362 2.71094
363 2.71373
364 2.71625
365 2.73266
366 2.73994
367 2.74288
368 2.75362
369 2.76487
370 2.76577
371 2.76738
372 2.78317
373 2.7884
374 2.79614
375 2.80441
376 2.80777
377 2.80911
378 2.81373
379 2.82896
380 2.83378
381 2.843
382 2.8498
383 2.85091
384 2.86108
385 2.87775
386 2.88144
387 2.88238
388 2.90433
389 2.91276
390 2.91459
391 2.92089
392 2.93313
393 2.94241
394 2.94509
395 2.95251
396 2.95541
397 2.96001
398 2.97453
399 2.97877
400 2.98814
