1 0.00393
2 0.00593
3 0.01879
4 0.02981
5 0.0464
6 0.04736
7 0.05847
8 0.06095
9 0.06782
10 0.07624
11 0.08374
12 0.10504
13 0.10929
14 0.11089
15 0.12002
16 0.12817
17 0.13093
18 0.13292
19 0.14728
20 0.14968
21 0.15245
22 0.15685
23 0.1605
24 0.16424
25 0.16834
26 0.17954
27 0.1874
28 0.19919
29 0.20997
30 0.21886
31 0.23626
32 0.26218
33 0.26782
34 0.27207
35 0.28312
36 0.29142
37 0.29825
38 0.30093
39 0.3035
40 0.31002
41 0.31218
42 0.31993
43 0.32479
44 0.33026
45 0.33979
46 0.34552
47 0.35144
48 0.36336
49 0.37041
50 0.38984
51 0.39253
52 0.41114
53 0.41558
54 0.4184
55 0.42843
56 0.43109
57 0.44302
58 0.45752
59 0.46433
60 0.47538
61 0.48311
62 0.49109
63 0.49907
64 0.50524
65 0.52587
66 0.53997
67 0.54259
68 0.54927
69 0.55462
70 0.56079
71 0.56548
72 0.57195
73 0.57862
74 0.58594
75 0.58842
76 0.59438
77 0.60359
78 0.61304
79 0.6234
80 0.62623
81 0.635
82 0.64515
83 0.65371
84 0.66534
85 0.6794
86 0.68615
87 0.69062
88 0.6969
89 0.70543
90 0.71219
91 0.71707
92 0.72335
93 0.72517
94 0.7316
95 0.7338
96 0.74965
97 0.75699
98 0.76753
99 0.76978
100 0.78429
101 0.79219
102 0.7955
103 0.81737
104 0.82003
105 0.82933
106 0.83908
107 0.8444
108 0.84786
109 0.85848
110 0.86347
111 0.86746
112 0.87466
113 0.88762
114 0.89631
115 0.90269
116 0.91435
117 0.92564
118 0.9325
119 0.93746
120 0.94959
121 0.96281
122 0.96918
123 0.9732
124 0.9878
125 1.00051
126 1.00708
127 1.01916
128 1.03159
129 1.04713
130 1.0594
131 1.06495
132 1.07739
133 1.08088
134 1.08422
135 1.08781
136 1.09326
137 1.10476
138 1.10631
139 1.11049
140 1.11143
141 1.1148
142 1.13247
143 1.14987
144 1.15781
145 1.16774
146 1.18374
147 1.19838
148 1.20582
149 1.20872
150 1.22252
151 1.23489
152 1.24395
153 1.24691
154 1.25222
155 1.25521
156 1.25884
157 1.27394
158 1.27806
159 1.27946
160 1.28336
161 1.30296
162 1.30448
163 1.30972
164 1.32567
165 1.33695
166 1.34316
167 1.36135
168 1.36985
169 1.38104
170 1.39723
171 1.39885
172 1.42228
173 1.42894
174 1.43098
175 1.44984
176 1.4513
177 1.46541
178 1.4698
179 1.4792
180 1.4845
181 1.49499
182 1.51533
183 1.5473
184 1.55247
185 1.55424
186 1.56096
187 1.56373
188 1.56841
189 1.57337
190 1.57877
191 1.58502
192 1.60597
193 1.61174
194 1.63194
195 1.6366
196 1.64246
197 1.65278
198 1.65712
199 1.65819
200 1.67723
201 1.6956
202 1.70015
203 1.72726
204 1.73137
205 1.73276
206 1.75306
207 1.75819
208 1.76058
209 1.76718
210 1.78106
211 1.78322
212 1.78896
213 1.79944
214 1.8078
215 1.81173
216 1.82108
217 1.82566
218 1.83196
219 1.83807
220 1.84599
221 1.87863
222 1.88365
223 1.88808
224 1.89147
225 1.89292
226 1.91206
227 1.92503
228 1.93304
229 1.93527
230 1.94414
231 1.95921
232 1.96801
233 1.97222
234 1.9756
235 1.99525
236 2.00181
237 2.00748
238 2.02174
239 2.03051
240 2.03405
241 2.03995
242 2.04951
243 2.05099
244 2.07182
245 2.08283
246 2.09846
247 2.1053
248 2.10948
249 2.1245
250 2.13648
251 2.14782
252 2.15143
253 2.16004
254 2.17646
255 2.20235
256 2.20785
257 2.22153
258 2.22301
259 2.23919
260 2.25231
261 2.25524
262 2.25964
263 2.26188
264 2.27967
265 2.28412
266 2.29647
267 2.31053
268 2.31212
269 2.31689
270 2.3345
271 2.33552
272 2.34739
273 2.36236
274 2.37527
275 2.39068
276 2.39894
277 2.40228
278 2.41304
279 2.41761
280 2.4258
281 2.43086
282 2.43324
283 2.4412
284 2.44718
285 2.44916
286 2.47316
287 2.48256
288 2.4993
289 2.51249
290 2.51836
291 2.53246
292 2.53494
293 2.55155
294 2.56177
295 2.57307
296 2.58187
297 2.58484
298 2.58647
299 2.59458
300 2.60707
301 2.61598
302 2.62409
303 2.63318
304 2.64287
305 2.64845
306 2.65215
307 2.67641
308 2.67959
309 2.7005
310 2.70892
311 2.71326
312 2.72613
313 2.72994
314 2.73867
315 2.74098
316 2.74781
317 2.75087
318 2.75416
319 2.7553
320 2.75967
321 2.76852
322 2.79346
323 2.80591
324 2.82716
325 2.83231
326 2.84631
327 2.85067
328 2.86567
329 2.88363
330 2.89247
331 2.90214
332 2.9375
333 2.93976
334 2.94227
335 2.94945
336 2.95539
337 2.96732
338 2.97135
339 2.97423
340 2.9866
341 2.98995
342 2.99703
