1 0.00185
2 0.01159
3 0.0138
4 0.01703
5 0.0241
6 0.02532
7 0.02868
8 0.03387
9 0.04193
10 0.0448
11 0.04949
12 0.05722
13 0.06225
14 0.06537
15 0.06704
16 0.0737
17 0.08104
18 0.08365
19 0.08919
20 0.09173
21 0.09668
22 0.10596
23 0.11111
24 0.11267
25 0.11599
26 0.13952
27 0.14304
28 0.14406
29 0.14998
30 0.1555
31 0.16281
32 0.17483
33 0.18925
34 0.19467
35 0.19598
36 0.20173
37 0.2143
38 0.21844
39 0.22655
40 0.23187
41 0.23407
42 0.23646
43 0.25852
44 0.25941
45 0.26189
46 0.26664
47 0.28308
48 0.28774
49 0.28992
50 0.29121
51 0.29547
52 0.29921
53 0.30236
54 0.30807
55 0.30952
56 0.3136
57 0.3291
58 0.33243
59 0.33339
60 0.33821
61 0.33974
62 0.35653
63 0.35859
64 0.36324
65 0.3683
66 0.38173
67 0.38929
68 0.39456
69 0.4132
70 0.43681
71 0.43772
72 0.44956
73 0.45418
74 0.45817
75 0.46148
76 0.46879
77 0.47749
78 0.48184
79 0.48444
80 0.495
81 0.51045
82 0.51588
83 0.52968
84 0.53391
85 0.53986
86 0.5521
87 0.5561
88 0.57021
89 0.57368
90 0.57578
91 0.57835
92 0.60276
93 0.62714
94 0.62969
95 0.63255
96 0.64318
97 0.64739
98 0.65246
99 0.65557
100 0.65866
101 0.68913
102 0.70271
103 0.70426
104 0.70788
105 0.72202
106 0.73345
107 0.73741
108 0.76364
109 0.77033
110 0.77661
111 0.79113
112 0.79786
113 0.79939
114 0.80777
115 0.81317
116 0.81652
117 0.82075
118 0.83462
119 0.83918
120 0.84116
121 0.84218
122 0.84417
123 0.85441
124 0.86015
125 0.87895
126 0.88005
127 0.8845
128 0.89986
129 0.90873
130 0.91337
131 0.95024
132 0.95993
133 0.96789
134 0.97078
135 0.97575
136 1.01255
137 1.01854
138 1.02595
139 1.04199
140 1.05533
141 1.05976
142 1.06759
143 1.075
144 1.07616
145 1.08101
146 1.08607
147 1.09299
148 1.09463
149 1.10258
150 1.10979
151 1.11976
152 1.12101
153 1.1256
154 1.1347
155 1.14462
156 1.15233
157 1.15683
158 1.16116
159 1.18832
160 1.19795
161 1.20161
162 1.20563
163 1.21209
164 1.21908
165 1.22344
166 1.22674
167 1.22798
168 1.25917
169 1.26578
170 1.26983
171 1.27805
172 1.28003
173 1.30323
174 1.30465
175 1.3087
176 1.31331
177 1.31784
178 1.32694
179 1.33729
180 1.34186
181 1.34907
182 1.35397
183 1.35713
184 1.36216
185 1.36561
186 1.36817
187 1.37054
188 1.37521
189 1.39145
190 1.39781
191 1.40199
192 1.40347
193 1.40582
194 1.41222
195 1.43533
196 1.44783
197 1.45205
198 1.45354
199 1.46512
200 1.46784
201 1.47532
202 1.47841
203 1.48949
204 1.49307
205 1.50976
206 1.51224
207 1.51368
208 1.52563
209 1.52947
210 1.53149
211 1.53321
212 1.54547
213 1.5531
214 1.55599
215 1.55827
216 1.56245
217 1.56787
218 1.57128
219 1.57467
220 1.58646
221 1.59507
222 1.60316
223 1.6155
224 1.63043
225 1.638
226 1.6521
227 1.65374
228 1.65956
229 1.66762
230 1.69755
231 1.70024
232 1.70237
233 1.7153
234 1.72297
235 1.72797
236 1.74023
237 1.76365
238 1.77118
239 1.77298
240 1.79416
241 1.79737
242 1.80305
243 1.80667
244 1.81144
245 1.81554
246 1.81915
247 1.82435
248 1.84053
249 1.84252
250 1.84876
251 1.85216
252 1.86787
253 1.87722
254 1.8794
255 1.8997
256 1.90284
257 1.90726
258 1.91407
259 1.91896
260 1.93738
261 1.94131
262 1.9541
263 1.96112
264 1.96451
265 1.96815
266 1.97333
267 1.98669
268 2.01845
269 2.02583
270 2.03676
271 2.05006
272 2.05331
273 2.07626
274 2.08949
275 2.09703
276 2.10173
277 2.1043
278 2.12426
279 2.13406
280 2.13889
281 2.14453
282 2.15498
283 2.17395
284 2.19464
285 2.19917
286 2.20334
287 2.20791
288 2.21631
289 2.21935
290 2.23216
291 2.23727
292 2.26155
293 2.27463
294 2.27741
295 2.28511
296 2.28823
297 2.29725
298 2.30968
299 2.31488
300 2.3198
301 2.32508
302 2.33135
303 2.34296
304 2.34655
305 2.34851
306 2.34933
307 2.36017
308 2.3629
309 2.37232
310 2.37647
311 2.38016
312 2.38995
313 2.39301
314 2.41801
315 2.42227
316 2.43843
317 2.44261
318 2.44612
319 2.4515
320 2.45536
321 2.46044
322 2.46876
323 2.47103
324 2.47306
325 2.47893
326 2.4879
327 2.49545
328 2.51367
329 2.51715
330 2.52264
331 2.53945
332 2.55369
333 2.55993
334 2.56224
335 2.5655
336 2.57694
337 2.57965
338 2.58946
339 2.59919
340 2.60401
341 2.6056
342 2.63324
343 2.65111
344 2.65711
345 2.66162
346 2.66609
347 2.67241
348 2.69655
349 2.70736
350 2.71198
351 2.71732
352 2.72529
353 2.72929
354 2.75823
355 2.76775
356 2.77188
357 2.77682
358 2.78672
359 2.79343
360 2.80952
361 2.81165
362 2.82068
363 2.82431
364 2.83766
365 2.84086
366 2.853
367 2.8587
368 2.86521
369 2.8843
370 2.89071
371 2.89578
372 2.89875
373 2.90924
374 2.91272
375 2.91525
376 2.94242
377 2.9493
378 2.95863
379 2.96254
380 2.96736
381 2.97027
382 2.9738
383 2.9761
384 2.99377
