1 0.0033
2 0.00577
3 0.02828
4 0.03034
5 0.03742
6 0.04291
7 0.04737
8 0.05707
9 0.06205
10 0.06696
11 0.06914
12 0.07521
13 0.08167
14 0.08336
15 0.08987
16 0.10135
17 0.10698
18 0.11218
19 0.12501
20 0.1359
21 0.14051
22 0.14389
23 0.16447
24 0.16867
25 0.17785
26 0.18013
27 0.19874
28 0.20288
29 0.20685
30 0.21014
31 0.21197
32 0.21523
33 0.22387
34 0.2363
35 0.24031
36 0.24551
37 0.25666
38 0.2625
39 0.2642
40 0.27596
41 0.28261
42 0.28748
43 0.31545
44 0.31953
45 0.32333
46 0.33696
47 0.34052
48 0.34299
49 0.34542
50 0.3503
51 0.35523
52 0.36097
53 0.3654
54 0.36857
55 0.3797
56 0.38304
57 0.38519
58 0.38926
59 0.40399
60 0.40706
61 0.4115
62 0.42128
63 0.42736
64 0.42984
65 0.43701
66 0.44962
67 0.45498
68 0.4601
69 0.46931
70 0.47883
71 0.48439
72 0.48893
73 0.49473
74 0.49635
75 0.50878
76 0.51401
77 0.52291
78 0.5251
79 0.53638
80 0.53989
81 0.54745
82 0.55603
83 0.56821
84 0.57434
85 0.58677
86 0.5895
87 0.5925
88 0.63362
89 0.64529
90 0.65197
91 0.659
92 0.66268
93 0.67096
94 0.67535
95 0.68169
96 0.69354
97 0.70255
98 0.70424
99 0.71146
100 0.72148
101 0.73053
102 0.74341
103 0.74744
104 0.76707
105 0.77045
106 0.77292
107 0.77944
108 0.79012
109 0.79508
110 0.79869
111 0.80517
112 0.81008
113 0.81787
114 0.82516
115 0.8332
116 0.83778
117 0.8516
118 0.86096
119 0.86303
120 0.86534
121 0.88537
122 0.89056
123 0.89456
124 0.92991
125 0.93462
126 0.94507
127 0.94909
128 0.95069
129 0.96242
130 0.96891
131 0.9703
132 0.97702
133 1.00354
134 1.01788
135 1.02755
136 1.03025
137 1.03281
138 1.0383
139 1.04125
140 1.04919
141 1.05239
142 1.06046
143 1.06135
144 1.07568
145 1.08797
146 1.0958
147 1.10412
148 1.11454
149 1.12403
150 1.13117
151 1.13384
152 1.14332
153 1.15903
154 1.16859
155 1.16994
156 1.17566
157 1.17834
158 1.18216
159 1.20296
160 1.21493
161 1.22836
162 1.23045
163 1.23899
164 1.24856
165 1.25196
166 1.26365
167 1.27707
168 1.28482
169 1.29196
170 1.2962
171 1.30394
172 1.30815
173 1.31502
174 1.32946
175 1.33733
176 1.34321
177 1.34507
178 1.36652
179 1.36886
180 1.38869
181 1.3924
182 1.41077
183 1.41376
184 1.41875
185 1.42375
186 1.44949
187 1.46048
188 1.47206
189 1.47898
190 1.48341
191 1.49551
192 1.49959
193 1.51251
194 1.51786
195 1.52505
196 1.54566
197 1.54859
198 1.55684
199 1.56962
200 1.57823
201 1.58956
202 1.60426
203 1.61234
204 1.61852
205 1.62502
206 1.62928
207 1.6444
208 1.64931
209 1.65856
210 1.66794
211 1.67818
212 1.68414
213 1.70086
214 1.7063
215 1.71251
216 1.72137
217 1.72487
218 1.74531
219 1.74954
220 1.75505
221 1.77592
222 1.78114
223 1.78921
224 1.7945
225 1.80931
226 1.83142
227 1.8396
228 1.85254
229 1.86453
230 1.87301
231 1.88742
232 1.89116
233 1.89487
234 1.91089
235 1.91293
236 1.9164
237 1.92257
238 1.92938
239 1.93491
240 1.94557
241 1.97013
242 1.97636
243 1.98641
244 1.99576
245 2.00204
246 2.03659
247 2.04704
248 2.05028
249 2.06052
250 2.07266
251 2.07902
252 2.08535
253 2.09017
254 2.09691
255 2.10474
256 2.11264
257 2.12178
258 2.12536
259 2.12971
260 2.13696
261 2.14058
262 2.15643
263 2.16802
264 2.17878
265 2.18014
266 2.18198
267 2.19148
268 2.19666
269 2.19787
270 2.20996
271 2.22673
272 2.23627
273 2.2449
274 2.28395
275 2.30697
276 2.32044
277 2.341
278 2.34925
279 2.35519
280 2.37582
281 2.38098
282 2.38865
283 2.4017
284 2.40789
285 2.41751
286 2.42519
287 2.42897
288 2.43638
289 2.4442
290 2.4504
291 2.463
292 2.47772
293 2.48981
294 2.49591
295 2.49991
296 2.50693
297 2.5209
298 2.5341
299 2.53727
300 2.53896
301 2.55353
302 2.55552
303 2.5633
304 2.56835
305 2.57124
306 2.57605
307 2.58927
308 2.59759
309 2.60268
310 2.60608
311 2.6209
312 2.63515
313 2.6363
314 2.64034
315 2.64702
316 2.6605
317 2.66952
318 2.67326
319 2.67943
320 2.68508
321 2.70595
322 2.71041
323 2.73944
324 2.74426
325 2.75854
326 2.763
327 2.77082
328 2.77339
329 2.77613
330 2.7907
331 2.79347
332 2.80732
333 2.81454
334 2.82293
335 2.82868
336 2.83209
337 2.83981
338 2.84518
339 2.84831
340 2.86193
341 2.8714
342 2.89071
343 2.91391
344 2.92111
345 2.93265
346 2.93504
347 2.93641
348 2.94949
349 2.95557
350 2.9603
351 2.9645
352 2.97291
353 2.99046
354 2.99774
