1 0.00346
2 0.00628
3 0.01856
4 0.0204
5 0.02443
6 0.0333
7 0.04216
8 0.04675
9 0.05135
10 0.05478
11 0.05734
12 0.06673
13 0.06872
14 0.07226
15 0.0801
16 0.08338
17 0.09829
18 0.10674
19 0.1131
20 0.12024
21 0.13264
22 0.13854
23 0.1435
24 0.15981
25 0.1698
26 0.17438
27 0.17552
28 0.1787
29 0.18402
30 0.18815
31 0.19049
32 0.19353
33 0.20796
34 0.21641
35 0.22426
36 0.23018
37 0.23366
38 0.23635
39 0.24341
40 0.26925
41 0.27936
42 0.29294
43 0.29552
44 0.2978
45 0.30899
46 0.31766
47 0.31956
48 0.32603
49 0.33004
50 0.34351
51 0.35053
52 0.36819
53 0.37082
54 0.3734
55 0.38337
56 0.38522
57 0.38688
58 0.38858
59 0.39435
60 0.40545
61 0.41519
62 0.41785
63 0.41983
64 0.42489
65 0.42731
66 0.43064
67 0.43539
68 0.43682
69 0.44257
70 0.46014
71 0.47077
72 0.47896
73 0.48086
74 0.4986
75 0.52534
76 0.5278
77 0.53554
78 0.55015
79 0.5713
80 0.57978
81 0.60004
82 0.60816
83 0.62104
84 0.62888
85 0.6341
86 0.63788
87 0.64101
88 0.64539
89 0.66592
90 0.67436
91 0.68105
92 0.68287
93 0.69204
94 0.70952
95 0.71401
96 0.71874
97 0.71999
98 0.72842
99 0.73552
100 0.7566
101 0.77034
102 0.77379
103 0.7925
104 0.80216
105 0.80734
106 0.82019
107 0.82624
108 0.82971
109 0.84003
110 0.84819
111 0.86476
112 0.86996
113 0.87493
114 0.87931
115 0.88352
116 0.89032
117 0.8953
118 0.9002
119 0.90244
120 0.91037
121 0.92044
122 0.92544
123 0.92908
124 0.9322
125 0.94572
126 0.94768
127 0.96346
128 0.96592
129 0.9701
130 0.97369
131 0.97576
132 0.98456
133 0.99171
134 0.99819
135 1.0194
136 1.02328
137 1.02588
138 1.02722
139 1.03171
140 1.04719
141 1.04967
142 1.05404
143 1.05609
144 1.06862
145 1.07583
146 1.07833
147 1.09305
148 1.09507
149 1.10172
150 1.11135
151 1.12167
152 1.13155
153 1.13936
154 1.15133
155 1.15373
156 1.15737
157 1.1661
158 1.16849
159 1.17057
160 1.17651
161 1.18438
162 1.18699
163 1.18938
164 1.21275
165 1.2148
166 1.22198
167 1.23585
168 1.24553
169 1.26947
170 1.27346
171 1.27738
172 1.27989
173 1.28136
174 1.29317
175 1.29633
176 1.29777
177 1.29996
178 1.30238
179 1.30418
180 1.30845
181 1.31737
182 1.32227
183 1.32509
184 1.33216
185 1.34648
186 1.35044
187 1.35503
188 1.36404
189 1.37275
190 1.38601
191 1.39069
192 1.3927
193 1.39493
194 1.40519
195 1.41029
196 1.42818
197 1.42943
198 1.43295
199 1.44374
200 1.44591
201 1.44742
202 1.46294
203 1.47139
204 1.47246
205 1.47417
206 1.47812
207 1.48841
208 1.49573
209 1.50996
210 1.5234
211 1.53294
212 1.54163
213 1.54588
214 1.54726
215 1.55549
216 1.55652
217 1.56709
218 1.57478
219 1.57662
220 1.58322
221 1.59305
222 1.60231
223 1.60394
224 1.61073
225 1.61465
226 1.62067
227 1.62435
228 1.63587
229 1.6549
230 1.65805
231 1.66139
232 1.6668
233 1.67119
234 1.6745
235 1.68401
236 1.69527
237 1.69824
238 1.71078
239 1.71676
240 1.72013
241 1.72953
242 1.74974
243 1.76814
244 1.76946
245 1.77254
246 1.77929
247 1.78392
248 1.79986
249 1.80357
250 1.8188
251 1.82662
252 1.83588
253 1.8481
254 1.85625
255 1.86651
256 1.88254
257 1.89038
258 1.89251
259 1.89433
260 1.90026
261 1.90145
262 1.90335
263 1.91275
264 1.91526
265 1.92927
266 1.93158
267 1.93909
268 1.94235
269 1.94913
270 1.95949
271 1.96103
272 1.9724
273 1.97373
274 1.9759
275 1.97782
276 1.98
277 1.98148
278 1.98665
279 1.99393
280 2.02089
281 2.02312
282 2.02721
283 2.03022
284 2.04831
285 2.05043
286 2.05257
287 2.05403
288 2.07346
289 2.07804
290 2.0963
291 2.10119
292 2.11986
293 2.13003
294 2.13916
295 2.14131
296 2.14756
297 2.15083
298 2.15638
299 2.16128
300 2.16827
301 2.17623
302 2.18486
303 2.19633
304 2.21357
305 2.23272
306 2.23963
307 2.24255
308 2.26031
309 2.26933
310 2.27329
311 2.2793
312 2.29756
313 2.30697
314 2.32509
315 2.32944
316 2.34285
317 2.3523
318 2.35652
319 2.35822
320 2.36234
321 2.36788
322 2.38463
323 2.38965
324 2.39709
325 2.3999
326 2.40272
327 2.40768
328 2.4166
329 2.4214
330 2.42343
331 2.43178
332 2.436
333 2.44007
334 2.44476
335 2.46003
336 2.4639
337 2.47834
338 2.49005
339 2.49172
340 2.50645
341 2.5229
342 2.52731
343 2.53683
344 2.54558
345 2.55701
346 2.56952
347 2.57069
348 2.57401
349 2.57778
350 2.57917
351 2.58201
352 2.59432
353 2.59644
354 2.59996
355 2.60813
356 2.61116
357 2.6175
358 2.62318
359 2.62859
360 2.64262
361 2.64938
362 2.65466
363 2.66266
364 2.68174
365 2.6856
366 2.71259
367 2.71586
368 2.72298
369 2.72624
370 2.73803
371 2.77095
372 2.77807
373 2.7926
374 2.80074
375 2.81973
376 2.823
377 2.82452
378 2.82773
379 2.84451
380 2.85152
381 2.86183
382 2.86831
383 2.87183
384 2.87791
385 2.88822
386 2.89673
387 2.90082
388 2.90919
389 2.91353
390 2.93026
391 2.94261
392 2.96113
393 2.9697
394 2.97352
395 2.98823
396 2.99191
