1 0.00269
2 0.00606
3 0.00912
4 0.01259
5 0.01364
6 0.01726
7 0.02235
8 0.02523
9 0.02811
10 0.03022
11 0.03915
12 0.04401
13 0.04613
14 0.06681
15 0.07422
16 0.08144
17 0.0837
18 0.09201
19 0.10543
20 0.11881
21 0.12208
22 0.12674
23 0.14034
24 0.1423
25 0.15015
26 0.1623
27 0.16757
28 0.17079
29 0.18097
30 0.18431
31 0.1875
32 0.19345
33 0.19524
34 0.19893
35 0.20811
36 0.2114
37 0.21425
38 0.22552
39 0.23544
40 0.24066
41 0.24179
42 0.25661
43 0.26048
44 0.2644
45 0.2655
46 0.27135
47 0.2753
48 0.27827
49 0.27982
50 0.28404
51 0.28874
52 0.29105
53 0.2958
54 0.29984
55 0.30653
56 0.3096
57 0.32085
58 0.32372
59 0.33289
60 0.33925
61 0.34066
62 0.34552
63 0.36058
64 0.365
65 0.37852
66 0.3833
67 0.3902
68 0.39737
69 0.40045
70 0.41117
71 0.42878
72 0.43311
73 0.4401
74 0.44783
75 0.45941
76 0.46709
77 0.46889
78 0.47505
79 0.47982
80 0.49403
81 0.50534
82 0.5067
83 0.51842
84 0.5228
85 0.531
86 0.53265
87 0.53602
88 0.53746
89 0.54902
90 0.55731
91 0.57372
92 0.58584
93 0.59637
94 0.61243
95 0.61833
96 0.62439
97 0.63252
98 0.64071
99 0.64358
100 0.6508
101 0.66165
102 0.663
103 0.66805
104 0.68286
105 0.68988
106 0.69154
107 0.69676
108 0.70902
109 0.71082
110 0.71581
111 0.72505
112 0.73295
113 0.74617
114 0.75136
115 0.76028
116 0.76325
117 0.76553
118 0.77433
119 0.78297
120 0.78772
121 0.79271
122 0.7975
123 0.80305
124 0.81441
125 0.82154
126 0.83163
127 0.83696
128 0.84768
129 0.84927
130 0.86077
131 0.86251
132 0.86665
133 0.86859
134 0.87214
135 0.87463
136 0.89063
137 0.897
138 0.90455
139 0.91016
140 0.91272
141 0.9168
142 0.92083
143 0.93109
144 0.93727
145 0.94223
146 0.94658
147 0.96353
148 0.96535
149 0.9686
150 0.9756
151 0.97948
152 1.00786
153 1.0376
154 1.04003
155 1.04542
156 1.04887
157 1.05083
158 1.05601
159 1.06614
160 1.08326
161 1.08748
162 1.11407
163 1.11845
164 1.12079
165 1.13075
166 1.13414
167 1.14301
168 1.14715
169 1.16724
170 1.17019
171 1.18178
172 1.18622
173 1.20931
174 1.21431
175 1.22812
176 1.24684
177 1.25292
178 1.25604
179 1.27122
180 1.27599
181 1.27759
182 1.27906
183 1.28398
184 1.28838
185 1.2929
186 1.29591
187 1.30084
188 1.30301
189 1.31522
190 1.32123
191 1.33514
192 1.3475
193 1.37145
194 1.3785
195 1.38158
196 1.39046
197 1.39657
198 1.39879
199 1.41211
200 1.43304
201 1.43914
202 1.45457
203 1.45807
204 1.46168
205 1.47184
206 1.48058
207 1.48374
208 1.48483
209 1.49304
210 1.49769
211 1.50052
212 1.50978
213 1.52371
214 1.53272
215 1.53594
216 1.54007
217 1.54986
218 1.55096
219 1.56807
220 1.58546
221 1.58863
222 1.59327
223 1.59649
224 1.59789
225 1.62011
226 1.6301
227 1.63766
228 1.64121
229 1.6449
230 1.65371
231 1.65817
232 1.66089
233 1.66351
234 1.67047
235 1.67971
236 1.69134
237 1.70842
238 1.71544
239 1.71864
240 1.7284
241 1.73089
242 1.73523
243 1.73692
244 1.76082
245 1.77661
246 1.78812
247 1.79145
248 1.79597
249 1.80814
250 1.81171
251 1.81728
252 1.83176
253 1.8341
254 1.8445
255 1.86012
256 1.86607
257 1.86801
258 1.86999
259 1.87444
260 1.88057
261 1.88272
262 1.88834
263 1.89843
264 1.90188
265 1.90967
266 1.91414
267 1.91713
268 1.91979
269 1.92665
270 1.93101
271 1.93412
272 1.93618
273 1.93824
274 1.94269
275 1.94596
276 1.9584
277 1.96496
278 1.97229
279 1.98266
280 1.99042
281 2.00113
282 2.00247
283 2.00509
284 2.01351
285 2.02815
286 2.03128
287 2.05001
288 2.05907
289 2.06447
290 2.06957
291 2.08659
292 2.10924
293 2.11474
294 2.11686
295 2.11899
296 2.12781
297 2.12971
298 2.14213
299 2.14396
300 2.1624
301 2.18387
302 2.19542
303 2.21108
304 2.21692
305 2.22246
306 2.22622
307 2.22821
308 2.22982
309 2.24391
310 2.2479
311 2.2536
312 2.26458
313 2.27683
314 2.29517
315 2.29769
316 2.30456
317 2.30849
318 2.31794
319 2.32044
320 2.32319
321 2.32577
322 2.32888
323 2.33178
324 2.33365
325 2.33884
326 2.34649
327 2.36092
328 2.36512
329 2.38514
330 2.39058
331 2.40115
332 2.4119
333 2.41934
334 2.42034
335 2.43267
336 2.43834
337 2.44518
338 2.45521
339 2.45866
340 2.47084
341 2.48185
342 2.48443
343 2.50128
344 2.50987
345 2.51793
346 2.53148
347 2.54641
348 2.55709
349 2.56026
350 2.56772
351 2.58076
352 2.58418
353 2.58919
354 2.59249
355 2.61254
356 2.62083
357 2.62252
358 2.62542
359 2.62923
360 2.63783
361 2.66147
362 2.66281
363 2.66922
364 2.68361
365 2.6861
366 2.68993
367 2.69196
368 2.70712
369 2.71414
370 2.73058
371 2.7353
372 2.74047
373 2.74924
374 2.75645
375 2.76015
376 2.76358
377 2.78177
378 2.78366
379 2.78728
380 2.79964
381 2.81287
382 2.82085
383 2.8313
384 2.83264
385 2.84321
386 2.85904
387 2.86342
388 2.88105
389 2.88804
390 2.88995
391 2.89255
392 2.89457
393 2.91689
394 2.92919
395 2.93513
396 2.94249
397 2.96059
398 2.96165
399 2.96792
400 2.98661
