1 0.00385
2 0.00739
3 0.01005
4 0.01543
5 0.02697
6 0.03122
7 0.0451
8 0.05308
9 0.05439
10 0.06285
11 0.06478
12 0.06894
13 0.07075
14 0.07566
15 0.08694
16 0.09897
17 0.10048
18 0.10152
19 0.11063
20 0.11442
21 0.12175
22 0.12867
23 0.12984
24 0.13367
25 0.13536
26 0.14616
27 0.16308
28 0.17067
29 0.17244
30 0.17463
31 0.17659
32 0.18441
33 0.2022
34 0.21557
35 0.21858
36 0.22446
37 0.22806
38 0.22997
39 0.23586
40 0.24439
41 0.2466
42 0.24951
43 0.25587
44 0.26034
45 0.27329
46 0.27848
47 0.29257
48 0.29937
49 0.30711
50 0.32448
51 0.32817
52 0.33714
53 0.34124
54 0.34513
55 0.36773
56 0.37417
57 0.3788
58 0.38028
59 0.38368
60 0.42237
61 0.43036
62 0.43997
63 0.44339
64 0.44787
65 0.44959
66 0.46324
67 0.47107
68 0.47344
69 0.48126
70 0.48826
71 0.49127
72 0.50048
73 0.50275
74 0.5092
75 0.51314
76 0.51655
77 0.52171
78 0.54294
79 0.55077
80 0.5596
81 0.56407
82 0.56734
83 0.57363
84 0.57991
85 0.59067
86 0.61107
87 0.62199
88 0.62896
89 0.63106
90 0.63467
91 0.65093
92 0.6548
93 0.66315
94 0.67389
95 0.67713
96 0.69143
97 0.70147
98 0.70328
99 0.70705
100 0.71561
101 0.7258
102 0.72966
103 0.74553
104 0.75558
105 0.75825
106 0.79187
107 0.79698
108 0.79974
109 0.80264
110 0.80623
111 0.8162
112 0.82043
113 0.82741
114 0.83122
115 0.83533
116 0.84863
117 0.86698
118 0.87253
119 0.88334
120 0.88882
121 0.89416
122 0.90851
123 0.92744
124 0.95166
125 0.95377
126 0.9573
127 0.96878
128 0.97479
129 0.98107
130 0.98584
131 0.98845
132 0.99988
133 1.01786
134 1.02113
135 1.02386
136 1.04194
137 1.05386
138 1.06373
139 1.09188
140 1.10124
141 1.11598
142 1.12471
143 1.12922
144 1.13667
145 1.13882
146 1.15092
147 1.1743
148 1.17723
149 1.19038
150 1.19927
151 1.21441
152 1.21671
153 1.23579
154 1.23751
155 1.23934
156 1.24588
157 1.25276
158 1.26136
159 1.26689
160 1.27026
161 1.27562
162 1.28052
163 1.30297
164 1.31064
165 1.31598
166 1.31868
167 1.33032
168 1.34501
169 1.35001
170 1.37232
171 1.37549
172 1.38672
173 1.39148
174 1.40906
175 1.42737
176 1.43186
177 1.44871
178 1.45907
179 1.46851
180 1.47573
181 1.47708
182 1.48992
183 1.49377
184 1.50183
185 1.52877
186 1.53531
187 1.54042
188 1.55448
189 1.5664
190 1.57775
191 1.58211
192 1.58415
193 1.58752
194 1.62029
195 1.63094
196 1.63346
197 1.6403
198 1.64582
199 1.66144
200 1.67419
201 1.67544
202 1.68296
203 1.68621
204 1.6955
205 1.70354
206 1.70628
207 1.71024
208 1.71704
209 1.7221
210 1.72526
211 1.72817
212 1.73774
213 1.74943
214 1.75814
215 1.7615
216 1.76248
217 1.77846
218 1.79073
219 1.7985
220 1.80398
221 1.81042
222 1.81573
223 1.83097
224 1.83506
225 1.84083
226 1.84505
227 1.85385
228 1.87568
229 1.89455
230 1.909
231 1.91318
232 1.91783
233 1.9278
234 1.9364
235 1.94604
236 1.95516
237 1.96056
238 1.98489
239 1.98901
240 1.99624
241 2.01061
242 2.01625
243 2.03573
244 2.06861
245 2.07406
246 2.07798
247 2.08487
248 2.09226
249 2.09796
250 2.10001
251 2.11692
252 2.12493
253 2.13907
254 2.14522
255 2.15483
256 2.17083
257 2.17488
258 2.18484
259 2.20621
260 2.21376
261 2.21499
262 2.22266
263 2.22655
264 2.23808
265 2.24009
266 2.24535
267 2.2488
268 2.25108
269 2.25737
270 2.25962
271 2.27631
272 2.27912
273 2.28925
274 2.30891
275 2.31366
276 2.31851
277 2.32731
278 2.34337
279 2.36732
280 2.36898
281 2.38175
282 2.38856
283 2.39357
284 2.40399
285 2.41466
286 2.42246
287 2.42726
288 2.43487
289 2.43838
290 2.44329
291 2.45112
292 2.47086
293 2.48056
294 2.48522
295 2.48978
296 2.49439
297 2.49774
298 2.51178
299 2.51716
300 2.52831
301 2.53524
302 2.55514
303 2.56582
304 2.56827
305 2.5959
306 2.60415
307 2.61895
308 2.63616
309 2.64142
310 2.64542
311 2.64991
312 2.66458
313 2.66714
314 2.67772
315 2.68136
316 2.68953
317 2.69654
318 2.69999
319 2.70345
320 2.71532
321 2.71923
322 2.72939
323 2.73158
324 2.73985
325 2.74822
326 2.75192
327 2.76173
328 2.76854
329 2.79225
330 2.79663
331 2.8202
332 2.83357
333 2.84163
334 2.84517
335 2.8539
336 2.85768
337 2.86957
338 2.87921
339 2.88909
340 2.90148
341 2.91825
342 2.93802
343 2.95837
344 2.97382
345 2.97596
346 2.98266
347 2.9921
