1 0.00464
2 0.01744
3 0.01888
4 0.02823
5 0.03877
6 0.04709
7 0.07329
8 0.08095
9 0.08466
10 0.10136
11 0.10655
12 0.10824
13 0.11527
14 0.12469
15 0.12981
16 0.13616
17 0.13988
18 0.14608
19 0.14861
20 0.1589
21 0.16047
22 0.16342
23 0.16842
24 0.17919
25 0.19788
26 0.20777
27 0.22807
28 0.23174
29 0.24267
30 0.25693
31 0.26833
32 0.29647
33 0.31178
34 0.31524
35 0.32236
36 0.32392
37 0.33264
38 0.334
39 0.33573
40 0.33909
41 0.34276
42 0.34749
43 0.35346
44 0.36304
45 0.39099
46 0.39834
47 0.40604
48 0.41424
49 0.41981
50 0.4476
51 0.45862
52 0.46063
53 0.46278
54 0.47827
55 0.48994
56 0.50201
57 0.50388
58 0.51428
59 0.51736
60 0.53469
61 0.55342
62 0.55685
63 0.56234
64 0.57252
65 0.57799
66 0.58127
67 0.58262
68 0.58757
69 0.5908
70 0.59801
71 0.61464
72 0.62912
73 0.64031
74 0.65206
75 0.66005
76 0.66674
77 0.6761
78 0.6893
79 0.69737
80 0.71008
81 0.71481
82 0.72362
83 0.74154
84 0.75567
85 0.76026
86 0.78038
87 0.78874
88 0.8022
89 0.80445
90 0.80968
91 0.82029
92 0.82506
93 0.82636
94 0.82823
95 0.84451
96 0.85339
97 0.87345
98 0.87873
99 0.90384
100 0.90702
101 0.91068
102 0.92252
103 0.9256
104 0.93035
105 0.9525
106 0.96047
107 0.96547
108 0.97288
109 0.97916
110 1.00269
111 1.03557
112 1.03812
113 1.04788
114 1.05344
115 1.07706
116 1.08101
117 1.09092
118 1.1035
119 1.11029
120 1.11344
121 1.12147
122 1.14463
123 1.15391
124 1.15653
125 1.15893
126 1.16519
127 1.16942
128 1.1706
129 1.17198
130 1.17877
131 1.1842
132 1.20273
133 1.2047
134 1.20844
135 1.20933
136 1.21879
137 1.22341
138 1.23253
139 1.23639
140 1.24111
141 1.24601
142 1.25143
143 1.26239
144 1.26978
145 1.28832
146 1.2927
147 1.31535
148 1.31727
149 1.3284
150 1.33861
151 1.34644
152 1.35063
153 1.35427
154 1.35817
155 1.36133
156 1.36652
157 1.36964
158 1.38645
159 1.40738
160 1.41515
161 1.42401
162 1.43512
163 1.43881
164 1.45231
165 1.45836
166 1.46151
167 1.46547
168 1.47071
169 1.47424
170 1.50856
171 1.53513
172 1.54372
173 1.56174
174 1.57692
175 1.58317
176 1.58955
177 1.59884
178 1.61086
179 1.61293
180 1.61903
181 1.62225
182 1.63816
183 1.64414
184 1.65982
185 1.66561
186 1.69779
187 1.7057
188 1.7098
189 1.72108
190 1.72612
191 1.73
192 1.73328
193 1.73525
194 1.74428
195 1.74935
196 1.75926
197 1.76244
198 1.77632
199 1.79549
200 1.79749
201 1.79945
202 1.81757
203 1.82537
204 1.83518
205 1.8386
206 1.84102
207 1.86154
208 1.8685
209 1.88217
210 1.89448
211 1.90447
212 1.90949
213 1.91696
214 1.94893
215 1.95734
216 1.96627
217 1.96913
218 1.97543
219 1.99605
220 1.99997
221 2.01028
222 2.03863
223 2.04601
224 2.05983
225 2.06341
226 2.07321
227 2.07651
228 2.0816
229 2.08767
230 2.09144
231 2.10227
232 2.10975
233 2.11131
234 2.13077
235 2.13993
236 2.15571
237 2.16687
238 2.1729
239 2.19026
240 2.21236
241 2.2209
242 2.22304
243 2.23848
244 2.25359
245 2.26265
246 2.28256
247 2.29385
248 2.30603
249 2.32122
250 2.3337
251 2.3424
252 2.3499
253 2.35316
254 2.35835
255 2.3646
256 2.36593
257 2.38208
258 2.3856
259 2.40033
260 2.40208
261 2.40977
262 2.41751
263 2.4209
264 2.43759
265 2.44784
266 2.46035
267 2.46312
268 2.46512
269 2.4716
270 2.47392
271 2.4932
272 2.49687
273 2.50526
274 2.51264
275 2.52636
276 2.53014
277 2.53782
278 2.54542
279 2.5516
280 2.55428
281 2.56707
282 2.57702
283 2.58455
284 2.58786
285 2.5912
286 2.59604
287 2.59831
288 2.61125
289 2.62104
290 2.64727
291 2.64942
292 2.65454
293 2.65897
294 2.6719
295 2.70475
296 2.71158
297 2.72361
298 2.73002
299 2.73453
300 2.75105
301 2.75987
302 2.77157
303 2.78511
304 2.80092
305 2.82649
306 2.83292
307 2.8429
308 2.848
309 2.85667
310 2.86104
311 2.86944
312 2.87738
313 2.88315
314 2.89304
315 2.90435
316 2.90799
317 2.91189
318 2.92357
319 2.93373
320 2.93605
321 2.9505
322 2.95434
323 2.9601
324 2.96283
325 2.97234
326 2.98135
327 2.99114
328 2.99963
