1 0.00379
2 0.01352
3 0.02058
4 0.02418
5 0.04327
6 0.04949
7 0.05118
8 0.0549
9 0.05655
10 0.06971
11 0.07538
12 0.0813
13 0.08977
14 0.09664
15 0.11296
16 0.12062
17 0.12214
18 0.1286
19 0.13239
20 0.14344
21 0.15245
22 0.16027
23 0.16863
24 0.17415
25 0.18292
26 0.18697
27 0.18829
28 0.18979
29 0.19578
30 0.21435
31 0.22398
32 0.23043
33 0.24082
34 0.24994
35 0.2547
36 0.26642
37 0.26827
38 0.273
39 0.27616
40 0.28268
41 0.28641
42 0.29863
43 0.30148
44 0.31246
45 0.32569
46 0.3404
47 0.35069
48 0.35459
49 0.36268
50 0.37002
51 0.37511
52 0.3761
53 0.38822
54 0.39545
55 0.41109
56 0.41407
57 0.4155
58 0.41886
59 0.42088
60 0.43257
61 0.43762
62 0.44335
63 0.44733
64 0.4737
65 0.47978
66 0.48295
67 0.48793
68 0.49252
69 0.51073
70 0.51907
71 0.52627
72 0.53772
73 0.54264
74 0.54715
75 0.55323
76 0.5638
77 0.56764
78 0.56944
79 0.58423
80 0.60256
81 0.61577
82 0.61981
83 0.63012
84 0.64942
85 0.65544
86 0.66232
87 0.66842
88 0.67128
89 0.69038
90 0.69552
91 0.71014
92 0.71382
93 0.72729
94 0.73594
95 0.74372
96 0.75972
97 0.76899
98 0.7699
99 0.77547
100 0.78482
101 0.80458
102 0.81905
103 0.82531
104 0.82677
105 0.84199
106 0.85051
107 0.85952
108 0.86243
109 0.86737
110 0.87228
111 0.88142
112 0.891
113 0.90491
114 0.9162
115 0.92395
116 0.94197
117 0.94624
118 0.95315
119 0.9587
120 0.96104
121 0.9715
122 0.97536
123 0.98761
124 0.99577
125 1.0204
126 1.04087
127 1.04557
128 1.05074
129 1.05972
130 1.07073
131 1.08059
132 1.09043
133 1.10291
134 1.1056
135 1.10859
136 1.11043
137 1.1171
138 1.12107
139 1.12884
140 1.13395
141 1.14043
142 1.14935
143 1.15638
144 1.16242
145 1.16762
146 1.18057
147 1.18577
148 1.19177
149 1.19505
150 1.2095
151 1.21707
152 1.22172
153 1.23282
154 1.23705
155 1.24662
156 1.25661
157 1.26258
158 1.28934
159 1.29233
160 1.29655
161 1.30161
162 1.30824
163 1.33201
164 1.34687
165 1.3541
166 1.3581
167 1.37583
168 1.37761
169 1.39151
170 1.40345
171 1.40829
172 1.41201
173 1.41317
174 1.42264
175 1.42359
176 1.42889
177 1.44994
178 1.45446
179 1.4836
180 1.5032
181 1.52974
182 1.53609
183 1.54963
184 1.56172
185 1.57231
186 1.57605
187 1.58087
188 1.58415
189 1.58965
190 1.60909
191 1.61987
192 1.6329
193 1.63651
194 1.64052
195 1.64213
196 1.64661
197 1.65149
198 1.65723
199 1.67757
200 1.67866
201 1.68383
202 1.6854
203 1.68953
204 1.69232
205 1.70871
206 1.71385
207 1.72207
208 1.73758
209 1.7474
210 1.75427
211 1.76474
212 1.77137
213 1.78087
214 1.79072
215 1.79539
216 1.80112
217 1.81139
218 1.82119
219 1.8333
220 1.84115
221 1.84453
222 1.8673
223 1.88379
224 1.9118
225 1.92194
226 1.92601
227 1.93748
228 1.9403
229 1.97539
230 1.98492
231 1.98737
232 2.0023
233 2.00758
234 2.03038
235 2.04605
236 2.05102
237 2.05284
238 2.05948
239 2.07288
240 2.08008
241 2.09266
242 2.09798
243 2.10052
244 2.10692
245 2.12344
246 2.14335
247 2.15116
248 2.1528
249 2.15981
250 2.17309
251 2.19647
252 2.20458
253 2.22313
254 2.22862
255 2.23301
256 2.24296
257 2.24666
258 2.25518
259 2.25807
260 2.27647
261 2.28356
262 2.29826
263 2.30124
264 2.30612
265 2.31916
266 2.32448
267 2.35105
268 2.35751
269 2.37239
270 2.37481
271 2.38573
272 2.38971
273 2.39517
274 2.40459
275 2.41206
276 2.41312
277 2.41824
278 2.42627
279 2.42986
280 2.43559
281 2.45668
282 2.46632
283 2.47765
284 2.51188
285 2.53204
286 2.53753
287 2.56551
288 2.5726
289 2.592
290 2.61002
291 2.61344
292 2.61497
293 2.6178
294 2.62036
295 2.6214
296 2.62703
297 2.62972
298 2.65489
299 2.68169
300 2.68584
301 2.70674
302 2.71671
303 2.72256
304 2.72657
305 2.72857
306 2.74564
307 2.76129
308 2.76971
309 2.77487
310 2.78023
311 2.79884
312 2.81014
313 2.8125
314 2.81439
315 2.82584
316 2.83767
317 2.85075
318 2.85463
319 2.85631
320 2.86554
321 2.87605
322 2.88196
323 2.89169
324 2.89596
325 2.89853
326 2.9015
327 2.90708
328 2.91125
329 2.91735
330 2.9415
331 2.95441
332 2.96091
333 2.96733
334 2.97091
335 2.98231
336 2.99616
