1 0.00346
2 0.00915
3 0.02448
4 0.02955
5 0.05648
6 0.06084
7 0.06893
8 0.09089
9 0.10369
10 0.11752
11 0.12622
12 0.14326
13 0.15029
14 0.15834
15 0.1601
16 0.1725
17 0.17611
18 0.19446
19 0.19809
20 0.21069
21 0.21171
22 0.23352
23 0.23665
24 0.24981
25 0.26242
26 0.27001
27 0.29342
28 0.29751
29 0.30879
30 0.31263
31 0.32569
32 0.33218
33 0.3367
34 0.34449
35 0.35376
36 0.35826
37 0.36291
38 0.36904
39 0.37286
40 0.37728
41 0.38053
42 0.3834
43 0.39009
44 0.40094
45 0.4126
46 0.42119
47 0.43442
48 0.44934
49 0.46227
50 0.47236
51 0.48687
52 0.49138
53 0.49784
54 0.5068
55 0.52474
56 0.53989
57 0.55779
58 0.56474
59 0.58772
60 0.61894
61 0.62629
62 0.63281
63 0.63455
64 0.64104
65 0.65877
66 0.66832
67 0.6754
68 0.68547
69 0.68946
70 0.69197
71 0.70093
72 0.71135
73 0.71798
74 0.72654
75 0.73334
76 0.73688
77 0.74693
78 0.75454
79 0.76444
80 0.77952
81 0.79217
82 0.80646
83 0.81188
84 0.8263
85 0.83025
86 0.83181
87 0.84046
88 0.84505
89 0.85513
90 0.86233
91 0.86675
92 0.87323
93 0.88049
94 0.88336
95 0.89189
96 0.90428
97 0.92979
98 0.93148
99 0.93713
100 0.94992
101 0.95532
102 0.97176
103 0.98119
104 0.98767
105 0.9902
106 0.9966
107 1.00174
108 1.00815
109 1.01564
110 1.02098
111 1.04892
112 1.0553
113 1.06069
114 1.06878
115 1.10387
116 1.10855
117 1.11641
118 1.12452
119 1.12882
120 1.1338
121 1.13819
122 1.15407
123 1.15565
124 1.17171
125 1.17999
126 1.20201
127 1.20943
128 1.21262
129 1.2214
130 1.23733
131 1.24218
132 1.24419
133 1.25327
134 1.26417
135 1.28225
136 1.29443
137 1.31188
138 1.32472
139 1.33424
140 1.33839
141 1.35479
142 1.3692
143 1.37168
144 1.37594
145 1.38573
146 1.39233
147 1.41197
148 1.41738
149 1.42413
150 1.43973
151 1.44736
152 1.458
153 1.46629
154 1.47063
155 1.4837
156 1.4928
157 1.50404
158 1.51113
159 1.53042
160 1.53263
161 1.5643
162 1.57585
163 1.58099
164 1.58604
165 1.60988
166 1.62209
167 1.63009
168 1.65421
169 1.65649
170 1.68091
171 1.70186
172 1.70558
173 1.71477
174 1.72426
175 1.72821
176 1.74291
177 1.745
178 1.75199
179 1.76543
180 1.76899
181 1.77642
182 1.7858
183 1.7896
184 1.80465
185 1.8107
186 1.84086
187 1.84323
188 1.84863
189 1.86077
190 1.86561
191 1.86742
192 1.87032
193 1.87736
194 1.89105
195 1.89835
196 1.92365
197 1.92797
198 1.92949
199 1.95079
200 1.95478
201 1.96271
202 1.9816
203 1.98563
204 2.01902
205 2.02059
206 2.0219
207 2.02433
208 2.04597
209 2.04943
210 2.06773
211 2.0838
212 2.09918
213 2.1043
214 2.1077
215 2.11139
216 2.14485
217 2.16842
218 2.17501
219 2.183
220 2.19004
221 2.19727
222 2.20132
223 2.22856
224 2.22968
225 2.27064
226 2.27928
227 2.29145
228 2.30426
229 2.30678
230 2.3253
231 2.34171
232 2.35918
233 2.3722
234 2.39171
235 2.39385
236 2.39618
237 2.39731
238 2.42399
239 2.4367
240 2.4435
241 2.44524
242 2.48527
243 2.48907
244 2.5057
245 2.51398
246 2.51642
247 2.52647
248 2.52883
249 2.54715
250 2.55234
251 2.56225
252 2.5933
253 2.60611
254 2.61238
255 2.61771
256 2.62796
257 2.63915
258 2.64619
259 2.67154
260 2.67389
261 2.68307
262 2.70584
263 2.71626
264 2.72265
265 2.73882
266 2.74125
267 2.74925
268 2.75381
269 2.75573
270 2.78231
271 2.79193
272 2.81627
273 2.83961
274 2.8474
275 2.85171
276 2.85687
277 2.85787
278 2.8666
279 2.87759
280 2.88108
281 2.88635
282 2.89861
283 2.91217
284 2.91839
285 2.93632
286 2.94666
287 2.96961
288 2.97359
289 2.98667
290 2.99113
291 2.99973
