1 0.01402
2 0.01998
3 0.03299
4 0.03848
5 0.043
6 0.05523
7 0.06594
8 0.0848
9 0.09669
10 0.10393
11 0.11646
12 0.12471
13 0.13257
14 0.13424
15 0.1401
16 0.1458
17 0.15166
18 0.166
19 0.17015
20 0.17619
21 0.17895
22 0.18735
23 0.19822
24 0.2067
25 0.21106
26 0.21206
27 0.23469
28 0.24221
29 0.24648
30 0.24942
31 0.25596
32 0.27273
33 0.28841
34 0.30312
35 0.30745
36 0.31613
37 0.32136
38 0.32686
39 0.35432
40 0.35993
41 0.36606
42 0.38387
43 0.40374
44 0.41317
45 0.4214
46 0.44097
47 0.46534
48 0.47688
49 0.48855
50 0.52462
51 0.54656
52 0.55383
53 0.56421
54 0.57659
55 0.58875
56 0.6118
57 0.63304
58 0.63742
59 0.64306
60 0.64806
61 0.65188
62 0.66294
63 0.67378
64 0.68581
65 0.69077
66 0.69754
67 0.70223
68 0.70598
69 0.71782
70 0.72401
71 0.73171
72 0.73282
73 0.74778
74 0.75674
75 0.77036
76 0.79517
77 0.79824
78 0.80876
79 0.81241
80 0.8229
81 0.82481
82 0.82818
83 0.83155
84 0.83535
85 0.84328
86 0.85547
87 0.86101
88 0.86905
89 0.87472
90 0.87702
91 0.89377
92 0.90002
93 0.91039
94 0.93111
95 0.95356
96 0.95657
97 0.9623
98 0.96996
99 0.97203
100 0.98233
101 0.98425
102 0.98942
103 0.99696
104 1.01165
105 1.01398
106 1.04695
107 1.05145
108 1.05509
109 1.06699
110 1.07245
111 1.08541
112 1.11223
113 1.11566
114 1.11848
115 1.1198
116 1.14294
117 1.1509
118 1.15754
119 1.16959
120 1.17885
121 1.18007
122 1.18696
123 1.19005
124 1.22095
125 1.22207
126 1.22881
127 1.23665
128 1.23957
129 1.26187
130 1.26883
131 1.28746
132 1.30203
133 1.30751
134 1.31069
135 1.31519
136 1.31987
137 1.32324
138 1.32806
139 1.33224
140 1.34705
141 1.36962
142 1.3731
143 1.39999
144 1.41351
145 1.41949
146 1.42511
147 1.42935
148 1.43795
149 1.44587
150 1.46068
151 1.46741
152 1.48322
153 1.49438
154 1.50237
155 1.5336
156 1.55007
157 1.55373
158 1.5723
159 1.58092
160 1.58806
161 1.58986
162 1.60429
163 1.61502
164 1.62267
165 1.62604
166 1.64475
167 1.66262
168 1.66535
169 1.67942
170 1.69105
171 1.69726
172 1.70066
173 1.70158
174 1.70798
175 1.70916
176 1.718
177 1.73088
178 1.7358
179 1.73982
180 1.76185
181 1.79608
182 1.80445
183 1.82505
184 1.85364
185 1.85491
186 1.858
187 1.86413
188 1.89514
189 1.9019
190 1.90487
191 1.91844
192 1.92939
193 1.93768
194 1.94535
195 1.96871
196 1.97931
197 1.98189
198 2.00091
199 2.03784
200 2.04753
201 2.05699
202 2.06071
203 2.07608
204 2.07732
205 2.09121
206 2.10255
207 2.10518
208 2.11765
209 2.14327
210 2.16071
211 2.16263
212 2.16455
213 2.16736
214 2.16965
215 2.17068
216 2.20158
217 2.20726
218 2.21502
219 2.22463
220 2.22818
221 2.23878
222 2.24965
223 2.2605
224 2.28366
225 2.29969
226 2.30206
227 2.3061
228 2.3134
229 2.32155
230 2.32682
231 2.33405
232 2.36679
233 2.37243
234 2.3783
235 2.38914
236 2.39211
237 2.39559
238 2.43603
239 2.44053
240 2.46649
241 2.46847
242 2.48936
243 2.54163
244 2.55335
245 2.55824
246 2.56578
247 2.57406
248 2.60408
249 2.61566
250 2.6383
251 2.65274
252 2.67135
253 2.67545
254 2.68787
255 2.69633
256 2.70943
257 2.7356
258 2.75253
259 2.77112
260 2.79191
261 2.81045
262 2.83127
263 2.83504
264 2.85462
265 2.86282
266 2.88385
267 2.89685
268 2.9028
269 2.91038
270 2.91284
271 2.91688
272 2.92976
273 2.9365
274 2.94733
275 2.95238
276 2.96131
277 2.97721
278 2.98643
279 2.99256
