1 0.02933
2 0.03368
3 0.05298
4 0.05816
5 0.05912
6 0.08609
7 0.09091
8 0.11279
9 0.12037
10 0.12937
11 0.18582
12 0.19397
13 0.21479
14 0.2225
15 0.24645
16 0.26257
17 0.26921
18 0.27583
19 0.28967
20 0.29786
21 0.30441
22 0.31579
23 0.32108
24 0.3291
25 0.35277
26 0.36856
27 0.37727
28 0.39319
29 0.41174
30 0.42882
31 0.45443
32 0.47256
33 0.47968
34 0.5223
35 0.53824
36 0.54386
37 0.59414
38 0.60681
39 0.62232
40 0.63762
41 0.65186
42 0.67381
43 0.68412
44 0.69809
45 0.7072
46 0.72321
47 0.74324
48 0.75162
49 0.76623
50 0.79148
51 0.81519
52 0.83306
53 0.84076
54 0.86266
55 0.87274
56 0.8781
57 0.90387
58 0.91719
59 0.93151
60 0.97935
61 0.99498
62 1.01918
63 1.03228
64 1.04596
65 1.05229
66 1.10568
67 1.13806
68 1.15551
69 1.1614
70 1.22387
71 1.24203
72 1.25258
73 1.25931
74 1.26425
75 1.28259
76 1.29878
77 1.3088
78 1.34246
79 1.34994
80 1.36578
81 1.3859
82 1.39647
83 1.42053
84 1.45874
85 1.46659
86 1.47199
87 1.49039
88 1.49653
89 1.50477
90 1.52538
91 1.53219
92 1.53897
93 1.55202
94 1.56633
95 1.58298
96 1.59603
97 1.60672
98 1.66969
99 1.68771
100 1.72718
101 1.76903
102 1.79403
103 1.80417
104 1.81084
105 1.83408
106 1.84136
107 1.84231
108 1.90655
109 1.91326
110 1.91965
111 1.96822
112 2.01232
113 2.01349
114 2.02117
115 2.04631
116 2.07321
117 2.09167
118 2.11125
119 2.13075
120 2.14747
121 2.17976
122 2.21867
123 2.2407
124 2.24543
125 2.25787
126 2.26872
127 2.28683
128 2.30034
129 2.32105
130 2.36232
131 2.37928
132 2.38782
133 2.39534
134 2.40358
135 2.41638
136 2.42613
137 2.45496
138 2.47431
139 2.47871
140 2.50669
141 2.52498
142 2.5415
143 2.54888
144 2.5653
145 2.57045
146 2.57688
147 2.60788
148 2.64833
149 2.65692
150 2.6641
151 2.6707
152 2.68501
153 2.71386
154 2.72027
155 2.74378
156 2.78031
157 2.78548
158 2.79077
159 2.7985
160 2.81914
161 2.89333
162 2.90947
163 2.92347
164 2.93621
165 2.94292
166 2.96781
167 2.99442
