1 0.02837
2 0.03355
3 0.03575
4 0.05995
5 0.10832
6 0.12264
7 0.13482
8 0.14684
9 0.15327
10 0.15511
11 0.16099
12 0.17778
13 0.18531
14 0.20838
15 0.2154
16 0.27064
17 0.27569
18 0.28988
19 0.31559
20 0.32922
21 0.34192
22 0.35197
23 0.3577
24 0.36953
25 0.41706
26 0.42239
27 0.44732
28 0.45458
29 0.47105
30 0.51697
31 0.52337
32 0.52916
33 0.53661
34 0.54347
35 0.55172
36 0.57109
37 0.57768
38 0.59498
39 0.61283
40 0.64101
41 0.66676
42 0.67458
43 0.68855
44 0.68977
45 0.69826
46 0.71287
47 0.72847
48 0.74782
49 0.77346
50 0.8088
51 0.8334
52 0.87234
53 0.87753
54 0.90228
55 0.91787
56 0.9445
57 0.95946
58 0.96669
59 0.97371
60 1.00959
61 1.02461
62 1.03111
63 1.03929
64 1.04565
65 1.05012
66 1.09059
67 1.1005
68 1.11622
69 1.12216
70 1.12956
71 1.16109
72 1.16864
73 1.1944
74 1.20962
75 1.2373
76 1.25248
77 1.26539
78 1.27032
79 1.28233
80 1.29067
81 1.30393
82 1.31987
83 1.34168
84 1.35052
85 1.35254
86 1.35701
87 1.38969
88 1.39457
89 1.40266
90 1.4377
91 1.45866
92 1.46595
93 1.4733
94 1.48273
95 1.49716
96 1.51208
97 1.51818
98 1.56012
99 1.5668
100 1.58429
101 1.63256
102 1.64955
103 1.66966
104 1.7268
105 1.75452
106 1.76944
107 1.77445
108 1.78916
109 1.81073
110 1.8583
111 1.88835
112 1.89897
113 1.91417
114 1.9218
115 1.93626
116 1.94806
117 1.96197
118 2.03376
119 2.04701
120 2.06847
121 2.09759
122 2.10721
123 2.12402
124 2.13049
125 2.16783
126 2.17561
127 2.19249
128 2.22015
129 2.26715
130 2.274
131 2.27567
132 2.28208
133 2.30584
134 2.32951
135 2.33429
136 2.3556
137 2.40297
138 2.41058
139 2.41608
140 2.41711
141 2.43373
142 2.44839
143 2.46939
144 2.50769
145 2.51981
146 2.52573
147 2.53471
148 2.54075
149 2.54843
150 2.55578
151 2.57074
152 2.60371
153 2.60761
154 2.61849
155 2.64216
156 2.66537
157 2.67131
158 2.67296
159 2.67971
160 2.68637
161 2.7362
162 2.75758
163 2.76773
164 2.77439
165 2.78969
166 2.80531
167 2.81032
168 2.82437
169 2.88251
170 2.90927
171 2.91556
172 2.93798
173 2.94403
174 2.95063
175 2.97313
176 2.98936
177 2.99499
