1 0.00786
2 0.0114
3 0.01454
4 0.0198
5 0.02564
6 0.04035
7 0.04321
8 0.04786
9 0.05487
10 0.07379
11 0.07757
12 0.07912
13 0.08526
14 0.09948
15 0.10932
16 0.11491
17 0.12868
18 0.13687
19 0.13868
20 0.16025
21 0.16571
22 0.17211
23 0.17948
24 0.19673
25 0.20051
26 0.21942
27 0.23113
28 0.24249
29 0.24911
30 0.26447
31 0.27392
32 0.28042
33 0.28545
34 0.28758
35 0.2997
36 0.30463
37 0.30735
38 0.31517
39 0.3176
40 0.32814
41 0.33251
42 0.33743
43 0.35531
44 0.36924
45 0.37951
46 0.38673
47 0.39644
48 0.41627
49 0.42087
50 0.44051
51 0.45257
52 0.45398
53 0.4575
54 0.47028
55 0.47316
56 0.4846
57 0.49125
58 0.49346
59 0.49832
60 0.50607
61 0.50854
62 0.52009
63 0.52264
64 0.53768
65 0.54278
66 0.55627
67 0.5648
68 0.57269
69 0.58267
70 0.58578
71 0.60705
72 0.61906
73 0.62064
74 0.63449
75 0.64795
76 0.65884
77 0.66094
78 0.66855
79 0.68144
80 0.69105
81 0.69916
82 0.71022
83 0.72053
84 0.72419
85 0.73342
86 0.73499
87 0.7531
88 0.78103
89 0.78488
90 0.79097
91 0.79289
92 0.80643
93 0.81918
94 0.82271
95 0.83469
96 0.84961
97 0.8677
98 0.88063
99 0.88514
100 0.89092
101 0.91216
102 0.92021
103 0.9337
104 0.94184
105 0.95002
106 0.95218
107 0.95533
108 0.95889
109 0.96274
110 0.96635
111 0.97257
112 0.97778
113 0.98186
114 0.98692
115 0.98899
116 1.00256
117 1.01252
118 1.0234
119 1.05316
120 1.05438
121 1.06986
122 1.08714
123 1.09603
124 1.09804
125 1.10494
126 1.11035
127 1.1126
128 1.11628
129 1.1237
130 1.13813
131 1.16539
132 1.1691
133 1.18558
134 1.20105
135 1.21963
136 1.22731
137 1.23478
138 1.24485
139 1.25178
140 1.27678
141 1.28187
142 1.28923
143 1.29668
144 1.30644
145 1.31034
146 1.31385
147 1.32212
148 1.33891
149 1.34597
150 1.35098
151 1.35882
152 1.36543
153 1.3768
154 1.38214
155 1.3868
156 1.39157
157 1.39762
158 1.41196
159 1.44072
160 1.44445
161 1.48807
162 1.49127
163 1.49545
164 1.50069
165 1.51274
166 1.51481
167 1.52078
168 1.5259
169 1.53218
170 1.53534
171 1.54055
172 1.55225
173 1.55575
174 1.57157
175 1.58342
176 1.58545
177 1.58968
178 1.61149
179 1.62232
180 1.6422
181 1.65433
182 1.68757
183 1.69111
184 1.69295
185 1.70473
186 1.7203
187 1.73951
188 1.74758
189 1.76655
190 1.78198
191 1.78716
192 1.78869
193 1.79723
194 1.80026
195 1.82836
196 1.83327
197 1.8446
198 1.85858
199 1.87554
200 1.87827
201 1.88245
202 1.88699
203 1.89609
204 1.90277
205 1.91863
206 1.92385
207 1.95824
208 1.9899
209 2.00975
210 2.03059
211 2.04503
212 2.0521
213 2.06221
214 2.0679
215 2.06949
216 2.07786
217 2.09798
218 2.10758
219 2.10933
220 2.1179
221 2.12755
222 2.13607
223 2.14997
224 2.15484
225 2.16028
226 2.1682
227 2.18498
228 2.18782
229 2.20138
230 2.22507
231 2.23234
232 2.23395
233 2.24121
234 2.25892
235 2.2608
236 2.26635
237 2.2736
238 2.28144
239 2.28985
240 2.29553
241 2.30533
242 2.30948
243 2.32361
244 2.32962
245 2.33949
246 2.34678
247 2.35741
248 2.36803
249 2.37314
250 2.37714
251 2.37854
252 2.40208
253 2.42037
254 2.43645
255 2.46222
256 2.46796
257 2.47337
258 2.4955
259 2.50326
260 2.52437
261 2.53034
262 2.53626
263 2.56793
264 2.56972
265 2.57266
266 2.58074
267 2.58494
268 2.59516
269 2.59879
270 2.60991
271 2.61953
272 2.62061
273 2.62786
274 2.62947
275 2.63433
276 2.64305
277 2.64482
278 2.65501
279 2.65746
280 2.67349
281 2.68824
282 2.71253
283 2.72453
284 2.73016
285 2.74242
286 2.75104
287 2.75927
288 2.76148
289 2.77061
290 2.77772
291 2.78548
292 2.80685
293 2.83769
294 2.84089
295 2.8517
296 2.85562
297 2.86552
298 2.87311
299 2.88996
300 2.904
301 2.91115
302 2.91364
303 2.92594
304 2.92944
305 2.93508
306 2.97945
307 2.98612
308 2.99234
309 2.99833
