1 0.00662
2 0.01881
3 0.02923
4 0.04161
5 0.04612
6 0.05041
7 0.0655
8 0.06944
9 0.07533
10 0.09317
11 0.09993
12 0.10838
13 0.11278
14 0.11744
15 0.12043
16 0.12849
17 0.14187
18 0.15246
19 0.15399
20 0.17094
21 0.18984
22 0.20576
23 0.21942
24 0.23437
25 0.24108
26 0.25269
27 0.26972
28 0.27908
29 0.2844
30 0.29509
31 0.30122
32 0.30263
33 0.30806
34 0.31194
35 0.3211
36 0.32953
37 0.33449
38 0.3489
39 0.35538
40 0.3575
41 0.37176
42 0.38058
43 0.38617
44 0.39371
45 0.39586
46 0.42016
47 0.43783
48 0.448
49 0.44958
50 0.45491
51 0.47315
52 0.4814
53 0.48767
54 0.49165
55 0.4982
56 0.50398
57 0.53225
58 0.53661
59 0.5455
60 0.55104
61 0.55661
62 0.57117
63 0.57661
64 0.59488
65 0.60805
66 0.60954
67 0.63362
68 0.64137
69 0.65306
70 0.65525
71 0.65666
72 0.65879
73 0.66155
74 0.6651
75 0.67342
76 0.6882
77 0.69041
78 0.70036
79 0.70902
80 0.72853
81 0.74337
82 0.75597
83 0.77871
84 0.79564
85 0.80107
86 0.80445
87 0.80907
88 0.82382
89 0.83261
90 0.85148
91 0.85857
92 0.86242
93 0.874
94 0.89237
95 0.90226
96 0.90671
97 0.91517
98 0.9293
99 0.94024
100 0.94577
101 0.95619
102 0.96333
103 0.96876
104 0.98233
105 1.0087
106 1.02011
107 1.02542
108 1.0418
109 1.04633
110 1.09274
111 1.10236
112 1.10699
113 1.11061
114 1.12325
115 1.13121
116 1.14411
117 1.15543
118 1.16457
119 1.18485
120 1.19444
121 1.19937
122 1.22867
123 1.24202
124 1.25654
125 1.25908
126 1.26911
127 1.27855
128 1.28816
129 1.30166
130 1.30408
131 1.30705
132 1.31855
133 1.35164
134 1.35351
135 1.36307
136 1.37793
137 1.39185
138 1.40024
139 1.41308
140 1.42179
141 1.43996
142 1.46164
143 1.46657
144 1.46822
145 1.49136
146 1.53164
147 1.54009
148 1.55111
149 1.55249
150 1.56396
151 1.59381
152 1.60696
153 1.62154
154 1.6331
155 1.65388
156 1.66355
157 1.67416
158 1.67912
159 1.68895
160 1.69069
161 1.70049
162 1.70274
163 1.70861
164 1.73661
165 1.73853
166 1.75402
167 1.78628
168 1.8067
169 1.82671
170 1.86189
171 1.88523
172 1.91782
173 1.93353
174 1.93542
175 1.93738
176 1.94999
177 1.96097
178 1.98202
179 1.99809
180 2.00307
181 2.01633
182 2.03072
183 2.03503
184 2.04322
185 2.04832
186 2.06044
187 2.07373
188 2.10129
189 2.1124
190 2.12292
191 2.12454
192 2.13625
193 2.1415
194 2.14468
195 2.14904
196 2.16453
197 2.18105
198 2.18974
199 2.198
200 2.20747
201 2.20951
202 2.22778
203 2.23232
204 2.24028
205 2.24509
206 2.2539
207 2.29034
208 2.29553
209 2.30579
210 2.30951
211 2.31558
212 2.335
213 2.35241
214 2.35431
215 2.35909
216 2.36271
217 2.38077
218 2.38711
219 2.40253
220 2.41001
221 2.41208
222 2.43166
223 2.44291
224 2.4597
225 2.46613
226 2.46903
227 2.49786
228 2.50128
229 2.51314
230 2.53495
231 2.53755
232 2.54218
233 2.54826
234 2.55607
235 2.56233
236 2.57054
237 2.59955
238 2.60499
239 2.62184
240 2.64369
241 2.64557
242 2.65901
243 2.6713
244 2.68294
245 2.69946
246 2.71127
247 2.7211
248 2.74681
249 2.78765
250 2.79983
251 2.80857
252 2.81704
253 2.82005
254 2.82627
255 2.85009
256 2.85799
257 2.88159
258 2.89327
259 2.89918
260 2.90377
261 2.92176
262 2.94378
263 2.95736
264 2.97449
265 2.99507
266 2.99913
