1 0.00268
2 0.00463
3 0.01019
4 0.01753
5 0.03897
6 0.04302
7 0.04822
8 0.05576
9 0.06673
10 0.0686
11 0.07225
12 0.07449
13 0.07697
14 0.08597
15 0.0875
16 0.09929
17 0.10449
18 0.11823
19 0.1217
20 0.12425
21 0.13424
22 0.1364
23 0.15954
24 0.16576
25 0.16963
26 0.18044
27 0.18943
28 0.19954
29 0.21256
30 0.21855
31 0.22742
32 0.23096
33 0.23422
34 0.24369
35 0.26008
36 0.266
37 0.27019
38 0.28353
39 0.28761
40 0.29236
41 0.30266
42 0.31275
43 0.31418
44 0.32366
45 0.33132
46 0.33343
47 0.34139
48 0.34286
49 0.36088
50 0.37267
51 0.38264
52 0.38985
53 0.39139
54 0.39278
55 0.39704
56 0.40811
57 0.41266
58 0.42944
59 0.43961
60 0.44324
61 0.45333
62 0.45633
63 0.46249
64 0.47952
65 0.48678
66 0.49807
67 0.50459
68 0.50676
69 0.50853
70 0.51109
71 0.5303
72 0.53437
73 0.53564
74 0.54167
75 0.54891
76 0.55532
77 0.57449
78 0.57711
79 0.58137
80 0.59169
81 0.5963
82 0.5996
83 0.60051
84 0.60599
85 0.60787
86 0.61503
87 0.61866
88 0.61998
89 0.62423
90 0.63753
91 0.64916
92 0.65889
93 0.67412
94 0.67968
95 0.6903
96 0.70769
97 0.71108
98 0.72315
99 0.72493
100 0.74422
101 0.77012
102 0.77524
103 0.77677
104 0.77972
105 0.7848
106 0.7946
107 0.80007
108 0.81006
109 0.81479
110 0.82471
111 0.83682
112 0.84633
113 0.86019
114 0.87755
115 0.89689
116 0.90448
117 0.90832
118 0.91165
119 0.92274
120 0.93258
121 0.93643
122 0.95212
123 0.96647
124 0.96968
125 0.9773
126 0.98161
127 0.9874
128 1.00174
129 1.0126
130 1.02039
131 1.02649
132 1.02929
133 1.03531
134 1.04351
135 1.0453
136 1.04631
137 1.0624
138 1.07428
139 1.07839
140 1.08308
141 1.0904
142 1.09476
143 1.10126
144 1.10584
145 1.10884
146 1.13043
147 1.13657
148 1.14231
149 1.14638
150 1.1487
151 1.15179
152 1.15691
153 1.16608
154 1.17033
155 1.17222
156 1.18291
157 1.18824
158 1.20228
159 1.20556
160 1.2114
161 1.2146
162 1.21578
163 1.2233
164 1.23189
165 1.24569
166 1.24828
167 1.25743
168 1.26106
169 1.26454
170 1.27026
171 1.27549
172 1.27839
173 1.28694
174 1.28822
175 1.29654
176 1.29795
177 1.30101
178 1.31534
179 1.32286
180 1.32541
181 1.33194
182 1.33892
183 1.3523
184 1.35898
185 1.36167
186 1.36418
187 1.37172
188 1.38183
189 1.39217
190 1.39946
191 1.4137
192 1.45438
193 1.46309
194 1.46917
195 1.47082
196 1.48628
197 1.49231
198 1.4956
199 1.50281
200 1.51644
201 1.52727
202 1.53285
203 1.53713
204 1.54094
205 1.54805
206 1.55296
207 1.55614
208 1.55818
209 1.56799
210 1.57917
211 1.58959
212 1.59312
213 1.59512
214 1.60107
215 1.60322
216 1.61662
217 1.62343
218 1.62519
219 1.63816
220 1.63991
221 1.64343
222 1.65985
223 1.661
224 1.66453
225 1.66604
226 1.67131
227 1.68041
228 1.70153
229 1.71136
230 1.72254
231 1.72684
232 1.73607
233 1.73839
234 1.73963
235 1.74076
236 1.74677
237 1.74951
238 1.76133
239 1.76258
240 1.77105
241 1.77411
242 1.78309
243 1.79059
244 1.80794
245 1.82125
246 1.83134
247 1.84851
248 1.85565
249 1.88218
250 1.88801
251 1.90456
252 1.91137
253 1.93054
254 1.93596
255 1.94722
256 1.94985
257 1.95196
258 1.95705
259 1.96342
260 1.9746
261 1.97732
262 1.99598
263 2.00848
264 2.01295
265 2.023
266 2.02559
267 2.03981
268 2.05386
269 2.06787
270 2.07124
271 2.07831
272 2.09595
273 2.10929
274 2.11788
275 2.12307
276 2.12582
277 2.12945
278 2.13311
279 2.14958
280 2.15951
281 2.16622
282 2.1749
283 2.17633
284 2.18319
285 2.19085
286 2.20182
287 2.20497
288 2.20858
289 2.22003
290 2.22122
291 2.22441
292 2.22871
293 2.23394
294 2.23881
295 2.25758
296 2.27384
297 2.2821
298 2.29212
299 2.29571
300 2.30213
301 2.3232
302 2.34051
303 2.34452
304 2.36111
305 2.37716
306 2.38164
307 2.38997
308 2.39968
309 2.40926
310 2.42717
311 2.44134
312 2.46134
313 2.46452
314 2.47493
315 2.48649
316 2.48787
317 2.4917
318 2.50363
319 2.51254
320 2.52026
321 2.52442
322 2.52605
323 2.53854
324 2.54778
325 2.56243
326 2.56406
327 2.56636
328 2.57475
329 2.5875
330 2.59651
331 2.6105
332 2.61437
333 2.61819
334 2.62802
335 2.63041
336 2.6353
337 2.64344
338 2.65054
339 2.66093
340 2.66506
341 2.67298
342 2.68017
343 2.68501
344 2.6874
345 2.69065
346 2.70577
347 2.70726
348 2.70891
349 2.72202
350 2.73469
351 2.73932
352 2.74504
353 2.75078
354 2.75257
355 2.76122
356 2.76458
357 2.77286
358 2.77813
359 2.78211
360 2.78869
361 2.79209
362 2.80634
363 2.81269
364 2.81594
365 2.82346
366 2.84524
367 2.85062
368 2.8561
369 2.85815
370 2.86069
371 2.86269
372 2.86893
373 2.87282
374 2.87801
375 2.89661
376 2.90348
377 2.91105
378 2.92206
379 2.93652
380 2.94585
381 2.96419
382 2.97423
383 2.98671
384 2.98975
385 2.99959
