1 0.00687
2 0.01501
3 0.02936
4 0.03335
5 0.0379
6 0.05555
7 0.06214
8 0.06696
9 0.07194
10 0.0739
11 0.08135
12 0.08358
13 0.09387
14 0.10784
15 0.118
16 0.12305
17 0.12573
18 0.12793
19 0.13207
20 0.14611
21 0.15616
22 0.16854
23 0.17134
24 0.17781
25 0.18358
26 0.18675
27 0.19822
28 0.2012
29 0.21239
30 0.21533
31 0.21837
32 0.22183
33 0.22467
34 0.24852
35 0.2532
36 0.25679
37 0.2609
38 0.27163
39 0.27517
40 0.2798
41 0.31621
42 0.32378
43 0.34165
44 0.36093
45 0.37728
46 0.38007
47 0.3901
48 0.39714
49 0.40112
50 0.41048
51 0.41825
52 0.42511
53 0.42691
54 0.44595
55 0.44872
56 0.45812
57 0.46092
58 0.46642
59 0.47204
60 0.48654
61 0.49463
62 0.49796
63 0.50392
64 0.50931
65 0.51252
66 0.53275
67 0.53693
68 0.55071
69 0.56622
70 0.57241
71 0.58174
72 0.58542
73 0.60005
74 0.61833
75 0.62389
76 0.62936
77 0.63604
78 0.65272
79 0.65806
80 0.66451
81 0.68185
82 0.68615
83 0.68873
84 0.69173
85 0.70642
86 0.70858
87 0.72048
88 0.72725
89 0.73024
90 0.73542
91 0.76991
92 0.77168
93 0.77379
94 0.78666
95 0.79714
96 0.82061
97 0.82292
98 0.82968
99 0.84177
100 0.84566
101 0.84847
102 0.85059
103 0.85717
104 0.86431
105 0.87197
106 0.87767
107 0.8795
108 0.88206
109 0.88923
110 0.90411
111 0.91944
112 0.92589
113 0.94409
114 0.95534
115 0.95663
116 0.96178
117 0.96617
118 0.97786
119 0.98472
120 1.00804
121 1.01831
122 1.02398
123 1.03717
124 1.04601
125 1.05272
126 1.06728
127 1.08272
128 1.08423
129 1.08567
130 1.09374
131 1.10433
132 1.11773
133 1.12483
134 1.14674
135 1.17232
136 1.17812
137 1.18335
138 1.18519
139 1.19258
140 1.19921
141 1.21389
142 1.22472
143 1.22924
144 1.23578
145 1.24282
146 1.24862
147 1.25415
148 1.25985
149 1.26427
150 1.27493
151 1.2864
152 1.29957
153 1.30144
154 1.31832
155 1.32957
156 1.33132
157 1.33312
158 1.33894
159 1.34408
160 1.35145
161 1.35952
162 1.36799
163 1.37627
164 1.38257
165 1.38598
166 1.39625
167 1.40402
168 1.40949
169 1.4201
170 1.42169
171 1.433
172 1.44709
173 1.46006
174 1.47464
175 1.49823
176 1.50556
177 1.52092
178 1.52583
179 1.53108
180 1.54794
181 1.5594
182 1.56345
183 1.56758
184 1.57434
185 1.58537
186 1.59069
187 1.59509
188 1.61311
189 1.62333
190 1.62546
191 1.63079
192 1.63208
193 1.64186
194 1.66929
195 1.67108
196 1.67803
197 1.68514
198 1.69716
199 1.70228
200 1.70731
201 1.7223
202 1.72381
203 1.73087
204 1.7363
205 1.73974
206 1.74737
207 1.74893
208 1.7519
209 1.76323
210 1.76506
211 1.76607
212 1.77552
213 1.7903
214 1.80047
215 1.81173
216 1.82231
217 1.82558
218 1.82794
219 1.84106
220 1.84993
221 1.85415
222 1.86745
223 1.87485
224 1.9441
225 1.954
226 1.96516
227 1.96656
228 1.97559
229 1.99036
230 2.00454
231 2.00974
232 2.0154
233 2.02596
234 2.05124
235 2.06632
236 2.07227
237 2.09068
238 2.10079
239 2.11507
240 2.12264
241 2.13386
242 2.1366
243 2.15967
244 2.164
245 2.16653
246 2.17569
247 2.18175
248 2.18484
249 2.20232
250 2.21317
251 2.22297
252 2.22631
253 2.23789
254 2.24147
255 2.24435
256 2.24709
257 2.2504
258 2.26053
259 2.27028
260 2.28799
261 2.31196
262 2.31615
263 2.32141
264 2.32581
265 2.33755
266 2.34909
267 2.36181
268 2.3723
269 2.38326
270 2.38596
271 2.40296
272 2.40542
273 2.41642
274 2.42783
275 2.44516
276 2.44726
277 2.45388
278 2.45903
279 2.46348
280 2.46934
281 2.47868
282 2.49462
283 2.50614
284 2.50891
285 2.5128
286 2.51481
287 2.5201
288 2.54225
289 2.56561
290 2.57701
291 2.58989
292 2.59856
293 2.61687
294 2.62098
295 2.65306
296 2.65824
297 2.66669
298 2.66879
299 2.67641
300 2.69549
301 2.70608
302 2.71572
303 2.7264
304 2.74363
305 2.74579
306 2.75617
307 2.77074
308 2.77387
309 2.7826
310 2.8025
311 2.81777
312 2.81968
313 2.82569
314 2.83126
315 2.8361
316 2.86917
317 2.87399
318 2.89027
319 2.90833
320 2.92392
321 2.9329
322 2.94834
323 2.95005
324 2.96217
325 2.9642
326 2.96551
327 2.97703
328 2.99258
