1 0.00447
2 0.00852
3 0.02162
4 0.03606
5 0.0421
6 0.0548
7 0.05821
8 0.0635
9 0.06967
10 0.07557
11 0.08068
12 0.09233
13 0.09448
14 0.10704
15 0.1242
16 0.1359
17 0.13981
18 0.14145
19 0.15167
20 0.15845
21 0.16108
22 0.17674
23 0.19228
24 0.2004
25 0.21544
26 0.22602
27 0.23119
28 0.23748
29 0.24616
30 0.27213
31 0.29941
32 0.3026
33 0.30735
34 0.31099
35 0.31779
36 0.32837
37 0.35531
38 0.36386
39 0.36831
40 0.3716
41 0.38122
42 0.38351
43 0.38902
44 0.39905
45 0.40086
46 0.40749
47 0.41104
48 0.4163
49 0.42233
50 0.42395
51 0.42711
52 0.42955
53 0.44701
54 0.47072
55 0.48053
56 0.48447
57 0.48609
58 0.4879
59 0.50123
60 0.50676
61 0.53537
62 0.53882
63 0.54399
64 0.54748
65 0.55619
66 0.5638
67 0.59332
68 0.607
69 0.61122
70 0.61897
71 0.62854
72 0.63788
73 0.64019
74 0.6436
75 0.65704
76 0.6669
77 0.68123
78 0.69112
79 0.69265
80 0.70057
81 0.7043
82 0.71606
83 0.72234
84 0.72547
85 0.72827
86 0.73143
87 0.75557
88 0.7598
89 0.76229
90 0.76399
91 0.76572
92 0.77673
93 0.7867
94 0.80217
95 0.81821
96 0.82259
97 0.85153
98 0.85497
99 0.86035
100 0.87314
101 0.89355
102 0.90054
103 0.9041
104 0.90636
105 0.93435
106 0.94794
107 0.95469
108 0.95892
109 0.97271
110 0.97612
111 0.99421
112 1.00098
113 1.00536
114 1.01538
115 1.0411
116 1.04661
117 1.05343
118 1.05784
119 1.06359
120 1.08695
121 1.10476
122 1.10949
123 1.12076
124 1.14068
125 1.1476
126 1.17141
127 1.1777
128 1.19025
129 1.20129
130 1.20447
131 1.22067
132 1.24417
133 1.25259
134 1.25583
135 1.25792
136 1.26666
137 1.26986
138 1.27248
139 1.28296
140 1.31188
141 1.32382
142 1.34716
143 1.36703
144 1.37016
145 1.37432
146 1.37844
147 1.3904
148 1.39717
149 1.41614
150 1.43766
151 1.44271
152 1.4521
153 1.46679
154 1.47569
155 1.48188
156 1.48956
157 1.49788
158 1.51462
159 1.52647
160 1.53516
161 1.55226
162 1.56271
163 1.56587
164 1.59008
165 1.59424
166 1.60414
167 1.61072
168 1.6329
169 1.63783
170 1.65346
171 1.65828
172 1.66114
173 1.66448
174 1.68475
175 1.69283
176 1.70541
177 1.70873
178 1.7142
179 1.72233
180 1.73854
181 1.75466
182 1.75818
183 1.76954
184 1.78215
185 1.80977
186 1.814
187 1.82003
188 1.82228
189 1.82503
190 1.82953
191 1.85448
192 1.85957
193 1.8648
194 1.86899
195 1.87918
196 1.88617
197 1.89069
198 1.89439
199 1.89689
200 1.90955
201 1.91346
202 1.91803
203 1.93284
204 1.95696
205 1.95861
206 1.99655
207 2.00651
208 2.00894
209 2.02561
210 2.05855
211 2.06399
212 2.07252
213 2.08173
214 2.08642
215 2.10432
216 2.11861
217 2.13156
218 2.14742
219 2.16054
220 2.16466
221 2.17217
222 2.18172
223 2.21863
224 2.2287
225 2.23727
226 2.27105
227 2.27739
228 2.2925
229 2.30026
230 2.30604
231 2.31199
232 2.32064
233 2.32281
234 2.34894
235 2.35466
236 2.36378
237 2.38189
238 2.40518
239 2.40686
240 2.41515
241 2.42462
242 2.42957
243 2.43519
244 2.44909
245 2.45738
246 2.4602
247 2.46922
248 2.47565
249 2.48377
250 2.48523
251 2.49087
252 2.49245
253 2.518
254 2.5263
255 2.54588
256 2.55315
257 2.56482
258 2.5744
259 2.57697
260 2.59401
261 2.59783
262 2.6053
263 2.61426
264 2.62134
265 2.63196
266 2.64469
267 2.65844
268 2.68584
269 2.69316
270 2.70087
271 2.70288
272 2.72453
273 2.73789
274 2.74487
275 2.75214
276 2.75505
277 2.75935
278 2.76689
279 2.78323
280 2.78661
281 2.7999
282 2.80511
283 2.81525
284 2.82035
285 2.82916
286 2.84613
287 2.84832
288 2.86261
289 2.87378
290 2.88635
291 2.89094
292 2.90305
293 2.92538
294 2.94055
295 2.96055
296 2.9746
297 2.98142
298 2.99635
