1 0.00887
2 0.0141
3 0.02227
4 0.02665
5 0.0312
6 0.05577
7 0.0694
8 0.07566
9 0.08056
10 0.08859
11 0.10379
12 0.1158
13 0.12691
14 0.13376
15 0.1588
16 0.16229
17 0.21938
18 0.22069
19 0.22685
20 0.23263
21 0.23772
22 0.24324
23 0.26209
24 0.27942
25 0.28511
26 0.2861
27 0.29334
28 0.31418
29 0.32771
30 0.33129
31 0.33554
32 0.34087
33 0.35091
34 0.36124
35 0.3829
36 0.3971
37 0.40647
38 0.41471
39 0.41922
40 0.43228
41 0.44765
42 0.45176
43 0.4608
44 0.47681
45 0.48785
46 0.49369
47 0.49816
48 0.50457
49 0.52036
50 0.53634
51 0.54897
52 0.55403
53 0.55668
54 0.58004
55 0.58426
56 0.59335
57 0.59723
58 0.61082
59 0.61534
60 0.64414
61 0.65166
62 0.65616
63 0.67129
64 0.72721
65 0.74607
66 0.77182
67 0.78477
68 0.81123
69 0.82798
70 0.84273
71 0.85045
72 0.85407
73 0.86225
74 0.86993
75 0.87655
76 0.89382
77 0.92302
78 0.92923
79 0.94027
80 0.94854
81 0.95912
82 0.96624
83 0.97277
84 0.98469
85 1.00127
86 1.02366
87 1.02818
88 1.04375
89 1.0603
90 1.07979
91 1.09458
92 1.09915
93 1.10503
94 1.10874
95 1.11379
96 1.12145
97 1.12585
98 1.14125
99 1.15857
100 1.17949
101 1.19326
102 1.20762
103 1.23708
104 1.25085
105 1.26353
106 1.27388
107 1.28112
108 1.28598
109 1.30913
110 1.3195
111 1.33012
112 1.35475
113 1.35782
114 1.36468
115 1.37063
116 1.41081
117 1.44928
118 1.45933
119 1.46295
120 1.50313
121 1.50929
122 1.5153
123 1.53301
124 1.55029
125 1.57596
126 1.58747
127 1.59024
128 1.59593
129 1.60012
130 1.60503
131 1.60961
132 1.61699
133 1.63989
134 1.64855
135 1.67324
136 1.6923
137 1.70105
138 1.73424
139 1.74181
140 1.75345
141 1.76781
142 1.78368
143 1.79329
144 1.79749
145 1.80329
146 1.84498
147 1.85689
148 1.87831
149 1.88756
150 1.89145
151 1.89723
152 1.90183
153 1.90781
154 1.9118
155 1.9259
156 1.95313
157 1.97855
158 1.98384
159 2.00196
160 2.00887
161 2.01904
162 2.02448
163 2.02893
164 2.0458
165 2.07641
166 2.08232
167 2.08799
168 2.09558
169 2.1012
170 2.10417
171 2.10933
172 2.12393
173 2.12746
174 2.14724
175 2.16431
176 2.17878
177 2.19155
178 2.20845
179 2.21572
180 2.23477
181 2.24852
182 2.26018
183 2.27239
184 2.27845
185 2.28909
186 2.29703
187 2.31244
188 2.31757
189 2.34619
190 2.37229
191 2.39193
192 2.4006
193 2.40932
194 2.42301
195 2.43107
196 2.44415
197 2.4591
198 2.47812
199 2.51744
200 2.53305
201 2.547
202 2.55186
203 2.55784
204 2.57474
205 2.57905
206 2.59538
207 2.60111
208 2.60565
209 2.615
210 2.64171
211 2.6623
212 2.67673
213 2.70185
214 2.71682
215 2.73976
216 2.74864
217 2.76611
218 2.77101
219 2.78928
220 2.79428
221 2.79807
222 2.80793
223 2.83657
224 2.84319
225 2.85249
226 2.85621
227 2.86064
228 2.86486
229 2.88645
230 2.90787
231 2.91654
232 2.92018
233 2.92801
234 2.94124
235 2.9496
236 2.966
237 2.99381
238 2.99827
