1 0.00923
2 0.01508
3 0.04273
4 0.04534
5 0.04983
6 0.05212
7 0.06561
8 0.07495
9 0.0811
10 0.09358
11 0.10296
12 0.10966
13 0.11691
14 0.11997
15 0.12778
16 0.13577
17 0.14638
18 0.15459
19 0.16289
20 0.17165
21 0.1965
22 0.19984
23 0.20503
24 0.22533
25 0.24054
26 0.24714
27 0.26475
28 0.27958
29 0.28738
30 0.29294
31 0.2942
32 0.29836
33 0.30369
34 0.30626
35 0.30795
36 0.31353
37 0.31631
38 0.32147
39 0.35634
40 0.36025
41 0.36551
42 0.37018
43 0.3716
44 0.39069
45 0.39697
46 0.41128
47 0.41492
48 0.42408
49 0.433
50 0.45129
51 0.46133
52 0.48301
53 0.49091
54 0.51567
55 0.51975
56 0.52965
57 0.53955
58 0.54486
59 0.55486
60 0.56382
61 0.58252
62 0.6141
63 0.61843
64 0.62263
65 0.62684
66 0.63154
67 0.65109
68 0.65656
69 0.66346
70 0.66692
71 0.6727
72 0.68607
73 0.69402
74 0.69623
75 0.69997
76 0.70891
77 0.71099
78 0.71453
79 0.72317
80 0.74563
81 0.7597
82 0.77152
83 0.77898
84 0.80407
85 0.82326
86 0.83329
87 0.85089
88 0.85455
89 0.86361
90 0.86694
91 0.89059
92 0.90634
93 0.90898
94 0.917
95 0.93402
96 0.94313
97 0.94686
98 0.95036
99 0.96493
100 0.9696
101 0.98818
102 0.9917
103 1.00187
104 1.00526
105 1.00783
106 1.01239
107 1.01912
108 1.02201
109 1.03435
110 1.04735
111 1.0569
112 1.06191
113 1.06798
114 1.07411
115 1.07885
116 1.09726
117 1.10851
118 1.11135
119 1.12597
120 1.13053
121 1.1405
122 1.14817
123 1.16162
124 1.16535
125 1.16993
126 1.17878
127 1.18562
128 1.19057
129 1.21298
130 1.22963
131 1.24645
132 1.25099
133 1.26143
134 1.26396
135 1.29101
136 1.29844
137 1.3026
138 1.31677
139 1.32213
140 1.33866
141 1.34131
142 1.35456
143 1.39459
144 1.4066
145 1.41396
146 1.42598
147 1.46357
148 1.47432
149 1.47928
150 1.48466
151 1.49116
152 1.49621
153 1.50183
154 1.50906
155 1.51971
156 1.55049
157 1.55897
158 1.56386
159 1.584
160 1.59614
161 1.59864
162 1.60629
163 1.61018
164 1.61312
165 1.62356
166 1.63066
167 1.63738
168 1.64369
169 1.64726
170 1.66688
171 1.68115
172 1.6917
173 1.70583
174 1.70704
175 1.70873
176 1.72717
177 1.75108
178 1.75263
179 1.75385
180 1.75733
181 1.75868
182 1.76577
183 1.77207
184 1.78603
185 1.79267
186 1.80959
187 1.81407
188 1.81981
189 1.82287
190 1.8245
191 1.82793
192 1.84515
193 1.85544
194 1.86836
195 1.87476
196 1.87924
197 1.88286
198 1.88424
199 1.8887
200 1.91038
201 1.91556
202 1.92023
203 1.93483
204 1.94584
205 1.97644
206 1.99032
207 1.99183
208 2.00652
209 2.01045
210 2.01479
211 2.03146
212 2.0378
213 2.06012
214 2.0696
215 2.09148
216 2.09894
217 2.12517
218 2.12916
219 2.14919
220 2.17372
221 2.17571
222 2.18431
223 2.19613
224 2.22514
225 2.24285
226 2.25912
227 2.26277
228 2.27848
229 2.28544
230 2.3013
231 2.30549
232 2.3106
233 2.32222
234 2.32615
235 2.33097
236 2.3474
237 2.35645
238 2.36628
239 2.37107
240 2.3727
241 2.38203
242 2.41142
243 2.4164
244 2.42839
245 2.44058
246 2.45803
247 2.47143
248 2.47755
249 2.48479
250 2.49741
251 2.50219
252 2.51172
253 2.51263
254 2.52076
255 2.52534
256 2.55122
257 2.55692
258 2.56954
259 2.58193
260 2.58866
261 2.59872
262 2.63693
263 2.6399
264 2.65976
265 2.66603
266 2.67082
267 2.67434
268 2.68116
269 2.69349
270 2.69908
271 2.71105
272 2.71652
273 2.72602
274 2.73493
275 2.75636
276 2.7663
277 2.77375
278 2.78717
279 2.7955
280 2.80669
281 2.81354
282 2.81816
283 2.82555
284 2.86827
285 2.88099
286 2.89592
287 2.91594
288 2.92132
289 2.94117
290 2.96266
291 2.96462
292 2.96832
293 2.97247
294 2.97396
295 2.97679
296 2.9929
