1 0.00565
2 0.00761
3 0.01034
4 0.01494
5 0.01903
6 0.02504
7 0.02759
8 0.0326
9 0.04222
10 0.04916
11 0.0561
12 0.06102
13 0.06373
14 0.0818
15 0.08402
16 0.08629
17 0.09458
18 0.1013
19 0.11634
20 0.12381
21 0.12704
22 0.14238
23 0.16053
24 0.16776
25 0.18582
26 0.18869
27 0.19472
28 0.19969
29 0.20419
30 0.20715
31 0.21978
32 0.23614
33 0.24168
34 0.24847
35 0.27
36 0.272
37 0.28499
38 0.29414
39 0.30687
40 0.31908
41 0.32168
42 0.33369
43 0.3381
44 0.34048
45 0.3488
46 0.35424
47 0.3561
48 0.37218
49 0.37948
50 0.38653
51 0.39658
52 0.40084
53 0.40329
54 0.40552
55 0.41294
56 0.42012
57 0.43306
58 0.45037
59 0.46884
60 0.48218
61 0.48578
62 0.4964
63 0.51422
64 0.52205
65 0.53094
66 0.53473
67 0.54834
68 0.54976
69 0.56593
70 0.57198
71 0.57515
72 0.58456
73 0.59149
74 0.5959
75 0.59822
76 0.6116
77 0.63432
78 0.63855
79 0.64052
80 0.65367
81 0.65721
82 0.67636
83 0.68132
84 0.69392
85 0.70103
86 0.72574
87 0.73117
88 0.7364
89 0.77251
90 0.78042
91 0.78647
92 0.79257
93 0.81513
94 0.84322
95 0.84509
96 0.85178
97 0.85585
98 0.86074
99 0.88662
100 0.89978
101 0.91038
102 0.92763
103 0.92983
104 0.93507
105 0.93848
106 0.94961
107 0.96428
108 0.97318
109 0.977
110 0.98752
111 0.99749
112 1.00192
113 1.03765
114 1.04226
115 1.05868
116 1.06637
117 1.07205
118 1.08405
119 1.08854
120 1.09247
121 1.10323
122 1.12698
123 1.13917
124 1.14497
125 1.15199
126 1.1769
127 1.1871
128 1.21531
129 1.21728
130 1.22204
131 1.22491
132 1.22998
133 1.23206
134 1.24539
135 1.25349
136 1.26641
137 1.27071
138 1.27706
139 1.28549
140 1.2976
141 1.30513
142 1.30982
143 1.3256
144 1.3309
145 1.33448
146 1.33649
147 1.34239
148 1.34442
149 1.36208
150 1.36883
151 1.3744
152 1.37736
153 1.39011
154 1.39907
155 1.40136
156 1.40903
157 1.41121
158 1.41848
159 1.42737
160 1.43092
161 1.43835
162 1.44981
163 1.46208
164 1.47476
165 1.47995
166 1.48612
167 1.50157
168 1.50658
169 1.51575
170 1.5245
171 1.53147
172 1.54861
173 1.55493
174 1.55999
175 1.56282
176 1.56677
177 1.58192
178 1.59723
179 1.63594
180 1.63826
181 1.64978
182 1.65256
183 1.66783
184 1.67967
185 1.68411
186 1.68707
187 1.73737
188 1.74427
189 1.76205
190 1.76543
191 1.77814
192 1.79019
193 1.79656
194 1.80768
195 1.82388
196 1.83247
197 1.83954
198 1.84433
199 1.85118
200 1.86416
201 1.88613
202 1.89667
203 1.89854
204 1.90804
205 1.9267
206 1.93982
207 1.95095
208 1.96846
209 1.97352
210 1.97834
211 1.98508
212 1.98747
213 1.99277
214 2.00363
215 2.00566
216 2.01412
217 2.02609
218 2.03057
219 2.03421
220 2.0377
221 2.0421
222 2.05487
223 2.05744
224 2.07785
225 2.08644
226 2.09163
227 2.0978
228 2.10357
229 2.11461
230 2.12498
231 2.13678
232 2.14503
233 2.16171
234 2.16564
235 2.17971
236 2.18985
237 2.22325
238 2.23249
239 2.23771
240 2.24556
241 2.24992
242 2.26128
243 2.26889
244 2.28047
245 2.30365
246 2.31372
247 2.31601
248 2.3201
249 2.32499
250 2.33553
251 2.34652
252 2.35247
253 2.35466
254 2.36133
255 2.38067
256 2.38555
257 2.39171
258 2.39744
259 2.40332
260 2.42746
261 2.43125
262 2.43984
263 2.44515
264 2.44919
265 2.4572
266 2.47679
267 2.48124
268 2.49632
269 2.49881
270 2.50093
271 2.50313
272 2.52655
273 2.53384
274 2.53805
275 2.54081
276 2.54521
277 2.5566
278 2.55944
279 2.5724
280 2.58083
281 2.58968
282 2.59973
283 2.60434
284 2.61026
285 2.61594
286 2.62993
287 2.63297
288 2.63766
289 2.64633
290 2.64832
291 2.6825
292 2.68552
293 2.68997
294 2.70189
295 2.72328
296 2.73182
297 2.74068
298 2.74635
299 2.75521
300 2.76431
301 2.77012
302 2.78051
303 2.78211
304 2.79282
305 2.79907
306 2.82482
307 2.8275
308 2.83888
309 2.86711
310 2.8896
311 2.90426
312 2.91845
313 2.94228
314 2.94758
315 2.95531
316 2.96776
317 2.97227
318 2.97697
319 2.98739
320 2.99777
