1 0.0032
2 0.01189
3 0.02696
4 0.03379
5 0.04871
6 0.05252
7 0.06638
8 0.07238
9 0.07808
10 0.08952
11 0.0959
12 0.10464
13 0.11199
14 0.11336
15 0.12337
16 0.13992
17 0.14441
18 0.14619
19 0.15243
20 0.15752
21 0.17068
22 0.18516
23 0.19146
24 0.1957
25 0.20567
26 0.21767
27 0.22245
28 0.22425
29 0.23854
30 0.25292
31 0.25473
32 0.25654
33 0.27869
34 0.3097
35 0.31204
36 0.31811
37 0.32096
38 0.32652
39 0.33328
40 0.34841
41 0.35548
42 0.36343
43 0.37184
44 0.3844
45 0.39434
46 0.40053
47 0.4083
48 0.41979
49 0.42949
50 0.43797
51 0.44078
52 0.45662
53 0.463
54 0.47676
55 0.49389
56 0.50389
57 0.50934
58 0.51371
59 0.52294
60 0.52997
61 0.53227
62 0.54314
63 0.55833
64 0.56255
65 0.57543
66 0.58004
67 0.58415
68 0.60771
69 0.61491
70 0.62134
71 0.62728
72 0.63808
73 0.6507
74 0.66139
75 0.66811
76 0.66999
77 0.67465
78 0.68413
79 0.69314
80 0.70018
81 0.70671
82 0.72012
83 0.7236
84 0.75009
85 0.75404
86 0.76128
87 0.7737
88 0.78177
89 0.7855
90 0.78766
91 0.7938
92 0.80241
93 0.81232
94 0.8191
95 0.82364
96 0.84668
97 0.8606
98 0.86733
99 0.88879
100 0.9216
101 0.92708
102 0.9344
103 0.95257
104 0.96691
105 0.98111
106 0.98727
107 0.98993
108 0.99694
109 1.00348
110 1.01536
111 1.0194
112 1.0264
113 1.03328
114 1.03724
115 1.04625
116 1.05634
117 1.06435
118 1.07645
119 1.08556
120 1.09781
121 1.1197
122 1.13815
123 1.14248
124 1.15707
125 1.16776
126 1.17146
127 1.18287
128 1.18665
129 1.20722
130 1.20905
131 1.22115
132 1.25137
133 1.27028
134 1.29691
135 1.3007
136 1.30375
137 1.30556
138 1.31323
139 1.32384
140 1.34573
141 1.35146
142 1.36305
143 1.37346
144 1.38873
145 1.40267
146 1.40872
147 1.41512
148 1.42363
149 1.42979
150 1.43744
151 1.44359
152 1.46171
153 1.46672
154 1.4738
155 1.47969
156 1.4994
157 1.50931
158 1.51548
159 1.52351
160 1.52873
161 1.5308
162 1.54882
163 1.5577
164 1.56724
165 1.57904
166 1.59529
167 1.60406
168 1.61401
169 1.62409
170 1.64086
171 1.64412
172 1.6459
173 1.65567
174 1.66181
175 1.6721
176 1.67715
177 1.70009
178 1.72578
179 1.73741
180 1.74768
181 1.75021
182 1.75767
183 1.76635
184 1.78526
185 1.79969
186 1.8073
187 1.83071
188 1.83944
189 1.85093
190 1.85977
191 1.88153
192 1.88507
193 1.88629
194 1.91794
195 1.9244
196 1.95249
197 1.9782
198 1.99596
199 2.00522
200 2.02355
201 2.03087
202 2.03956
203 2.04329
204 2.04561
205 2.05852
206 2.07443
207 2.08867
208 2.09061
209 2.09716
210 2.09912
211 2.10107
212 2.11208
213 2.12488
214 2.13155
215 2.1516
216 2.16639
217 2.17202
218 2.18488
219 2.20906
220 2.22567
221 2.23095
222 2.27009
223 2.27767
224 2.29552
225 2.31277
226 2.33193
227 2.34371
228 2.34508
229 2.34792
230 2.35153
231 2.3609
232 2.36967
233 2.38245
234 2.38691
235 2.39151
236 2.39726
237 2.40023
238 2.41013
239 2.42027
240 2.43165
241 2.43338
242 2.4351
243 2.44422
244 2.46561
245 2.49158
246 2.50249
247 2.5135
248 2.53075
249 2.54207
250 2.5521
251 2.55763
252 2.55923
253 2.57027
254 2.58489
255 2.58917
256 2.59912
257 2.60929
258 2.62209
259 2.62987
260 2.64214
261 2.64591
262 2.65275
263 2.67316
264 2.68703
265 2.69605
266 2.70318
267 2.71285
268 2.7329
269 2.73674
270 2.74587
271 2.74855
272 2.75202
273 2.75442
274 2.7698
275 2.77775
276 2.7855
277 2.7957
278 2.8054
279 2.81394
280 2.8204
281 2.83595
282 2.87073
283 2.88345
284 2.89934
285 2.90547
286 2.91249
287 2.91389
288 2.92544
289 2.93615
290 2.95224
291 2.96506
292 2.96875
293 2.97021
294 2.97906
295 2.98198
296 2.99086
297 2.99247
298 2.99534
