1 0.00326
2 0.00536
3 0.01172
4 0.01645
5 0.02201
6 0.02441
7 0.02635
8 0.0403
9 0.04857
10 0.05328
11 0.05821
12 0.06747
13 0.0691
14 0.08179
15 0.09873
16 0.11116
17 0.12643
18 0.12926
19 0.13493
20 0.14334
21 0.15706
22 0.17037
23 0.18485
24 0.19176
25 0.19381
26 0.20137
27 0.2104
28 0.21407
29 0.21848
30 0.23646
31 0.24167
32 0.24564
33 0.24847
34 0.26192
35 0.26657
36 0.26995
37 0.27645
38 0.28717
39 0.29536
40 0.29706
41 0.30528
42 0.31485
43 0.3231
44 0.32491
45 0.33241
46 0.3368
47 0.34094
48 0.3429
49 0.34596
50 0.3565
51 0.36986
52 0.37465
53 0.3782
54 0.42752
55 0.44536
56 0.46103
57 0.47487
58 0.48971
59 0.49236
60 0.5003
61 0.50535
62 0.51157
63 0.5157
64 0.52469
65 0.55177
66 0.56707
67 0.58506
68 0.60024
69 0.6037
70 0.60868
71 0.61776
72 0.62432
73 0.63482
74 0.63906
75 0.65647
76 0.69823
77 0.70165
78 0.72041
79 0.72331
80 0.73116
81 0.7401
82 0.74556
83 0.76248
84 0.76579
85 0.77151
86 0.79631
87 0.81023
88 0.82162
89 0.82863
90 0.83587
91 0.83902
92 0.86715
93 0.8751
94 0.87757
95 0.88562
96 0.88693
97 0.89051
98 0.89523
99 0.9224
100 0.92383
101 0.92832
102 0.93517
103 0.94699
104 0.96703
105 0.98862
106 0.99496
107 0.99633
108 0.99944
109 1.00359
110 1.00659
111 1.00958
112 1.02725
113 1.03956
114 1.06197
115 1.06337
116 1.06491
117 1.0678
118 1.07871
119 1.08252
120 1.09127
121 1.09757
122 1.10052
123 1.10197
124 1.10692
125 1.11897
126 1.1226
127 1.13468
128 1.14178
129 1.157
130 1.17088
131 1.18426
132 1.18577
133 1.18913
134 1.21915
135 1.2331
136 1.24312
137 1.25888
138 1.27346
139 1.27984
140 1.29113
141 1.30251
142 1.31666
143 1.32344
144 1.32952
145 1.33552
146 1.33856
147 1.34209
148 1.34696
149 1.36255
150 1.38192
151 1.39488
152 1.40669
153 1.42778
154 1.43976
155 1.4609
156 1.47954
157 1.48328
158 1.48703
159 1.49504
160 1.49725
161 1.50034
162 1.50891
163 1.51463
164 1.51849
165 1.52147
166 1.53576
167 1.54976
168 1.5577
169 1.56953
170 1.58401
171 1.58856
172 1.59634
173 1.60336
174 1.60483
175 1.61166
176 1.61805
177 1.62983
178 1.63101
179 1.63284
180 1.63723
181 1.64023
182 1.66019
183 1.67511
184 1.70231
185 1.71264
186 1.71531
187 1.72186
188 1.73146
189 1.74714
190 1.76452
191 1.76582
192 1.77025
193 1.78607
194 1.79914
195 1.8096
196 1.82218
197 1.83271
198 1.85399
199 1.8609
200 1.87002
201 1.88438
202 1.89212
203 1.89541
204 1.90318
205 1.90869
206 1.92036
207 1.93322
208 1.94482
209 1.95306
210 1.96915
211 1.99752
212 2.00265
213 2.00472
214 2.00926
215 2.03761
216 2.04782
217 2.05099
218 2.06652
219 2.06892
220 2.07528
221 2.08199
222 2.08579
223 2.09787
224 2.10063
225 2.11003
226 2.11127
227 2.1239
228 2.12656
229 2.12923
230 2.13394
231 2.15735
232 2.17409
233 2.19923
234 2.20559
235 2.20853
236 2.21118
237 2.23815
238 2.2416
239 2.24481
240 2.25128
241 2.25635
242 2.27521
243 2.28548
244 2.28773
245 2.29133
246 2.30118
247 2.31366
248 2.31901
249 2.33158
250 2.34043
251 2.34491
252 2.35349
253 2.36625
254 2.4049
255 2.42342
256 2.45957
257 2.46983
258 2.4803
259 2.49513
260 2.50737
261 2.51412
262 2.52566
263 2.53734
264 2.54811
265 2.55262
266 2.55417
267 2.55677
268 2.56995
269 2.57943
270 2.59049
271 2.59225
272 2.59576
273 2.60445
274 2.62151
275 2.63082
276 2.66189
277 2.67095
278 2.68367
279 2.71076
280 2.72039
281 2.72461
282 2.72925
283 2.73228
284 2.73473
285 2.74789
286 2.7512
287 2.75904
288 2.77067
289 2.78517
290 2.80547
291 2.80974
292 2.82254
293 2.82591
294 2.83933
295 2.87243
296 2.88075
297 2.8832
298 2.8861
299 2.88915
300 2.89574
301 2.90014
302 2.91319
303 2.92896
304 2.93923
305 2.97093
306 2.99025
307 2.99328
308 2.99663
