1 0.00816
2 0.01104
3 0.02577
4 0.03352
5 0.03889
6 0.04716
7 0.05177
8 0.05625
9 0.07939
10 0.0826
11 0.08872
12 0.0956
13 0.10826
14 0.1252
15 0.12901
16 0.13774
17 0.14587
18 0.14976
19 0.15478
20 0.16258
21 0.16588
22 0.16917
23 0.17592
24 0.17997
25 0.1846
26 0.18705
27 0.19332
28 0.21375
29 0.21966
30 0.24078
31 0.2472
32 0.2729
33 0.27804
34 0.29225
35 0.30058
36 0.30463
37 0.31379
38 0.33114
39 0.33936
40 0.3454
41 0.35347
42 0.36568
43 0.37525
44 0.39545
45 0.41053
46 0.4184
47 0.42101
48 0.42753
49 0.44268
50 0.45583
51 0.45957
52 0.46881
53 0.48467
54 0.4871
55 0.49105
56 0.50267
57 0.50665
58 0.51562
59 0.52015
60 0.52944
61 0.53283
62 0.55588
63 0.57599
64 0.59676
65 0.60227
66 0.62686
67 0.64324
68 0.65052
69 0.66304
70 0.67075
71 0.67425
72 0.68828
73 0.69578
74 0.70047
75 0.70505
76 0.7097
77 0.7247
78 0.74948
79 0.75832
80 0.78382
81 0.78879
82 0.80398
83 0.81152
84 0.82256
85 0.83178
86 0.8458
87 0.86665
88 0.86924
89 0.87649
90 0.88665
91 0.89734
92 0.91178
93 0.92845
94 0.93613
95 0.93932
96 0.95451
97 0.95841
98 0.96574
99 0.98434
100 0.98702
101 1.00539
102 1.03936
103 1.04739
104 1.05311
105 1.05931
106 1.06754
107 1.07878
108 1.08951
109 1.09341
110 1.09757
111 1.12037
112 1.12379
113 1.14135
114 1.14388
115 1.15179
116 1.15605
117 1.17167
118 1.18849
119 1.19929
120 1.21497
121 1.22922
122 1.23888
123 1.24322
124 1.2468
125 1.2625
126 1.28953
127 1.2938
128 1.30194
129 1.31778
130 1.33353
131 1.37003
132 1.40512
133 1.41324
134 1.42311
135 1.43338
136 1.44856
137 1.48432
138 1.49236
139 1.49961
140 1.50744
141 1.51462
142 1.52361
143 1.53082
144 1.56351
145 1.57187
146 1.57893
147 1.58932
148 1.59266
149 1.59847
150 1.61208
151 1.61506
152 1.61969
153 1.62336
154 1.65262
155 1.66278
156 1.66658
157 1.68514
158 1.68915
159 1.70025
160 1.70344
161 1.70736
162 1.71091
163 1.74042
164 1.74507
165 1.74815
166 1.75217
167 1.76298
168 1.76711
169 1.78254
170 1.79123
171 1.79744
172 1.80696
173 1.84119
174 1.84769
175 1.86599
176 1.87435
177 1.89367
178 1.89696
179 1.91322
180 1.91996
181 1.93598
182 1.93853
183 1.94372
184 1.96371
185 1.98337
186 1.99169
187 2.01312
188 2.02254
189 2.03604
190 2.05355
191 2.09873
192 2.10823
193 2.11979
194 2.14111
195 2.14667
196 2.15668
197 2.16711
198 2.17836
199 2.18345
200 2.18731
201 2.19889
202 2.23001
203 2.2365
204 2.25612
205 2.25971
206 2.27694
207 2.28194
208 2.29245
209 2.30768
210 2.3126
211 2.31751
212 2.34206
213 2.36272
214 2.37081
215 2.3755
216 2.37869
217 2.3821
218 2.39472
219 2.41803
220 2.42672
221 2.43245
222 2.44025
223 2.44439
224 2.45412
225 2.45773
226 2.46673
227 2.47519
228 2.495
229 2.49992
230 2.51017
231 2.5366
232 2.55067
233 2.57397
234 2.58189
235 2.58461
236 2.59089
237 2.59982
238 2.61447
239 2.62447
240 2.63153
241 2.64446
242 2.66901
243 2.68329
244 2.69587
245 2.70153
246 2.73365
247 2.74787
248 2.75626
249 2.76385
250 2.76621
251 2.76728
252 2.77016
253 2.7887
254 2.79777
255 2.8018
256 2.83294
257 2.84593
258 2.85655
259 2.86825
260 2.88002
261 2.88443
262 2.89087
263 2.91971
264 2.92419
265 2.93118
266 2.93522
267 2.94088
268 2.97073
269 2.98106
