1 0.0057
2 0.01056
3 0.03305
4 0.03737
5 0.04453
6 0.04728
7 0.05422
8 0.05766
9 0.06472
10 0.08195
11 0.08471
12 0.09139
13 0.10757
14 0.12765
15 0.14508
16 0.15106
17 0.16287
18 0.18926
19 0.20062
20 0.2074
21 0.22372
22 0.22688
23 0.23608
24 0.23965
25 0.25423
26 0.26712
27 0.28835
28 0.30361
29 0.30723
30 0.32239
31 0.33397
32 0.33688
33 0.33887
34 0.34428
35 0.34728
36 0.34968
37 0.35269
38 0.36451
39 0.37099
40 0.37289
41 0.37994
42 0.38218
43 0.38528
44 0.39494
45 0.40383
46 0.40676
47 0.42054
48 0.42372
49 0.44453
50 0.44701
51 0.44941
52 0.46297
53 0.46665
54 0.48638
55 0.49254
56 0.49746
57 0.50544
58 0.50907
59 0.51244
60 0.51507
61 0.52072
62 0.52628
63 0.54057
64 0.5563
65 0.55872
66 0.56176
67 0.58296
68 0.59893
69 0.60839
70 0.61357
71 0.63682
72 0.64184
73 0.6496
74 0.66032
75 0.66258
76 0.66533
77 0.67298
78 0.70358
79 0.71024
80 0.71311
81 0.71882
82 0.72411
83 0.74875
84 0.75524
85 0.76541
86 0.77125
87 0.77432
88 0.77721
89 0.79077
90 0.80343
91 0.8106
92 0.81328
93 0.82992
94 0.85242
95 0.85948
96 0.86158
97 0.88103
98 0.8854
99 0.9078
100 0.91841
101 0.92855
102 0.94188
103 0.96008
104 0.97674
105 0.99816
106 1.01452
107 1.03817
108 1.04228
109 1.05667
110 1.06246
111 1.06699
112 1.08044
113 1.0887
114 1.09715
115 1.1036
116 1.11515
117 1.12786
118 1.13674
119 1.14811
120 1.15805
121 1.1644
122 1.16805
123 1.17015
124 1.17724
125 1.18017
126 1.19492
127 1.20162
128 1.20449
129 1.20988
130 1.21282
131 1.22576
132 1.23918
133 1.25296
134 1.25592
135 1.25837
136 1.26768
137 1.27262
138 1.27776
139 1.30071
140 1.30402
141 1.30776
142 1.3172
143 1.3291
144 1.34293
145 1.34687
146 1.36294
147 1.38361
148 1.38634
149 1.39053
150 1.39886
151 1.40954
152 1.42551
153 1.43883
154 1.45832
155 1.46272
156 1.46814
157 1.48625
158 1.49392
159 1.50547
160 1.51456
161 1.54679
162 1.55763
163 1.56715
164 1.59183
165 1.59404
166 1.61443
167 1.62507
168 1.63419
169 1.63637
170 1.65071
171 1.66201
172 1.69539
173 1.69954
174 1.71442
175 1.73221
176 1.76555
177 1.76837
178 1.77376
179 1.78711
180 1.7915
181 1.79985
182 1.80542
183 1.8085
184 1.81788
185 1.82612
186 1.82942
187 1.83748
188 1.85661
189 1.86113
190 1.87984
191 1.88672
192 1.88938
193 1.91215
194 1.92633
195 1.93078
196 1.9474
197 1.96901
198 1.97693
199 1.98363
200 2.00159
201 2.0076
202 2.02207
203 2.02731
204 2.05596
205 2.05889
206 2.07514
207 2.08314
208 2.08654
209 2.09388
210 2.09876
211 2.1024
212 2.12581
213 2.13321
214 2.13486
215 2.14081
216 2.15936
217 2.16646
218 2.18684
219 2.19925
220 2.20727
221 2.21288
222 2.2294
223 2.23237
224 2.23863
225 2.24102
226 2.25136
227 2.26213
228 2.27848
229 2.29213
230 2.29616
231 2.3234
232 2.33812
233 2.34816
234 2.35078
235 2.35798
236 2.36724
237 2.38125
238 2.38363
239 2.39888
240 2.40382
241 2.42271
242 2.4284
243 2.43559
244 2.46094
245 2.4709
246 2.47738
247 2.50409
248 2.50695
249 2.5103
250 2.52276
251 2.53554
252 2.53919
253 2.55293
254 2.55722
255 2.58373
256 2.58682
257 2.60859
258 2.62581
259 2.6286
260 2.63856
261 2.64938
262 2.66334
263 2.66835
264 2.67484
265 2.68383
266 2.69768
267 2.70256
268 2.72914
269 2.73174
270 2.741
271 2.75299
272 2.75577
273 2.75847
274 2.76888
275 2.7883
276 2.79122
277 2.79657
278 2.80332
279 2.81455
280 2.82136
281 2.83878
282 2.84135
283 2.84529
284 2.86288
285 2.8714
286 2.89505
287 2.89756
288 2.91592
289 2.91897
290 2.92666
291 2.94468
292 2.94833
293 2.95122
294 2.97502
295 2.98262
296 2.99036
