1 0.01365
2 0.025
3 0.02813
4 0.03983
5 0.05114
6 0.06141
7 0.06539
8 0.0766
9 0.08199
10 0.09677
11 0.10629
12 0.10844
13 0.11194
14 0.11584
15 0.13307
16 0.14311
17 0.1524
18 0.16553
19 0.1749
20 0.18354
21 0.19909
22 0.20973
23 0.21683
24 0.22707
25 0.23036
26 0.24628
27 0.27221
28 0.27467
29 0.27892
30 0.28472
31 0.28645
32 0.29231
33 0.30061
34 0.30804
35 0.31763
36 0.33858
37 0.3435
38 0.3591
39 0.36186
40 0.37068
41 0.38146
42 0.3834
43 0.38533
44 0.40551
45 0.41325
46 0.41893
47 0.43252
48 0.43797
49 0.44648
50 0.45878
51 0.46337
52 0.47201
53 0.47532
54 0.48525
55 0.49934
56 0.51079
57 0.51953
58 0.52342
59 0.54149
60 0.54833
61 0.57024
62 0.57256
63 0.57953
64 0.5827
65 0.59649
66 0.61471
67 0.61566
68 0.62867
69 0.63251
70 0.6464
71 0.65147
72 0.65846
73 0.66146
74 0.66851
75 0.67211
76 0.67975
77 0.69032
78 0.69728
79 0.7123
80 0.71762
81 0.72351
82 0.72533
83 0.73442
84 0.74053
85 0.74831
86 0.75277
87 0.76141
88 0.76818
89 0.7718
90 0.77984
91 0.7847
92 0.79563
93 0.81188
94 0.83114
95 0.85049
96 0.87729
97 0.87912
98 0.89109
99 0.89974
100 0.90781
101 0.92091
102 0.9349
103 0.94616
104 0.95754
105 0.96117
106 0.96973
107 0.98202
108 0.98482
109 0.99534
110 0.99641
111 1.00715
112 1.0105
113 1.01228
114 1.01616
115 1.02533
116 1.03129
117 1.03676
118 1.03976
119 1.04787
120 1.05989
121 1.07079
122 1.07244
123 1.08564
124 1.08813
125 1.09514
126 1.11721
127 1.11946
128 1.12379
129 1.13309
130 1.14667
131 1.15485
132 1.1664
133 1.17356
134 1.1796
135 1.18684
136 1.20409
137 1.21086
138 1.22723
139 1.22841
140 1.22993
141 1.24094
142 1.25128
143 1.26908
144 1.28163
145 1.28844
146 1.29766
147 1.30632
148 1.32563
149 1.33366
150 1.34328
151 1.36265
152 1.36946
153 1.37173
154 1.38575
155 1.39547
156 1.4085
157 1.42886
158 1.44156
159 1.45458
160 1.47102
161 1.4905
162 1.50197
163 1.50692
164 1.52281
165 1.52889
166 1.53299
167 1.53956
168 1.54227
169 1.5454
170 1.55116
171 1.58316
172 1.58775
173 1.6156
174 1.61842
175 1.62574
176 1.62758
177 1.63304
178 1.64446
179 1.66117
180 1.66766
181 1.67479
182 1.6803
183 1.68456
184 1.6904
185 1.71579
186 1.72738
187 1.73654
188 1.74622
189 1.76014
190 1.76133
191 1.76514
192 1.77122
193 1.78225
194 1.7897
195 1.79563
196 1.80648
197 1.81708
198 1.82025
199 1.83508
200 1.83641
201 1.85374
202 1.85871
203 1.86577
204 1.86822
205 1.884
206 1.89133
207 1.90227
208 1.9102
209 1.92327
210 1.9335
211 1.9413
212 1.94617
213 1.94876
214 1.95748
215 1.96726
216 1.97279
217 1.97914
218 1.99674
219 2.00824
220 2.01572
221 2.02077
222 2.02967
223 2.04105
224 2.05264
225 2.05465
226 2.06145
227 2.06677
228 2.07352
229 2.09171
230 2.10336
231 2.12107
232 2.12838
233 2.15343
234 2.17065
235 2.17835
236 2.19008
237 2.22432
238 2.2374
239 2.25126
240 2.26282
241 2.26569
242 2.26725
243 2.27726
244 2.28665
245 2.29065
246 2.29253
247 2.29848
248 2.30424
249 2.31418
250 2.31658
251 2.32439
252 2.32542
253 2.33085
254 2.33806
255 2.34378
256 2.34854
257 2.35144
258 2.35489
259 2.37461
260 2.39801
261 2.41253
262 2.4196
263 2.42124
264 2.42781
265 2.4345
266 2.44184
267 2.45889
268 2.46599
269 2.47269
270 2.47432
271 2.48388
272 2.49538
273 2.49866
274 2.50117
275 2.50802
276 2.5207
277 2.53033
278 2.53508
279 2.53964
280 2.54206
281 2.55588
282 2.56229
283 2.5663
284 2.5794
285 2.58151
286 2.58335
287 2.59387
288 2.59617
289 2.61006
290 2.61246
291 2.61585
292 2.62401
293 2.62892
294 2.64238
295 2.659
296 2.6751
297 2.68484
298 2.68738
299 2.69485
300 2.70337
301 2.70904
302 2.71469
303 2.74315
304 2.74731
305 2.75246
306 2.76158
307 2.76702
308 2.77792
309 2.79165
310 2.79787
311 2.80794
312 2.81597
313 2.82498
314 2.83119
315 2.83362
316 2.84486
317 2.86743
318 2.87483
319 2.88934
320 2.8951
321 2.89857
322 2.9021
323 2.91279
324 2.92044
325 2.92693
326 2.93244
327 2.93655
328 2.9405
329 2.94384
330 2.95539
331 2.97777
