1 0.01976
2 0.02822
3 0.03409
4 0.04319
5 0.05834
6 0.06068
7 0.07148
8 0.0897
9 0.10452
10 0.1262
11 0.13398
12 0.14441
13 0.1494
14 0.15617
15 0.16727
16 0.17079
17 0.17431
18 0.18424
19 0.18511
20 0.19305
21 0.19453
22 0.20273
23 0.21109
24 0.21898
25 0.22027
26 0.22375
27 0.23554
28 0.24168
29 0.24367
30 0.24994
31 0.26126
32 0.28191
33 0.28387
34 0.29046
35 0.29953
36 0.30276
37 0.30639
38 0.31274
39 0.32076
40 0.32809
41 0.34029
42 0.34811
43 0.35445
44 0.36298
45 0.37861
46 0.39087
47 0.40428
48 0.40742
49 0.4156
50 0.41725
51 0.42188
52 0.44516
53 0.45559
54 0.46515
55 0.46927
56 0.47663
57 0.48699
58 0.48983
59 0.49147
60 0.49809
61 0.49956
62 0.51333
63 0.51865
64 0.52091
65 0.52536
66 0.53012
67 0.53419
68 0.55335
69 0.55716
70 0.56846
71 0.57713
72 0.58138
73 0.58745
74 0.60805
75 0.61183
76 0.6295
77 0.63461
78 0.64124
79 0.65495
80 0.66682
81 0.6684
82 0.67861
83 0.68034
84 0.69043
85 0.71234
86 0.71772
87 0.73244
88 0.73681
89 0.73841
90 0.74477
91 0.74722
92 0.75879
93 0.7775
94 0.78295
95 0.80246
96 0.81016
97 0.81762
98 0.82765
99 0.83991
100 0.84675
101 0.85428
102 0.88031
103 0.90896
104 0.9138
105 0.94302
106 0.96577
107 0.98596
108 0.99844
109 1.00441
110 1.02143
111 1.02355
112 1.03149
113 1.03867
114 1.04703
115 1.04954
116 1.05794
117 1.07578
118 1.08351
119 1.10561
120 1.10935
121 1.11051
122 1.11726
123 1.12479
124 1.1357
125 1.14121
126 1.14295
127 1.15631
128 1.16311
129 1.17652
130 1.18334
131 1.19331
132 1.21701
133 1.22167
134 1.24291
135 1.26476
136 1.27805
137 1.28001
138 1.28581
139 1.28846
140 1.30633
141 1.30936
142 1.31045
143 1.31266
144 1.31695
145 1.32382
146 1.32645
147 1.33309
148 1.36077
149 1.37516
150 1.37916
151 1.38275
152 1.39132
153 1.4033
154 1.41329
155 1.4257
156 1.43027
157 1.43752
158 1.46067
159 1.46245
160 1.4837
161 1.49021
162 1.49875
163 1.51745
164 1.52587
165 1.53061
166 1.53948
167 1.56522
168 1.58149
169 1.58526
170 1.58957
171 1.60101
172 1.60648
173 1.61742
174 1.62749
175 1.64668
176 1.65809
177 1.66595
178 1.66971
179 1.68968
180 1.71014
181 1.75296
182 1.76027
183 1.76853
184 1.77423
185 1.77783
186 1.79838
187 1.80629
188 1.81685
189 1.82826
190 1.83416
191 1.86664
192 1.87428
193 1.89108
194 1.90822
195 1.95247
196 1.96278
197 1.97542
198 1.9832
199 1.98736
200 1.99075
201 2.00162
202 2.02318
203 2.03421
204 2.05649
205 2.05992
206 2.0656
207 2.06769
208 2.08538
209 2.11374
210 2.12711
211 2.14043
212 2.14565
213 2.17055
214 2.18261
215 2.18474
216 2.20621
217 2.21142
218 2.22878
219 2.23127
220 2.23724
221 2.24296
222 2.26231
223 2.28152
224 2.29756
225 2.30448
226 2.30671
227 2.32009
228 2.33065
229 2.34463
230 2.34921
231 2.35406
232 2.36379
233 2.36619
234 2.37103
235 2.38091
236 2.39274
237 2.39616
238 2.4033
239 2.41001
240 2.41213
241 2.41593
242 2.45956
243 2.47358
244 2.47768
245 2.48914
246 2.49991
247 2.50348
248 2.51744
249 2.52289
250 2.53637
251 2.54294
252 2.55323
253 2.56116
254 2.56427
255 2.56888
256 2.57869
257 2.59608
258 2.60522
259 2.60629
260 2.61263
261 2.61521
262 2.62154
263 2.62881
264 2.66588
265 2.69802
266 2.71188
267 2.72543
268 2.73155
269 2.73852
270 2.74029
271 2.74582
272 2.75015
273 2.76967
274 2.77504
275 2.78776
276 2.80232
277 2.80435
278 2.81024
279 2.82184
280 2.82685
281 2.83729
282 2.84003
283 2.84234
284 2.85157
285 2.85789
286 2.86666
287 2.87899
288 2.88822
289 2.89784
290 2.90627
291 2.91225
292 2.92486
293 2.92797
294 2.94051
295 2.95319
296 2.95986
297 2.98132
298 2.98348
299 2.98425
300 2.99087
