1 0.01005
2 0.01212
3 0.02177
4 0.02991
5 0.03269
6 0.05106
7 0.0548
8 0.06208
9 0.06668
10 0.06827
11 0.09049
12 0.09681
13 0.11206
14 0.11298
15 0.11833
16 0.14326
17 0.1476
18 0.15254
19 0.16326
20 0.17601
21 0.18085
22 0.19898
23 0.20267
24 0.20556
25 0.20972
26 0.21437
27 0.21831
28 0.23269
29 0.23999
30 0.24633
31 0.2531
32 0.26638
33 0.28646
34 0.2934
35 0.29964
36 0.33165
37 0.34904
38 0.36185
39 0.38731
40 0.40051
41 0.46672
42 0.46991
43 0.47512
44 0.47887
45 0.48468
46 0.49406
47 0.49796
48 0.51946
49 0.52729
50 0.53247
51 0.54515
52 0.54631
53 0.55327
54 0.56307
55 0.5728
56 0.5774
57 0.58354
58 0.59958
59 0.60151
60 0.61665
61 0.61869
62 0.62934
63 0.6362
64 0.63793
65 0.6566
66 0.66236
67 0.66532
68 0.67308
69 0.67666
70 0.6797
71 0.68941
72 0.69317
73 0.7026
74 0.70572
75 0.71025
76 0.72581
77 0.72865
78 0.73422
79 0.74069
80 0.75644
81 0.76006
82 0.77534
83 0.77756
84 0.78667
85 0.79032
86 0.79393
87 0.79487
88 0.83045
89 0.83853
90 0.84535
91 0.85369
92 0.8575
93 0.86061
94 0.87818
95 0.88867
96 0.89105
97 0.90331
98 0.91365
99 0.92011
100 0.92926
101 0.9482
102 0.95396
103 0.96052
104 0.97071
105 0.97615
106 0.97881
107 0.99961
108 1.03283
109 1.04632
110 1.05867
111 1.06204
112 1.06511
113 1.07253
114 1.07952
115 1.08576
116 1.08935
117 1.09945
118 1.1057
119 1.12812
120 1.13146
121 1.13395
122 1.14363
123 1.15139
124 1.16062
125 1.16641
126 1.17568
127 1.18151
128 1.18951
129 1.19334
130 1.20493
131 1.22085
132 1.22181
133 1.23283
134 1.24679
135 1.24986
136 1.25323
137 1.26178
138 1.28177
139 1.29143
140 1.29659
141 1.29933
142 1.32305
143 1.33538
144 1.34606
145 1.34942
146 1.35219
147 1.36268
148 1.37027
149 1.38219
150 1.38467
151 1.39443
152 1.4032
153 1.41306
154 1.41543
155 1.42078
156 1.42556
157 1.43756
158 1.43903
159 1.44543
160 1.45001
161 1.45718
162 1.47326
163 1.49042
164 1.503
165 1.5053
166 1.50669
167 1.52201
168 1.53232
169 1.54662
170 1.55678
171 1.56195
172 1.56769
173 1.56969
174 1.57999
175 1.58225
176 1.59645
177 1.60422
178 1.62775
179 1.65335
180 1.66285
181 1.66687
182 1.67185
183 1.67558
184 1.6862
185 1.69694
186 1.7055
187 1.70754
188 1.71857
189 1.7211
190 1.73505
191 1.7384
192 1.75047
193 1.7822
194 1.79449
195 1.7991
196 1.80379
197 1.80738
198 1.80875
199 1.82216
200 1.8257
201 1.8576
202 1.86724
203 1.86882
204 1.87242
205 1.87734
206 1.90574
207 1.91272
208 1.91651
209 1.91813
210 1.92898
211 1.93256
212 1.94389
213 1.95248
214 1.97873
215 1.98186
216 1.99918
217 2.00579
218 2.02408
219 2.05026
220 2.06585
221 2.07462
222 2.08525
223 2.09158
224 2.10251
225 2.1103
226 2.11234
227 2.12343
228 2.14404
229 2.14868
230 2.16029
231 2.16234
232 2.17528
233 2.17706
234 2.18235
235 2.2048
236 2.20972
237 2.22039
238 2.22776
239 2.24525
240 2.27663
241 2.28048
242 2.29089
243 2.31068
244 2.31667
245 2.31825
246 2.33475
247 2.35572
248 2.3585
249 2.36742
250 2.374
251 2.38328
252 2.40005
253 2.40239
254 2.40601
255 2.41322
256 2.41948
257 2.42133
258 2.42879
259 2.43259
260 2.44547
261 2.44909
262 2.45042
263 2.45595
264 2.46641
265 2.47769
266 2.48094
267 2.48903
268 2.49973
269 2.51215
270 2.51876
271 2.54119
272 2.56128
273 2.57251
274 2.58938
275 2.60865
276 2.61429
277 2.62029
278 2.63647
279 2.65133
280 2.664
281 2.66584
282 2.67265
283 2.67795
284 2.6842
285 2.68991
286 2.70049
287 2.70497
288 2.70888
289 2.71657
290 2.73411
291 2.74321
292 2.76143
293 2.7809
294 2.78626
295 2.78713
296 2.79529
297 2.81256
298 2.81734
299 2.8268
300 2.84082
301 2.85554
302 2.86152
303 2.86747
304 2.87903
305 2.88997
306 2.9028
307 2.90804
308 2.91453
309 2.9268
310 2.94456
311 2.94764
312 2.95753
313 2.95912
314 2.98436
315 2.99094
316 2.99396
317 2.99627
