1 0.00333
2 0.00593
3 0.01321
4 0.02285
5 0.03803
6 0.0441
7 0.05436
8 0.06238
9 0.07051
10 0.07322
11 0.08662
12 0.09542
13 0.10402
14 0.10564
15 0.10929
16 0.11523
17 0.12
18 0.13215
19 0.13762
20 0.14139
21 0.14721
22 0.15865
23 0.16766
24 0.1719
25 0.18247
26 0.19146
27 0.20911
28 0.21147
29 0.21534
30 0.22078
31 0.23022
32 0.24988
33 0.25296
34 0.26075
35 0.26199
36 0.26652
37 0.27262
38 0.27659
39 0.28711
40 0.29283
41 0.30136
42 0.31034
43 0.31351
44 0.3206
45 0.32184
46 0.32613
47 0.33252
48 0.34573
49 0.34998
50 0.36695
51 0.37798
52 0.40177
53 0.40618
54 0.43207
55 0.44794
56 0.45321
57 0.45793
58 0.45954
59 0.46236
60 0.46413
61 0.46796
62 0.4707
63 0.47622
64 0.47895
65 0.48554
66 0.48751
67 0.5269
68 0.53627
69 0.54463
70 0.55499
71 0.56348
72 0.60195
73 0.60376
74 0.60643
75 0.60891
76 0.61793
77 0.621
78 0.62443
79 0.63457
80 0.65671
81 0.663
82 0.67281
83 0.69281
84 0.70981
85 0.71132
86 0.7133
87 0.72168
88 0.72911
89 0.73739
90 0.75836
91 0.76578
92 0.779
93 0.78272
94 0.78527
95 0.78863
96 0.79305
97 0.79466
98 0.81544
99 0.84277
100 0.8441
101 0.84512
102 0.86218
103 0.8695
104 0.87483
105 0.9064
106 0.91433
107 0.92256
108 0.92682
109 0.93048
110 0.94172
111 0.95708
112 0.96828
113 0.976
114 0.98675
115 1.01914
116 1.02723
117 1.04728
118 1.0559
119 1.06646
120 1.08769
121 1.09155
122 1.09751
123 1.11382
124 1.11912
125 1.12404
126 1.14314
127 1.16539
128 1.171
129 1.18253
130 1.19028
131 1.20273
132 1.20834
133 1.21427
134 1.21711
135 1.22912
136 1.23707
137 1.24193
138 1.26148
139 1.27802
140 1.28008
141 1.28269
142 1.28441
143 1.28778
144 1.30125
145 1.30515
146 1.32326
147 1.32497
148 1.33392
149 1.34542
150 1.35997
151 1.38261
152 1.40391
153 1.40674
154 1.41424
155 1.4405
156 1.45675
157 1.46126
158 1.46896
159 1.47648
160 1.48556
161 1.51027
162 1.51716
163 1.52149
164 1.53882
165 1.55064
166 1.56012
167 1.5825
168 1.61196
169 1.61308
170 1.61611
171 1.62174
172 1.62341
173 1.63073
174 1.63886
175 1.65352
176 1.65861
177 1.6631
178 1.67866
179 1.68328
180 1.69539
181 1.71383
182 1.72332
183 1.72704
184 1.73628
185 1.73944
186 1.74711
187 1.75694
188 1.75814
189 1.76468
190 1.77002
191 1.77228
192 1.77855
193 1.78288
194 1.79515
195 1.81525
196 1.81934
197 1.84515
198 1.84858
199 1.87932
200 1.88431
201 1.88576
202 1.89034
203 1.90516
204 1.91306
205 1.92959
206 1.94826
207 1.95471
208 1.95718
209 1.96026
210 1.97223
211 1.97756
212 1.98151
213 2.00838
214 2.02022
215 2.02137
216 2.02809
217 2.03657
218 2.04668
219 2.05319
220 2.05599
221 2.06892
222 2.07167
223 2.09246
224 2.09655
225 2.09914
226 2.10871
227 2.11947
228 2.14286
229 2.15116
230 2.1556
231 2.16253
232 2.16971
233 2.20554
234 2.22855
235 2.23669
236 2.26187
237 2.26515
238 2.26981
239 2.27539
240 2.29355
241 2.29914
242 2.30372
243 2.31354
244 2.31616
245 2.31899
246 2.32419
247 2.32972
248 2.33281
249 2.33451
250 2.33764
251 2.34338
252 2.35355
253 2.37296
254 2.39493
255 2.41268
256 2.45943
257 2.46852
258 2.4702
259 2.4752
260 2.47898
261 2.4851
262 2.49078
263 2.5005
264 2.50773
265 2.51418
266 2.53708
267 2.54468
268 2.56148
269 2.56974
270 2.57959
271 2.58181
272 2.5927
273 2.60071
274 2.61962
275 2.62676
276 2.64165
277 2.64699
278 2.68734
279 2.70133
280 2.71769
281 2.71908
282 2.72604
283 2.73331
284 2.73486
285 2.73747
286 2.75459
287 2.76118
288 2.78748
289 2.80559
290 2.81963
291 2.82903
292 2.84197
293 2.85189
294 2.86324
295 2.86712
296 2.87514
297 2.88897
298 2.89094
299 2.89391
300 2.9033
301 2.90765
302 2.9219
303 2.94357
304 2.94471
305 2.95677
306 2.96841
307 2.98
308 2.99673
