1 0.01452
2 0.02813
3 0.04106
4 0.05838
5 0.0642
6 0.09741
7 0.10599
8 0.12932
9 0.15955
10 0.18492
11 0.19531
12 0.24056
13 0.26844
14 0.31087
15 0.32945
16 0.34293
17 0.36265
18 0.36923
19 0.41632
20 0.44929
21 0.47847
22 0.48504
23 0.52174
24 0.52395
25 0.52866
26 0.53832
27 0.56565
28 0.59411
29 0.60036
30 0.61207
31 0.68243
32 0.70299
33 0.72137
34 0.7294
35 0.76746
36 0.79818
37 0.83325
38 0.83939
39 0.84651
40 0.86259
41 0.87786
42 0.90268
43 0.92605
44 0.93128
45 1.01073
46 1.01888
47 1.05111
48 1.10133
49 1.13807
50 1.15557
51 1.23261
52 1.23827
53 1.25093
54 1.26458
55 1.27162
56 1.27679
57 1.29162
58 1.33702
59 1.35119
60 1.39502
61 1.40302
62 1.40843
63 1.46663
64 1.47268
65 1.48026
66 1.48769
67 1.50455
68 1.54607
69 1.59611
70 1.60202
71 1.63681
72 1.7056
73 1.76308
74 1.78122
75 1.78937
76 1.7943
77 1.80107
78 1.83431
79 1.84807
80 1.85941
81 1.87901
82 1.88423
83 1.88789
84 1.90904
85 1.9412
86 1.94264
87 2.02067
88 2.02751
89 2.03353
90 2.09627
91 2.10109
92 2.11163
93 2.12432
94 2.15561
95 2.18597
96 2.26807
97 2.27355
98 2.28041
99 2.28665
100 2.30559
101 2.34285
102 2.35666
103 2.39249
104 2.40257
105 2.42485
106 2.43159
107 2.48441
108 2.50776
109 2.51963
110 2.53489
111 2.54052
112 2.56517
113 2.58639
114 2.59237
115 2.6015
116 2.63929
117 2.65926
118 2.68482
119 2.72625
120 2.73558
121 2.74471
122 2.77378
123 2.78118
124 2.7863
125 2.79576
126 2.80984
127 2.85289
128 2.8704
129 2.88181
130 2.8932
131 2.93038
132 2.98863
