1 0.0112
2 0.0167
3 0.01852
4 0.02365
5 0.03276
6 0.03691
7 0.03935
8 0.04509
9 0.05119
10 0.06161
11 0.06642
12 0.07577
13 0.08303
14 0.09537
15 0.10732
16 0.11197
17 0.11864
18 0.12513
19 0.13992
20 0.1441
21 0.1487
22 0.15887
23 0.16283
24 0.17063
25 0.17665
26 0.19308
27 0.19487
28 0.21628
29 0.21982
30 0.22177
31 0.22967
32 0.25222
33 0.2531
34 0.26389
35 0.26723
36 0.28494
37 0.29061
38 0.29342
39 0.29646
40 0.31214
41 0.31739
42 0.32287
43 0.33472
44 0.34893
45 0.35631
46 0.3596
47 0.36364
48 0.36753
49 0.37637
50 0.38287
51 0.39066
52 0.39651
53 0.39858
54 0.42962
55 0.44911
56 0.46726
57 0.47247
58 0.47496
59 0.49453
60 0.49911
61 0.50116
62 0.50728
63 0.52164
64 0.52754
65 0.53246
66 0.53421
67 0.54711
68 0.55345
69 0.56519
70 0.57211
71 0.57691
72 0.5861
73 0.58995
74 0.59868
75 0.60524
76 0.60798
77 0.61229
78 0.62533
79 0.62801
80 0.63353
81 0.63581
82 0.63887
83 0.6495
84 0.66037
85 0.67313
86 0.68013
87 0.68265
88 0.69883
89 0.71205
90 0.72289
91 0.72466
92 0.74881
93 0.75648
94 0.7609
95 0.76696
96 0.76968
97 0.77172
98 0.77854
99 0.78343
100 0.7879
101 0.79714
102 0.80704
103 0.8209
104 0.82437
105 0.82846
106 0.83643
107 0.84559
108 0.84952
109 0.85357
110 0.86171
111 0.86636
112 0.87863
113 0.88428
114 0.88985
115 0.90233
116 0.90514
117 0.91564
118 0.91821
119 0.92712
120 0.94117
121 0.9593
122 0.96223
123 0.96472
124 0.96855
125 0.99231
126 0.99638
127 1.00226
128 1.01127
129 1.0145
130 1.02104
131 1.02929
132 1.04072
133 1.05615
134 1.05997
135 1.06111
136 1.06523
137 1.06905
138 1.08617
139 1.09402
140 1.09807
141 1.10294
142 1.10759
143 1.10912
144 1.11175
145 1.11491
146 1.12347
147 1.1293
148 1.13354
149 1.14375
150 1.1525
151 1.15509
152 1.16213
153 1.16463
154 1.1669
155 1.17555
156 1.1791
157 1.18668
158 1.21296
159 1.22037
160 1.22394
161 1.23487
162 1.24133
163 1.24841
164 1.26816
165 1.26908
166 1.2743
167 1.27772
168 1.28992
169 1.30278
170 1.30385
171 1.3203
172 1.32707
173 1.33086
174 1.34042
175 1.34695
176 1.36084
177 1.36862
178 1.38176
179 1.3884
180 1.39842
181 1.41149
182 1.42419
183 1.46233
184 1.46813
185 1.4751
186 1.48278
187 1.5067
188 1.50847
189 1.51003
190 1.51651
191 1.52041
192 1.52583
193 1.52805
194 1.53347
195 1.5424
196 1.55131
197 1.55593
198 1.56156
199 1.57345
200 1.58126
201 1.59448
202 1.60254
203 1.61163
204 1.62657
205 1.63534
206 1.64514
207 1.66205
208 1.67144
209 1.67572
210 1.6834
211 1.69715
212 1.70117
213 1.71558
214 1.72162
215 1.72736
216 1.73034
217 1.73462
218 1.73868
219 1.74771
220 1.75248
221 1.76173
222 1.77387
223 1.77978
224 1.79472
225 1.80699
226 1.81123
227 1.81623
228 1.82011
229 1.83831
230 1.84892
231 1.85161
232 1.86008
233 1.86501
234 1.86771
235 1.87119
236 1.87672
237 1.88218
238 1.88824
239 1.89797
240 1.90165
241 1.91165
242 1.91621
243 1.92125
244 1.92784
245 1.94383
246 1.95497
247 1.97098
248 1.97929
249 1.98976
250 1.99123
251 1.99523
252 1.99629
253 2.00443
254 2.02034
255 2.04178
256 2.05698
257 2.06487
258 2.06975
259 2.07234
260 2.07802
261 2.09817
262 2.10301
263 2.11658
264 2.12103
265 2.1475
266 2.15168
267 2.15698
268 2.1719
269 2.18316
270 2.19162
271 2.20561
272 2.21058
273 2.21399
274 2.23013
275 2.23929
276 2.25748
277 2.27666
278 2.27824
279 2.30661
280 2.30931
281 2.31184
282 2.31383
283 2.31877
284 2.32229
285 2.33083
286 2.34313
287 2.34424
288 2.35285
289 2.36054
290 2.36978
291 2.37871
292 2.39162
293 2.40964
294 2.41685
295 2.43046
296 2.48076
297 2.48973
298 2.49792
299 2.50398
300 2.51625
301 2.52407
302 2.52587
303 2.55314
304 2.55582
305 2.56397
306 2.58823
307 2.59312
308 2.60293
309 2.62049
310 2.63261
311 2.63474
312 2.64317
313 2.65451
314 2.66518
315 2.66921
316 2.70065
317 2.71017
318 2.71345
319 2.71572
320 2.72289
321 2.73029
322 2.73901
323 2.76018
324 2.76544
325 2.77036
326 2.78084
327 2.79779
328 2.80187
329 2.81751
330 2.82194
331 2.82582
332 2.83736
333 2.85348
334 2.85937
335 2.86722
336 2.87192
337 2.87448
338 2.87846
339 2.88754
340 2.89683
341 2.90988
342 2.92101
343 2.93552
344 2.94019
345 2.94829
346 2.97607
347 2.98244
348 2.99203
