1 0.00763
2 0.01885
3 0.03586
4 0.0484
5 0.05575
6 0.06133
7 0.06952
8 0.0717
9 0.07649
10 0.08052
11 0.08633
12 0.09292
13 0.09737
14 0.09971
15 0.10127
16 0.10368
17 0.11303
18 0.11606
19 0.12301
20 0.13115
21 0.13617
22 0.14998
23 0.15461
24 0.16702
25 0.16969
26 0.1734
27 0.17953
28 0.19136
29 0.19973
30 0.20147
31 0.20483
32 0.2123
33 0.22221
34 0.24449
35 0.25124
36 0.25887
37 0.2606
38 0.27785
39 0.3063
40 0.31404
41 0.31786
42 0.32408
43 0.33261
44 0.34709
45 0.35705
46 0.36416
47 0.38325
48 0.38648
49 0.39234
50 0.4026
51 0.40404
52 0.41733
53 0.42531
54 0.4286
55 0.45169
56 0.45788
57 0.46145
58 0.46288
59 0.46729
60 0.46943
61 0.47355
62 0.48357
63 0.49567
64 0.50104
65 0.50717
66 0.5214
67 0.52798
68 0.55162
69 0.56868
70 0.57781
71 0.58862
72 0.59032
73 0.59633
74 0.60058
75 0.60969
76 0.6139
77 0.62487
78 0.63618
79 0.641
80 0.64342
81 0.64905
82 0.66011
83 0.66635
84 0.67456
85 0.67902
86 0.68615
87 0.69824
88 0.71453
89 0.71751
90 0.72632
91 0.73017
92 0.75447
93 0.76628
94 0.77006
95 0.78218
96 0.79603
97 0.80562
98 0.81907
99 0.82891
100 0.83631
101 0.84147
102 0.84452
103 0.85258
104 0.86001
105 0.87734
106 0.88573
107 0.90017
108 0.9029
109 0.90928
110 0.93408
111 0.94097
112 0.94813
113 0.95036
114 0.95309
115 0.96543
116 0.96913
117 0.97389
118 0.98111
119 0.98893
120 0.99973
121 1.00339
122 1.01716
123 1.04238
124 1.04736
125 1.04927
126 1.05955
127 1.06358
128 1.0665
129 1.07962
130 1.08358
131 1.09085
132 1.09803
133 1.10018
134 1.10183
135 1.10489
136 1.11836
137 1.12192
138 1.1295
139 1.13274
140 1.13881
141 1.14908
142 1.1515
143 1.15856
144 1.16284
145 1.16837
146 1.17169
147 1.18217
148 1.19943
149 1.21636
150 1.22357
151 1.24766
152 1.26739
153 1.28914
154 1.29897
155 1.32218
156 1.32375
157 1.32984
158 1.33669
159 1.33952
160 1.34992
161 1.35289
162 1.37584
163 1.39303
164 1.40505
165 1.40997
166 1.42764
167 1.44666
168 1.45439
169 1.4564
170 1.46091
171 1.47007
172 1.48188
173 1.49739
174 1.50418
175 1.51242
176 1.51928
177 1.53281
178 1.54935
179 1.56053
180 1.5685
181 1.5787
182 1.58456
183 1.59513
184 1.60602
185 1.60971
186 1.61563
187 1.62335
188 1.62942
189 1.63575
190 1.64805
191 1.6535
192 1.66645
193 1.67264
194 1.67601
195 1.6799
196 1.69508
197 1.70271
198 1.70912
199 1.72102
200 1.72996
201 1.75282
202 1.76236
203 1.79187
204 1.79754
205 1.82195
206 1.82446
207 1.83125
208 1.84391
209 1.84796
210 1.85622
211 1.85987
212 1.86456
213 1.86699
214 1.87338
215 1.87563
216 1.88728
217 1.8958
218 1.90866
219 1.91733
220 1.92416
221 1.94596
222 1.95004
223 1.95425
224 1.95846
225 1.96146
226 1.97362
227 1.98118
228 1.99816
229 2.01131
230 2.03991
231 2.04767
232 2.05784
233 2.07655
234 2.08471
235 2.09365
236 2.09614
237 2.10102
238 2.1324
239 2.16368
240 2.16583
241 2.17095
242 2.17372
243 2.17779
244 2.20068
245 2.20233
246 2.21474
247 2.22224
248 2.22422
249 2.24492
250 2.25728
251 2.26753
252 2.2747
253 2.28291
254 2.28585
255 2.2896
256 2.29376
257 2.30195
258 2.31482
259 2.32871
260 2.33344
261 2.33447
262 2.33868
263 2.34796
264 2.35819
265 2.36122
266 2.36406
267 2.39188
268 2.39511
269 2.3965
270 2.40721
271 2.40985
272 2.41425
273 2.41621
274 2.42427
275 2.43048
276 2.45503
277 2.4632
278 2.48658
279 2.49295
280 2.49932
281 2.50228
282 2.5079
283 2.51505
284 2.52437
285 2.53149
286 2.55475
287 2.56111
288 2.57266
289 2.57877
290 2.58117
291 2.58748
292 2.59447
293 2.60364
294 2.60614
295 2.61362
296 2.61445
297 2.6192
298 2.62561
299 2.64216
300 2.64554
301 2.65656
302 2.66478
303 2.66944
304 2.67421
305 2.70104
306 2.70836
307 2.71205
308 2.72353
309 2.74339
310 2.75712
311 2.76464
312 2.77186
313 2.77577
314 2.79464
315 2.80941
316 2.81634
317 2.821
318 2.84754
319 2.85699
320 2.86469
321 2.87485
322 2.88196
323 2.90224
324 2.90478
325 2.91006
326 2.92613
327 2.94937
328 2.95501
329 2.95928
330 2.97464
331 2.99965
