1 0.00759
2 0.01117
3 0.0161
4 0.02113
5 0.03078
6 0.0329
7 0.03907
8 0.05509
9 0.05697
10 0.06159
11 0.07913
12 0.09582
13 0.09931
14 0.1053
15 0.10838
16 0.11133
17 0.11881
18 0.12549
19 0.14623
20 0.14955
21 0.15719
22 0.16204
23 0.17521
24 0.18705
25 0.19332
26 0.19947
27 0.20536
28 0.22401
29 0.23092
30 0.23721
31 0.24328
32 0.2517
33 0.25547
34 0.27862
35 0.2929
36 0.32017
37 0.32311
38 0.33429
39 0.35028
40 0.36524
41 0.38271
42 0.38889
43 0.39225
44 0.39549
45 0.40245
46 0.40955
47 0.42288
48 0.42636
49 0.43166
50 0.44589
51 0.46431
52 0.49424
53 0.50264
54 0.50739
55 0.51635
56 0.52014
57 0.5323
58 0.54081
59 0.55995
60 0.57273
61 0.58345
62 0.60929
63 0.62093
64 0.63931
65 0.64271
66 0.64353
67 0.64689
68 0.65081
69 0.65493
70 0.65971
71 0.68269
72 0.69115
73 0.69528
74 0.69785
75 0.70147
76 0.7053
77 0.71063
78 0.7131
79 0.71811
80 0.73524
81 0.75394
82 0.76174
83 0.76607
84 0.78367
85 0.78917
86 0.80396
87 0.8116
88 0.81406
89 0.82215
90 0.853
91 0.85728
92 0.86953
93 0.87294
94 0.88294
95 0.89075
96 0.89797
97 0.90076
98 0.91536
99 0.92826
100 0.9334
101 0.93663
102 0.94012
103 0.95761
104 0.98421
105 0.9937
106 1.00607
107 1.01042
108 1.02349
109 1.02752
110 1.0352
111 1.04396
112 1.04766
113 1.0536
114 1.05715
115 1.06352
116 1.08451
117 1.09788
118 1.10396
119 1.10698
120 1.12099
121 1.13234
122 1.13649
123 1.14114
124 1.14414
125 1.16232
126 1.18834
127 1.19214
128 1.19899
129 1.21049
130 1.2191
131 1.2229
132 1.22593
133 1.23903
134 1.26287
135 1.26814
136 1.27957
137 1.28888
138 1.29416
139 1.30166
140 1.31178
141 1.31789
142 1.31893
143 1.32185
144 1.32952
145 1.36648
146 1.37003
147 1.37611
148 1.38409
149 1.3948
150 1.40249
151 1.40567
152 1.42368
153 1.45136
154 1.46244
155 1.46592
156 1.47923
157 1.48744
158 1.50004
159 1.50316
160 1.55024
161 1.55392
162 1.56542
163 1.56877
164 1.57898
165 1.59236
166 1.6035
167 1.61481
168 1.62644
169 1.63117
170 1.65211
171 1.65657
172 1.68121
173 1.69973
174 1.71554
175 1.72844
176 1.73295
177 1.75286
178 1.75642
179 1.76667
180 1.78267
181 1.78788
182 1.79135
183 1.81803
184 1.8311
185 1.84449
186 1.87495
187 1.88087
188 1.88465
189 1.89045
190 1.8936
191 1.90707
192 1.92503
193 1.92965
194 1.93879
195 1.94367
196 1.96951
197 1.97386
198 1.97724
199 1.98893
200 1.99911
201 2.00882
202 2.023
203 2.03003
204 2.0484
205 2.06605
206 2.07001
207 2.08422
208 2.09366
209 2.10319
210 2.13303
211 2.14528
212 2.15369
213 2.16035
214 2.17765
215 2.19933
216 2.20776
217 2.23667
218 2.25151
219 2.26788
220 2.28202
221 2.29696
222 2.29985
223 2.32419
224 2.33284
225 2.34202
226 2.3489
227 2.35555
228 2.37102
229 2.37834
230 2.3939
231 2.40034
232 2.40533
233 2.41808
234 2.42253
235 2.42384
236 2.43847
237 2.44402
238 2.44702
239 2.4578
240 2.46589
241 2.47045
242 2.49476
243 2.50623
244 2.52639
245 2.53968
246 2.56148
247 2.56714
248 2.57475
249 2.57802
250 2.58442
251 2.59109
252 2.61137
253 2.62099
254 2.63185
255 2.6439
256 2.64507
257 2.6509
258 2.67868
259 2.70559
260 2.72751
261 2.73904
262 2.74821
263 2.75125
264 2.76672
265 2.76973
266 2.78424
267 2.8079
268 2.83594
269 2.85595
270 2.85958
271 2.86819
272 2.8724
273 2.8845
274 2.89561
275 2.89836
276 2.9123
277 2.91616
278 2.94126
279 2.95271
280 2.98105
