1 0.00981
2 0.0119
3 0.01615
4 0.02945
5 0.04156
6 0.04572
7 0.07266
8 0.07527
9 0.08374
10 0.0903
11 0.11103
12 0.11484
13 0.12184
14 0.12485
15 0.13332
16 0.13672
17 0.15708
18 0.17173
19 0.17645
20 0.17898
21 0.19565
22 0.23727
23 0.24294
24 0.24607
25 0.2536
26 0.2622
27 0.26348
28 0.26942
29 0.27648
30 0.29068
31 0.29729
32 0.3117
33 0.3193
34 0.3376
35 0.35464
36 0.36195
37 0.36558
38 0.36892
39 0.38303
40 0.39054
41 0.39534
42 0.39732
43 0.39934
44 0.41599
45 0.43895
46 0.44949
47 0.4516
48 0.45365
49 0.46941
50 0.48139
51 0.48666
52 0.50122
53 0.50533
54 0.51235
55 0.5408
56 0.55934
57 0.58579
58 0.60194
59 0.60726
60 0.61672
61 0.61977
62 0.62362
63 0.63406
64 0.6374
65 0.65416
66 0.66783
67 0.6762
68 0.68808
69 0.6975
70 0.70337
71 0.70679
72 0.70873
73 0.73182
74 0.73283
75 0.73709
76 0.74449
77 0.7459
78 0.75173
79 0.75437
80 0.7633
81 0.77857
82 0.78124
83 0.7851
84 0.80898
85 0.81579
86 0.82359
87 0.83529
88 0.85025
89 0.857
90 0.85921
91 0.86787
92 0.87896
93 0.88211
94 0.88374
95 0.89175
96 0.89978
97 0.91905
98 0.92283
99 0.94086
100 0.94516
101 0.95226
102 0.95515
103 0.97954
104 0.98648
105 0.99422
106 0.99599
107 1.01823
108 1.04095
109 1.06386
110 1.08259
111 1.10135
112 1.11012
113 1.11737
114 1.12954
115 1.1318
116 1.14564
117 1.15132
118 1.15761
119 1.16475
120 1.17555
121 1.1866
122 1.19512
123 1.20211
124 1.20351
125 1.23441
126 1.24862
127 1.29136
128 1.29357
129 1.32016
130 1.323
131 1.33365
132 1.34074
133 1.36
134 1.37636
135 1.38271
136 1.39437
137 1.40474
138 1.41358
139 1.42624
140 1.43313
141 1.44181
142 1.44468
143 1.45129
144 1.46767
145 1.48343
146 1.48682
147 1.49284
148 1.49709
149 1.50293
150 1.51649
151 1.52396
152 1.55159
153 1.56708
154 1.5879
155 1.59562
156 1.61249
157 1.61762
158 1.62116
159 1.62325
160 1.62909
161 1.63263
162 1.64727
163 1.67131
164 1.67409
165 1.70365
166 1.70648
167 1.72089
168 1.72269
169 1.73055
170 1.7336
171 1.73855
172 1.74406
173 1.74898
174 1.76156
175 1.77316
176 1.77611
177 1.79897
178 1.81972
179 1.82303
180 1.82988
181 1.84365
182 1.85537
183 1.86082
184 1.86209
185 1.86488
186 1.87377
187 1.89565
188 1.90626
189 1.91838
190 1.93916
191 1.94155
192 1.94474
193 1.94845
194 1.95579
195 1.95953
196 1.97322
197 1.98285
198 1.98641
199 1.99604
200 2.01551
201 2.01836
202 2.02505
203 2.03634
204 2.05972
205 2.06487
206 2.06566
207 2.071
208 2.08328
209 2.09464
210 2.10988
211 2.11173
212 2.13343
213 2.14529
214 2.14976
215 2.17383
216 2.17672
217 2.2175
218 2.2234
219 2.23066
220 2.23599
221 2.24397
222 2.26101
223 2.29729
224 2.30067
225 2.31839
226 2.33839
227 2.35214
228 2.36074
229 2.36641
230 2.37719
231 2.38839
232 2.39096
233 2.39939
234 2.41657
235 2.42064
236 2.43976
237 2.44159
238 2.47656
239 2.48874
240 2.518
241 2.52388
242 2.52499
243 2.56914
244 2.58072
245 2.58243
246 2.58667
247 2.59369
248 2.60916
249 2.62385
250 2.63322
251 2.64299
252 2.65497
253 2.67064
254 2.67687
255 2.69045
256 2.69207
257 2.70835
258 2.73241
259 2.74175
260 2.7456
261 2.7484
262 2.77713
263 2.79464
264 2.8187
265 2.83217
266 2.84663
267 2.85302
268 2.86642
269 2.87002
270 2.87421
271 2.88384
272 2.89275
273 2.89493
274 2.93554
275 2.93845
276 2.94255
277 2.94387
278 2.94626
279 2.958
280 2.9791
281 2.98308
282 2.99058
283 2.99414
