1 0.01465
2 0.01872
3 0.02272
4 0.02735
5 0.05742
6 0.07644
7 0.09653
8 0.10048
9 0.11746
10 0.13699
11 0.14945
12 0.17858
13 0.21034
14 0.22159
15 0.24775
16 0.27623
17 0.30296
18 0.31568
19 0.33555
20 0.34671
21 0.351
22 0.37479
23 0.38644
24 0.42935
25 0.44589
26 0.46618
27 0.47167
28 0.49147
29 0.51335
30 0.52836
31 0.54899
32 0.55009
33 0.57734
34 0.59289
35 0.66071
36 0.66773
37 0.67504
38 0.68845
39 0.71881
40 0.72729
41 0.75867
42 0.7733
43 0.79829
44 0.81192
45 0.84544
46 0.87982
47 0.91726
48 0.92474
49 0.9298
50 0.96703
51 0.97195
52 0.99891
53 1.01841
54 1.02492
55 1.04546
56 1.05065
57 1.06939
58 1.07577
59 1.0907
60 1.09435
61 1.11185
62 1.15111
63 1.17011
64 1.22351
65 1.23249
66 1.26347
67 1.27076
68 1.27528
69 1.28689
70 1.29578
71 1.30917
72 1.31275
73 1.31919
74 1.3269
75 1.34171
76 1.35589
77 1.37463
78 1.42533
79 1.49916
80 1.51175
81 1.5167
82 1.55898
83 1.56583
84 1.60516
85 1.61896
86 1.63858
87 1.6516
88 1.68122
89 1.70023
90 1.72111
91 1.77358
92 1.79482
93 1.79928
94 1.80871
95 1.83166
96 1.84723
97 1.88072
98 1.92042
99 1.95116
100 1.96711
101 1.99336
102 2.00142
103 2.01893
104 2.02547
105 2.03107
106 2.03818
107 2.04578
108 2.06796
109 2.07271
110 2.07817
111 2.083
112 2.08451
113 2.0949
114 2.10207
115 2.12575
116 2.17352
117 2.18499
118 2.2068
119 2.25229
120 2.26591
121 2.27457
122 2.27988
123 2.28587
124 2.30525
125 2.34679
126 2.3605
127 2.41594
128 2.43142
129 2.45807
130 2.46795
131 2.47301
132 2.54813
133 2.55409
134 2.56772
135 2.5755
136 2.60217
137 2.61944
138 2.6256
139 2.64366
140 2.66942
141 2.67289
142 2.68422
143 2.71868
144 2.74653
145 2.7678
146 2.77242
147 2.82377
148 2.84323
149 2.84987
150 2.85758
151 2.89569
152 2.92132
153 2.93569
154 2.97288
155 2.99593
