1 0.00959
2 0.01442
3 0.0155
4 0.0197
5 0.0288
6 0.04052
7 0.04345
8 0.05195
9 0.082
10 0.08446
11 0.09504
12 0.11789
13 0.12577
14 0.13916
15 0.1413
16 0.1568
17 0.16726
18 0.17001
19 0.17662
20 0.20845
21 0.23027
22 0.24124
23 0.24586
24 0.2693
25 0.27879
26 0.29219
27 0.29857
28 0.31344
29 0.32064
30 0.34039
31 0.35175
32 0.36733
33 0.37584
34 0.3977
35 0.40805
36 0.41635
37 0.41994
38 0.44017
39 0.44893
40 0.4559
41 0.47195
42 0.48125
43 0.50297
44 0.50738
45 0.51257
46 0.52164
47 0.52703
48 0.53013
49 0.53786
50 0.54822
51 0.56739
52 0.57391
53 0.58253
54 0.60101
55 0.60635
56 0.6587
57 0.66314
58 0.66692
59 0.67214
60 0.68565
61 0.69452
62 0.69955
63 0.70137
64 0.70313
65 0.71923
66 0.72813
67 0.7564
68 0.7631
69 0.7676
70 0.76908
71 0.78914
72 0.79297
73 0.80168
74 0.80923
75 0.81096
76 0.81409
77 0.82076
78 0.83373
79 0.84088
80 0.85597
81 0.86013
82 0.86794
83 0.87364
84 0.87611
85 0.88561
86 0.89402
87 0.90704
88 0.91706
89 0.93428
90 0.94139
91 0.94759
92 0.94946
93 0.95194
94 0.96209
95 0.97137
96 0.99379
97 0.99599
98 1.00244
99 1.00455
100 1.0154
101 1.03057
102 1.04798
103 1.0552
104 1.06875
105 1.08277
106 1.09595
107 1.10389
108 1.12334
109 1.14635
110 1.15115
111 1.157
112 1.15944
113 1.16319
114 1.1663
115 1.17407
116 1.19211
117 1.19916
118 1.21273
119 1.22178
120 1.2248
121 1.22832
122 1.23962
123 1.25019
124 1.27567
125 1.27861
126 1.28436
127 1.29757
128 1.30028
129 1.30639
130 1.31832
131 1.35202
132 1.38514
133 1.38973
134 1.39192
135 1.41194
136 1.41669
137 1.42178
138 1.43216
139 1.44189
140 1.44317
141 1.44874
142 1.47012
143 1.47761
144 1.48178
145 1.4901
146 1.50835
147 1.51146
148 1.52299
149 1.53456
150 1.55131
151 1.56331
152 1.5799
153 1.58521
154 1.60102
155 1.608
156 1.61796
157 1.66104
158 1.67876
159 1.68362
160 1.69647
161 1.71035
162 1.71865
163 1.73707
164 1.74081
165 1.74712
166 1.7589
167 1.76631
168 1.77494
169 1.77664
170 1.78296
171 1.79339
172 1.79803
173 1.803
174 1.80388
175 1.80716
176 1.82217
177 1.83499
178 1.83736
179 1.84655
180 1.85178
181 1.86038
182 1.86677
183 1.87698
184 1.88675
185 1.89867
186 1.91033
187 1.91354
188 1.91796
189 1.92465
190 1.93693
191 1.94833
192 1.95971
193 1.96718
194 1.97429
195 1.98416
196 1.99195
197 2.00876
198 2.01223
199 2.03427
200 2.03682
201 2.05027
202 2.06953
203 2.07799
204 2.10929
205 2.11911
206 2.12149
207 2.12777
208 2.13811
209 2.14096
210 2.14722
211 2.15036
212 2.16196
213 2.16539
214 2.16684
215 2.16941
216 2.17714
217 2.20963
218 2.21765
219 2.22192
220 2.22858
221 2.25862
222 2.2619
223 2.2657
224 2.27247
225 2.2834
226 2.29063
227 2.32356
228 2.33078
229 2.33357
230 2.33565
231 2.33919
232 2.34675
233 2.35907
234 2.36583
235 2.37258
236 2.38907
237 2.39557
238 2.41434
239 2.41587
240 2.41838
241 2.42374
242 2.43252
243 2.46243
244 2.48099
245 2.48582
246 2.49129
247 2.51208
248 2.52615
249 2.5285
250 2.53418
251 2.54283
252 2.54811
253 2.57265
254 2.5795
255 2.58491
256 2.59433
257 2.60796
258 2.6237
259 2.63353
260 2.63862
261 2.64999
262 2.6536
263 2.66013
264 2.66597
265 2.67493
266 2.68488
267 2.71357
268 2.71738
269 2.72642
270 2.75094
271 2.77498
272 2.7827
273 2.7862
274 2.79357
275 2.79871
276 2.81249
277 2.83731
278 2.83996
279 2.84505
280 2.85229
281 2.87334
282 2.90004
283 2.91564
284 2.92065
285 2.92784
286 2.93485
287 2.93643
288 2.95589
289 2.97663
290 2.98632
