1 0.00377
2 0.00666
3 0.00764
4 0.00983
5 0.01208
6 0.01877
7 0.02205
8 0.02743
9 0.04388
10 0.05117
11 0.05573
12 0.05976
13 0.07457
14 0.08459
15 0.09984
16 0.10731
17 0.11279
18 0.11577
19 0.11979
20 0.12324
21 0.12985
22 0.13659
23 0.14727
24 0.16048
25 0.16391
26 0.16625
27 0.16802
28 0.17909
29 0.19707
30 0.2268
31 0.23889
32 0.24145
33 0.251
34 0.25401
35 0.26001
36 0.27286
37 0.28251
38 0.28857
39 0.30084
40 0.30342
41 0.30973
42 0.33214
43 0.34309
44 0.35201
45 0.35705
46 0.35997
47 0.36505
48 0.36805
49 0.37706
50 0.38248
51 0.39749
52 0.40491
53 0.41454
54 0.4185
55 0.42381
56 0.43221
57 0.43392
58 0.45762
59 0.45963
60 0.47394
61 0.47968
62 0.4924
63 0.49693
64 0.51268
65 0.51515
66 0.53402
67 0.542
68 0.55186
69 0.55448
70 0.56041
71 0.57323
72 0.59316
73 0.60222
74 0.60645
75 0.61377
76 0.62309
77 0.62818
78 0.63769
79 0.64306
80 0.65252
81 0.66014
82 0.66544
83 0.66876
84 0.67802
85 0.70309
86 0.71015
87 0.71572
88 0.71903
89 0.72427
90 0.74858
91 0.75288
92 0.75552
93 0.76423
94 0.76717
95 0.7857
96 0.79013
97 0.79697
98 0.80116
99 0.81839
100 0.82119
101 0.82384
102 0.82741
103 0.83353
104 0.83637
105 0.84344
106 0.84495
107 0.84869
108 0.8621
109 0.87057
110 0.87806
111 0.87966
112 0.88822
113 0.89196
114 0.90114
115 0.91473
116 0.91837
117 0.92825
118 0.93346
119 0.94537
120 0.95411
121 0.96093
122 0.96973
123 0.97736
124 0.98747
125 1.01081
126 1.01581
127 1.02769
128 1.03582
129 1.03731
130 1.04359
131 1.05146
132 1.05955
133 1.06121
134 1.06357
135 1.07481
136 1.08355
137 1.09647
138 1.10137
139 1.10308
140 1.10521
141 1.11395
142 1.12906
143 1.13975
144 1.14958
145 1.15306
146 1.15612
147 1.16083
148 1.17476
149 1.18496
150 1.20595
151 1.20833
152 1.22175
153 1.23461
154 1.24189
155 1.26202
156 1.26949
157 1.28145
158 1.286
159 1.29459
160 1.30007
161 1.31327
162 1.32561
163 1.33187
164 1.33283
165 1.34708
166 1.35338
167 1.36356
168 1.36616
169 1.38226
170 1.38845
171 1.39861
172 1.40195
173 1.40694
174 1.41042
175 1.42786
176 1.43985
177 1.44727
178 1.46046
179 1.46765
180 1.47034
181 1.4757
182 1.4891
183 1.49802
184 1.50661
185 1.51614
186 1.52488
187 1.52959
188 1.53319
189 1.54239
190 1.54369
191 1.56095
192 1.56593
193 1.56927
194 1.57262
195 1.59951
196 1.60327
197 1.62302
198 1.62668
199 1.62988
200 1.63618
201 1.64465
202 1.66286
203 1.66724
204 1.67002
205 1.67617
206 1.67867
207 1.6809
208 1.68593
209 1.68921
210 1.69261
211 1.70252
212 1.70461
213 1.72679
214 1.74903
215 1.7542
216 1.76058
217 1.78383
218 1.79659
219 1.80277
220 1.80926
221 1.81898
222 1.83639
223 1.84507
224 1.8492
225 1.85561
226 1.86553
227 1.87133
228 1.88675
229 1.89619
230 1.90233
231 1.90482
232 1.91537
233 1.9167
234 1.92336
235 1.92722
236 1.9447
237 1.96708
238 1.97344
239 1.98039
240 1.98626
241 1.98973
242 1.99658
243 2.00127
244 2.0026
245 2.01456
246 2.03051
247 2.04298
248 2.05083
249 2.08759
250 2.10155
251 2.1109
252 2.12006
253 2.12271
254 2.13536
255 2.14368
256 2.14705
257 2.1586
258 2.16768
259 2.17314
260 2.17536
261 2.18612
262 2.19532
263 2.20025
264 2.20302
265 2.21416
266 2.21567
267 2.22553
268 2.23208
269 2.23757
270 2.24449
271 2.25768
272 2.25859
273 2.26278
274 2.2671
275 2.2772
276 2.27896
277 2.28323
278 2.29263
279 2.29845
280 2.30153
281 2.30346
282 2.30499
283 2.31222
284 2.33101
285 2.33384
286 2.34729
287 2.36143
288 2.3681
289 2.37162
290 2.37391
291 2.37974
292 2.38501
293 2.3916
294 2.3966
295 2.40758
296 2.40964
297 2.42725
298 2.4353
299 2.44215
300 2.44886
301 2.45639
302 2.46904
303 2.47253
304 2.47598
305 2.47797
306 2.48634
307 2.4926
308 2.50414
309 2.51251
310 2.51461
311 2.52653
312 2.54733
313 2.5544
314 2.5567
315 2.56564
316 2.58254
317 2.5837
318 2.59136
319 2.59656
320 2.60257
321 2.60696
322 2.61758
323 2.61887
324 2.62232
325 2.63067
326 2.63631
327 2.63803
328 2.64959
329 2.66167
330 2.67633
331 2.68743
332 2.70416
333 2.71197
334 2.71648
335 2.73845
336 2.74451
337 2.7571
338 2.77573
339 2.78211
340 2.78663
341 2.79123
342 2.80051
343 2.80172
344 2.81434
345 2.81962
346 2.82663
347 2.83908
348 2.8427
349 2.8493
350 2.85617
351 2.86306
352 2.86596
353 2.88135
354 2.91274
355 2.92579
356 2.93216
357 2.94504
358 2.95044
359 2.95441
360 2.96017
361 2.96896
362 2.98351
363 2.99071
