1 0.0028
2 0.0065
3 0.00858
4 0.01242
5 0.01544
6 0.01793
7 0.02271
8 0.02385
9 0.02783
10 0.03058
11 0.0361
12 0.0413
13 0.04958
14 0.06295
15 0.06958
16 0.0762
17 0.08476
18 0.09562
19 0.10136
20 0.11397
21 0.11878
22 0.12513
23 0.13201
24 0.14295
25 0.14466
26 0.15895
27 0.16647
28 0.17217
29 0.17395
30 0.17834
31 0.18513
32 0.19586
33 0.2121
34 0.21489
35 0.22173
36 0.22297
37 0.23932
38 0.24256
39 0.24551
40 0.25628
41 0.26348
42 0.26636
43 0.27187
44 0.27872
45 0.28167
46 0.28696
47 0.2902
48 0.29435
49 0.29878
50 0.30104
51 0.30906
52 0.32402
53 0.33686
54 0.34174
55 0.34503
56 0.35827
57 0.36156
58 0.36429
59 0.36816
60 0.37845
61 0.38081
62 0.39029
63 0.39407
64 0.40778
65 0.41862
66 0.42189
67 0.42798
68 0.42928
69 0.44851
70 0.45581
71 0.45944
72 0.46591
73 0.47411
74 0.48493
75 0.4936
76 0.50471
77 0.51812
78 0.51906
79 0.523
80 0.52613
81 0.53179
82 0.54065
83 0.54923
84 0.55924
85 0.56133
86 0.56491
87 0.57265
88 0.57609
89 0.58305
90 0.59672
91 0.59814
92 0.60448
93 0.61255
94 0.61597
95 0.62853
96 0.63676
97 0.6416
98 0.65437
99 0.65886
100 0.66395
101 0.66742
102 0.66894
103 0.67169
104 0.68031
105 0.68219
106 0.70025
107 0.70838
108 0.71508
109 0.72039
110 0.72979
111 0.73841
112 0.74287
113 0.74671
114 0.76585
115 0.76732
116 0.77946
117 0.79902
118 0.81407
119 0.8258
120 0.83228
121 0.84166
122 0.85484
123 0.86796
124 0.87545
125 0.89375
126 0.89542
127 0.90048
128 0.90843
129 0.91537
130 0.91884
131 0.92118
132 0.93307
133 0.94103
134 0.95476
135 0.95837
136 0.96244
137 0.9784
138 0.98754
139 0.99512
140 0.99649
141 1.00924
142 1.01519
143 1.02737
144 1.04026
145 1.04718
146 1.06025
147 1.06297
148 1.09233
149 1.09503
150 1.10015
151 1.10364
152 1.11337
153 1.12137
154 1.12266
155 1.14359
156 1.14483
157 1.15236
158 1.15793
159 1.16874
160 1.17658
161 1.17948
162 1.18555
163 1.19369
164 1.19723
165 1.20133
166 1.20996
167 1.22072
168 1.22569
169 1.22765
170 1.24103
171 1.24738
172 1.25977
173 1.27022
174 1.27487
175 1.28038
176 1.28693
177 1.2953
178 1.30705
179 1.31036
180 1.32102
181 1.32301
182 1.33279
183 1.3412
184 1.34997
185 1.36175
186 1.37538
187 1.39304
188 1.41183
189 1.41543
190 1.41702
191 1.42899
192 1.43397
193 1.45144
194 1.45359
195 1.46671
196 1.48216
197 1.48588
198 1.49733
199 1.49919
200 1.51028
201 1.51349
202 1.51928
203 1.5266
204 1.52818
205 1.53715
206 1.53889
207 1.5522
208 1.55735
209 1.57004
210 1.58544
211 1.59792
212 1.61283
213 1.61547
214 1.62677
215 1.63741
216 1.65133
217 1.65902
218 1.66804
219 1.67759
220 1.71619
221 1.72646
222 1.75574
223 1.76988
224 1.77487
225 1.78636
226 1.79869
227 1.80081
228 1.81105
229 1.81303
230 1.82908
231 1.83311
232 1.84104
233 1.85518
234 1.86153
235 1.86479
236 1.87574
237 1.88204
238 1.88531
239 1.89149
240 1.89782
241 1.90998
242 1.92141
243 1.94035
244 1.94941
245 1.95334
246 1.96729
247 1.96976
248 1.98007
249 1.99434
250 1.99687
251 2.00922
252 2.01296
253 2.01527
254 2.02919
255 2.03625
256 2.05695
257 2.07076
258 2.07358
259 2.08084
260 2.08427
261 2.0912
262 2.09696
263 2.10557
264 2.11176
265 2.13253
266 2.13718
267 2.14783
268 2.15825
269 2.16106
270 2.1751
271 2.18455
272 2.19375
273 2.21147
274 2.21455
275 2.23718
276 2.24398
277 2.2669
278 2.2779
279 2.27945
280 2.29273
281 2.29843
282 2.30876
283 2.31299
284 2.32531
285 2.33711
286 2.33918
287 2.36326
288 2.38827
289 2.39644
290 2.41748
291 2.43007
292 2.44213
293 2.46002
294 2.46153
295 2.47501
296 2.50016
297 2.50589
298 2.5179
299 2.53741
300 2.54618
301 2.54827
302 2.55041
303 2.57071
304 2.57716
305 2.58599
306 2.59327
307 2.59571
308 2.5988
309 2.61612
310 2.61764
311 2.61956
312 2.6232
313 2.6326
314 2.65883
315 2.66387
316 2.67016
317 2.67275
318 2.6858
319 2.69333
320 2.69836
321 2.70398
322 2.71134
323 2.71274
324 2.7229
325 2.72605
326 2.73597
327 2.7407
328 2.75376
329 2.75683
330 2.77353
331 2.77859
332 2.78695
333 2.78833
334 2.79039
335 2.79491
336 2.80033
337 2.80475
338 2.81568
339 2.8192
340 2.8301
341 2.84387
342 2.84951
343 2.8556
344 2.86502
345 2.87008
346 2.8845
347 2.88866
348 2.89302
349 2.89638
350 2.90903
351 2.91266
352 2.91544
353 2.9188
354 2.92472
355 2.9306
356 2.93446
357 2.9449
358 2.95391
359 2.95889
360 2.96521
361 2.97398
362 2.99795
