1 0.00579
2 0.0093
3 0.01416
4 0.02196
5 0.02505
6 0.03438
7 0.03732
8 0.04128
9 0.0444
10 0.04818
11 0.05349
12 0.06029
13 0.06918
14 0.07717
15 0.08931
16 0.09159
17 0.10336
18 0.11064
19 0.11875
20 0.13116
21 0.13557
22 0.13943
23 0.14135
24 0.14853
25 0.15649
26 0.1614
27 0.16354
28 0.16699
29 0.16916
30 0.17623
31 0.18153
32 0.18466
33 0.19802
34 0.20665
35 0.20945
36 0.21551
37 0.22805
38 0.22996
39 0.2398
40 0.24569
41 0.25637
42 0.25962
43 0.27346
44 0.27892
45 0.28458
46 0.30417
47 0.30949
48 0.31715
49 0.32062
50 0.32298
51 0.32882
52 0.33689
53 0.34791
54 0.35334
55 0.37031
56 0.38688
57 0.38868
58 0.39058
59 0.39465
60 0.40253
61 0.40594
62 0.41219
63 0.41535
64 0.42769
65 0.43179
66 0.44118
67 0.44824
68 0.45581
69 0.46472
70 0.46889
71 0.47265
72 0.47663
73 0.47942
74 0.48214
75 0.48943
76 0.49447
77 0.50076
78 0.5079
79 0.52603
80 0.52985
81 0.53631
82 0.54067
83 0.54732
84 0.55124
85 0.55414
86 0.5623
87 0.56914
88 0.58533
89 0.59189
90 0.59767
91 0.60531
92 0.61272
93 0.61944
94 0.64153
95 0.64327
96 0.64982
97 0.65178
98 0.65316
99 0.65744
100 0.66067
101 0.6649
102 0.66882
103 0.6704
104 0.68118
105 0.68839
106 0.70299
107 0.71191
108 0.71727
109 0.72776
110 0.72932
111 0.73015
112 0.73188
113 0.74025
114 0.74346
115 0.76097
116 0.76287
117 0.78334
118 0.78796
119 0.79193
120 0.7964
121 0.79783
122 0.80616
123 0.82301
124 0.83506
125 0.85173
126 0.86241
127 0.87932
128 0.88577
129 0.89764
130 0.9095
131 0.91891
132 0.92622
133 0.93325
134 0.94821
135 0.95019
136 0.96384
137 0.98003
138 0.98797
139 0.99054
140 0.99529
141 1.00321
142 1.01097
143 1.01505
144 1.02315
145 1.02887
146 1.03226
147 1.05045
148 1.05666
149 1.06536
150 1.0802
151 1.08242
152 1.08547
153 1.08891
154 1.09136
155 1.0955
156 1.10177
157 1.13047
158 1.13787
159 1.14383
160 1.14683
161 1.15501
162 1.16264
163 1.16999
164 1.1747
165 1.1936
166 1.20604
167 1.20978
168 1.21887
169 1.22357
170 1.23308
171 1.24078
172 1.24461
173 1.25228
174 1.25796
175 1.26577
176 1.27042
177 1.28057
178 1.29155
179 1.29338
180 1.30198
181 1.30794
182 1.31926
183 1.32332
184 1.32529
185 1.33758
186 1.3471
187 1.35541
188 1.36586
189 1.37058
190 1.38882
191 1.39802
192 1.40377
193 1.4073
194 1.43247
195 1.43617
196 1.43967
197 1.44309
198 1.44693
199 1.45695
200 1.46503
201 1.46825
202 1.47037
203 1.4869
204 1.50024
205 1.50266
206 1.52293
207 1.5293
208 1.53844
209 1.54952
210 1.55133
211 1.55374
212 1.56656
213 1.5698
214 1.57743
215 1.59803
216 1.60233
217 1.60947
218 1.61896
219 1.63281
220 1.63406
221 1.63935
222 1.64248
223 1.64562
224 1.65032
225 1.65149
226 1.65302
227 1.66287
228 1.66623
229 1.67061
230 1.68886
231 1.69336
232 1.6993
233 1.70143
234 1.70459
235 1.70889
236 1.73174
237 1.74056
238 1.74631
239 1.75003
240 1.75856
241 1.76641
242 1.78185
243 1.79749
244 1.80004
245 1.8095
246 1.8202
247 1.82789
248 1.82983
249 1.83613
250 1.83819
251 1.84753
252 1.84978
253 1.85325
254 1.87165
255 1.87798
256 1.88195
257 1.88497
258 1.88785
259 1.88973
260 1.89127
261 1.89702
262 1.91373
263 1.93383
264 1.93514
265 1.94905
266 1.95159
267 1.97955
268 1.98129
269 1.98815
270 1.99677
271 2.00446
272 2.00766
273 2.01631
274 2.02564
275 2.03623
276 2.04475
277 2.05733
278 2.07135
279 2.07291
280 2.07624
281 2.08173
282 2.09127
283 2.0943
284 2.10644
285 2.11281
286 2.12836
287 2.132
288 2.14233
289 2.14718
290 2.15455
291 2.15785
292 2.16352
293 2.17575
294 2.17977
295 2.18355
296 2.19271
297 2.20187
298 2.2091
299 2.2127
300 2.21873
301 2.21995
302 2.22812
303 2.23338
304 2.24323
305 2.25905
306 2.26606
307 2.29438
308 2.30394
309 2.31298
310 2.31893
311 2.322
312 2.34956
313 2.35463
314 2.3706
315 2.37247
316 2.38954
317 2.3939
318 2.3972
319 2.39842
320 2.40699
321 2.40939
322 2.41924
323 2.44275
324 2.45413
325 2.45851
326 2.46189
327 2.47632
328 2.49743
329 2.49881
330 2.51472
331 2.52063
332 2.53115
333 2.53791
334 2.54175
335 2.54685
336 2.54891
337 2.56024
338 2.57224
339 2.57721
340 2.58308
341 2.5943
342 2.59561
343 2.6032
344 2.6111
345 2.62487
346 2.63201
347 2.65287
348 2.66129
349 2.66624
350 2.67067
351 2.6852
352 2.68947
353 2.7095
354 2.72184
355 2.72717
356 2.7476
357 2.75823
358 2.76949
359 2.7737
360 2.7857
361 2.79925
362 2.81381
363 2.81746
364 2.83061
365 2.83705
366 2.84299
367 2.85412
368 2.86721
369 2.88679
370 2.89256
371 2.89687
372 2.90799
373 2.91313
374 2.92573
375 2.93682
376 2.94699
377 2.95856
378 2.96407
379 2.97424
380 2.9793
381 2.99122
382 2.99368
