1 0.01224
2 0.02207
3 0.0413
4 0.05541
5 0.0681
6 0.07205
7 0.08197
8 0.08723
9 0.09106
10 0.09389
11 0.10342
12 0.10637
13 0.10861
14 0.1233
15 0.12857
16 0.1317
17 0.14449
18 0.15225
19 0.15578
20 0.15786
21 0.18119
22 0.18831
23 0.20992
24 0.21575
25 0.22143
26 0.22579
27 0.23259
28 0.2391
29 0.25037
30 0.25515
31 0.26691
32 0.26869
33 0.27674
34 0.28185
35 0.28462
36 0.28608
37 0.30289
38 0.30823
39 0.31668
40 0.32363
41 0.33297
42 0.33986
43 0.34173
44 0.3508
45 0.35281
46 0.37176
47 0.37829
48 0.38615
49 0.39911
50 0.40258
51 0.40799
52 0.41977
53 0.42811
54 0.4379
55 0.45893
56 0.47022
57 0.47455
58 0.47654
59 0.48131
60 0.48339
61 0.49151
62 0.49818
63 0.52326
64 0.52721
65 0.54145
66 0.54543
67 0.5475
68 0.55496
69 0.56011
70 0.56569
71 0.57522
72 0.58016
73 0.59184
74 0.59558
75 0.62183
76 0.63468
77 0.64907
78 0.65306
79 0.66166
80 0.66787
81 0.6776
82 0.68428
83 0.69341
84 0.702
85 0.7113
86 0.71759
87 0.72119
88 0.72521
89 0.73098
90 0.738
91 0.73967
92 0.756
93 0.76331
94 0.76604
95 0.77205
96 0.77955
97 0.78762
98 0.7937
99 0.79921
100 0.81217
101 0.82032
102 0.82707
103 0.82892
104 0.83094
105 0.83636
106 0.8448
107 0.84742
108 0.85781
109 0.87185
110 0.89224
111 0.89916
112 0.90967
113 0.91951
114 0.92768
115 0.93409
116 0.93589
117 0.94618
118 0.96325
119 0.9759
120 0.97848
121 0.98451
122 1.00848
123 1.01025
124 1.01306
125 1.02251
126 1.04205
127 1.05774
128 1.06116
129 1.06583
130 1.07933
131 1.08986
132 1.09402
133 1.09806
134 1.1024
135 1.10464
136 1.11041
137 1.11347
138 1.12317
139 1.12642
140 1.13248
141 1.14752
142 1.16326
143 1.18666
144 1.18935
145 1.19815
146 1.20505
147 1.21223
148 1.21898
149 1.23158
150 1.2378
151 1.24256
152 1.24881
153 1.26202
154 1.26618
155 1.27022
156 1.28526
157 1.29717
158 1.31166
159 1.32196
160 1.32883
161 1.33212
162 1.34404
163 1.34606
164 1.34958
165 1.35323
166 1.36156
167 1.36341
168 1.36852
169 1.37726
170 1.38482
171 1.38874
172 1.39202
173 1.39449
174 1.39741
175 1.40275
176 1.41117
177 1.42364
178 1.43021
179 1.43287
180 1.447
181 1.4536
182 1.46134
183 1.47107
184 1.48617
185 1.4946
186 1.4967
187 1.52356
188 1.54084
189 1.5525
190 1.55672
191 1.55941
192 1.56252
193 1.57756
194 1.59531
195 1.60406
196 1.61651
197 1.64388
198 1.65778
199 1.66971
200 1.68603
201 1.6921
202 1.70683
203 1.71149
204 1.72369
205 1.72776
206 1.73213
207 1.74338
208 1.75144
209 1.75875
210 1.7603
211 1.77762
212 1.78079
213 1.78646
214 1.79586
215 1.82164
216 1.82327
217 1.84345
218 1.84561
219 1.84841
220 1.87032
221 1.87826
222 1.87995
223 1.88135
224 1.88807
225 1.89226
226 1.89431
227 1.90544
228 1.90742
229 1.93364
230 1.94373
231 1.9499
232 1.95558
233 1.97552
234 1.97817
235 1.99073
236 1.99242
237 1.99607
238 2.00678
239 2.01113
240 2.02333
241 2.02826
242 2.04539
243 2.05025
244 2.07592
245 2.09318
246 2.09691
247 2.10599
248 2.1122
249 2.11721
250 2.12665
251 2.13622
252 2.1396
253 2.15741
254 2.16294
255 2.16844
256 2.17186
257 2.20248
258 2.2136
259 2.2158
260 2.22164
261 2.2253
262 2.22744
263 2.24011
264 2.24379
265 2.26096
266 2.26567
267 2.27766
268 2.28566
269 2.28756
270 2.30316
271 2.31546
272 2.32123
273 2.3225
274 2.3279
275 2.3371
276 2.34047
277 2.35394
278 2.36107
279 2.36862
280 2.38523
281 2.41192
282 2.41792
283 2.4206
284 2.42404
285 2.43087
286 2.44292
287 2.44665
288 2.44836
289 2.45081
290 2.45978
291 2.46642
292 2.47552
293 2.49166
294 2.49568
295 2.50908
296 2.51618
297 2.52163
298 2.52459
299 2.5262
300 2.5426
301 2.55431
302 2.56052
303 2.56692
304 2.57842
305 2.58592
306 2.58753
307 2.5891
308 2.59277
309 2.59886
310 2.60365
311 2.6081
312 2.61533
313 2.62515
314 2.62995
315 2.63433
316 2.64024
317 2.64749
318 2.6512
319 2.6613
320 2.66745
321 2.66902
322 2.6829
323 2.68459
324 2.69599
325 2.72094
326 2.72848
327 2.73102
328 2.74128
329 2.74824
330 2.75815
331 2.76124
332 2.76962
333 2.77261
334 2.7877
335 2.79608
336 2.81392
337 2.8187
338 2.82634
339 2.82829
340 2.83453
341 2.83847
342 2.84357
343 2.85009
344 2.87782
345 2.88336
346 2.89149
347 2.89806
348 2.90566
349 2.91378
350 2.92392
351 2.93593
352 2.93978
353 2.96066
354 2.96738
355 2.97168
356 2.97747
357 2.99087
358 2.99511
