1 0.00464
2 0.01445
3 0.02073
4 0.03364
5 0.03555
6 0.03802
7 0.03984
8 0.04906
9 0.0634
10 0.07363
11 0.08183
12 0.08962
13 0.09804
14 0.10258
15 0.10492
16 0.10609
17 0.11038
18 0.1188
19 0.12879
20 0.1393
21 0.15002
22 0.16329
23 0.17267
24 0.18498
25 0.19542
26 0.20178
27 0.2079
28 0.22476
29 0.2296
30 0.2387
31 0.25812
32 0.26721
33 0.26901
34 0.27672
35 0.28033
36 0.28254
37 0.28443
38 0.29918
39 0.30801
40 0.30956
41 0.31837
42 0.32092
43 0.33101
44 0.33774
45 0.35888
46 0.36562
47 0.38357
48 0.39396
49 0.42012
50 0.42307
51 0.4358
52 0.45167
53 0.46011
54 0.46447
55 0.47662
56 0.49143
57 0.50173
58 0.51417
59 0.51909
60 0.52479
61 0.52721
62 0.53247
63 0.53592
64 0.54937
65 0.5554
66 0.57868
67 0.58847
68 0.59389
69 0.6044
70 0.6092
71 0.61869
72 0.62736
73 0.63967
74 0.65685
75 0.66212
76 0.66376
77 0.66792
78 0.67511
79 0.67774
80 0.68686
81 0.69193
82 0.70035
83 0.71715
84 0.72354
85 0.72822
86 0.75
87 0.75657
88 0.77557
89 0.78576
90 0.79354
91 0.80103
92 0.8124
93 0.82362
94 0.84117
95 0.8533
96 0.86019
97 0.86414
98 0.86757
99 0.88739
100 0.89709
101 0.90245
102 0.9084
103 0.91497
104 0.92178
105 0.92878
106 0.93748
107 0.9423
108 0.95727
109 0.97837
110 0.99202
111 1.01734
112 1.02598
113 1.02854
114 1.05602
115 1.06247
116 1.07969
117 1.10717
118 1.11087
119 1.1281
120 1.13099
121 1.13557
122 1.13851
123 1.14275
124 1.15351
125 1.1829
126 1.18621
127 1.21449
128 1.22176
129 1.23368
130 1.25952
131 1.26174
132 1.27867
133 1.29176
134 1.30676
135 1.31831
136 1.32846
137 1.33217
138 1.3341
139 1.33876
140 1.3422
141 1.34377
142 1.34758
143 1.35918
144 1.36539
145 1.37042
146 1.40008
147 1.40251
148 1.4045
149 1.41563
150 1.41836
151 1.42035
152 1.42191
153 1.45579
154 1.45887
155 1.46812
156 1.47711
157 1.47982
158 1.49272
159 1.49668
160 1.50097
161 1.51531
162 1.52391
163 1.52726
164 1.52917
165 1.54224
166 1.54963
167 1.55669
168 1.57415
169 1.59659
170 1.59894
171 1.60167
172 1.60398
173 1.61048
174 1.61237
175 1.62211
176 1.6424
177 1.65412
178 1.67424
179 1.69079
180 1.70043
181 1.70878
182 1.71565
183 1.71854
184 1.72605
185 1.74183
186 1.76741
187 1.77114
188 1.77434
189 1.79129
190 1.80101
191 1.81828
192 1.82333
193 1.83199
194 1.8389
195 1.85426
196 1.85782
197 1.87565
198 1.88308
199 1.89272
200 1.89581
201 1.89781
202 1.90574
203 1.91086
204 1.91652
205 1.95842
206 1.98698
207 1.98907
208 2.00016
209 2.02371
210 2.03029
211 2.04319
212 2.05026
213 2.05628
214 2.06484
215 2.06675
216 2.07358
217 2.07779
218 2.08469
219 2.10715
220 2.11378
221 2.12722
222 2.13154
223 2.13444
224 2.1397
225 2.15163
226 2.1766
227 2.18136
228 2.1917
229 2.20764
230 2.21875
231 2.23244
232 2.23541
233 2.23754
234 2.26276
235 2.28234
236 2.29533
237 2.30555
238 2.31085
239 2.31535
240 2.32434
241 2.33004
242 2.34768
243 2.35414
244 2.35704
245 2.35878
246 2.36079
247 2.36405
248 2.37175
249 2.38295
250 2.38568
251 2.38855
252 2.39697
253 2.40675
254 2.41014
255 2.41367
256 2.42068
257 2.42407
258 2.42976
259 2.43671
260 2.45199
261 2.46758
262 2.4959
263 2.50942
264 2.54017
265 2.55304
266 2.56745
267 2.57236
268 2.58934
269 2.60518
270 2.62028
271 2.63183
272 2.64389
273 2.65294
274 2.66076
275 2.66259
276 2.68886
277 2.69272
278 2.70328
279 2.71264
280 2.71429
281 2.71675
282 2.73938
283 2.74835
284 2.76179
285 2.76535
286 2.77287
287 2.78146
288 2.78336
289 2.7917
290 2.80616
291 2.80906
292 2.81732
293 2.82197
294 2.82454
295 2.83103
296 2.8382
297 2.85048
298 2.85239
299 2.85776
300 2.88519
301 2.8976
302 2.9147
303 2.9204
304 2.94127
305 2.94332
306 2.95176
307 2.96072
308 2.97023
309 2.98623
310 2.99515
311 2.99883
