1 0.0108
2 0.01541
3 0.04924
4 0.05401
5 0.07311
6 0.07491
7 0.08395
8 0.09501
9 0.09761
10 0.1111
11 0.11667
12 0.12266
13 0.12933
14 0.13302
15 0.13712
16 0.13986
17 0.14824
18 0.17092
19 0.18724
20 0.18956
21 0.19547
22 0.19924
23 0.20534
24 0.21269
25 0.22936
26 0.23096
27 0.23674
28 0.23849
29 0.24086
30 0.24416
31 0.26084
32 0.27272
33 0.28659
34 0.28788
35 0.29379
36 0.31131
37 0.32485
38 0.32761
39 0.33274
40 0.33475
41 0.33737
42 0.35761
43 0.35856
44 0.36517
45 0.3707
46 0.37845
47 0.38804
48 0.39159
49 0.39544
50 0.39796
51 0.40536
52 0.42204
53 0.43667
54 0.44005
55 0.44888
56 0.4538
57 0.46097
58 0.46913
59 0.47642
60 0.4883
61 0.49614
62 0.50404
63 0.50625
64 0.51192
65 0.52113
66 0.52885
67 0.54797
68 0.55778
69 0.59498
70 0.59739
71 0.60408
72 0.61269
73 0.6206
74 0.63138
75 0.63716
76 0.64896
77 0.65212
78 0.66744
79 0.68109
80 0.68627
81 0.68767
82 0.69097
83 0.70444
84 0.71723
85 0.72424
86 0.72816
87 0.73257
88 0.73743
89 0.74109
90 0.74689
91 0.7608
92 0.76524
93 0.77651
94 0.79588
95 0.79996
96 0.82112
97 0.83659
98 0.8515
99 0.85616
100 0.87152
101 0.88491
102 0.88794
103 0.89032
104 0.90331
105 0.91507
106 0.92767
107 0.94369
108 0.94541
109 0.95448
110 0.96785
111 0.9723
112 0.98118
113 0.99091
114 1.01558
115 1.02006
116 1.02874
117 1.04678
118 1.06105
119 1.06899
120 1.0872
121 1.10018
122 1.10235
123 1.10869
124 1.11347
125 1.12912
126 1.13498
127 1.15944
128 1.16678
129 1.17099
130 1.18092
131 1.18397
132 1.18539
133 1.18843
134 1.19337
135 1.20602
136 1.21737
137 1.22884
138 1.23384
139 1.23865
140 1.25636
141 1.29308
142 1.30828
143 1.31455
144 1.33178
145 1.33566
146 1.34393
147 1.355
148 1.36168
149 1.36742
150 1.37041
151 1.37818
152 1.38017
153 1.38438
154 1.39072
155 1.40287
156 1.4104
157 1.41931
158 1.42219
159 1.42959
160 1.43905
161 1.45176
162 1.45794
163 1.47032
164 1.47197
165 1.48282
166 1.49114
167 1.50683
168 1.51453
169 1.52469
170 1.55907
171 1.56633
172 1.58116
173 1.58472
174 1.6016
175 1.6069
176 1.61284
177 1.61766
178 1.6271
179 1.62811
180 1.65051
181 1.65401
182 1.65557
183 1.67658
184 1.69428
185 1.6999
186 1.70341
187 1.70645
188 1.7091
189 1.71977
190 1.72681
191 1.7393
192 1.77312
193 1.80742
194 1.81326
195 1.82541
196 1.83075
197 1.84137
198 1.8429
199 1.84409
200 1.84653
201 1.85631
202 1.86459
203 1.86854
204 1.8741
205 1.88147
206 1.88433
207 1.89523
208 1.89909
209 1.90463
210 1.90737
211 1.92386
212 1.92968
213 1.93853
214 1.94451
215 1.98937
216 1.99958
217 2.01334
218 2.01574
219 2.02374
220 2.03814
221 2.04561
222 2.05772
223 2.07019
224 2.0868
225 2.08933
226 2.10643
227 2.11482
228 2.11882
229 2.12549
230 2.13445
231 2.14048
232 2.1446
233 2.15076
234 2.15396
235 2.16244
236 2.16826
237 2.16996
238 2.17947
239 2.18914
240 2.20043
241 2.23402
242 2.24927
243 2.25453
244 2.26339
245 2.30591
246 2.3216
247 2.34132
248 2.34931
249 2.35128
250 2.35575
251 2.36185
252 2.36508
253 2.37378
254 2.37596
255 2.37892
256 2.39262
257 2.39556
258 2.40259
259 2.41685
260 2.44219
261 2.44491
262 2.44643
263 2.44943
264 2.457
265 2.46052
266 2.47095
267 2.47464
268 2.47983
269 2.4891
270 2.49581
271 2.50139
272 2.50261
273 2.51761
274 2.53142
275 2.5583
276 2.58713
277 2.6026
278 2.61309
279 2.62553
280 2.63283
281 2.63983
282 2.64217
283 2.64507
284 2.65154
285 2.66616
286 2.68039
287 2.68582
288 2.69076
289 2.6981
290 2.70736
291 2.71025
292 2.7125
293 2.73499
294 2.74566
295 2.75221
296 2.77017
297 2.77873
298 2.81172
299 2.83354
300 2.83505
301 2.83898
302 2.84442
303 2.84981
304 2.859
305 2.86051
306 2.86891
307 2.87798
308 2.88189
309 2.89098
310 2.896
311 2.89869
312 2.90438
313 2.92334
314 2.9412
315 2.94755
316 2.95535
