1 0.00499
2 0.00975
3 0.01476
4 0.02309
5 0.0274
6 0.03264
7 0.03396
8 0.04185
9 0.04359
10 0.04656
11 0.05374
12 0.06138
13 0.06889
14 0.08062
15 0.08449
16 0.08841
17 0.10087
18 0.11646
19 0.12394
20 0.1274
21 0.13198
22 0.13669
23 0.14762
24 0.15045
25 0.15812
26 0.17514
27 0.17835
28 0.18914
29 0.19234
30 0.19471
31 0.20004
32 0.20438
33 0.2125
34 0.2186
35 0.23774
36 0.24148
37 0.2438
38 0.24906
39 0.25306
40 0.27415
41 0.27729
42 0.28223
43 0.2847
44 0.29069
45 0.30823
46 0.31922
47 0.32423
48 0.33176
49 0.34052
50 0.34469
51 0.35375
52 0.35592
53 0.36213
54 0.36924
55 0.37209
56 0.37418
57 0.39186
58 0.39415
59 0.39738
60 0.4002
61 0.40914
62 0.41997
63 0.42279
64 0.43268
65 0.44167
66 0.44677
67 0.45049
68 0.45516
69 0.4684
70 0.47076
71 0.4726
72 0.4772
73 0.48212
74 0.48383
75 0.49855
76 0.50418
77 0.50627
78 0.51218
79 0.51911
80 0.52349
81 0.53275
82 0.53529
83 0.53998
84 0.55785
85 0.56364
86 0.57142
87 0.58268
88 0.59582
89 0.60108
90 0.60564
91 0.60814
92 0.61062
93 0.61785
94 0.63274
95 0.64622
96 0.65564
97 0.65968
98 0.66413
99 0.66838
100 0.67835
101 0.69089
102 0.69707
103 0.70497
104 0.71868
105 0.72629
106 0.72936
107 0.74348
108 0.75292
109 0.75497
110 0.76369
111 0.76767
112 0.7797
113 0.78833
114 0.79449
115 0.79628
116 0.803
117 0.8056
118 0.80781
119 0.8101
120 0.82098
121 0.82436
122 0.83529
123 0.8436
124 0.84982
125 0.85397
126 0.85856
127 0.8611
128 0.86591
129 0.88055
130 0.89945
131 0.90972
132 0.91954
133 0.92199
134 0.92617
135 0.9381
136 0.94973
137 0.95567
138 0.96433
139 0.97486
140 0.98129
141 0.99479
142 1.01796
143 1.02327
144 1.02872
145 1.04496
146 1.05826
147 1.06602
148 1.06863
149 1.07398
150 1.08004
151 1.0819
152 1.08851
153 1.09659
154 1.11377
155 1.11874
156 1.12723
157 1.13636
158 1.15227
159 1.15793
160 1.1702
161 1.17558
162 1.17997
163 1.1871
164 1.19515
165 1.19845
166 1.20053
167 1.20966
168 1.21382
169 1.22509
170 1.22759
171 1.23454
172 1.24517
173 1.24903
174 1.25807
175 1.26239
176 1.2769
177 1.30558
178 1.30996
179 1.32567
180 1.34434
181 1.34616
182 1.36858
183 1.38296
184 1.4096
185 1.4224
186 1.43114
187 1.43531
188 1.44019
189 1.45381
190 1.46406
191 1.46804
192 1.47812
193 1.49033
194 1.4953
195 1.50907
196 1.52421
197 1.52647
198 1.54093
199 1.55185
200 1.56266
201 1.57706
202 1.58153
203 1.59361
204 1.61137
205 1.61395
206 1.63382
207 1.636
208 1.64147
209 1.64487
210 1.64636
211 1.67007
212 1.67271
213 1.67888
214 1.695
215 1.70318
216 1.71334
217 1.73729
218 1.7462
219 1.76553
220 1.7728
221 1.79044
222 1.80748
223 1.81894
224 1.83969
225 1.85084
226 1.85527
227 1.86841
228 1.87101
229 1.87599
230 1.87903
231 1.88083
232 1.88191
233 1.88892
234 1.89481
235 1.89852
236 1.90447
237 1.91242
238 1.92429
239 1.93641
240 1.93957
241 1.94739
242 1.96241
243 1.9787
244 1.98732
245 1.99496
246 1.99682
247 2.00991
248 2.01191
249 2.0215
250 2.02438
251 2.02896
252 2.04367
253 2.05439
254 2.06911
255 2.07821
256 2.08361
257 2.10598
258 2.11413
259 2.14002
260 2.14998
261 2.15266
262 2.16582
263 2.17137
264 2.17298
265 2.18422
266 2.18989
267 2.2007
268 2.20867
269 2.21614
270 2.22804
271 2.2504
272 2.26147
273 2.26856
274 2.271
275 2.28366
276 2.29921
277 2.30378
278 2.30659
279 2.31563
280 2.32163
281 2.34126
282 2.35045
283 2.35755
284 2.35953
285 2.38315
286 2.39745
287 2.40595
288 2.41472
289 2.42475
290 2.43565
291 2.44315
292 2.45467
293 2.46253
294 2.48425
295 2.49017
296 2.49451
297 2.50057
298 2.51659
299 2.5221
300 2.52968
301 2.53531
302 2.53768
303 2.5653
304 2.56809
305 2.57279
306 2.57546
307 2.58277
308 2.58957
309 2.59407
310 2.59786
311 2.61755
312 2.62536
313 2.63526
314 2.64575
315 2.65649
316 2.65929
317 2.67414
318 2.68993
319 2.70246
320 2.71042
321 2.71904
322 2.72706
323 2.75519
324 2.75719
325 2.77322
326 2.77783
327 2.78251
328 2.79028
329 2.79242
330 2.79622
331 2.80227
332 2.82698
333 2.83504
334 2.8445
335 2.8646
336 2.88391
337 2.88902
338 2.89693
339 2.89997
340 2.91667
341 2.92613
342 2.93491
343 2.93625
344 2.93935
345 2.94213
346 2.9477
347 2.9612
348 2.96757
349 2.97458
350 2.97967
351 2.98756
352 2.99805
