1 0.0045
2 0.00828
3 0.01674
4 0.03828
5 0.04467
6 0.05929
7 0.06865
8 0.07231
9 0.08265
10 0.08746
11 0.09117
12 0.11472
13 0.11931
14 0.12716
15 0.13288
16 0.13892
17 0.14128
18 0.151
19 0.16737
20 0.17438
21 0.17876
22 0.18095
23 0.19152
24 0.20068
25 0.20368
26 0.21123
27 0.21287
28 0.22148
29 0.22401
30 0.23903
31 0.2421
32 0.2604
33 0.26208
34 0.2656
35 0.2927
36 0.32276
37 0.3447
38 0.36909
39 0.3719
40 0.37901
41 0.38405
42 0.39214
43 0.39916
44 0.41039
45 0.41289
46 0.41755
47 0.42654
48 0.4298
49 0.43152
50 0.45189
51 0.46321
52 0.46776
53 0.47679
54 0.48763
55 0.49367
56 0.50118
57 0.51079
58 0.51255
59 0.51947
60 0.52639
61 0.53072
62 0.53595
63 0.54362
64 0.55243
65 0.56464
66 0.5689
67 0.57461
68 0.57604
69 0.58707
70 0.59618
71 0.60043
72 0.61385
73 0.61761
74 0.61934
75 0.6328
76 0.63584
77 0.66521
78 0.66871
79 0.67393
80 0.68321
81 0.70016
82 0.72091
83 0.72882
84 0.7507
85 0.77318
86 0.77538
87 0.78348
88 0.78846
89 0.79696
90 0.80519
91 0.8126
92 0.84295
93 0.84525
94 0.84619
95 0.85421
96 0.86184
97 0.88614
98 0.88946
99 0.9122
100 0.91636
101 0.92294
102 0.92604
103 0.92787
104 0.92946
105 0.93683
106 0.93956
107 0.94115
108 0.9486
109 0.95313
110 0.96267
111 0.96566
112 0.96686
113 0.96825
114 0.98807
115 0.99572
116 0.99967
117 1.00437
118 1.00752
119 1.01236
120 1.01403
121 1.02187
122 1.03532
123 1.04711
124 1.05434
125 1.06185
126 1.06924
127 1.07499
128 1.08263
129 1.08451
130 1.09598
131 1.09888
132 1.10115
133 1.11559
134 1.12349
135 1.12792
136 1.14084
137 1.15625
138 1.15989
139 1.16499
140 1.171
141 1.1743
142 1.17869
143 1.1888
144 1.21036
145 1.23038
146 1.23874
147 1.24301
148 1.25588
149 1.25912
150 1.26094
151 1.26534
152 1.27121
153 1.27538
154 1.28126
155 1.28855
156 1.30796
157 1.31733
158 1.3308
159 1.338
160 1.34533
161 1.35102
162 1.37549
163 1.3788
164 1.38363
165 1.39051
166 1.39779
167 1.39884
168 1.41021
169 1.42115
170 1.4435
171 1.44956
172 1.45562
173 1.47261
174 1.47764
175 1.48367
176 1.49163
177 1.49581
178 1.51695
179 1.52522
180 1.53008
181 1.53609
182 1.5483
183 1.55682
184 1.56125
185 1.56996
186 1.57623
187 1.58082
188 1.59355
189 1.59793
190 1.60234
191 1.62154
192 1.63332
193 1.64961
194 1.66924
195 1.67715
196 1.69541
197 1.7031
198 1.70686
199 1.71177
200 1.7257
201 1.74304
202 1.75289
203 1.75745
204 1.76449
205 1.76911
206 1.77386
207 1.78087
208 1.79228
209 1.80016
210 1.80585
211 1.81729
212 1.82796
213 1.83232
214 1.83594
215 1.8443
216 1.84934
217 1.85206
218 1.85354
219 1.85759
220 1.86624
221 1.87919
222 1.89361
223 1.91108
224 1.92027
225 1.92528
226 1.93841
227 1.95919
228 1.96294
229 1.97572
230 1.97746
231 1.99132
232 2.01493
233 2.02085
234 2.02322
235 2.02688
236 2.03535
237 2.04253
238 2.04503
239 2.05578
240 2.07245
241 2.07503
242 2.08468
243 2.09
244 2.11215
245 2.1142
246 2.13251
247 2.16275
248 2.16396
249 2.16544
250 2.16929
251 2.2161
252 2.21775
253 2.22578
254 2.24125
255 2.2451
256 2.26753
257 2.27597
258 2.28346
259 2.28613
260 2.29684
261 2.30169
262 2.30775
263 2.32154
264 2.32411
265 2.3376
266 2.34478
267 2.34693
268 2.37548
269 2.38178
270 2.38521
271 2.40901
272 2.42754
273 2.44612
274 2.46084
275 2.46365
276 2.4735
277 2.48144
278 2.48699
279 2.49137
280 2.49885
281 2.51016
282 2.51664
283 2.52537
284 2.54577
285 2.55571
286 2.56206
287 2.56438
288 2.57006
289 2.57302
290 2.58834
291 2.59108
292 2.59368
293 2.60148
294 2.61136
295 2.6173
296 2.62227
297 2.63392
298 2.63796
299 2.64726
300 2.65723
301 2.66091
302 2.66457
303 2.66823
304 2.67079
305 2.67745
306 2.68529
307 2.69602
308 2.71856
309 2.72794
310 2.74003
311 2.7445
312 2.74811
313 2.76357
314 2.7722
315 2.78027
316 2.78659
317 2.79558
318 2.81121
319 2.81733
320 2.82132
321 2.82523
322 2.83879
323 2.84847
324 2.85095
325 2.86993
326 2.88247
327 2.89762
328 2.91145
329 2.91926
330 2.92198
331 2.94611
332 2.94819
333 2.95703
334 2.96156
335 2.97135
336 2.97705
337 2.97956
338 2.98734
