1 0.00831
2 0.02739
3 0.06327
4 0.06522
5 0.06929
6 0.0706
7 0.08106
8 0.08977
9 0.11252
10 0.11951
11 0.12826
12 0.13437
13 0.14045
14 0.14682
15 0.19362
16 0.20119
17 0.22147
18 0.22647
19 0.24553
20 0.27484
21 0.29503
22 0.30918
23 0.31503
24 0.32701
25 0.34186
26 0.351
27 0.36962
28 0.37628
29 0.38466
30 0.39042
31 0.41505
32 0.41612
33 0.42903
34 0.43479
35 0.44105
36 0.44715
37 0.46208
38 0.49365
39 0.50449
40 0.52136
41 0.52775
42 0.54272
43 0.55042
44 0.56315
45 0.59818
46 0.61204
47 0.62028
48 0.64441
49 0.65265
50 0.65661
51 0.67364
52 0.69476
53 0.70679
54 0.75202
55 0.78144
56 0.82
57 0.83253
58 0.85518
59 0.86843
60 0.88296
61 0.88884
62 0.9304
63 0.93628
64 0.95001
65 0.97259
66 0.99774
67 1.01784
68 1.04111
69 1.05779
70 1.08539
71 1.09011
72 1.10484
73 1.10925
74 1.1137
75 1.1227
76 1.12873
77 1.16062
78 1.21638
79 1.23666
80 1.24236
81 1.24604
82 1.25672
83 1.26484
84 1.27523
85 1.28652
86 1.29577
87 1.30394
88 1.31236
89 1.31996
90 1.32445
91 1.33572
92 1.34578
93 1.35499
94 1.36456
95 1.38545
96 1.41137
97 1.43115
98 1.44249
99 1.47666
100 1.5167
101 1.54301
102 1.55239
103 1.57195
104 1.59045
105 1.6213
106 1.67438
107 1.68138
108 1.69223
109 1.74381
110 1.7498
111 1.75412
112 1.77365
113 1.78904
114 1.81534
115 1.82135
116 1.82614
117 1.84985
118 1.85402
119 1.88309
120 1.90342
121 1.91857
122 1.92565
123 1.93403
124 1.94759
125 1.95966
126 1.96092
127 1.98058
128 1.99014
129 2.0189
130 2.02537
131 2.04656
132 2.06118
133 2.07732
134 2.08398
135 2.09073
136 2.09669
137 2.10138
138 2.10542
139 2.13473
140 2.14229
141 2.14882
142 2.15564
143 2.16035
144 2.17242
145 2.18527
146 2.19113
147 2.19264
148 2.19719
149 2.21738
150 2.24487
151 2.24983
152 2.27384
153 2.28524
154 2.29039
155 2.29424
156 2.31254
157 2.32468
158 2.34721
159 2.36884
160 2.37324
161 2.40864
162 2.41488
163 2.46831
164 2.47406
165 2.48394
166 2.48856
167 2.52828
168 2.53892
169 2.54778
170 2.55438
171 2.56095
172 2.5744
173 2.58046
174 2.60271
175 2.61522
176 2.62196
177 2.65813
178 2.66933
179 2.71797
180 2.74364
181 2.7726
182 2.80316
183 2.81732
184 2.84308
185 2.88102
186 2.89274
187 2.90921
188 2.91412
189 2.92828
190 2.97425
191 2.99902
