1 0.00528
2 0.01268
3 0.0251
4 0.0365
5 0.04495
6 0.05108
7 0.07832
8 0.08215
9 0.08791
10 0.10324
11 0.11788
12 0.12387
13 0.12702
14 0.12899
15 0.1405
16 0.15196
17 0.1615
18 0.16482
19 0.17369
20 0.18351
21 0.19459
22 0.20837
23 0.21978
24 0.22815
25 0.24394
26 0.25078
27 0.26349
28 0.26627
29 0.27208
30 0.27938
31 0.31845
32 0.32938
33 0.33201
34 0.33609
35 0.34037
36 0.34237
37 0.34847
38 0.35624
39 0.36983
40 0.38147
41 0.38461
42 0.38935
43 0.39431
44 0.41641
45 0.4251
46 0.43073
47 0.43793
48 0.44122
49 0.44623
50 0.44842
51 0.46292
52 0.46632
53 0.47031
54 0.47551
55 0.47724
56 0.50251
57 0.51639
58 0.51917
59 0.52175
60 0.52392
61 0.53085
62 0.53319
63 0.5404
64 0.57137
65 0.5748
66 0.57936
67 0.58898
68 0.59642
69 0.62532
70 0.6321
71 0.63873
72 0.64036
73 0.64391
74 0.66643
75 0.67879
76 0.70293
77 0.70932
78 0.71888
79 0.72434
80 0.72683
81 0.73121
82 0.73394
83 0.73857
84 0.74824
85 0.75341
86 0.76079
87 0.76492
88 0.77046
89 0.77867
90 0.786
91 0.79222
92 0.80379
93 0.81347
94 0.82621
95 0.82958
96 0.83307
97 0.84474
98 0.85374
99 0.86128
100 0.88642
101 0.92651
102 0.9318
103 0.95337
104 0.95576
105 0.96007
106 0.96393
107 0.97018
108 0.98536
109 0.99291
110 0.99959
111 1.00861
112 1.01086
113 1.02284
114 1.02675
115 1.0426
116 1.05435
117 1.06605
118 1.06939
119 1.07196
120 1.08023
121 1.08848
122 1.10069
123 1.10263
124 1.12207
125 1.12699
126 1.13879
127 1.16663
128 1.18693
129 1.19829
130 1.2036
131 1.20594
132 1.20921
133 1.21338
134 1.21743
135 1.23854
136 1.24255
137 1.24513
138 1.25379
139 1.26415
140 1.27441
141 1.27711
142 1.30884
143 1.32879
144 1.34175
145 1.34668
146 1.39451
147 1.42219
148 1.42752
149 1.444
150 1.45734
151 1.46055
152 1.46483
153 1.47401
154 1.49562
155 1.50433
156 1.50684
157 1.51172
158 1.52434
159 1.53177
160 1.55873
161 1.56357
162 1.5699
163 1.57954
164 1.59124
165 1.59705
166 1.5994
167 1.61662
168 1.63352
169 1.66468
170 1.67953
171 1.68661
172 1.69511
173 1.71367
174 1.72835
175 1.73241
176 1.73583
177 1.73934
178 1.74258
179 1.75206
180 1.75802
181 1.76797
182 1.77009
183 1.77349
184 1.79004
185 1.8326
186 1.83742
187 1.83942
188 1.84242
189 1.84464
190 1.87961
191 1.88548
192 1.89154
193 1.91666
194 1.93127
195 1.95033
196 1.95877
197 1.96641
198 1.96804
199 1.97561
200 1.98083
201 1.98772
202 1.99681
203 2.0058
204 2.01241
205 2.02667
206 2.03764
207 2.04189
208 2.04597
209 2.0652
210 2.07493
211 2.0831
212 2.086
213 2.09157
214 2.09341
215 2.10156
216 2.10605
217 2.12548
218 2.16935
219 2.17109
220 2.18212
221 2.18842
222 2.2003
223 2.20292
224 2.20931
225 2.21419
226 2.22303
227 2.23602
228 2.24738
229 2.26084
230 2.28635
231 2.29407
232 2.32528
233 2.33072
234 2.34639
235 2.37026
236 2.37214
237 2.39373
238 2.40716
239 2.41126
240 2.42127
241 2.42744
242 2.43618
243 2.43993
244 2.44274
245 2.45247
246 2.46506
247 2.47381
248 2.4846
249 2.4941
250 2.49827
251 2.50326
252 2.51703
253 2.52475
254 2.53175
255 2.54096
256 2.54304
257 2.54742
258 2.56018
259 2.56561
260 2.57297
261 2.57606
262 2.58318
263 2.58578
264 2.59978
265 2.63301
266 2.64247
267 2.66517
268 2.66788
269 2.68715
270 2.69187
271 2.69994
272 2.73118
273 2.73997
274 2.7551
275 2.774
276 2.7883
277 2.81519
278 2.82513
279 2.82949
280 2.84076
281 2.84728
282 2.86657
283 2.8782
284 2.88936
285 2.8918
286 2.91899
287 2.92247
288 2.93472
289 2.94236
290 2.94735
291 2.95038
292 2.95742
293 2.97945
294 2.98429
295 2.98972
