1 0.00552
2 0.01011
3 0.01757
4 0.02539
5 0.02977
6 0.05996
7 0.07292
8 0.08148
9 0.08637
10 0.0903
11 0.09447
12 0.09724
13 0.10282
14 0.11598
15 0.12058
16 0.12679
17 0.13869
18 0.1604
19 0.16214
20 0.17335
21 0.18416
22 0.19158
23 0.20855
24 0.21987
25 0.22532
26 0.2284
27 0.23915
28 0.24214
29 0.24387
30 0.25874
31 0.26318
32 0.26565
33 0.27941
34 0.2818
35 0.28698
36 0.3123
37 0.31592
38 0.32148
39 0.32419
40 0.33605
41 0.33815
42 0.34454
43 0.34907
44 0.35199
45 0.35374
46 0.36196
47 0.3681
48 0.37009
49 0.38654
50 0.40302
51 0.40906
52 0.41934
53 0.427
54 0.43827
55 0.44876
56 0.45048
57 0.45942
58 0.4707
59 0.47699
60 0.48005
61 0.48899
62 0.49152
63 0.50247
64 0.50583
65 0.51445
66 0.53035
67 0.5329
68 0.54383
69 0.54798
70 0.55575
71 0.56159
72 0.57121
73 0.58655
74 0.59368
75 0.59829
76 0.60293
77 0.60835
78 0.61309
79 0.61523
80 0.61954
81 0.63438
82 0.64943
83 0.65935
84 0.6643
85 0.6663
86 0.66882
87 0.67218
88 0.6784
89 0.68677
90 0.6911
91 0.70081
92 0.72085
93 0.72578
94 0.72893
95 0.73174
96 0.73358
97 0.73604
98 0.73921
99 0.74159
100 0.74591
101 0.75277
102 0.76756
103 0.76993
104 0.77956
105 0.78629
106 0.78833
107 0.79224
108 0.80328
109 0.81792
110 0.8209
111 0.83159
112 0.84108
113 0.86802
114 0.87474
115 0.88793
116 0.91979
117 0.92758
118 0.94094
119 0.94327
120 0.95321
121 0.95985
122 0.96247
123 0.96746
124 0.97276
125 0.9851
126 0.99226
127 0.99498
128 1.00179
129 1.01383
130 1.01808
131 1.02643
132 1.04667
133 1.04884
134 1.06272
135 1.07103
136 1.08327
137 1.086
138 1.09308
139 1.10277
140 1.10707
141 1.11149
142 1.1156
143 1.13318
144 1.14186
145 1.16029
146 1.16458
147 1.17038
148 1.17329
149 1.18519
150 1.19477
151 1.19791
152 1.2004
153 1.20386
154 1.22016
155 1.24304
156 1.25345
157 1.26011
158 1.26479
159 1.26685
160 1.26919
161 1.27422
162 1.27658
163 1.28083
164 1.28759
165 1.29202
166 1.29572
167 1.29742
168 1.31016
169 1.32266
170 1.3261
171 1.32838
172 1.33914
173 1.34659
174 1.35028
175 1.35427
176 1.37251
177 1.37644
178 1.38903
179 1.39784
180 1.4031
181 1.41837
182 1.42095
183 1.42235
184 1.43494
185 1.44087
186 1.45199
187 1.4778
188 1.49056
189 1.50198
190 1.51187
191 1.52216
192 1.527
193 1.52914
194 1.53865
195 1.55302
196 1.56079
197 1.56324
198 1.56621
199 1.58816
200 1.59387
201 1.59758
202 1.60467
203 1.61467
204 1.62037
205 1.62236
206 1.62672
207 1.65024
208 1.66122
209 1.67447
210 1.682
211 1.6848
212 1.68934
213 1.70321
214 1.71606
215 1.72478
216 1.73746
217 1.74199
218 1.74419
219 1.75023
220 1.75798
221 1.77302
222 1.7754
223 1.7778
224 1.79491
225 1.79785
226 1.79992
227 1.80187
228 1.81343
229 1.82625
230 1.83509
231 1.83769
232 1.8463
233 1.85086
234 1.85858
235 1.86663
236 1.88372
237 1.9007
238 1.90246
239 1.90963
240 1.92032
241 1.93155
242 1.94453
243 1.97316
244 1.97605
245 1.98069
246 1.98511
247 1.99275
248 1.99439
249 2.00049
250 2.00765
251 2.01435
252 2.02406
253 2.02856
254 2.03099
255 2.03587
256 2.04369
257 2.05097
258 2.0574
259 2.06403
260 2.06853
261 2.07997
262 2.08607
263 2.0934
264 2.09777
265 2.10158
266 2.11441
267 2.1272
268 2.13528
269 2.14469
270 2.1477
271 2.16331
272 2.17105
273 2.17506
274 2.18229
275 2.19533
276 2.21177
277 2.21425
278 2.23268
279 2.23498
280 2.24036
281 2.24793
282 2.25799
283 2.26353
284 2.28275
285 2.30663
286 2.30985
287 2.31972
288 2.33526
289 2.34847
290 2.35223
291 2.35467
292 2.36612
293 2.37385
294 2.39184
295 2.40004
296 2.40765
297 2.42824
298 2.44217
299 2.44812
300 2.46007
301 2.46237
302 2.46987
303 2.47856
304 2.49418
305 2.49862
306 2.50071
307 2.53587
308 2.54288
309 2.55683
310 2.57271
311 2.57769
312 2.58042
313 2.58785
314 2.6
315 2.60404
316 2.6062
317 2.62088
318 2.62662
319 2.6464
320 2.64865
321 2.66053
322 2.66317
323 2.67361
324 2.69465
325 2.69967
326 2.71048
327 2.72548
328 2.73564
329 2.74657
330 2.75795
331 2.77316
332 2.78223
333 2.78841
334 2.79227
335 2.81761
336 2.83206
337 2.84124
338 2.86294
339 2.88031
340 2.89039
341 2.89713
342 2.90634
343 2.91491
344 2.93886
345 2.94206
346 2.95002
347 2.96764
348 2.97752
349 2.99157
