1 0.00616
2 0.0144
3 0.02703
4 0.03375
5 0.04575
6 0.06276
7 0.06918
8 0.09717
9 0.10614
10 0.12008
11 0.12743
12 0.14003
13 0.16364
14 0.19381
15 0.19994
16 0.23308
17 0.23842
18 0.25135
19 0.25797
20 0.27625
21 0.28112
22 0.28753
23 0.30314
24 0.31139
25 0.32141
26 0.33595
27 0.34131
28 0.35088
29 0.35647
30 0.36218
31 0.36709
32 0.37692
33 0.38364
34 0.4154
35 0.44762
36 0.46124
37 0.47004
38 0.484
39 0.48855
40 0.49495
41 0.49979
42 0.50482
43 0.53381
44 0.54228
45 0.58188
46 0.61081
47 0.62123
48 0.6286
49 0.63405
50 0.65145
51 0.66115
52 0.67412
53 0.67958
54 0.68909
55 0.6951
56 0.71127
57 0.7229
58 0.72812
59 0.73313
60 0.74226
61 0.75272
62 0.75959
63 0.78628
64 0.79094
65 0.81183
66 0.82514
67 0.83809
68 0.86287
69 0.86681
70 0.87691
71 0.88287
72 0.93074
73 0.93685
74 0.94443
75 0.96673
76 0.97287
77 1.02474
78 1.03666
79 1.05029
80 1.0912
81 1.10577
82 1.12169
83 1.1292
84 1.13503
85 1.14203
86 1.14906
87 1.15365
88 1.1595
89 1.21616
90 1.23308
91 1.2639
92 1.27596
93 1.28195
94 1.28818
95 1.33677
96 1.34124
97 1.36405
98 1.37782
99 1.39363
100 1.4118
101 1.41627
102 1.44301
103 1.47103
104 1.48127
105 1.51782
106 1.53778
107 1.5965
108 1.60115
109 1.60564
110 1.63702
111 1.66207
112 1.66883
113 1.67463
114 1.68214
115 1.71772
116 1.72109
117 1.73
118 1.7349
119 1.78053
120 1.82162
121 1.84084
122 1.85378
123 1.8757
124 1.87818
125 1.91174
126 1.93515
127 1.9755
128 1.99014
129 2.01934
130 2.02611
131 2.0505
132 2.06422
133 2.0778
134 2.08507
135 2.11653
136 2.12973
137 2.14299
138 2.15443
139 2.17351
140 2.19131
141 2.22833
142 2.23933
143 2.24331
144 2.27347
145 2.28485
146 2.29135
147 2.29719
148 2.31872
149 2.32561
150 2.33005
151 2.33451
152 2.3601
153 2.38616
154 2.39156
155 2.4099
156 2.41511
157 2.42411
158 2.42547
159 2.42996
160 2.43212
161 2.47289
162 2.47918
163 2.48824
164 2.49899
165 2.51296
166 2.5331
167 2.56873
168 2.57531
169 2.60216
170 2.61736
171 2.65215
172 2.66466
173 2.67715
174 2.68435
175 2.69048
176 2.73041
177 2.74951
178 2.77702
179 2.79532
180 2.81328
181 2.85674
182 2.86961
183 2.89336
184 2.90863
185 2.92143
186 2.92807
187 2.97375
188 2.97747
189 2.99437
