1 0.00343
2 0.01561
3 0.02058
4 0.03118
5 0.0453
6 0.04646
7 0.05286
8 0.05793
9 0.06089
10 0.06179
11 0.0691
12 0.07851
13 0.08013
14 0.08468
15 0.09915
16 0.10205
17 0.10969
18 0.11744
19 0.12792
20 0.13833
21 0.14051
22 0.14244
23 0.14614
24 0.15618
25 0.16273
26 0.17234
27 0.18414
28 0.18929
29 0.19364
30 0.20075
31 0.21182
32 0.22304
33 0.2303
34 0.23736
35 0.25052
36 0.25653
37 0.25848
38 0.27366
39 0.28143
40 0.29118
41 0.31169
42 0.31317
43 0.32362
44 0.32606
45 0.33032
46 0.33777
47 0.3464
48 0.35436
49 0.35638
50 0.37474
51 0.38059
52 0.38285
53 0.38895
54 0.39277
55 0.39662
56 0.399
57 0.42491
58 0.43045
59 0.44017
60 0.45132
61 0.45395
62 0.46631
63 0.47707
64 0.48165
65 0.48353
66 0.48472
67 0.48723
68 0.50051
69 0.50177
70 0.51403
71 0.52153
72 0.53074
73 0.53422
74 0.55271
75 0.56215
76 0.5722
77 0.58469
78 0.59355
79 0.59862
80 0.60669
81 0.62484
82 0.63492
83 0.63687
84 0.6407
85 0.64637
86 0.65054
87 0.6519
88 0.65379
89 0.65762
90 0.66463
91 0.67812
92 0.68409
93 0.68675
94 0.69094
95 0.69866
96 0.70503
97 0.70734
98 0.71488
99 0.72238
100 0.7277
101 0.7434
102 0.74465
103 0.75256
104 0.76649
105 0.78039
106 0.78503
107 0.79388
108 0.79763
109 0.80713
110 0.8092
111 0.82574
112 0.84186
113 0.84506
114 0.85173
115 0.86265
116 0.87817
117 0.88446
118 0.89685
119 0.89974
120 0.91086
121 0.92063
122 0.9219
123 0.94576
124 0.96891
125 0.97186
126 0.9893
127 0.99327
128 0.99532
129 1.0027
130 1.00436
131 1.01496
132 1.03328
133 1.04028
134 1.04595
135 1.05418
136 1.06157
137 1.0636
138 1.06628
139 1.07118
140 1.08739
141 1.09051
142 1.1082
143 1.11279
144 1.12275
145 1.13003
146 1.13405
147 1.13546
148 1.1432
149 1.14803
150 1.15664
151 1.17442
152 1.17856
153 1.18467
154 1.20171
155 1.22301
156 1.23154
157 1.23414
158 1.24053
159 1.24467
160 1.25036
161 1.25377
162 1.26021
163 1.27172
164 1.28248
165 1.29229
166 1.30427
167 1.31825
168 1.32335
169 1.32752
170 1.34072
171 1.35455
172 1.3702
173 1.38386
174 1.38959
175 1.40662
176 1.42158
177 1.42329
178 1.43191
179 1.43653
180 1.43949
181 1.44701
182 1.45227
183 1.45536
184 1.46009
185 1.4685
186 1.47287
187 1.4785
188 1.49141
189 1.51432
190 1.52212
191 1.54439
192 1.55059
193 1.55974
194 1.5723
195 1.57332
196 1.58534
197 1.58835
198 1.59785
199 1.61218
200 1.6191
201 1.6322
202 1.63782
203 1.64026
204 1.66196
205 1.66548
206 1.67547
207 1.68579
208 1.69311
209 1.6973
210 1.71119
211 1.72156
212 1.72699
213 1.73027
214 1.73457
215 1.74437
216 1.74939
217 1.75863
218 1.76971
219 1.79339
220 1.8037
221 1.80889
222 1.81176
223 1.81611
224 1.81938
225 1.8279
226 1.83991
227 1.85637
228 1.86591
229 1.87645
230 1.88399
231 1.89133
232 1.90832
233 1.9156
234 1.92123
235 1.93353
236 1.93698
237 1.94519
238 1.95078
239 1.95932
240 1.96678
241 1.98006
242 1.9872
243 1.98884
244 1.99448
245 2.00423
246 2.01369
247 2.01917
248 2.03123
249 2.04037
250 2.05335
251 2.05613
252 2.06558
253 2.07146
254 2.09564
255 2.10164
256 2.11032
257 2.11406
258 2.12799
259 2.1317
260 2.14306
261 2.16184
262 2.16513
263 2.17194
264 2.17571
265 2.18128
266 2.1873
267 2.1939
268 2.19678
269 2.21168
270 2.21464
271 2.22025
272 2.22843
273 2.24892
274 2.25861
275 2.26189
276 2.27956
277 2.28825
278 2.30958
279 2.31526
280 2.32642
281 2.34092
282 2.34217
283 2.35057
284 2.36175
285 2.37932
286 2.39731
287 2.40149
288 2.40924
289 2.4279
290 2.43053
291 2.44175
292 2.44371
293 2.45235
294 2.45678
295 2.45888
296 2.46283
297 2.47306
298 2.48078
299 2.48878
300 2.50384
301 2.5077
302 2.52277
303 2.52962
304 2.55044
305 2.55264
306 2.55592
307 2.5637
308 2.58096
309 2.58773
310 2.59605
311 2.60676
312 2.62777
313 2.63372
314 2.64316
315 2.66427
316 2.6721
317 2.67765
318 2.68613
319 2.69005
320 2.69798
321 2.71377
322 2.73148
323 2.73632
324 2.7467
325 2.74912
326 2.75187
327 2.77381
328 2.77821
329 2.78503
330 2.79269
331 2.80016
332 2.80776
333 2.81847
334 2.82248
335 2.83302
336 2.83466
337 2.85849
338 2.86438
339 2.87857
340 2.88373
341 2.89316
342 2.89833
343 2.90142
344 2.91118
345 2.92209
346 2.93815
347 2.95569
348 2.95806
349 2.98014
350 2.98925
351 2.99939
