1 0.02152
2 0.02387
3 0.03061
4 0.0352
5 0.03867
6 0.04493
7 0.05716
8 0.06168
9 0.07042
10 0.07791
11 0.10789
12 0.1251
13 0.12747
14 0.14506
15 0.16047
16 0.16856
17 0.17164
18 0.17932
19 0.18444
20 0.18919
21 0.19275
22 0.19553
23 0.2099
24 0.22004
25 0.22359
26 0.23643
27 0.23972
28 0.24209
29 0.26128
30 0.26417
31 0.28059
32 0.28554
33 0.29139
34 0.29973
35 0.3126
36 0.3195
37 0.32242
38 0.33028
39 0.3392
40 0.35468
41 0.35848
42 0.37554
43 0.38213
44 0.38517
45 0.38735
46 0.391
47 0.40611
48 0.41666
49 0.43856
50 0.47536
51 0.48087
52 0.4869
53 0.49643
54 0.50304
55 0.51463
56 0.5196
57 0.52863
58 0.5379
59 0.5562
60 0.55829
61 0.56656
62 0.56933
63 0.57536
64 0.58315
65 0.59484
66 0.61142
67 0.61363
68 0.63485
69 0.63896
70 0.6418
71 0.65806
72 0.66043
73 0.6737
74 0.6877
75 0.69714
76 0.70378
77 0.70968
78 0.71605
79 0.72712
80 0.73773
81 0.74413
82 0.76096
83 0.78343
84 0.8029
85 0.81386
86 0.8271
87 0.82993
88 0.84829
89 0.85429
90 0.86409
91 0.8685
92 0.89318
93 0.90846
94 0.92085
95 0.93568
96 0.93947
97 0.95667
98 0.97062
99 0.97372
100 0.9774
101 1.01656
102 1.02724
103 1.02947
104 1.03488
105 1.06306
106 1.10174
107 1.10605
108 1.1149
109 1.12729
110 1.13635
111 1.14302
112 1.15634
113 1.15796
114 1.1607
115 1.16541
116 1.1674
117 1.18097
118 1.1956
119 1.20462
120 1.21867
121 1.22103
122 1.22325
123 1.22555
124 1.23551
125 1.23868
126 1.24944
127 1.26763
128 1.27213
129 1.27953
130 1.29373
131 1.30364
132 1.3213
133 1.33819
134 1.3624
135 1.38129
136 1.39348
137 1.39929
138 1.41016
139 1.4161
140 1.4256
141 1.43121
142 1.43848
143 1.44432
144 1.4587
145 1.4617
146 1.46877
147 1.47221
148 1.48359
149 1.49848
150 1.50266
151 1.51001
152 1.51479
153 1.52742
154 1.54135
155 1.54399
156 1.54664
157 1.55245
158 1.56064
159 1.56798
160 1.60309
161 1.63419
162 1.65087
163 1.65508
164 1.66492
165 1.68497
166 1.69147
167 1.71432
168 1.72798
169 1.74013
170 1.76606
171 1.7712
172 1.77356
173 1.77636
174 1.78713
175 1.80256
176 1.81957
177 1.82273
178 1.82637
179 1.84008
180 1.86098
181 1.86282
182 1.87175
183 1.8746
184 1.87984
185 1.88994
186 1.89591
187 1.91024
188 1.91777
189 1.92691
190 1.92995
191 1.94251
192 1.957
193 1.96496
194 1.9687
195 1.97389
196 1.98567
197 2.01227
198 2.02469
199 2.03957
200 2.04758
201 2.06565
202 2.07493
203 2.09419
204 2.10802
205 2.12609
206 2.13262
207 2.13555
208 2.14083
209 2.15916
210 2.16687
211 2.16985
212 2.17754
213 2.18057
214 2.18867
215 2.2014
216 2.20691
217 2.2243
218 2.22611
219 2.23644
220 2.23914
221 2.25076
222 2.26695
223 2.28134
224 2.28954
225 2.30259
226 2.3079
227 2.3165
228 2.33118
229 2.34445
230 2.34842
231 2.36227
232 2.36456
233 2.36711
234 2.3708
235 2.38398
236 2.39
237 2.39841
238 2.40433
239 2.42195
240 2.44054
241 2.45592
242 2.461
243 2.47061
244 2.48265
245 2.52552
246 2.536
247 2.55257
248 2.56944
249 2.581
250 2.58366
251 2.59539
252 2.59855
253 2.60058
254 2.60491
255 2.62379
256 2.62619
257 2.63403
258 2.64943
259 2.65186
260 2.66079
261 2.66392
262 2.66893
263 2.67454
264 2.69043
265 2.6976
266 2.70251
267 2.70881
268 2.71499
269 2.72381
270 2.72974
271 2.73538
272 2.73848
273 2.74957
274 2.75573
275 2.76523
276 2.77636
277 2.77847
278 2.78084
279 2.78881
280 2.79634
281 2.81219
282 2.81893
283 2.83547
284 2.83892
285 2.84577
286 2.85912
287 2.87102
288 2.87656
289 2.87906
290 2.89065
291 2.91132
292 2.91621
293 2.91906
294 2.92951
295 2.93361
296 2.93996
297 2.94262
298 2.94887
299 2.95334
300 2.95872
301 2.96134
302 2.97577
303 2.9875
