1 0.0101
2 0.01369
3 0.02238
4 0.04096
5 0.05008
6 0.05869
7 0.06206
8 0.0681
9 0.08047
10 0.08482
11 0.08827
12 0.09196
13 0.09633
14 0.09969
15 0.10392
16 0.11043
17 0.11193
18 0.11937
19 0.12749
20 0.13185
21 0.13918
22 0.14799
23 0.14906
24 0.15295
25 0.17527
26 0.17792
27 0.17979
28 0.18236
29 0.191
30 0.19448
31 0.2009
32 0.20575
33 0.21119
34 0.21225
35 0.21604
36 0.2233
37 0.2252
38 0.22636
39 0.25803
40 0.2616
41 0.27753
42 0.28801
43 0.30194
44 0.30577
45 0.31414
46 0.31822
47 0.31991
48 0.33552
49 0.34378
50 0.34719
51 0.35319
52 0.35836
53 0.36942
54 0.37551
55 0.40367
56 0.42335
57 0.43366
58 0.43993
59 0.44491
60 0.44945
61 0.45426
62 0.45916
63 0.46205
64 0.47454
65 0.49031
66 0.50145
67 0.51118
68 0.52672
69 0.53711
70 0.54437
71 0.55475
72 0.56042
73 0.56804
74 0.57569
75 0.5869
76 0.59292
77 0.59791
78 0.60163
79 0.60311
80 0.60955
81 0.6117
82 0.62709
83 0.62882
84 0.63426
85 0.64311
86 0.64806
87 0.68587
88 0.69848
89 0.70305
90 0.70617
91 0.71908
92 0.74185
93 0.75249
94 0.77125
95 0.78611
96 0.79076
97 0.79923
98 0.80803
99 0.81918
100 0.82998
101 0.8448
102 0.85421
103 0.8786
104 0.88463
105 0.89139
106 0.89985
107 0.90859
108 0.9186
109 0.92656
110 0.92878
111 0.95778
112 0.9632
113 0.96779
114 0.97197
115 1.00642
116 1.00983
117 1.01843
118 1.02019
119 1.02472
120 1.02672
121 1.04138
122 1.04272
123 1.05118
124 1.05555
125 1.05903
126 1.06143
127 1.06457
128 1.06693
129 1.07098
130 1.07218
131 1.07468
132 1.09857
133 1.10143
134 1.11225
135 1.11335
136 1.14871
137 1.16593
138 1.17717
139 1.179
140 1.19717
141 1.20223
142 1.21639
143 1.22104
144 1.22898
145 1.26199
146 1.27623
147 1.28755
148 1.296
149 1.29811
150 1.30764
151 1.31082
152 1.31599
153 1.31728
154 1.32927
155 1.33228
156 1.33798
157 1.35954
158 1.36699
159 1.3824
160 1.38341
161 1.386
162 1.39178
163 1.39735
164 1.4048
165 1.41265
166 1.41811
167 1.42719
168 1.43692
169 1.44926
170 1.4536
171 1.45675
172 1.46717
173 1.47616
174 1.47892
175 1.48538
176 1.48659
177 1.49085
178 1.50104
179 1.51302
180 1.51676
181 1.52853
182 1.54168
183 1.55061
184 1.56893
185 1.57356
186 1.58095
187 1.58593
188 1.59576
189 1.60454
190 1.61405
191 1.63462
192 1.6412
193 1.65316
194 1.65503
195 1.66081
196 1.66878
197 1.68155
198 1.68647
199 1.70502
200 1.70896
201 1.71355
202 1.72859
203 1.75787
204 1.76679
205 1.77924
206 1.7856
207 1.79587
208 1.80011
209 1.8135
210 1.81509
211 1.82059
212 1.82174
213 1.82276
214 1.83984
215 1.84306
216 1.84607
217 1.85326
218 1.859
219 1.88284
220 1.89
221 1.9033
222 1.91382
223 1.91971
224 1.92532
225 1.93119
226 1.93907
227 1.94422
228 1.94642
229 1.95298
230 1.95885
231 1.96862
232 1.97589
233 1.99133
234 2.00686
235 2.00895
236 2.01589
237 2.02354
238 2.03496
239 2.04415
240 2.04985
241 2.05491
242 2.06282
243 2.06602
244 2.07102
245 2.07856
246 2.08368
247 2.09098
248 2.10498
249 2.11477
250 2.11881
251 2.13504
252 2.1399
253 2.14209
254 2.15518
255 2.16427
256 2.17261
257 2.18964
258 2.20159
259 2.2025
260 2.21096
261 2.22052
262 2.22485
263 2.23118
264 2.23362
265 2.2527
266 2.26258
267 2.26491
268 2.27054
269 2.28102
270 2.28492
271 2.29113
272 2.30734
273 2.31573
274 2.31728
275 2.3257
276 2.33035
277 2.33421
278 2.33713
279 2.35717
280 2.3658
281 2.37027
282 2.38452
283 2.39222
284 2.4198
285 2.42156
286 2.42397
287 2.43593
288 2.43969
289 2.44965
290 2.45194
291 2.46175
292 2.46368
293 2.46855
294 2.47194
295 2.49128
296 2.50982
297 2.51684
298 2.52363
299 2.54151
300 2.55358
301 2.56764
302 2.58185
303 2.58788
304 2.60008
305 2.60432
306 2.6085
307 2.63197
308 2.64538
309 2.65666
310 2.66472
311 2.68604
312 2.69331
313 2.69968
314 2.70383
315 2.71032
316 2.7128
317 2.72006
318 2.73285
319 2.74469
320 2.74974
321 2.75337
322 2.76446
323 2.77029
324 2.77537
325 2.78232
326 2.79198
327 2.79501
328 2.80941
329 2.81178
330 2.81631
331 2.82526
332 2.83772
333 2.84041
334 2.8486
335 2.85498
336 2.86061
337 2.86378
338 2.88304
339 2.89516
340 2.89856
341 2.92541
342 2.92969
343 2.94637
344 2.95239
345 2.96215
346 2.97352
347 2.98628
