1 0.01475
2 0.02018
3 0.02342
4 0.02597
5 0.0326
6 0.0364
7 0.03884
8 0.04575
9 0.05781
10 0.06197
11 0.0701
12 0.07444
13 0.0796
14 0.0847
15 0.08716
16 0.09497
17 0.10396
18 0.11245
19 0.15395
20 0.1591
21 0.16487
22 0.17354
23 0.18997
24 0.2076
25 0.2397
26 0.24385
27 0.24955
28 0.27083
29 0.27319
30 0.29677
31 0.30584
32 0.31289
33 0.31885
34 0.32433
35 0.3321
36 0.34937
37 0.35593
38 0.36315
39 0.38679
40 0.39537
41 0.40212
42 0.4045
43 0.40958
44 0.41457
45 0.42226
46 0.43395
47 0.44685
48 0.45382
49 0.46702
50 0.48078
51 0.49049
52 0.49848
53 0.51832
54 0.53209
55 0.54794
56 0.56698
57 0.58072
58 0.58802
59 0.60832
60 0.61727
61 0.63871
62 0.64925
63 0.65714
64 0.67359
65 0.683
66 0.69952
67 0.70141
68 0.70436
69 0.72458
70 0.73259
71 0.74388
72 0.75668
73 0.76821
74 0.77254
75 0.79253
76 0.79517
77 0.80996
78 0.8124
79 0.84216
80 0.85794
81 0.86673
82 0.87482
83 0.87952
84 0.88186
85 0.89295
86 0.90943
87 0.91145
88 0.92128
89 0.92672
90 0.93219
91 0.94479
92 0.95352
93 0.96468
94 0.97387
95 0.97738
96 0.97901
97 0.98328
98 0.99257
99 1.00129
100 1.00761
101 1.02688
102 1.02894
103 1.0378
104 1.05196
105 1.07539
106 1.08405
107 1.09985
108 1.11469
109 1.12837
110 1.13425
111 1.1385
112 1.15776
113 1.16786
114 1.17043
115 1.18707
116 1.19641
117 1.19826
118 1.20232
119 1.20669
120 1.21644
121 1.22201
122 1.23164
123 1.23868
124 1.25966
125 1.27637
126 1.28056
127 1.28388
128 1.28743
129 1.29677
130 1.29895
131 1.30593
132 1.30855
133 1.31738
134 1.32796
135 1.32913
136 1.33773
137 1.34145
138 1.35364
139 1.36962
140 1.37562
141 1.39901
142 1.40363
143 1.44038
144 1.45136
145 1.45251
146 1.45481
147 1.45768
148 1.46408
149 1.46737
150 1.48045
151 1.49058
152 1.49461
153 1.5083
154 1.51272
155 1.51641
156 1.53163
157 1.54787
158 1.55162
159 1.55946
160 1.57323
161 1.59576
162 1.60869
163 1.61012
164 1.61607
165 1.62271
166 1.62509
167 1.63549
168 1.64632
169 1.64857
170 1.66906
171 1.67798
172 1.68407
173 1.6936
174 1.69607
175 1.70174
176 1.70723
177 1.71099
178 1.71446
179 1.71715
180 1.71896
181 1.73449
182 1.73891
183 1.75783
184 1.76519
185 1.77059
186 1.77273
187 1.77697
188 1.78549
189 1.7899
190 1.7986
191 1.82046
192 1.82516
193 1.83375
194 1.84327
195 1.86397
196 1.88079
197 1.88996
198 1.90192
199 1.90497
200 1.91291
201 1.91766
202 1.9271
203 1.93127
204 1.93867
205 1.94295
206 1.97292
207 2.01278
208 2.01419
209 2.02071
210 2.03287
211 2.03736
212 2.05893
213 2.06175
214 2.0662
215 2.07383
216 2.0772
217 2.08543
218 2.11071
219 2.12072
220 2.13239
221 2.14092
222 2.16568
223 2.16949
224 2.18717
225 2.1968
226 2.20502
227 2.21021
228 2.22175
229 2.23753
230 2.24092
231 2.24947
232 2.26484
233 2.27272
234 2.28078
235 2.28509
236 2.28999
237 2.29494
238 2.29975
239 2.30868
240 2.31865
241 2.33735
242 2.33854
243 2.35031
244 2.35969
245 2.37051
246 2.38325
247 2.38791
248 2.39012
249 2.39217
250 2.40387
251 2.41363
252 2.41986
253 2.4358
254 2.4419
255 2.44382
256 2.45062
257 2.4627
258 2.46658
259 2.48677
260 2.50012
261 2.50553
262 2.51349
263 2.51649
264 2.53328
265 2.53671
266 2.54527
267 2.54748
268 2.55284
269 2.5868
270 2.59208
271 2.59903
272 2.60146
273 2.60669
274 2.62184
275 2.63865
276 2.64177
277 2.64657
278 2.65679
279 2.65919
280 2.66144
281 2.69335
282 2.70468
283 2.72772
284 2.76321
285 2.76435
286 2.76877
287 2.77917
288 2.79721
289 2.80631
290 2.83772
291 2.85091
292 2.85813
293 2.86173
294 2.8886
295 2.89738
296 2.9232
297 2.9264
298 2.94632
299 2.94819
300 2.95345
301 2.95593
302 2.96026
303 2.97372
304 2.98393
305 2.99428
