1 0.01257
2 0.02236
3 0.03126
4 0.04818
5 0.05386
6 0.05531
7 0.06698
8 0.08043
9 0.08714
10 0.09853
11 0.11596
12 0.12759
13 0.13546
14 0.14014
15 0.14975
16 0.15798
17 0.16461
18 0.17018
19 0.17866
20 0.18134
21 0.19688
22 0.20867
23 0.21338
24 0.22649
25 0.23502
26 0.24796
27 0.25158
28 0.25368
29 0.25722
30 0.26041
31 0.28872
32 0.29378
33 0.32013
34 0.32532
35 0.32859
36 0.33993
37 0.36142
38 0.38195
39 0.38387
40 0.39227
41 0.39853
42 0.40568
43 0.41339
44 0.45291
45 0.46083
46 0.47695
47 0.48514
48 0.49073
49 0.51962
50 0.52074
51 0.53723
52 0.54649
53 0.55739
54 0.58689
55 0.61373
56 0.62463
57 0.63302
58 0.64428
59 0.64926
60 0.65254
61 0.65582
62 0.66392
63 0.6687
64 0.69086
65 0.69446
66 0.72027
67 0.72406
68 0.73984
69 0.74755
70 0.76025
71 0.7711
72 0.7757
73 0.78922
74 0.79072
75 0.80495
76 0.81774
77 0.82281
78 0.82606
79 0.82821
80 0.83082
81 0.83402
82 0.83664
83 0.8423
84 0.85619
85 0.85993
86 0.86205
87 0.86858
88 0.87093
89 0.87198
90 0.8838
91 0.88926
92 0.894
93 0.90144
94 0.90606
95 0.90756
96 0.91133
97 0.92112
98 0.93059
99 0.93952
100 0.94133
101 0.94788
102 0.95816
103 0.96113
104 0.96567
105 0.96907
106 0.97754
107 0.98323
108 0.99053
109 0.99576
110 0.99796
111 1.0063
112 1.01836
113 1.02528
114 1.03082
115 1.039
116 1.0402
117 1.04833
118 1.05661
119 1.05779
120 1.08398
121 1.08763
122 1.10526
123 1.11483
124 1.12405
125 1.13031
126 1.14691
127 1.15563
128 1.15681
129 1.16092
130 1.16925
131 1.17293
132 1.1872
133 1.19458
134 1.2089
135 1.22786
136 1.23154
137 1.24938
138 1.26093
139 1.2678
140 1.28886
141 1.29785
142 1.3019
143 1.30981
144 1.3289
145 1.33118
146 1.3418
147 1.35854
148 1.36406
149 1.38515
150 1.38735
151 1.41246
152 1.41714
153 1.42427
154 1.44273
155 1.44469
156 1.44678
157 1.45122
158 1.45489
159 1.46073
160 1.46815
161 1.47052
162 1.49076
163 1.49341
164 1.50697
165 1.51408
166 1.51651
167 1.53027
168 1.53829
169 1.5457
170 1.55174
171 1.568
172 1.58365
173 1.60258
174 1.60947
175 1.617
176 1.61939
177 1.62613
178 1.64291
179 1.65306
180 1.66413
181 1.67134
182 1.67806
183 1.6881
184 1.69086
185 1.71195
186 1.71897
187 1.72155
188 1.73776
189 1.74648
190 1.77521
191 1.78141
192 1.7909
193 1.79221
194 1.79583
195 1.82949
196 1.84121
197 1.8433
198 1.84689
199 1.8642
200 1.872
201 1.87445
202 1.87983
203 1.88283
204 1.89624
205 1.9031
206 1.90595
207 1.90863
208 1.91393
209 1.91873
210 1.925
211 1.94749
212 1.95546
213 1.97212
214 1.97335
215 1.98048
216 1.99204
217 1.99386
218 2.01437
219 2.02552
220 2.05671
221 2.06258
222 2.07828
223 2.08572
224 2.13008
225 2.14207
226 2.15123
227 2.16627
228 2.17097
229 2.18884
230 2.20055
231 2.20717
232 2.22801
233 2.23427
234 2.24717
235 2.25428
236 2.26153
237 2.2647
238 2.29966
239 2.3073
240 2.31434
241 2.32689
242 2.33511
243 2.33962
244 2.35022
245 2.35487
246 2.36675
247 2.37015
248 2.37263
249 2.38034
250 2.38564
251 2.40262
252 2.40501
253 2.41594
254 2.42565
255 2.43014
256 2.43419
257 2.44392
258 2.44972
259 2.47226
260 2.48454
261 2.48932
262 2.49585
263 2.50612
264 2.5083
265 2.51367
266 2.51673
267 2.53542
268 2.54159
269 2.55208
270 2.57799
271 2.58501
272 2.59191
273 2.60568
274 2.61547
275 2.62373
276 2.63631
277 2.6555
278 2.66438
279 2.69032
280 2.69653
281 2.6998
282 2.70836
283 2.71501
284 2.71884
285 2.72288
286 2.74071
287 2.74432
288 2.76082
289 2.78469
290 2.79505
291 2.80625
292 2.8078
293 2.81936
294 2.82988
295 2.83753
296 2.84285
297 2.87786
298 2.88503
299 2.88871
300 2.90192
301 2.91007
302 2.91669
303 2.92083
304 2.95345
305 2.97048
306 2.98381
307 2.99271
308 2.9968
309 2.99889
