1 0.00273
2 0.00542
3 0.00762
4 0.01135
5 0.01653
6 0.03189
7 0.03649
8 0.04534
9 0.05599
10 0.05838
11 0.0673
12 0.07156
13 0.0737
14 0.0791
15 0.09764
16 0.10408
17 0.11967
18 0.12103
19 0.12426
20 0.12925
21 0.13694
22 0.14303
23 0.15658
24 0.16761
25 0.17194
26 0.17502
27 0.20784
28 0.21337
29 0.21564
30 0.22676
31 0.22795
32 0.23392
33 0.25408
34 0.25651
35 0.26356
36 0.27148
37 0.28108
38 0.28863
39 0.31295
40 0.3327
41 0.34658
42 0.35161
43 0.36617
44 0.36842
45 0.38127
46 0.38764
47 0.40081
48 0.42146
49 0.42335
50 0.42941
51 0.43837
52 0.44693
53 0.44983
54 0.46002
55 0.47351
56 0.4791
57 0.48921
58 0.49863
59 0.50758
60 0.51775
61 0.51908
62 0.52032
63 0.52594
64 0.54008
65 0.57558
66 0.58126
67 0.584
68 0.5855
69 0.62411
70 0.63253
71 0.6415
72 0.65321
73 0.66107
74 0.66434
75 0.67617
76 0.67846
77 0.69242
78 0.70972
79 0.71602
80 0.71873
81 0.73765
82 0.74687
83 0.74888
84 0.76672
85 0.78004
86 0.79458
87 0.81746
88 0.82561
89 0.8347
90 0.84094
91 0.84388
92 0.86344
93 0.86967
94 0.88149
95 0.89271
96 0.90124
97 0.9087
98 0.91106
99 0.91252
100 0.92613
101 0.93449
102 0.94018
103 0.95116
104 0.95308
105 0.97149
106 0.97968
107 0.98154
108 0.98782
109 0.99092
110 1.02886
111 1.04129
112 1.05898
113 1.06466
114 1.07355
115 1.07967
116 1.08409
117 1.0867
118 1.10987
119 1.13423
120 1.13647
121 1.15994
122 1.16585
123 1.16812
124 1.17683
125 1.20222
126 1.21803
127 1.22496
128 1.23295
129 1.2449
130 1.25027
131 1.26647
132 1.27892
133 1.28343
134 1.29017
135 1.30753
136 1.3096
137 1.31864
138 1.32453
139 1.3303
140 1.33295
141 1.33426
142 1.33815
143 1.35019
144 1.35559
145 1.36861
146 1.37973
147 1.4006
148 1.4248
149 1.43609
150 1.44901
151 1.45318
152 1.46171
153 1.46436
154 1.47011
155 1.479
156 1.48648
157 1.49973
158 1.51433
159 1.53582
160 1.54001
161 1.55683
162 1.5719
163 1.57414
164 1.578
165 1.5842
166 1.59605
167 1.60153
168 1.61127
169 1.61898
170 1.62594
171 1.63003
172 1.65719
173 1.66648
174 1.68953
175 1.69794
176 1.6996
177 1.70393
178 1.70928
179 1.72144
180 1.73456
181 1.73742
182 1.74947
183 1.75286
184 1.75931
185 1.76515
186 1.77072
187 1.78466
188 1.7894
189 1.81705
190 1.82047
191 1.82676
192 1.83034
193 1.83486
194 1.83687
195 1.84185
196 1.84697
197 1.85571
198 1.87821
199 1.88102
200 1.88751
201 1.90141
202 1.91634
203 1.91827
204 1.92149
205 1.93456
206 1.93857
207 1.94731
208 1.9592
209 1.96255
210 1.96681
211 1.97105
212 1.97627
213 1.98422
214 2.00045
215 2.00661
216 2.00931
217 2.02426
218 2.03842
219 2.04058
220 2.07567
221 2.07862
222 2.09042
223 2.10058
224 2.11647
225 2.1256
226 2.1404
227 2.15957
228 2.16242
229 2.19127
230 2.20448
231 2.20853
232 2.21412
233 2.2264
234 2.22954
235 2.23439
236 2.24763
237 2.25575
238 2.26357
239 2.271
240 2.27475
241 2.28132
242 2.28518
243 2.29302
244 2.31168
245 2.32171
246 2.32625
247 2.33236
248 2.34661
249 2.34883
250 2.36186
251 2.37114
252 2.38678
253 2.40263
254 2.44345
255 2.45636
256 2.45927
257 2.46452
258 2.47119
259 2.48172
260 2.48645
261 2.49379
262 2.49535
263 2.50401
264 2.51393
265 2.51898
266 2.53406
267 2.55814
268 2.56668
269 2.57264
270 2.58316
271 2.59547
272 2.60287
273 2.61153
274 2.61924
275 2.62107
276 2.62714
277 2.6347
278 2.64947
279 2.66564
280 2.66921
281 2.67406
282 2.68392
283 2.69206
284 2.70147
285 2.71269
286 2.72904
287 2.73213
288 2.74702
289 2.7522
290 2.76145
291 2.77994
292 2.81077
293 2.82114
294 2.82827
295 2.83745
296 2.8439
297 2.84496
298 2.84746
299 2.86103
300 2.86891
301 2.87932
302 2.89664
303 2.90375
304 2.9194
305 2.92626
306 2.93369
307 2.94691
308 2.96288
309 2.96649
310 2.97169
311 2.97479
312 2.97685
313 2.97994
314 2.98244
315 2.99214
316 2.99601
317 2.99918
