1 0.0058
2 0.01076
3 0.01281
4 0.01992
5 0.02941
6 0.05169
7 0.05781
8 0.05959
9 0.0607
10 0.06284
11 0.06483
12 0.06718
13 0.07694
14 0.08063
15 0.09017
16 0.09204
17 0.10515
18 0.10899
19 0.11339
20 0.11675
21 0.12112
22 0.1274
23 0.13021
24 0.13719
25 0.14972
26 0.15278
27 0.15697
28 0.16593
29 0.17008
30 0.17555
31 0.18013
32 0.1875
33 0.18968
34 0.19816
35 0.20341
36 0.21113
37 0.21623
38 0.21806
39 0.22532
40 0.23277
41 0.23469
42 0.25262
43 0.26076
44 0.28778
45 0.30761
46 0.31823
47 0.32876
48 0.331
49 0.33534
50 0.34835
51 0.356
52 0.36938
53 0.37671
54 0.39961
55 0.41055
56 0.4202
57 0.42323
58 0.42493
59 0.44076
60 0.46066
61 0.46718
62 0.47326
63 0.47977
64 0.49033
65 0.49724
66 0.50324
67 0.5089
68 0.52401
69 0.52861
70 0.53575
71 0.53708
72 0.53824
73 0.54436
74 0.55746
75 0.56031
76 0.57415
77 0.57751
78 0.58099
79 0.58887
80 0.59476
81 0.60736
82 0.60953
83 0.62269
84 0.62897
85 0.64682
86 0.66113
87 0.6717
88 0.67461
89 0.67641
90 0.68003
91 0.68582
92 0.70795
93 0.71619
94 0.72287
95 0.7267
96 0.73717
97 0.74285
98 0.74627
99 0.75509
100 0.76677
101 0.77116
102 0.77372
103 0.78088
104 0.79526
105 0.80499
106 0.80887
107 0.81238
108 0.82475
109 0.83023
110 0.83522
111 0.8522
112 0.86101
113 0.86766
114 0.87446
115 0.89154
116 0.90009
117 0.9059
118 0.9148
119 0.91667
120 0.92333
121 0.9258
122 0.9352
123 0.93883
124 0.9535
125 0.96131
126 0.97274
127 0.97567
128 0.98956
129 1.00485
130 1.02575
131 1.02769
132 1.03789
133 1.04727
134 1.05391
135 1.05907
136 1.07244
137 1.07949
138 1.08213
139 1.09084
140 1.09865
141 1.11351
142 1.11865
143 1.12849
144 1.14226
145 1.16183
146 1.17779
147 1.18106
148 1.18706
149 1.19113
150 1.19367
151 1.20807
152 1.2166
153 1.22405
154 1.23984
155 1.2462
156 1.26538
157 1.26888
158 1.27088
159 1.27215
160 1.2764
161 1.28726
162 1.29707
163 1.30208
164 1.30771
165 1.31399
166 1.32157
167 1.32683
168 1.33125
169 1.34167
170 1.34485
171 1.35132
172 1.35862
173 1.37327
174 1.39213
175 1.39738
176 1.40351
177 1.42603
178 1.42946
179 1.43162
180 1.44028
181 1.44457
182 1.45489
183 1.45676
184 1.45941
185 1.46729
186 1.47628
187 1.49404
188 1.51276
189 1.51406
190 1.52713
191 1.53962
192 1.56325
193 1.57536
194 1.58704
195 1.59461
196 1.60333
197 1.6055
198 1.60772
199 1.61297
200 1.64622
201 1.67581
202 1.68051
203 1.7105
204 1.71709
205 1.72977
206 1.73461
207 1.74667
208 1.77703
209 1.78339
210 1.79115
211 1.80254
212 1.82173
213 1.82847
214 1.83285
215 1.84583
216 1.85781
217 1.85902
218 1.87324
219 1.88532
220 1.90308
221 1.91871
222 1.92937
223 1.9354
224 1.94297
225 1.9464
226 1.94772
227 1.9602
228 1.98482
229 2.00057
230 2.00271
231 2.02165
232 2.02779
233 2.03607
234 2.04121
235 2.06256
236 2.06834
237 2.08249
238 2.08774
239 2.0909
240 2.09324
241 2.10633
242 2.11506
243 2.11884
244 2.12605
245 2.12757
246 2.13217
247 2.14362
248 2.15801
249 2.1606
250 2.17167
251 2.18093
252 2.18411
253 2.18608
254 2.18835
255 2.21086
256 2.22908
257 2.23142
258 2.23792
259 2.25104
260 2.26134
261 2.28197
262 2.28508
263 2.28862
264 2.29796
265 2.31183
266 2.31568
267 2.31871
268 2.34667
269 2.35951
270 2.36897
271 2.37031
272 2.39659
273 2.41277
274 2.42901
275 2.43599
276 2.45784
277 2.47069
278 2.47714
279 2.49837
280 2.50706
281 2.50914
282 2.52032
283 2.52635
284 2.53559
285 2.54343
286 2.54752
287 2.551
288 2.57595
289 2.583
290 2.59196
291 2.60713
292 2.62924
293 2.6604
294 2.66645
295 2.67126
296 2.67297
297 2.69309
298 2.7008
299 2.71171
300 2.72215
301 2.72689
302 2.73068
303 2.74451
304 2.75524
305 2.77702
306 2.78459
307 2.79394
308 2.79839
309 2.81044
310 2.8254
311 2.82779
312 2.83244
313 2.84131
314 2.84743
315 2.85072
316 2.86026
317 2.86641
318 2.87349
319 2.88028
320 2.89233
321 2.89345
322 2.9028
323 2.90765
324 2.93656
325 2.94552
326 2.98621
327 2.9928
