1 0.00531
2 0.00785
3 0.01688
4 0.02093
5 0.02579
6 0.0311
7 0.03872
8 0.0408
9 0.05116
10 0.05425
11 0.07204
12 0.07983
13 0.09264
14 0.11316
15 0.12135
16 0.12689
17 0.14588
18 0.15235
19 0.1624
20 0.16513
21 0.18073
22 0.18276
23 0.18686
24 0.18798
25 0.18995
26 0.2024
27 0.21366
28 0.21839
29 0.22248
30 0.2252
31 0.22835
32 0.2367
33 0.24666
34 0.24939
35 0.25853
36 0.27826
37 0.28266
38 0.28996
39 0.29505
40 0.29786
41 0.30283
42 0.30916
43 0.31174
44 0.32154
45 0.32582
46 0.35277
47 0.35844
48 0.36695
49 0.36953
50 0.37103
51 0.37729
52 0.39696
53 0.40225
54 0.40754
55 0.41541
56 0.41812
57 0.42075
58 0.4229
59 0.42836
60 0.43442
61 0.45088
62 0.47515
63 0.48841
64 0.4946
65 0.49916
66 0.5009
67 0.51809
68 0.5195
69 0.53344
70 0.53532
71 0.55716
72 0.56609
73 0.57289
74 0.58473
75 0.59682
76 0.60995
77 0.61179
78 0.6141
79 0.62945
80 0.63774
81 0.64633
82 0.65244
83 0.65551
84 0.66328
85 0.66758
86 0.69559
87 0.69857
88 0.6999
89 0.70722
90 0.72879
91 0.73143
92 0.73868
93 0.7448
94 0.75471
95 0.7674
96 0.77102
97 0.77308
98 0.78224
99 0.7865
100 0.82636
101 0.82975
102 0.83798
103 0.87382
104 0.88202
105 0.88606
106 0.89378
107 0.91097
108 0.92302
109 0.92791
110 0.93291
111 0.93805
112 0.94828
113 0.95075
114 0.95403
115 0.9597
116 0.96212
117 0.98193
118 0.99841
119 1.0001
120 1.00194
121 1.00483
122 1.00889
123 1.02121
124 1.02341
125 1.02858
126 1.03277
127 1.03672
128 1.04069
129 1.04333
130 1.05381
131 1.07338
132 1.07862
133 1.08782
134 1.09888
135 1.10624
136 1.11386
137 1.12014
138 1.12583
139 1.12883
140 1.14664
141 1.1518
142 1.15821
143 1.17557
144 1.17981
145 1.18484
146 1.19043
147 1.19279
148 1.2032
149 1.2274
150 1.23637
151 1.23813
152 1.24217
153 1.25855
154 1.26671
155 1.26979
156 1.27578
157 1.28029
158 1.28355
159 1.29283
160 1.29544
161 1.29936
162 1.30882
163 1.31483
164 1.31668
165 1.32769
166 1.33088
167 1.33478
168 1.3435
169 1.35959
170 1.37689
171 1.37919
172 1.38268
173 1.3886
174 1.39342
175 1.39661
176 1.39861
177 1.40987
178 1.43084
179 1.43643
180 1.44916
181 1.45061
182 1.45309
183 1.45477
184 1.47182
185 1.4753
186 1.48478
187 1.48963
188 1.49123
189 1.50007
190 1.50442
191 1.51105
192 1.51867
193 1.51985
194 1.52353
195 1.5282
196 1.54675
197 1.56763
198 1.57887
199 1.59337
200 1.5945
201 1.59791
202 1.60916
203 1.61122
204 1.61376
205 1.6181
206 1.63243
207 1.63697
208 1.64271
209 1.65372
210 1.66574
211 1.67723
212 1.68974
213 1.71166
214 1.71791
215 1.73781
216 1.7424
217 1.74741
218 1.74981
219 1.75612
220 1.77437
221 1.77799
222 1.78154
223 1.79826
224 1.82698
225 1.82847
226 1.83928
227 1.84433
228 1.84887
229 1.85896
230 1.86125
231 1.87531
232 1.88227
233 1.88532
234 1.88696
235 1.89555
236 1.90484
237 1.90898
238 1.91915
239 1.93283
240 1.93532
241 1.94544
242 1.95463
243 1.96656
244 1.97442
245 1.98326
246 1.98977
247 1.99325
248 1.99714
249 2.00175
250 2.01272
251 2.02141
252 2.03775
253 2.04548
254 2.0529
255 2.05641
256 2.07291
257 2.09731
258 2.10578
259 2.11042
260 2.11393
261 2.12573
262 2.13183
263 2.14308
264 2.15478
265 2.15827
266 2.16551
267 2.16827
268 2.17132
269 2.17336
270 2.18009
271 2.18182
272 2.19237
273 2.20049
274 2.21318
275 2.21881
276 2.22868
277 2.2318
278 2.2391
279 2.24445
280 2.25041
281 2.25801
282 2.26296
283 2.26496
284 2.27589
285 2.28837
286 2.29549
287 2.29979
288 2.31143
289 2.32405
290 2.35067
291 2.36598
292 2.37267
293 2.37848
294 2.37994
295 2.38658
296 2.38969
297 2.39805
298 2.40756
299 2.4101
300 2.41628
301 2.42028
302 2.42265
303 2.4322
304 2.43831
305 2.44572
306 2.44786
307 2.45464
308 2.46366
309 2.48267
310 2.48464
311 2.48835
312 2.49112
313 2.49563
314 2.50678
315 2.52796
316 2.53813
317 2.54569
318 2.56563
319 2.57297
320 2.58395
321 2.62173
322 2.62545
323 2.64057
324 2.65671
325 2.65861
326 2.66548
327 2.68244
328 2.68835
329 2.70343
330 2.70936
331 2.71871
332 2.72965
333 2.74902
334 2.76502
335 2.77324
336 2.78702
337 2.79966
338 2.80227
339 2.82185
340 2.82451
341 2.82574
342 2.84932
343 2.853
344 2.8707
345 2.87203
346 2.87472
347 2.87989
348 2.90466
349 2.90881
350 2.91613
351 2.91916
352 2.92225
353 2.94226
354 2.96209
355 2.9702
356 2.98136
357 2.98438
