1 0.00463
2 0.00656
3 0.00799
4 0.01526
5 0.02743
6 0.03666
7 0.04007
8 0.04548
9 0.04686
10 0.05149
11 0.05511
12 0.06415
13 0.068
14 0.07377
15 0.08431
16 0.08806
17 0.09254
18 0.09784
19 0.09975
20 0.10353
21 0.11558
22 0.12122
23 0.12593
24 0.13314
25 0.15591
26 0.17556
27 0.18001
28 0.18204
29 0.18636
30 0.19102
31 0.20378
32 0.21218
33 0.21493
34 0.21806
35 0.22547
36 0.23092
37 0.24364
38 0.25158
39 0.2539
40 0.25549
41 0.25781
42 0.26007
43 0.26455
44 0.26878
45 0.27696
46 0.28304
47 0.29373
48 0.30885
49 0.31744
50 0.3242
51 0.33744
52 0.34002
53 0.34869
54 0.35671
55 0.36439
56 0.36802
57 0.37749
58 0.38252
59 0.39102
60 0.40715
61 0.41463
62 0.41886
63 0.42855
64 0.43523
65 0.44019
66 0.44681
67 0.46105
68 0.46488
69 0.46737
70 0.47605
71 0.49861
72 0.50074
73 0.50866
74 0.51561
75 0.52915
76 0.54656
77 0.55387
78 0.55586
79 0.5592
80 0.56796
81 0.58227
82 0.58448
83 0.59182
84 0.60606
85 0.61202
86 0.61384
87 0.61829
88 0.6231
89 0.6343
90 0.64316
91 0.64662
92 0.66053
93 0.6659
94 0.685
95 0.70541
96 0.70691
97 0.71779
98 0.72597
99 0.72847
100 0.73266
101 0.73585
102 0.7523
103 0.758
104 0.76539
105 0.77101
106 0.77739
107 0.79048
108 0.79295
109 0.79779
110 0.80203
111 0.80466
112 0.80765
113 0.8104
114 0.81953
115 0.83174
116 0.845
117 0.85211
118 0.85844
119 0.86362
120 0.87836
121 0.88512
122 0.88742
123 0.89833
124 0.9113
125 0.91921
126 0.92432
127 0.93189
128 0.94248
129 0.95139
130 0.95562
131 0.96545
132 0.97778
133 0.98478
134 0.991
135 0.99518
136 0.99928
137 1.0104
138 1.04103
139 1.0447
140 1.05015
141 1.0549
142 1.06484
143 1.07475
144 1.08258
145 1.1036
146 1.11245
147 1.11665
148 1.14029
149 1.172
150 1.1773
151 1.18498
152 1.18805
153 1.20512
154 1.21571
155 1.22231
156 1.23925
157 1.24106
158 1.2451
159 1.24979
160 1.25351
161 1.26531
162 1.27191
163 1.28991
164 1.30146
165 1.30748
166 1.30945
167 1.31533
168 1.31937
169 1.32737
170 1.3344
171 1.33899
172 1.35336
173 1.3555
174 1.35915
175 1.36095
176 1.37362
177 1.39723
178 1.40793
179 1.42673
180 1.42938
181 1.4322
182 1.43616
183 1.44684
184 1.4597
185 1.46346
186 1.46601
187 1.46922
188 1.47567
189 1.48405
190 1.48758
191 1.49184
192 1.50245
193 1.51155
194 1.5178
195 1.53861
196 1.55245
197 1.55899
198 1.56334
199 1.56691
200 1.57659
201 1.58407
202 1.59405
203 1.62444
204 1.63225
205 1.64468
206 1.65463
207 1.66492
208 1.67597
209 1.69342
210 1.70173
211 1.71478
212 1.71769
213 1.73315
214 1.74164
215 1.74492
216 1.74839
217 1.74957
218 1.76287
219 1.78509
220 1.79803
221 1.8075
222 1.81156
223 1.8212
224 1.82918
225 1.83836
226 1.84561
227 1.8685
228 1.87341
229 1.87513
230 1.88548
231 1.88846
232 1.89364
233 1.89523
234 1.90438
235 1.92164
236 1.92685
237 1.93651
238 1.96253
239 1.96522
240 1.96823
241 1.97563
242 1.98989
243 1.99153
244 1.99869
245 2.00085
246 2.0051
247 2.00705
248 2.02674
249 2.03767
250 2.04356
251 2.04726
252 2.04835
253 2.05121
254 2.06624
255 2.06846
256 2.08805
257 2.10064
258 2.10189
259 2.12229
260 2.13143
261 2.1395
262 2.14404
263 2.15246
264 2.17199
265 2.18394
266 2.19957
267 2.20056
268 2.20223
269 2.20708
270 2.22424
271 2.22804
272 2.22983
273 2.24803
274 2.26328
275 2.27128
276 2.27446
277 2.30052
278 2.31556
279 2.32073
280 2.32367
281 2.34066
282 2.35815
283 2.36504
284 2.37281
285 2.38
286 2.39211
287 2.40153
288 2.41105
289 2.42015
290 2.42728
291 2.43045
292 2.44366
293 2.4623
294 2.47245
295 2.48012
296 2.48806
297 2.4938
298 2.50263
299 2.50534
300 2.51787
301 2.52508
302 2.5403
303 2.54452
304 2.55345
305 2.56198
306 2.56584
307 2.57212
308 2.58016
309 2.58704
310 2.60456
311 2.61317
312 2.62564
313 2.62812
314 2.6396
315 2.64325
316 2.645
317 2.65115
318 2.65793
319 2.65997
320 2.69361
321 2.69893
322 2.70887
323 2.71569
324 2.72962
325 2.73104
326 2.73887
327 2.74251
328 2.76268
329 2.76987
330 2.77354
331 2.7801
332 2.78658
333 2.79309
334 2.7961
335 2.7994
336 2.80447
337 2.8144
338 2.83273
339 2.83861
340 2.84144
341 2.84542
342 2.85185
343 2.86065
344 2.86655
345 2.87606
346 2.8814
347 2.88371
348 2.88752
349 2.91785
350 2.92366
351 2.93615
352 2.94858
353 2.95536
354 2.96514
355 2.96768
356 2.97047
357 2.98553
358 2.99555
359 2.99926
