1 0.00928
2 0.0173
3 0.03078
4 0.03916
5 0.04394
6 0.08007
7 0.0878
8 0.09951
9 0.11444
10 0.1197
11 0.13327
12 0.14704
13 0.15846
14 0.16285
15 0.17088
16 0.18215
17 0.19405
18 0.20658
19 0.23227
20 0.23676
21 0.25557
22 0.25955
23 0.27285
24 0.28555
25 0.30166
26 0.32065
27 0.34025
28 0.34541
29 0.35671
30 0.37627
31 0.40029
32 0.4287
33 0.44685
34 0.46142
35 0.49832
36 0.50713
37 0.52644
38 0.53768
39 0.54131
40 0.55643
41 0.57059
42 0.58042
43 0.59713
44 0.61131
45 0.63757
46 0.64362
47 0.65555
48 0.66022
49 0.67171
50 0.68287
51 0.68852
52 0.69178
53 0.70218
54 0.70696
55 0.71159
56 0.72608
57 0.73617
58 0.78948
59 0.81157
60 0.81931
61 0.82435
62 0.83672
63 0.86581
64 0.87674
65 0.8808
66 0.91642
67 0.92207
68 0.92974
69 0.94819
70 0.9528
71 0.96533
72 0.98452
73 0.9966
74 1.00193
75 1.02407
76 1.0327
77 1.03916
78 1.04861
79 1.05001
80 1.06532
81 1.09837
82 1.10525
83 1.11709
84 1.12647
85 1.13251
86 1.15914
87 1.16359
88 1.16904
89 1.18257
90 1.18605
91 1.19311
92 1.23537
93 1.25082
94 1.28116
95 1.28619
96 1.29075
97 1.29579
98 1.30132
99 1.33009
100 1.34088
101 1.34962
102 1.35794
103 1.36412
104 1.37651
105 1.38483
106 1.40239
107 1.40611
108 1.41591
109 1.42404
110 1.42914
111 1.45315
112 1.50278
113 1.54229
114 1.55886
115 1.57034
116 1.60427
117 1.61662
118 1.63987
119 1.6525
120 1.66356
121 1.6804
122 1.68188
123 1.69006
124 1.69643
125 1.70064
126 1.72028
127 1.72535
128 1.73012
129 1.7335
130 1.74812
131 1.76018
132 1.76362
133 1.77224
134 1.78355
135 1.7879
136 1.79244
137 1.7977
138 1.82093
139 1.84471
140 1.87165
141 1.87558
142 1.88178
143 1.88796
144 1.91126
145 1.93001
146 1.93923
147 1.94389
148 1.95334
149 1.95843
150 1.96414
151 1.97116
152 1.9754
153 2.01134
154 2.01469
155 2.02295
156 2.03039
157 2.04974
158 2.0535
159 2.05968
160 2.07682
161 2.08763
162 2.10585
163 2.10942
164 2.11475
165 2.12369
166 2.13843
167 2.1419
168 2.14715
169 2.15424
170 2.17213
171 2.17892
172 2.1838
173 2.18895
174 2.20821
175 2.24311
176 2.24979
177 2.25739
178 2.26084
179 2.27803
180 2.27951
181 2.29804
182 2.30396
183 2.32439
184 2.32896
185 2.33257
186 2.33989
187 2.35262
188 2.40086
189 2.41992
190 2.42343
191 2.45391
192 2.46668
193 2.47275
194 2.47701
195 2.5057
196 2.52371
197 2.52855
198 2.53756
199 2.54668
200 2.54783
201 2.56831
202 2.57417
203 2.59053
204 2.60674
205 2.62164
206 2.63165
207 2.64491
208 2.65516
209 2.66212
210 2.6688
211 2.67232
212 2.68393
213 2.6888
214 2.70582
215 2.72363
216 2.76728
217 2.77606
218 2.78424
219 2.78982
220 2.80285
221 2.82295
222 2.85679
223 2.8691
224 2.87395
225 2.88038
226 2.88513
227 2.91299
228 2.91786
229 2.92799
230 2.93188
231 2.94607
232 2.97177
233 2.99337
