1 0.01149
2 0.02642
3 0.04193
4 0.05137
5 0.05474
6 0.06256
7 0.08349
8 0.08738
9 0.0924
10 0.10263
11 0.10553
12 0.13172
13 0.14196
14 0.16373
15 0.17223
16 0.1743
17 0.19859
18 0.21038
19 0.22024
20 0.22825
21 0.23046
22 0.25499
23 0.26503
24 0.26831
25 0.27322
26 0.27929
27 0.28462
28 0.30058
29 0.30504
30 0.33439
31 0.34972
32 0.37598
33 0.39536
34 0.43741
35 0.45499
36 0.46877
37 0.47264
38 0.4848
39 0.48759
40 0.4942
41 0.49749
42 0.50635
43 0.52052
44 0.54019
45 0.54519
46 0.54875
47 0.57313
48 0.57918
49 0.58794
50 0.59263
51 0.60018
52 0.60674
53 0.61437
54 0.62623
55 0.62955
56 0.63614
57 0.64733
58 0.65789
59 0.6607
60 0.68542
61 0.69229
62 0.70616
63 0.71008
64 0.71433
65 0.7215
66 0.72646
67 0.73527
68 0.76198
69 0.77577
70 0.78515
71 0.80405
72 0.81111
73 0.82278
74 0.83564
75 0.85617
76 0.85735
77 0.86007
78 0.87975
79 0.90838
80 0.91653
81 0.9227
82 0.92845
83 0.94176
84 0.95244
85 0.97423
86 1.02765
87 1.03504
88 1.04434
89 1.04772
90 1.06064
91 1.0844
92 1.10126
93 1.10773
94 1.11789
95 1.13193
96 1.13692
97 1.14803
98 1.15894
99 1.16557
100 1.1688
101 1.18623
102 1.20046
103 1.2109
104 1.21892
105 1.231
106 1.23527
107 1.24371
108 1.25381
109 1.26795
110 1.27988
111 1.29022
112 1.30178
113 1.30467
114 1.31111
115 1.34301
116 1.36396
117 1.37915
118 1.39077
119 1.40513
120 1.41698
121 1.43976
122 1.46935
123 1.48469
124 1.48878
125 1.49577
126 1.51498
127 1.53586
128 1.54006
129 1.54421
130 1.55836
131 1.56535
132 1.59085
133 1.60351
134 1.61115
135 1.61543
136 1.62009
137 1.63844
138 1.65962
139 1.66617
140 1.66863
141 1.69535
142 1.70107
143 1.70575
144 1.71633
145 1.72383
146 1.72821
147 1.73268
148 1.73664
149 1.7486
150 1.75667
151 1.77173
152 1.7772
153 1.78296
154 1.78806
155 1.79238
156 1.8063
157 1.82451
158 1.84481
159 1.84838
160 1.85675
161 1.86983
162 1.87763
163 1.88756
164 1.89359
165 1.90349
166 1.91084
167 1.93245
168 1.95193
169 1.96907
170 1.97475
171 1.99939
172 2.01708
173 2.04829
174 2.05255
175 2.07661
176 2.12737
177 2.15338
178 2.15994
179 2.16479
180 2.17204
181 2.17803
182 2.18288
183 2.18898
184 2.2068
185 2.22655
186 2.23436
187 2.23703
188 2.24268
189 2.25658
190 2.25986
191 2.26508
192 2.28355
193 2.29621
194 2.30429
195 2.30808
196 2.32425
197 2.34123
198 2.35597
199 2.36536
200 2.38241
201 2.39417
202 2.40718
203 2.41782
204 2.42385
205 2.47127
206 2.49113
207 2.50271
208 2.51129
209 2.53602
210 2.54073
211 2.54698
212 2.55025
213 2.55426
214 2.57205
215 2.579
216 2.58941
217 2.60155
218 2.60605
219 2.62655
220 2.63112
221 2.6446
222 2.64755
223 2.6695
224 2.68166
225 2.70039
226 2.7051
227 2.72178
228 2.76596
229 2.77069
230 2.78792
231 2.79792
232 2.80801
233 2.81548
234 2.81942
235 2.8235
236 2.82786
237 2.84292
238 2.84716
239 2.85575
240 2.86518
241 2.87218
242 2.88039
243 2.88821
244 2.89519
245 2.89826
246 2.91356
247 2.92589
248 2.93317
249 2.94053
250 2.94695
251 2.95344
252 2.96626
253 2.97234
254 2.97706
255 2.9926
