1 0.00808
2 0.01149
3 0.016
4 0.02197
5 0.03864
6 0.04283
7 0.05523
8 0.05668
9 0.06125
10 0.07902
11 0.09198
12 0.0994
13 0.12231
14 0.12919
15 0.13377
16 0.14282
17 0.14573
18 0.16936
19 0.17198
20 0.17672
21 0.18699
22 0.1928
23 0.19685
24 0.22514
25 0.23999
26 0.24638
27 0.25486
28 0.25939
29 0.2721
30 0.2787
31 0.29668
32 0.30004
33 0.30781
34 0.32687
35 0.33457
36 0.33935
37 0.37331
38 0.37573
39 0.38308
40 0.39125
41 0.40254
42 0.41393
43 0.4178
44 0.42111
45 0.42412
46 0.42718
47 0.44224
48 0.45943
49 0.46449
50 0.48743
51 0.49762
52 0.50688
53 0.51537
54 0.52111
55 0.52934
56 0.54151
57 0.54448
58 0.57629
59 0.57991
60 0.58302
61 0.60666
62 0.61174
63 0.61444
64 0.62972
65 0.64729
66 0.65438
67 0.69172
68 0.70458
69 0.70969
70 0.72473
71 0.73225
72 0.74505
73 0.75017
74 0.76161
75 0.77181
76 0.77477
77 0.77869
78 0.78494
79 0.80357
80 0.811
81 0.81725
82 0.85755
83 0.87199
84 0.88584
85 0.90146
86 0.91106
87 0.9223
88 0.9278
89 0.93594
90 0.94004
91 0.94257
92 0.9469
93 0.94833
94 0.9544
95 0.97117
96 0.98435
97 0.99395
98 1.00262
99 1.00563
100 1.01536
101 1.02355
102 1.03555
103 1.04375
104 1.04896
105 1.06747
106 1.07811
107 1.09822
108 1.11726
109 1.13611
110 1.1372
111 1.14017
112 1.14438
113 1.14834
114 1.15904
115 1.18215
116 1.18877
117 1.19596
118 1.19962
119 1.21505
120 1.2467
121 1.25868
122 1.26286
123 1.28487
124 1.30142
125 1.31114
126 1.317
127 1.32211
128 1.32994
129 1.34724
130 1.37344
131 1.37627
132 1.38229
133 1.39077
134 1.40223
135 1.40975
136 1.42011
137 1.42391
138 1.42925
139 1.43909
140 1.44198
141 1.45263
142 1.46224
143 1.46901
144 1.48422
145 1.49937
146 1.50356
147 1.52814
148 1.54478
149 1.55021
150 1.55854
151 1.56316
152 1.57879
153 1.60345
154 1.62733
155 1.63479
156 1.66016
157 1.66328
158 1.6887
159 1.69179
160 1.6957
161 1.7038
162 1.71098
163 1.72363
164 1.74078
165 1.74788
166 1.75337
167 1.75623
168 1.78243
169 1.7874
170 1.79794
171 1.80283
172 1.81292
173 1.82701
174 1.83428
175 1.83835
176 1.85243
177 1.87459
178 1.88152
179 1.89034
180 1.91011
181 1.92024
182 1.92404
183 1.93969
184 1.94287
185 1.9531
186 1.98164
187 1.98609
188 1.99892
189 2.01334
190 2.0527
191 2.06647
192 2.08402
193 2.09372
194 2.10816
195 2.12346
196 2.13068
197 2.15044
198 2.15683
199 2.16417
200 2.17536
201 2.18359
202 2.19127
203 2.20254
204 2.22189
205 2.22961
206 2.23382
207 2.23662
208 2.24882
209 2.25123
210 2.26324
211 2.2717
212 2.27945
213 2.28207
214 2.28885
215 2.29671
216 2.32355
217 2.33195
218 2.34575
219 2.35322
220 2.36258
221 2.37109
222 2.37557
223 2.39417
224 2.4012
225 2.40788
226 2.42285
227 2.42627
228 2.43213
229 2.44336
230 2.45301
231 2.46701
232 2.48615
233 2.49164
234 2.51039
235 2.51143
236 2.53601
237 2.53678
238 2.53973
239 2.55315
240 2.58187
241 2.59006
242 2.60012
243 2.6177
244 2.64149
245 2.66908
246 2.67164
247 2.67492
248 2.67888
249 2.68852
250 2.69138
251 2.69575
252 2.70536
253 2.72814
254 2.73882
255 2.757
256 2.75931
257 2.76343
258 2.76667
259 2.77011
260 2.77532
261 2.77883
262 2.78402
263 2.79733
264 2.80693
265 2.81201
266 2.81627
267 2.82622
268 2.83311
269 2.8393
270 2.84263
271 2.85039
272 2.85964
273 2.87183
274 2.89112
275 2.89866
276 2.91227
277 2.91657
278 2.92683
279 2.93388
280 2.93792
281 2.94151
282 2.97619
283 2.98304
284 2.9971
