1 0.00914
2 0.01203
3 0.01964
4 0.03522
5 0.04129
6 0.05704
7 0.0625
8 0.07604
9 0.08112
10 0.08864
11 0.10216
12 0.11384
13 0.1191
14 0.12582
15 0.1279
16 0.13094
17 0.13603
18 0.14485
19 0.15546
20 0.16746
21 0.18418
22 0.19002
23 0.19298
24 0.19688
25 0.20344
26 0.20572
27 0.21345
28 0.21659
29 0.22108
30 0.24217
31 0.24673
32 0.25825
33 0.26119
34 0.26558
35 0.27439
36 0.29179
37 0.30118
38 0.3161
39 0.31944
40 0.33003
41 0.33573
42 0.34595
43 0.34916
44 0.37268
45 0.3767
46 0.37997
47 0.38438
48 0.39311
49 0.40391
50 0.40541
51 0.41087
52 0.41839
53 0.43025
54 0.43634
55 0.44178
56 0.45375
57 0.48888
58 0.49553
59 0.50095
60 0.51117
61 0.51988
62 0.52087
63 0.52838
64 0.53485
65 0.54936
66 0.55253
67 0.55901
68 0.57291
69 0.57546
70 0.57913
71 0.58658
72 0.59183
73 0.59637
74 0.60102
75 0.61361
76 0.62135
77 0.62379
78 0.63164
79 0.63921
80 0.64293
81 0.65017
82 0.65291
83 0.65691
84 0.66141
85 0.67858
86 0.69271
87 0.69493
88 0.69939
89 0.70734
90 0.71426
91 0.72526
92 0.72939
93 0.73859
94 0.74627
95 0.77396
96 0.7903
97 0.81172
98 0.81401
99 0.81624
100 0.83149
101 0.84061
102 0.85928
103 0.86423
104 0.8673
105 0.87395
106 0.87582
107 0.87781
108 0.90845
109 0.92682
110 0.93737
111 0.94681
112 0.94781
113 0.95399
114 0.96372
115 0.97888
116 0.98766
117 0.98885
118 0.99604
119 0.9978
120 1.00112
121 1.0091
122 1.05534
123 1.06607
124 1.072
125 1.07446
126 1.08168
127 1.10393
128 1.11079
129 1.11838
130 1.12823
131 1.13509
132 1.13678
133 1.15234
134 1.16587
135 1.18531
136 1.18818
137 1.19288
138 1.19983
139 1.21234
140 1.22015
141 1.23799
142 1.26096
143 1.26398
144 1.26731
145 1.28891
146 1.28998
147 1.29117
148 1.30091
149 1.32008
150 1.33826
151 1.3443
152 1.35954
153 1.36178
154 1.36781
155 1.37231
156 1.37842
157 1.38731
158 1.39183
159 1.39717
160 1.40108
161 1.42379
162 1.4364
163 1.44916
164 1.45146
165 1.46903
166 1.49071
167 1.49561
168 1.52014
169 1.52847
170 1.53928
171 1.54283
172 1.54755
173 1.55333
174 1.56195
175 1.58856
176 1.59309
177 1.61332
178 1.62427
179 1.6291
180 1.63366
181 1.64912
182 1.65641
183 1.65977
184 1.66948
185 1.67567
186 1.68254
187 1.6937
188 1.70424
189 1.72994
190 1.73193
191 1.74614
192 1.74884
193 1.76884
194 1.77253
195 1.77573
196 1.78122
197 1.81393
198 1.83253
199 1.84456
200 1.85304
201 1.86428
202 1.8674
203 1.87493
204 1.87887
205 1.88895
206 1.89542
207 1.90407
208 1.90666
209 1.93175
210 1.93735
211 1.9546
212 1.95867
213 1.97611
214 1.98977
215 1.99272
216 1.99422
217 1.99947
218 2.0045
219 2.01003
220 2.01513
221 2.0192
222 2.02352
223 2.03305
224 2.05569
225 2.05997
226 2.07095
227 2.08771
228 2.10901
229 2.11314
230 2.11781
231 2.12414
232 2.13914
233 2.14641
234 2.15163
235 2.15962
236 2.19173
237 2.20471
238 2.2197
239 2.23776
240 2.24589
241 2.25155
242 2.26831
243 2.2977
244 2.30156
245 2.31149
246 2.3215
247 2.33542
248 2.33778
249 2.34071
250 2.34731
251 2.354
252 2.37227
253 2.37484
254 2.38491
255 2.39222
256 2.42597
257 2.42781
258 2.42868
259 2.43786
260 2.44566
261 2.4497
262 2.45963
263 2.4702
264 2.48126
265 2.49408
266 2.51398
267 2.53813
268 2.54335
269 2.55081
270 2.56758
271 2.58255
272 2.58955
273 2.59562
274 2.60162
275 2.61238
276 2.61521
277 2.62257
278 2.62484
279 2.62846
280 2.63936
281 2.64404
282 2.64897
283 2.65087
284 2.65334
285 2.65671
286 2.6581
287 2.6679
288 2.69022
289 2.70177
290 2.70673
291 2.72666
292 2.73091
293 2.73639
294 2.73869
295 2.74067
296 2.74308
297 2.76516
298 2.7779
299 2.78531
300 2.79885
301 2.8041
302 2.80729
303 2.82182
304 2.8444
305 2.84597
306 2.86183
307 2.86967
308 2.87318
309 2.88212
310 2.89025
311 2.90416
312 2.90852
313 2.91744
314 2.92047
315 2.9258
316 2.93643
317 2.95184
318 2.97232
319 2.98769
320 2.99484
