1 0.00623
2 0.01629
3 0.0197
4 0.03081
5 0.03679
6 0.04556
7 0.05101
8 0.05997
9 0.06263
10 0.06767
11 0.07279
12 0.07714
13 0.09047
14 0.09605
15 0.10286
16 0.1114
17 0.11931
18 0.13305
19 0.13405
20 0.13985
21 0.14327
22 0.15756
23 0.16044
24 0.16354
25 0.16794
26 0.18988
27 0.20055
28 0.20788
29 0.21815
30 0.23675
31 0.23881
32 0.249
33 0.25082
34 0.25765
35 0.26226
36 0.2676
37 0.27139
38 0.27856
39 0.28045
40 0.29195
41 0.29485
42 0.29874
43 0.30264
44 0.30932
45 0.31529
46 0.32396
47 0.3272
48 0.3388
49 0.34342
50 0.34751
51 0.35431
52 0.35929
53 0.36666
54 0.38373
55 0.38656
56 0.39105
57 0.39827
58 0.39996
59 0.40171
60 0.40923
61 0.41171
62 0.41644
63 0.4256
64 0.42738
65 0.44151
66 0.45272
67 0.46667
68 0.47201
69 0.48609
70 0.49343
71 0.50389
72 0.50918
73 0.51335
74 0.52708
75 0.54168
76 0.54503
77 0.55719
78 0.55864
79 0.57723
80 0.58032
81 0.58133
82 0.58847
83 0.59463
84 0.59628
85 0.61549
86 0.62399
87 0.62937
88 0.63704
89 0.6431
90 0.64773
91 0.65501
92 0.65686
93 0.66608
94 0.68064
95 0.6855
96 0.68941
97 0.69323
98 0.69634
99 0.70076
100 0.71587
101 0.71848
102 0.72723
103 0.73446
104 0.74344
105 0.7458
106 0.75277
107 0.7571
108 0.76903
109 0.77221
110 0.77748
111 0.79565
112 0.81998
113 0.8382
114 0.85201
115 0.86246
116 0.87138
117 0.87651
118 0.88157
119 0.89472
120 0.90325
121 0.90976
122 0.92451
123 0.931
124 0.941
125 0.95486
126 0.98288
127 0.99015
128 0.99566
129 1.01029
130 1.01304
131 1.0178
132 1.0222
133 1.03144
134 1.04887
135 1.06116
136 1.06431
137 1.06941
138 1.0778
139 1.08371
140 1.08922
141 1.09249
142 1.0972
143 1.11329
144 1.12172
145 1.12967
146 1.1467
147 1.16241
148 1.1657
149 1.17403
150 1.18696
151 1.19098
152 1.19506
153 1.20848
154 1.21337
155 1.23337
156 1.23827
157 1.24227
158 1.25067
159 1.28912
160 1.29434
161 1.29778
162 1.30177
163 1.31359
164 1.32736
165 1.33175
166 1.33888
167 1.37415
168 1.38217
169 1.3942
170 1.40027
171 1.4254
172 1.43282
173 1.44157
174 1.44733
175 1.45626
176 1.46939
177 1.47471
178 1.47768
179 1.48363
180 1.49039
181 1.49319
182 1.49952
183 1.52565
184 1.53062
185 1.54029
186 1.5459
187 1.55497
188 1.56338
189 1.57079
190 1.58762
191 1.59633
192 1.62551
193 1.63293
194 1.64673
195 1.64869
196 1.65075
197 1.67788
198 1.68195
199 1.68457
200 1.68767
201 1.68967
202 1.6935
203 1.70467
204 1.72107
205 1.72835
206 1.73262
207 1.73633
208 1.7489
209 1.75455
210 1.76517
211 1.77256
212 1.78291
213 1.80124
214 1.80726
215 1.81334
216 1.81567
217 1.82912
218 1.84461
219 1.84574
220 1.85859
221 1.87524
222 1.88233
223 1.90027
224 1.90945
225 1.91348
226 1.92505
227 1.93757
228 1.94051
229 1.94603
230 1.96423
231 1.96575
232 1.97801
233 1.99851
234 2.0056
235 2.00657
236 2.01226
237 2.03063
238 2.03248
239 2.04183
240 2.0474
241 2.05118
242 2.05378
243 2.06371
244 2.07662
245 2.0809
246 2.08508
247 2.09801
248 2.1024
249 2.10613
250 2.12958
251 2.13479
252 2.13944
253 2.14565
254 2.16139
255 2.1712
256 2.19838
257 2.20149
258 2.22035
259 2.23563
260 2.25425
261 2.26714
262 2.29455
263 2.30592
264 2.31078
265 2.32213
266 2.33086
267 2.33913
268 2.34456
269 2.35418
270 2.36392
271 2.3723
272 2.37447
273 2.38438
274 2.38648
275 2.38979
276 2.39277
277 2.40348
278 2.41422
279 2.42124
280 2.42533
281 2.44179
282 2.45596
283 2.46051
284 2.46301
285 2.46618
286 2.46808
287 2.46929
288 2.47354
289 2.4802
290 2.48729
291 2.50358
292 2.50493
293 2.51035
294 2.51278
295 2.52285
296 2.52947
297 2.53298
298 2.53736
299 2.53967
300 2.54193
301 2.54573
302 2.55777
303 2.56628
304 2.57456
305 2.5823
306 2.59766
307 2.61759
308 2.62963
309 2.64877
310 2.65828
311 2.66488
312 2.68159
313 2.68402
314 2.69617
315 2.6994
316 2.70139
317 2.71288
318 2.7229
319 2.72747
320 2.75021
321 2.76404
322 2.76991
323 2.79332
324 2.7986
325 2.80509
326 2.80732
327 2.81116
328 2.8212
329 2.82279
330 2.8318
331 2.84704
332 2.85466
333 2.8667
334 2.87169
335 2.87466
336 2.88813
337 2.89523
338 2.90559
339 2.92689
340 2.93644
341 2.94453
342 2.95762
343 2.97316
344 2.9746
345 2.99014
346 2.99627
