1 0.00616
2 0.0164
3 0.01933
4 0.02187
5 0.02518
6 0.03533
7 0.04016
8 0.04581
9 0.04806
10 0.05248
11 0.05956
12 0.06912
13 0.08138
14 0.08369
15 0.09297
16 0.10539
17 0.11047
18 0.11683
19 0.12241
20 0.12465
21 0.1259
22 0.12774
23 0.12917
24 0.13454
25 0.13724
26 0.14024
27 0.14344
28 0.15245
29 0.16816
30 0.17129
31 0.17782
32 0.18474
33 0.18897
34 0.19322
35 0.19807
36 0.20683
37 0.21105
38 0.21592
39 0.22483
40 0.23474
41 0.24495
42 0.28002
43 0.28683
44 0.2925
45 0.29981
46 0.30313
47 0.32169
48 0.33094
49 0.35852
50 0.37064
51 0.38072
52 0.38938
53 0.41062
54 0.4191
55 0.42329
56 0.42909
57 0.449
58 0.46859
59 0.48664
60 0.49725
61 0.52285
62 0.53699
63 0.54538
64 0.55467
65 0.56037
66 0.56771
67 0.57521
68 0.5889
69 0.59479
70 0.59691
71 0.60955
72 0.62519
73 0.63399
74 0.63757
75 0.6429
76 0.66003
77 0.67268
78 0.67811
79 0.68188
80 0.69236
81 0.69439
82 0.70219
83 0.71903
84 0.74108
85 0.78247
86 0.78495
87 0.78729
88 0.79522
89 0.80911
90 0.81943
91 0.83301
92 0.83393
93 0.83832
94 0.84239
95 0.84482
96 0.85224
97 0.86104
98 0.87026
99 0.87184
100 0.87876
101 0.88066
102 0.89028
103 0.90093
104 0.92035
105 0.92865
106 0.93346
107 0.93764
108 0.95002
109 0.958
110 0.9611
111 0.99251
112 0.99797
113 1.00749
114 1.02898
115 1.04819
116 1.0503
117 1.06026
118 1.07613
119 1.08228
120 1.08515
121 1.09973
122 1.1015
123 1.10436
124 1.11477
125 1.12393
126 1.13553
127 1.15049
128 1.1538
129 1.15645
130 1.17265
131 1.17894
132 1.18841
133 1.20559
134 1.20793
135 1.21635
136 1.23015
137 1.2437
138 1.25452
139 1.26065
140 1.28602
141 1.29483
142 1.29905
143 1.30086
144 1.30582
145 1.32341
146 1.32891
147 1.33332
148 1.34656
149 1.35834
150 1.36302
151 1.36539
152 1.36715
153 1.37224
154 1.38505
155 1.39938
156 1.42606
157 1.42941
158 1.43669
159 1.44872
160 1.45659
161 1.46549
162 1.48665
163 1.4984
164 1.52934
165 1.54184
166 1.55175
167 1.56294
168 1.58286
169 1.59191
170 1.60884
171 1.61701
172 1.6214
173 1.62285
174 1.62498
175 1.63032
176 1.63702
177 1.66535
178 1.67148
179 1.6793
180 1.6881
181 1.69374
182 1.69949
183 1.71048
184 1.71443
185 1.72641
186 1.74337
187 1.74687
188 1.75655
189 1.77223
190 1.78347
191 1.79102
192 1.79477
193 1.8078
194 1.84
195 1.84592
196 1.84804
197 1.85661
198 1.86136
199 1.86606
200 1.87785
201 1.8952
202 1.90143
203 1.9154
204 1.92388
205 1.93013
206 1.94155
207 1.94397
208 1.95414
209 1.95544
210 1.96762
211 1.97707
212 2.01125
213 2.02237
214 2.03386
215 2.03713
216 2.04215
217 2.05053
218 2.0609
219 2.06841
220 2.07392
221 2.0867
222 2.09203
223 2.11086
224 2.11646
225 2.126
226 2.12758
227 2.13383
228 2.1421
229 2.15647
230 2.16573
231 2.18286
232 2.18857
233 2.19562
234 2.20299
235 2.23897
236 2.24237
237 2.24843
238 2.2544
239 2.26273
240 2.27022
241 2.28695
242 2.28852
243 2.29435
244 2.29961
245 2.30467
246 2.32699
247 2.33023
248 2.33275
249 2.33593
250 2.34685
251 2.35134
252 2.35773
253 2.36596
254 2.36924
255 2.37821
256 2.38231
257 2.39022
258 2.39413
259 2.4147
260 2.41984
261 2.42554
262 2.4311
263 2.43883
264 2.44496
265 2.4496
266 2.45373
267 2.46657
268 2.46804
269 2.49201
270 2.49677
271 2.50815
272 2.51078
273 2.52174
274 2.52582
275 2.55806
276 2.56098
277 2.59066
278 2.6
279 2.60864
280 2.61903
281 2.63343
282 2.64525
283 2.65232
284 2.66346
285 2.67559
286 2.68798
287 2.69841
288 2.70095
289 2.70484
290 2.74886
291 2.75739
292 2.79838
293 2.80517
294 2.82701
295 2.83256
296 2.83525
297 2.84849
298 2.85695
299 2.86285
300 2.8806
301 2.89364
302 2.90525
303 2.92082
304 2.92522
305 2.93768
306 2.94198
307 2.94414
308 2.96407
309 2.98627
310 2.99759
