1 0.0083
2 0.01553
3 0.02135
4 0.0258
5 0.02885
6 0.0352
7 0.03754
8 0.04246
9 0.05358
10 0.06428
11 0.08305
12 0.09361
13 0.09751
14 0.10552
15 0.10727
16 0.11686
17 0.12113
18 0.12758
19 0.13104
20 0.13344
21 0.13855
22 0.18221
23 0.18612
24 0.19602
25 0.2007
26 0.21327
27 0.21923
28 0.22976
29 0.23907
30 0.24979
31 0.25724
32 0.26121
33 0.26716
34 0.28038
35 0.28307
36 0.29642
37 0.3226
38 0.32841
39 0.33013
40 0.33418
41 0.34318
42 0.34911
43 0.35848
44 0.36758
45 0.37508
46 0.38238
47 0.41338
48 0.42628
49 0.43163
50 0.43888
51 0.44967
52 0.45913
53 0.48
54 0.48703
55 0.49674
56 0.50629
57 0.51452
58 0.51975
59 0.52867
60 0.53797
61 0.5439
62 0.55399
63 0.55576
64 0.55892
65 0.56382
66 0.60042
67 0.6053
68 0.61385
69 0.61992
70 0.62285
71 0.6349
72 0.63581
73 0.63887
74 0.64927
75 0.66089
76 0.6819
77 0.69409
78 0.6998
79 0.71445
80 0.72132
81 0.73447
82 0.75769
83 0.76571
84 0.76826
85 0.77088
86 0.77446
87 0.78319
88 0.7886
89 0.7907
90 0.80822
91 0.85302
92 0.85588
93 0.86441
94 0.86838
95 0.8717
96 0.89269
97 0.92108
98 0.92757
99 0.93901
100 0.95148
101 0.95669
102 0.97714
103 0.98322
104 0.9864
105 0.99091
106 1.00514
107 1.01413
108 1.0294
109 1.04036
110 1.05111
111 1.06285
112 1.07859
113 1.09801
114 1.1027
115 1.11441
116 1.12309
117 1.13405
118 1.16288
119 1.17149
120 1.18057
121 1.18357
122 1.19099
123 1.20464
124 1.21499
125 1.22201
126 1.23825
127 1.24599
128 1.26117
129 1.26756
130 1.2838
131 1.306
132 1.313
133 1.32438
134 1.333
135 1.3596
136 1.36247
137 1.3659
138 1.37542
139 1.38121
140 1.39059
141 1.40361
142 1.42279
143 1.43193
144 1.43831
145 1.4415
146 1.45027
147 1.48617
148 1.49433
149 1.50495
150 1.50797
151 1.51964
152 1.5226
153 1.52702
154 1.53069
155 1.56052
156 1.56332
157 1.59845
158 1.60677
159 1.61398
160 1.61914
161 1.62923
162 1.63903
163 1.65534
164 1.66664
165 1.67894
166 1.68536
167 1.69535
168 1.72004
169 1.72803
170 1.73164
171 1.7359
172 1.73968
173 1.78477
174 1.78764
175 1.80305
176 1.82464
177 1.86824
178 1.87398
179 1.8769
180 1.89254
181 1.89921
182 1.93497
183 1.94222
184 1.96851
185 1.97352
186 1.98576
187 1.99388
188 2.00168
189 2.00667
190 2.01297
191 2.01666
192 2.02781
193 2.03455
194 2.04281
195 2.04705
196 2.07848
197 2.08209
198 2.08705
199 2.09814
200 2.10304
201 2.12558
202 2.13032
203 2.13541
204 2.14015
205 2.15055
206 2.17116
207 2.18597
208 2.19302
209 2.20118
210 2.22048
211 2.2297
212 2.24379
213 2.24821
214 2.25885
215 2.26721
216 2.26924
217 2.27618
218 2.28168
219 2.29894
220 2.30185
221 2.30727
222 2.3576
223 2.36435
224 2.37024
225 2.39985
226 2.40665
227 2.41785
228 2.42288
229 2.43195
230 2.44048
231 2.45897
232 2.47411
233 2.48258
234 2.48487
235 2.48788
236 2.49968
237 2.52272
238 2.52583
239 2.54186
240 2.55695
241 2.57955
242 2.58897
243 2.59372
244 2.59925
245 2.60423
246 2.62058
247 2.62318
248 2.62629
249 2.63054
250 2.63347
251 2.6492
252 2.6883
253 2.69459
254 2.70707
255 2.71627
256 2.72313
257 2.72687
258 2.73817
259 2.74672
260 2.74955
261 2.75856
262 2.77467
263 2.78616
264 2.79105
265 2.8029
266 2.82566
267 2.85895
268 2.86761
269 2.87902
270 2.88324
271 2.89003
272 2.89469
273 2.89785
274 2.91874
275 2.92011
276 2.9262
277 2.93422
278 2.93682
279 2.98754
280 2.99864
