1 0.00215
2 0.02063
3 0.02828
4 0.03349
5 0.05941
6 0.07146
7 0.09111
8 0.1305
9 0.14655
10 0.15961
11 0.19447
12 0.20209
13 0.26144
14 0.2759
15 0.28177
16 0.28806
17 0.33693
18 0.35101
19 0.3564
20 0.36237
21 0.3694
22 0.37828
23 0.40515
24 0.41666
25 0.46632
26 0.4952
27 0.52959
28 0.5446
29 0.54989
30 0.59392
31 0.60029
32 0.60527
33 0.61221
34 0.65181
35 0.65335
36 0.66155
37 0.70777
38 0.71318
39 0.71951
40 0.72821
41 0.74516
42 0.75253
43 0.76016
44 0.82559
45 0.83414
46 0.8472
47 0.85511
48 0.87226
49 0.93734
50 0.96167
51 0.98869
52 1.01034
53 1.01929
54 1.02479
55 1.06516
56 1.11674
57 1.1227
58 1.13882
59 1.15627
60 1.17553
61 1.18936
62 1.20243
63 1.25097
64 1.26493
65 1.2658
66 1.28253
67 1.31365
68 1.32685
69 1.34446
70 1.35046
71 1.35193
72 1.35706
73 1.36575
74 1.3944
75 1.40811
76 1.41644
77 1.42165
78 1.44915
79 1.45418
80 1.46047
81 1.46757
82 1.47244
83 1.48981
84 1.51187
85 1.51881
86 1.52597
87 1.53783
88 1.55147
89 1.55347
90 1.55942
91 1.56586
92 1.60162
93 1.62173
94 1.63704
95 1.6486
96 1.67013
97 1.67641
98 1.69407
99 1.70463
100 1.73063
101 1.75021
102 1.75544
103 1.78977
104 1.80027
105 1.8415
106 1.87213
107 1.89875
108 1.9141
109 1.96246
110 2.01907
111 2.0329
112 2.03893
113 2.04123
114 2.04718
115 2.08544
116 2.11216
117 2.11677
118 2.15542
119 2.16789
120 2.17434
121 2.19226
122 2.24947
123 2.26147
124 2.26668
125 2.27325
126 2.28083
127 2.29311
128 2.29848
129 2.32095
130 2.33014
131 2.35547
132 2.36078
133 2.37278
134 2.4016
135 2.4263
136 2.43267
137 2.45553
138 2.47418
139 2.48478
140 2.52084
141 2.53441
142 2.54771
143 2.55563
144 2.56994
145 2.59216
146 2.60942
147 2.61829
148 2.63865
149 2.66478
150 2.67027
151 2.70817
152 2.71383
153 2.73113
154 2.76531
155 2.78083
156 2.78474
157 2.79065
158 2.79866
159 2.80966
160 2.81094
161 2.86987
162 2.89309
163 2.91054
164 2.92396
165 2.95009
166 2.96851
167 2.99469
