1 0.00175
2 0.01088
3 0.01238
4 0.01872
5 0.02268
6 0.03109
7 0.03846
8 0.0424
9 0.04476
10 0.04824
11 0.05518
12 0.06087
13 0.06567
14 0.07379
15 0.08443
16 0.08723
17 0.08867
18 0.09127
19 0.10396
20 0.10659
21 0.1161
22 0.12298
23 0.12466
24 0.13098
25 0.14001
26 0.14927
27 0.15235
28 0.15804
29 0.16054
30 0.16808
31 0.17065
32 0.1753
33 0.18681
34 0.19321
35 0.20912
36 0.21831
37 0.22911
38 0.23957
39 0.24242
40 0.25658
41 0.26559
42 0.27418
43 0.27852
44 0.27987
45 0.28796
46 0.30168
47 0.30615
48 0.31398
49 0.3151
50 0.3179
51 0.32485
52 0.34806
53 0.35011
54 0.35491
55 0.35909
56 0.37584
57 0.38241
58 0.3869
59 0.39314
60 0.39509
61 0.40856
62 0.42116
63 0.44325
64 0.4535
65 0.45566
66 0.46141
67 0.46825
68 0.47275
69 0.48138
70 0.49352
71 0.49911
72 0.50321
73 0.50689
74 0.51278
75 0.51752
76 0.5218
77 0.52455
78 0.5304
79 0.53764
80 0.54579
81 0.55503
82 0.558
83 0.56524
84 0.59616
85 0.59815
86 0.60077
87 0.60466
88 0.60619
89 0.62226
90 0.62344
91 0.62533
92 0.63144
93 0.63607
94 0.66431
95 0.67108
96 0.67525
97 0.6902
98 0.70163
99 0.71267
100 0.71577
101 0.7184
102 0.7363
103 0.74528
104 0.74913
105 0.75156
106 0.75573
107 0.76405
108 0.77838
109 0.79089
110 0.79963
111 0.80764
112 0.82246
113 0.83149
114 0.84554
115 0.85149
116 0.85641
117 0.86799
118 0.87591
119 0.88021
120 0.88382
121 0.89087
122 0.91001
123 0.91576
124 0.92894
125 0.95196
126 0.96374
127 0.96967
128 0.97939
129 1.0119
130 1.01487
131 1.02453
132 1.02865
133 1.03271
134 1.05813
135 1.06514
136 1.06791
137 1.07164
138 1.07942
139 1.09665
140 1.11296
141 1.11709
142 1.1231
143 1.14348
144 1.15231
145 1.1701
146 1.17644
147 1.18813
148 1.21194
149 1.21644
150 1.22413
151 1.23268
152 1.23618
153 1.24477
154 1.25399
155 1.25813
156 1.26872
157 1.27401
158 1.27695
159 1.28084
160 1.29074
161 1.30174
162 1.30913
163 1.3219
164 1.32504
165 1.35172
166 1.35533
167 1.36778
168 1.3738
169 1.37632
170 1.3798
171 1.40562
172 1.42795
173 1.44017
174 1.44867
175 1.45535
176 1.46304
177 1.46961
178 1.47332
179 1.47495
180 1.47721
181 1.48547
182 1.50894
183 1.51461
184 1.52022
185 1.52594
186 1.54997
187 1.55375
188 1.56419
189 1.56526
190 1.58306
191 1.61259
192 1.61752
193 1.62003
194 1.62576
195 1.63273
196 1.63639
197 1.64145
198 1.64802
199 1.65956
200 1.66782
201 1.67146
202 1.67467
203 1.68362
204 1.68726
205 1.69893
206 1.71528
207 1.72219
208 1.72786
209 1.73597
210 1.74286
211 1.75572
212 1.76763
213 1.78043
214 1.78685
215 1.79092
216 1.79735
217 1.80902
218 1.81245
219 1.82114
220 1.82345
221 1.82977
222 1.83526
223 1.84074
224 1.85186
225 1.86108
226 1.86934
227 1.88352
228 1.89879
229 1.91149
230 1.92122
231 1.92956
232 1.93663
233 1.94735
234 1.95457
235 1.96133
236 1.97802
237 1.97992
238 1.99128
239 1.99667
240 2.01021
241 2.01525
242 2.01682
243 2.01892
244 2.02199
245 2.0274
246 2.03752
247 2.04209
248 2.04906
249 2.05213
250 2.06302
251 2.08874
252 2.09689
253 2.0989
254 2.10637
255 2.10925
256 2.1122
257 2.13441
258 2.14752
259 2.15577
260 2.16014
261 2.16207
262 2.17065
263 2.18081
264 2.18329
265 2.1908
266 2.19457
267 2.21895
268 2.22365
269 2.23582
270 2.24038
271 2.24649
272 2.25808
273 2.26545
274 2.2958
275 2.30493
276 2.31188
277 2.3241
278 2.3321
279 2.34435
280 2.35247
281 2.35812
282 2.36045
283 2.36859
284 2.39703
285 2.41642
286 2.4255
287 2.42975
288 2.45295
289 2.45841
290 2.46559
291 2.46649
292 2.46936
293 2.4726
294 2.47979
295 2.48135
296 2.49495
297 2.51079
298 2.52069
299 2.52352
300 2.52908
301 2.53447
302 2.53596
303 2.54302
304 2.56926
305 2.57972
306 2.58718
307 2.59909
308 2.6109
309 2.6165
310 2.62115
311 2.62652
312 2.63282
313 2.63662
314 2.63891
315 2.6424
316 2.65711
317 2.66407
318 2.66824
319 2.68554
320 2.69875
321 2.70869
322 2.71712
323 2.72179
324 2.72829
325 2.73868
326 2.7468
327 2.75315
328 2.78923
329 2.79132
330 2.80071
331 2.80309
332 2.80667
333 2.81482
334 2.81798
335 2.83185
336 2.83662
337 2.83885
338 2.84672
339 2.84943
340 2.85275
341 2.85486
342 2.87304
343 2.87479
344 2.88012
345 2.90409
346 2.91073
347 2.93051
348 2.93451
349 2.94385
350 2.95411
351 2.96866
352 2.97476
353 2.97893
354 2.98753
