1 0.00431
2 0.01638
3 0.02053
4 0.02627
5 0.03325
6 0.04523
7 0.05312
8 0.06467
9 0.07325
10 0.0748
11 0.0965
12 0.10937
13 0.11087
14 0.11512
15 0.12127
16 0.12652
17 0.13772
18 0.14753
19 0.15917
20 0.1749
21 0.18276
22 0.18786
23 0.19372
24 0.19878
25 0.20604
26 0.21279
27 0.21399
28 0.22072
29 0.23047
30 0.24153
31 0.25397
32 0.27958
33 0.2826
34 0.29443
35 0.30036
36 0.32071
37 0.3261
38 0.33964
39 0.34867
40 0.36281
41 0.36539
42 0.36864
43 0.37612
44 0.38132
45 0.39546
46 0.40252
47 0.41185
48 0.41518
49 0.42266
50 0.42764
51 0.43319
52 0.44925
53 0.46225
54 0.46779
55 0.47402
56 0.4857
57 0.48768
58 0.50328
59 0.50483
60 0.51556
61 0.52002
62 0.52787
63 0.5325
64 0.54095
65 0.55044
66 0.55641
67 0.5607
68 0.57357
69 0.58621
70 0.60189
71 0.60497
72 0.61268
73 0.62429
74 0.62704
75 0.63786
76 0.64671
77 0.65273
78 0.65756
79 0.67575
80 0.6865
81 0.69293
82 0.71462
83 0.71678
84 0.72319
85 0.74947
86 0.7594
87 0.76441
88 0.76852
89 0.78699
90 0.79471
91 0.79752
92 0.80215
93 0.81726
94 0.83743
95 0.84706
96 0.84932
97 0.86508
98 0.87369
99 0.87752
100 0.88862
101 0.903
102 0.9092
103 0.92824
104 0.93672
105 0.94055
106 0.97551
107 0.97926
108 0.98982
109 1.00317
110 1.02202
111 1.02585
112 1.04194
113 1.05586
114 1.06083
115 1.065
116 1.08019
117 1.08434
118 1.08748
119 1.09278
120 1.107
121 1.10998
122 1.13209
123 1.13883
124 1.14211
125 1.15833
126 1.16528
127 1.17325
128 1.20017
129 1.22056
130 1.23705
131 1.23982
132 1.25738
133 1.27233
134 1.28141
135 1.28764
136 1.29692
137 1.30688
138 1.31357
139 1.33138
140 1.33851
141 1.34525
142 1.3514
143 1.36126
144 1.37128
145 1.39941
146 1.4039
147 1.40987
148 1.41298
149 1.41762
150 1.42434
151 1.42764
152 1.43731
153 1.44235
154 1.44484
155 1.44647
156 1.45809
157 1.46459
158 1.47055
159 1.47883
160 1.4959
161 1.50149
162 1.50751
163 1.51836
164 1.52525
165 1.54502
166 1.55754
167 1.55901
168 1.56518
169 1.57375
170 1.58407
171 1.59605
172 1.59868
173 1.60491
174 1.606
175 1.6253
176 1.6359
177 1.64575
178 1.66126
179 1.67997
180 1.68112
181 1.68835
182 1.69393
183 1.70815
184 1.71122
185 1.71231
186 1.73019
187 1.73939
188 1.74705
189 1.77105
190 1.77722
191 1.79879
192 1.80073
193 1.8142
194 1.81565
195 1.82216
196 1.82911
197 1.83129
198 1.83899
199 1.84633
200 1.85695
201 1.86718
202 1.88264
203 1.90332
204 1.91597
205 1.9174
206 1.92543
207 1.92728
208 1.93917
209 1.94469
210 1.94684
211 1.94934
212 1.96059
213 1.98104
214 1.98531
215 1.99545
216 2.00255
217 2.02112
218 2.025
219 2.02708
220 2.0366
221 2.03909
222 2.04962
223 2.05948
224 2.06089
225 2.07682
226 2.10272
227 2.11167
228 2.11423
229 2.11681
230 2.12519
231 2.13698
232 2.14931
233 2.15836
234 2.16982
235 2.17562
236 2.18064
237 2.19604
238 2.2101
239 2.21977
240 2.2429
241 2.24992
242 2.26524
243 2.26797
244 2.26971
245 2.28383
246 2.2964
247 2.30126
248 2.30528
249 2.31362
250 2.31751
251 2.32158
252 2.35526
253 2.35882
254 2.3728
255 2.37443
256 2.38039
257 2.38933
258 2.39072
259 2.39856
260 2.40318
261 2.42351
262 2.42839
263 2.43281
264 2.44997
265 2.45662
266 2.4609
267 2.46986
268 2.48022
269 2.48877
270 2.49742
271 2.51153
272 2.51984
273 2.52526
274 2.53567
275 2.55136
276 2.55409
277 2.55565
278 2.56847
279 2.57427
280 2.5765
281 2.58611
282 2.59693
283 2.60452
284 2.60748
285 2.60942
286 2.61192
287 2.62322
288 2.63683
289 2.64552
290 2.65455
291 2.67298
292 2.69894
293 2.71075
294 2.71783
295 2.74091
296 2.74625
297 2.76108
298 2.76721
299 2.77714
300 2.78633
301 2.80053
302 2.80648
303 2.80876
304 2.81813
305 2.8198
306 2.83435
307 2.84465
308 2.85327
309 2.86096
310 2.86848
311 2.88097
312 2.89267
313 2.89562
314 2.89748
315 2.89913
316 2.93132
317 2.93385
318 2.93945
319 2.9407
320 2.94696
321 2.96617
322 2.9785
323 2.99303
324 2.99658
