1 0.01299
2 0.01599
3 0.01992
4 0.0413
5 0.04567
6 0.06225
7 0.06835
8 0.07987
9 0.08916
10 0.10245
11 0.10722
12 0.11875
13 0.12542
14 0.132
15 0.1367
16 0.1463
17 0.15161
18 0.15477
19 0.15732
20 0.17235
21 0.17682
22 0.19394
23 0.20464
24 0.21997
25 0.22767
26 0.23005
27 0.24965
28 0.26115
29 0.2658
30 0.27475
31 0.28716
32 0.30201
33 0.3099
34 0.32101
35 0.3241
36 0.3346
37 0.33948
38 0.36026
39 0.36586
40 0.37545
41 0.38795
42 0.39176
43 0.39719
44 0.40529
45 0.41663
46 0.42294
47 0.42576
48 0.44249
49 0.44484
50 0.44927
51 0.45036
52 0.45433
53 0.46631
54 0.47118
55 0.47882
56 0.48538
57 0.48739
58 0.49008
59 0.49314
60 0.49925
61 0.50426
62 0.51912
63 0.53103
64 0.54044
65 0.54533
66 0.55972
67 0.58536
68 0.59875
69 0.61014
70 0.61165
71 0.61971
72 0.63285
73 0.6368
74 0.6425
75 0.65104
76 0.67271
77 0.6851
78 0.68845
79 0.69694
80 0.69872
81 0.70311
82 0.70713
83 0.71882
84 0.73739
85 0.74459
86 0.75327
87 0.76301
88 0.77338
89 0.78796
90 0.80054
91 0.8081
92 0.81856
93 0.83526
94 0.85052
95 0.86037
96 0.86858
97 0.87026
98 0.88437
99 0.89978
100 0.91438
101 0.92745
102 0.93609
103 0.94233
104 0.95016
105 0.95136
106 0.96261
107 0.98869
108 1.00458
109 1.00662
110 1.02401
111 1.02664
112 1.03745
113 1.04729
114 1.06331
115 1.07996
116 1.09519
117 1.1064
118 1.11312
119 1.12126
120 1.12317
121 1.14329
122 1.17037
123 1.17551
124 1.18434
125 1.19022
126 1.19801
127 1.20253
128 1.20961
129 1.21266
130 1.22405
131 1.22622
132 1.24122
133 1.25403
134 1.27317
135 1.29262
136 1.32282
137 1.32433
138 1.33312
139 1.33987
140 1.34166
141 1.35509
142 1.36199
143 1.37008
144 1.37316
145 1.38601
146 1.38933
147 1.39102
148 1.39712
149 1.42798
150 1.43782
151 1.44294
152 1.44788
153 1.45947
154 1.48171
155 1.48929
156 1.50095
157 1.51258
158 1.51347
159 1.52077
160 1.53185
161 1.5411
162 1.5764
163 1.58697
164 1.60891
165 1.61389
166 1.62429
167 1.62744
168 1.63196
169 1.63363
170 1.64298
171 1.66557
172 1.67176
173 1.67378
174 1.68786
175 1.69537
176 1.72735
177 1.73065
178 1.73626
179 1.73763
180 1.74426
181 1.75208
182 1.76325
183 1.78732
184 1.79021
185 1.79907
186 1.81123
187 1.81897
188 1.83094
189 1.83879
190 1.85531
191 1.85727
192 1.86247
193 1.86445
194 1.87608
195 1.88481
196 1.89123
197 1.90358
198 1.92038
199 1.93567
200 1.93788
201 1.94184
202 1.95474
203 1.95647
204 1.96113
205 1.96916
206 1.9894
207 2.01347
208 2.01837
209 2.02419
210 2.03839
211 2.04199
212 2.04995
213 2.05173
214 2.06501
215 2.07214
216 2.08101
217 2.11192
218 2.11957
219 2.12249
220 2.1324
221 2.14865
222 2.16514
223 2.1662
224 2.17072
225 2.17208
226 2.17684
227 2.18868
228 2.19123
229 2.20423
230 2.22036
231 2.23551
232 2.23735
233 2.2475
234 2.25
235 2.2619
236 2.27797
237 2.29085
238 2.29382
239 2.32998
240 2.3382
241 2.34145
242 2.34406
243 2.35341
244 2.36278
245 2.37013
246 2.37856
247 2.38396
248 2.39175
249 2.40904
250 2.41408
251 2.42381
252 2.43778
253 2.4507
254 2.45721
255 2.46242
256 2.46871
257 2.47637
258 2.48168
259 2.48704
260 2.49353
261 2.49501
262 2.49872
263 2.50261
264 2.51417
265 2.52218
266 2.54285
267 2.56258
268 2.57207
269 2.58906
270 2.61234
271 2.61517
272 2.61651
273 2.62288
274 2.62407
275 2.63083
276 2.64806
277 2.66524
278 2.66808
279 2.67693
280 2.68493
281 2.68966
282 2.69169
283 2.69745
284 2.70275
285 2.70443
286 2.72045
287 2.72628
288 2.73243
289 2.73614
290 2.73982
291 2.74393
292 2.74567
293 2.74932
294 2.75477
295 2.76197
296 2.76906
297 2.79739
298 2.80768
299 2.80999
300 2.81837
301 2.82343
302 2.83212
303 2.85181
304 2.85288
305 2.85623
306 2.86631
307 2.8816
308 2.88397
309 2.8884
310 2.89935
311 2.90528
312 2.92411
313 2.93014
314 2.93536
315 2.93767
316 2.94114
317 2.94956
318 2.96663
319 2.97634
320 2.98784
321 2.9948
