1 0.00805
2 0.02193
3 0.02669
4 0.03271
5 0.04297
6 0.05231
7 0.06218
8 0.06948
9 0.07592
10 0.08319
11 0.09698
12 0.10933
13 0.11886
14 0.13266
15 0.15024
16 0.15793
17 0.16251
18 0.17691
19 0.20606
20 0.2116
21 0.22803
22 0.2439
23 0.24993
24 0.25633
25 0.27533
26 0.27882
27 0.30246
28 0.30937
29 0.31405
30 0.32105
31 0.33922
32 0.36002
33 0.37562
34 0.38263
35 0.39589
36 0.40368
37 0.40695
38 0.41941
39 0.43702
40 0.45235
41 0.46148
42 0.47041
43 0.48481
44 0.50358
45 0.51636
46 0.52641
47 0.52764
48 0.5312
49 0.53656
50 0.54238
51 0.56129
52 0.58029
53 0.60685
54 0.611
55 0.61623
56 0.62077
57 0.63679
58 0.6435
59 0.65194
60 0.67278
61 0.67931
62 0.70531
63 0.71838
64 0.73227
65 0.73594
66 0.75817
67 0.7635
68 0.76696
69 0.77306
70 0.77607
71 0.78501
72 0.79004
73 0.81189
74 0.81488
75 0.82447
76 0.83146
77 0.83288
78 0.83664
79 0.85048
80 0.86107
81 0.86726
82 0.87589
83 0.89406
84 0.90894
85 0.917
86 0.92174
87 0.92933
88 0.94785
89 0.97505
90 0.98423
91 1.00737
92 1.02398
93 1.02946
94 1.0437
95 1.05392
96 1.05955
97 1.0687
98 1.08751
99 1.09427
100 1.09923
101 1.12221
102 1.12692
103 1.14838
104 1.15208
105 1.15865
106 1.16915
107 1.17332
108 1.19345
109 1.21577
110 1.24039
111 1.24871
112 1.2603
113 1.26463
114 1.27388
115 1.28525
116 1.28989
117 1.29515
118 1.30843
119 1.32355
120 1.34859
121 1.35447
122 1.36393
123 1.36721
124 1.37029
125 1.3879
126 1.40618
127 1.41632
128 1.41968
129 1.42486
130 1.43398
131 1.44094
132 1.45834
133 1.47081
134 1.48447
135 1.48926
136 1.5004
137 1.50296
138 1.55061
139 1.55612
140 1.56573
141 1.57572
142 1.59231
143 1.5964
144 1.60568
145 1.6105
146 1.61515
147 1.66042
148 1.66204
149 1.68591
150 1.70433
151 1.70914
152 1.72016
153 1.72125
154 1.72531
155 1.72915
156 1.75333
157 1.77739
158 1.77891
159 1.78304
160 1.80976
161 1.82798
162 1.85346
163 1.8722
164 1.8755
165 1.89217
166 1.90328
167 1.90738
168 1.91069
169 1.91565
170 1.94723
171 1.95795
172 1.97494
173 1.98912
174 1.99696
175 2.01433
176 2.02353
177 2.02929
178 2.04158
179 2.04523
180 2.07241
181 2.07661
182 2.10927
183 2.11453
184 2.12436
185 2.14757
186 2.15099
187 2.17221
188 2.17619
189 2.19193
190 2.19679
191 2.20408
192 2.2379
193 2.25186
194 2.27315
195 2.2749
196 2.27967
197 2.28326
198 2.30387
199 2.30908
200 2.31463
201 2.32536
202 2.32899
203 2.34642
204 2.36585
205 2.38401
206 2.40113
207 2.41405
208 2.41844
209 2.42411
210 2.43709
211 2.45408
212 2.46317
213 2.47208
214 2.4821
215 2.49296
216 2.52297
217 2.52703
218 2.56345
219 2.56856
220 2.57447
221 2.60175
222 2.60589
223 2.61114
224 2.61668
225 2.62241
226 2.63143
227 2.65197
228 2.6562
229 2.65733
230 2.66939
231 2.67554
232 2.68915
233 2.70581
234 2.70982
235 2.71879
236 2.73359
237 2.73897
238 2.74878
239 2.76288
240 2.77173
241 2.78492
242 2.78902
243 2.79421
244 2.81253
245 2.81644
246 2.82823
247 2.83124
248 2.85218
249 2.85616
250 2.85994
251 2.86928
252 2.89646
253 2.90303
254 2.91302
255 2.92015
256 2.93563
257 2.94621
258 2.9595
259 2.96364
260 2.97652
261 2.97825
262 2.98862
263 2.99288
