1 0.0116
2 0.01364
3 0.0216
4 0.02849
5 0.03693
6 0.06674
7 0.07064
8 0.0723
9 0.08059
10 0.08332
11 0.08988
12 0.09361
13 0.10047
14 0.10623
15 0.14164
16 0.15267
17 0.17578
18 0.19306
19 0.19497
20 0.20061
21 0.20325
22 0.22297
23 0.22684
24 0.2312
25 0.23829
26 0.24278
27 0.2463
28 0.25384
29 0.27385
30 0.28046
31 0.30058
32 0.30802
33 0.3159
34 0.31856
35 0.32731
36 0.33331
37 0.34059
38 0.35084
39 0.35455
40 0.36442
41 0.38052
42 0.38746
43 0.38902
44 0.39074
45 0.39899
46 0.41267
47 0.41553
48 0.42384
49 0.42581
50 0.43213
51 0.43936
52 0.44585
53 0.45403
54 0.4656
55 0.47511
56 0.50389
57 0.51086
58 0.52193
59 0.52624
60 0.53015
61 0.53651
62 0.54386
63 0.55097
64 0.55312
65 0.55798
66 0.57099
67 0.58026
68 0.59137
69 0.60008
70 0.60237
71 0.60689
72 0.61048
73 0.61759
74 0.62385
75 0.62613
76 0.63771
77 0.6421
78 0.64572
79 0.65219
80 0.65599
81 0.66375
82 0.68452
83 0.7006
84 0.71264
85 0.73764
86 0.75808
87 0.76326
88 0.77973
89 0.78518
90 0.78798
91 0.79569
92 0.79883
93 0.80737
94 0.81122
95 0.81579
96 0.8183
97 0.83377
98 0.83681
99 0.84563
100 0.84961
101 0.86244
102 0.88142
103 0.88876
104 0.89264
105 0.90044
106 0.90222
107 0.90565
108 0.91225
109 0.92462
110 0.9463
111 0.95741
112 0.96946
113 0.97851
114 0.98099
115 0.98286
116 0.99346
117 0.99563
118 1.00367
119 1.00875
120 1.02135
121 1.02773
122 1.04219
123 1.04656
124 1.04983
125 1.06267
126 1.07585
127 1.08579
128 1.09714
129 1.10118
130 1.10773
131 1.11271
132 1.13211
133 1.13482
134 1.14278
135 1.15137
136 1.15682
137 1.17621
138 1.18609
139 1.19184
140 1.19644
141 1.20208
142 1.20623
143 1.21219
144 1.21478
145 1.22171
146 1.22584
147 1.22732
148 1.238
149 1.24667
150 1.25133
151 1.25662
152 1.26379
153 1.26763
154 1.27074
155 1.28812
156 1.30154
157 1.30725
158 1.32023
159 1.32389
160 1.32623
161 1.32765
162 1.33472
163 1.35722
164 1.36079
165 1.36681
166 1.36949
167 1.38396
168 1.39042
169 1.39723
170 1.40017
171 1.40439
172 1.4079
173 1.41769
174 1.42707
175 1.43779
176 1.44493
177 1.45046
178 1.46665
179 1.49204
180 1.503
181 1.51157
182 1.53916
183 1.54558
184 1.55586
185 1.57171
186 1.57592
187 1.59406
188 1.59633
189 1.6097
190 1.61822
191 1.62765
192 1.63003
193 1.63902
194 1.65337
195 1.65743
196 1.66041
197 1.68051
198 1.68467
199 1.6913
200 1.71458
201 1.73237
202 1.7334
203 1.73924
204 1.74953
205 1.7589
206 1.76361
207 1.76791
208 1.79341
209 1.79562
210 1.80013
211 1.82226
212 1.82642
213 1.84455
214 1.84672
215 1.85079
216 1.85533
217 1.86122
218 1.8689
219 1.88057
220 1.88879
221 1.89824
222 1.91572
223 1.92683
224 1.93763
225 1.9541
226 1.97137
227 1.98069
228 1.99256
229 1.99769
230 2.0048
231 2.00981
232 2.01495
233 2.02566
234 2.02901
235 2.03122
236 2.03688
237 2.04834
238 2.05026
239 2.0546
240 2.07108
241 2.07455
242 2.08389
243 2.09674
244 2.10416
245 2.10699
246 2.11123
247 2.13079
248 2.1343
249 2.14471
250 2.15194
251 2.15742
252 2.16705
253 2.19314
254 2.20921
255 2.2121
256 2.223
257 2.22773
258 2.25044
259 2.25793
260 2.26803
261 2.27743
262 2.29838
263 2.3045
264 2.31201
265 2.31655
266 2.33076
267 2.34511
268 2.36262
269 2.38763
270 2.40426
271 2.41345
272 2.41974
273 2.42885
274 2.44182
275 2.45175
276 2.45727
277 2.46429
278 2.47463
279 2.47926
280 2.48628
281 2.49083
282 2.49267
283 2.50334
284 2.50898
285 2.52129
286 2.53849
287 2.54383
288 2.57957
289 2.58503
290 2.60432
291 2.61247
292 2.61864
293 2.62037
294 2.62805
295 2.64056
296 2.64815
297 2.65152
298 2.65902
299 2.66303
300 2.67644
301 2.68589
302 2.70888
303 2.71129
304 2.71687
305 2.72058
306 2.72446
307 2.73693
308 2.73952
309 2.74478
310 2.75674
311 2.76411
312 2.77058
313 2.79336
314 2.7999
315 2.80576
316 2.82567
317 2.83872
318 2.84101
319 2.84241
320 2.85363
321 2.8604
322 2.86929
323 2.87773
324 2.88821
325 2.89088
326 2.89949
327 2.92451
328 2.92769
329 2.95746
330 2.97564
331 2.98038
332 2.98428
333 2.98615
