1 0.00555
2 0.01012
3 0.02543
4 0.02728
5 0.03466
6 0.03725
7 0.04228
8 0.05875
9 0.06125
10 0.06881
11 0.07305
12 0.07587
13 0.08775
14 0.0942
15 0.1051
16 0.11169
17 0.11956
18 0.12215
19 0.13216
20 0.14455
21 0.14696
22 0.15074
23 0.15267
24 0.16444
25 0.17127
26 0.1889
27 0.19255
28 0.2064
29 0.2087
30 0.22985
31 0.23343
32 0.23916
33 0.25589
34 0.26764
35 0.27196
36 0.28473
37 0.28793
38 0.29615
39 0.319
40 0.32147
41 0.3321
42 0.33816
43 0.35119
44 0.36213
45 0.37011
46 0.37935
47 0.38189
48 0.39457
49 0.40355
50 0.41943
51 0.42318
52 0.43022
53 0.43631
54 0.44131
55 0.44883
56 0.46189
57 0.4749
58 0.48866
59 0.49278
60 0.50277
61 0.51452
62 0.52538
63 0.53066
64 0.53699
65 0.54037
66 0.54596
67 0.56374
68 0.56904
69 0.57382
70 0.58066
71 0.58568
72 0.58902
73 0.59083
74 0.5946
75 0.59819
76 0.60854
77 0.61307
78 0.62787
79 0.63543
80 0.64609
81 0.64923
82 0.66632
83 0.67057
84 0.69095
85 0.69911
86 0.70895
87 0.71429
88 0.73361
89 0.73872
90 0.75704
91 0.76051
92 0.78007
93 0.78801
94 0.79903
95 0.81791
96 0.82579
97 0.82794
98 0.83363
99 0.84535
100 0.85387
101 0.85836
102 0.86825
103 0.87284
104 0.87875
105 0.91029
106 0.92008
107 0.92773
108 0.93832
109 0.94138
110 0.9564
111 0.9665
112 0.97724
113 0.98544
114 0.99983
115 1.0062
116 1.0161
117 1.02659
118 1.02868
119 1.031
120 1.03363
121 1.05866
122 1.06628
123 1.06872
124 1.0742
125 1.07606
126 1.10105
127 1.10527
128 1.1096
129 1.12396
130 1.12686
131 1.13621
132 1.1386
133 1.142
134 1.1665
135 1.1826
136 1.19132
137 1.20346
138 1.2221
139 1.22434
140 1.23236
141 1.23648
142 1.2495
143 1.25145
144 1.26664
145 1.26917
146 1.27614
147 1.29029
148 1.30243
149 1.30732
150 1.31209
151 1.31733
152 1.32101
153 1.32874
154 1.33086
155 1.3391
156 1.34443
157 1.34647
158 1.35077
159 1.37749
160 1.38311
161 1.39258
162 1.40062
163 1.4032
164 1.40567
165 1.41181
166 1.41577
167 1.43073
168 1.44641
169 1.45613
170 1.46689
171 1.46835
172 1.47553
173 1.49747
174 1.50217
175 1.50683
176 1.51946
177 1.54143
178 1.54899
179 1.56663
180 1.59363
181 1.61142
182 1.61407
183 1.61611
184 1.63831
185 1.64331
186 1.64659
187 1.64819
188 1.65232
189 1.65601
190 1.65867
191 1.66449
192 1.6686
193 1.67674
194 1.69897
195 1.70504
196 1.71162
197 1.71835
198 1.72224
199 1.74643
200 1.74814
201 1.76571
202 1.80156
203 1.81011
204 1.81861
205 1.82362
206 1.82607
207 1.82927
208 1.84254
209 1.86017
210 1.86437
211 1.86845
212 1.87078
213 1.87881
214 1.90067
215 1.90284
216 1.91195
217 1.91658
218 1.92865
219 1.94481
220 1.96919
221 1.97334
222 1.98497
223 1.9872
224 1.98981
225 1.99725
226 2.00057
227 2.00765
228 2.02418
229 2.05731
230 2.08013
231 2.0835
232 2.09228
233 2.10804
234 2.13229
235 2.14001
236 2.15247
237 2.16156
238 2.18595
239 2.20042
240 2.21668
241 2.22086
242 2.22868
243 2.23538
244 2.23789
245 2.24372
246 2.26579
247 2.27314
248 2.278
249 2.28334
250 2.30187
251 2.30366
252 2.30653
253 2.31094
254 2.32156
255 2.33059
256 2.35693
257 2.36412
258 2.37556
259 2.37797
260 2.39771
261 2.44556
262 2.45656
263 2.46273
264 2.48131
265 2.4921
266 2.49833
267 2.50342
268 2.52311
269 2.5264
270 2.53562
271 2.54494
272 2.557
273 2.57099
274 2.57762
275 2.58667
276 2.59382
277 2.61286
278 2.61789
279 2.62272
280 2.63023
281 2.63337
282 2.64037
283 2.64835
284 2.65916
285 2.66551
286 2.68318
287 2.70243
288 2.70441
289 2.71034
290 2.72115
291 2.74002
292 2.7551
293 2.75993
294 2.77769
295 2.788
296 2.79278
297 2.7988
298 2.80671
299 2.8384
300 2.84108
301 2.84824
302 2.85104
303 2.86701
304 2.87601
305 2.89417
306 2.89701
307 2.91454
308 2.92084
309 2.93241
310 2.94748
311 2.95227
312 2.95771
313 2.96146
314 2.96789
315 2.98456
316 2.98682
317 2.99144
318 2.99563
