1 0.00655
2 0.00968
3 0.0215
4 0.03053
5 0.03244
6 0.04188
7 0.05183
8 0.05862
9 0.06616
10 0.0709
11 0.07459
12 0.08544
13 0.08849
14 0.10017
15 0.10715
16 0.10929
17 0.11272
18 0.11763
19 0.12021
20 0.12439
21 0.13685
22 0.14018
23 0.14336
24 0.15445
25 0.16049
26 0.16839
27 0.1763
28 0.18853
29 0.19665
30 0.20506
31 0.20761
32 0.21031
33 0.212
34 0.21552
35 0.22073
36 0.24522
37 0.25156
38 0.25687
39 0.26762
40 0.27234
41 0.29039
42 0.29832
43 0.31012
44 0.31292
45 0.31773
46 0.32079
47 0.32593
48 0.34285
49 0.36471
50 0.37608
51 0.37784
52 0.3903
53 0.3969
54 0.40293
55 0.41744
56 0.43431
57 0.44859
58 0.45486
59 0.4601
60 0.47694
61 0.48557
62 0.4873
63 0.49175
64 0.49355
65 0.5234
66 0.52967
67 0.53905
68 0.54201
69 0.54478
70 0.55022
71 0.55891
72 0.58739
73 0.59258
74 0.59804
75 0.60376
76 0.61466
77 0.61802
78 0.62236
79 0.62829
80 0.64204
81 0.64452
82 0.65571
83 0.67533
84 0.68339
85 0.69176
86 0.69388
87 0.70804
88 0.7137
89 0.71881
90 0.72081
91 0.73091
92 0.73626
93 0.74358
94 0.75123
95 0.75549
96 0.77504
97 0.77926
98 0.78287
99 0.78748
100 0.79473
101 0.80137
102 0.80552
103 0.80881
104 0.81623
105 0.81963
106 0.8253
107 0.83518
108 0.84281
109 0.84732
110 0.85094
111 0.85819
112 0.86273
113 0.87354
114 0.87665
115 0.8841
116 0.89449
117 0.89662
118 0.90037
119 0.9135
120 0.92161
121 0.92722
122 0.93395
123 0.93936
124 0.94952
125 0.95458
126 0.95692
127 0.96596
128 0.98762
129 0.99065
130 0.99398
131 1.00248
132 1.00908
133 1.01464
134 1.01808
135 1.021
136 1.03225
137 1.03566
138 1.03815
139 1.04057
140 1.0519
141 1.05514
142 1.07632
143 1.08381
144 1.09195
145 1.10175
146 1.11376
147 1.13473
148 1.1383
149 1.14756
150 1.15376
151 1.15699
152 1.16324
153 1.16689
154 1.19635
155 1.20379
156 1.2054
157 1.20914
158 1.21615
159 1.22222
160 1.22398
161 1.2395
162 1.24345
163 1.24542
164 1.24675
165 1.25227
166 1.25776
167 1.26451
168 1.26964
169 1.28783
170 1.30367
171 1.30704
172 1.31252
173 1.32036
174 1.33319
175 1.33425
176 1.33907
177 1.34248
178 1.35581
179 1.35888
180 1.36771
181 1.37181
182 1.37386
183 1.38206
184 1.38498
185 1.38961
186 1.4008
187 1.41476
188 1.42813
189 1.43695
190 1.44545
191 1.44821
192 1.46016
193 1.46249
194 1.46988
195 1.47827
196 1.49208
197 1.50775
198 1.50957
199 1.51691
200 1.53914
201 1.55042
202 1.56145
203 1.5789
204 1.58766
205 1.58909
206 1.59201
207 1.59988
208 1.61017
209 1.61814
210 1.62263
211 1.63996
212 1.65906
213 1.66606
214 1.67749
215 1.68594
216 1.70367
217 1.71586
218 1.72129
219 1.72446
220 1.72619
221 1.74189
222 1.7515
223 1.75757
224 1.76425
225 1.78689
226 1.79867
227 1.81586
228 1.82756
229 1.82999
230 1.83796
231 1.84374
232 1.86371
233 1.87808
234 1.88989
235 1.89628
236 1.91085
237 1.91502
238 1.92389
239 1.93053
240 1.94744
241 1.95155
242 1.95515
243 1.97435
244 1.97776
245 1.9788
246 1.98867
247 1.99636
248 2.00133
249 2.00279
250 2.0134
251 2.01553
252 2.03683
253 2.04719
254 2.05096
255 2.06936
256 2.07347
257 2.09332
258 2.11702
259 2.1242
260 2.12769
261 2.14136
262 2.14527
263 2.15417
264 2.1607
265 2.16707
266 2.1956
267 2.19958
268 2.2043
269 2.21216
270 2.21485
271 2.229
272 2.23544
273 2.24354
274 2.24993
275 2.25221
276 2.25842
277 2.26239
278 2.27764
279 2.28203
280 2.29094
281 2.29665
282 2.30118
283 2.30894
284 2.32094
285 2.32614
286 2.34544
287 2.35936
288 2.37316
289 2.39429
290 2.399
291 2.40657
292 2.41096
293 2.41505
294 2.42003
295 2.426
296 2.44144
297 2.45235
298 2.45983
299 2.46771
300 2.46963
301 2.47627
302 2.48718
303 2.50757
304 2.51628
305 2.52106
306 2.53293
307 2.53648
308 2.53916
309 2.54756
310 2.55512
311 2.57664
312 2.58127
313 2.58228
314 2.58772
315 2.5957
316 2.59803
317 2.61896
318 2.62155
319 2.63328
320 2.63512
321 2.64035
322 2.65006
323 2.65725
324 2.65834
325 2.66124
326 2.66523
327 2.66821
328 2.66989
329 2.67564
330 2.68346
331 2.68695
332 2.69232
333 2.70323
334 2.7102
335 2.71525
336 2.72033
337 2.72524
338 2.73018
339 2.73414
340 2.74865
341 2.75182
342 2.75433
343 2.76608
344 2.77849
345 2.78154
346 2.79223
347 2.79758
348 2.81243
349 2.8214
350 2.82528
351 2.83187
352 2.84625
353 2.85003
354 2.86353
355 2.8843
356 2.89587
357 2.89832
358 2.90242
359 2.90853
360 2.90959
361 2.9121
362 2.91848
363 2.93303
364 2.95522
365 2.95909
366 2.97375
367 2.98762
368 2.9946
