1 0.0046
2 0.01106
3 0.01439
4 0.02221
5 0.03003
6 0.03119
7 0.03828
8 0.04868
9 0.05578
10 0.05998
11 0.07551
12 0.10003
13 0.11224
14 0.12125
15 0.12799
16 0.13605
17 0.14762
18 0.15132
19 0.16149
20 0.16342
21 0.16541
22 0.17109
23 0.17278
24 0.19089
25 0.19656
26 0.19904
27 0.20174
28 0.20697
29 0.21044
30 0.21967
31 0.23498
32 0.23831
33 0.24531
34 0.25554
35 0.27589
36 0.2818
37 0.28746
38 0.29629
39 0.30061
40 0.31991
41 0.34216
42 0.34488
43 0.35445
44 0.36192
45 0.37089
46 0.38129
47 0.39384
48 0.40835
49 0.41008
50 0.41401
51 0.41654
52 0.43216
53 0.44053
54 0.44161
55 0.44411
56 0.45773
57 0.46231
58 0.4806
59 0.48688
60 0.49416
61 0.49531
62 0.49708
63 0.52442
64 0.52714
65 0.53264
66 0.53778
67 0.54171
68 0.54748
69 0.55527
70 0.55869
71 0.56375
72 0.5677
73 0.57281
74 0.58248
75 0.60246
76 0.61582
77 0.62459
78 0.62703
79 0.63106
80 0.64776
81 0.65416
82 0.66035
83 0.66855
84 0.68067
85 0.68678
86 0.69731
87 0.70002
88 0.70355
89 0.71915
90 0.73239
91 0.73906
92 0.74056
93 0.74314
94 0.74762
95 0.75036
96 0.76332
97 0.78464
98 0.78668
99 0.79123
100 0.79574
101 0.80167
102 0.81403
103 0.82453
104 0.82888
105 0.83697
106 0.84173
107 0.85591
108 0.86442
109 0.86757
110 0.87224
111 0.87996
112 0.88334
113 0.8912
114 0.89969
115 0.90902
116 0.91534
117 0.91721
118 0.92098
119 0.96627
120 0.97701
121 0.9787
122 0.98291
123 0.99573
124 1.01037
125 1.03343
126 1.03854
127 1.04694
128 1.05248
129 1.05815
130 1.06268
131 1.07732
132 1.0794
133 1.11947
134 1.1219
135 1.13655
136 1.13832
137 1.1497
138 1.16655
139 1.17042
140 1.19093
141 1.19515
142 1.20848
143 1.21189
144 1.23058
145 1.24221
146 1.25252
147 1.26052
148 1.26856
149 1.27269
150 1.28559
151 1.29043
152 1.2974
153 1.30247
154 1.31109
155 1.3231
156 1.34325
157 1.35715
158 1.36512
159 1.36697
160 1.37436
161 1.37847
162 1.39174
163 1.41434
164 1.42468
165 1.44069
166 1.44556
167 1.45374
168 1.45736
169 1.47254
170 1.48804
171 1.51224
172 1.52312
173 1.52783
174 1.53693
175 1.54041
176 1.54413
177 1.5543
178 1.56349
179 1.57589
180 1.57696
181 1.58149
182 1.58434
183 1.5877
184 1.59159
185 1.61658
186 1.62572
187 1.63366
188 1.64673
189 1.65716
190 1.6583
191 1.66385
192 1.67095
193 1.67777
194 1.68772
195 1.69602
196 1.70488
197 1.71298
198 1.72912
199 1.7359
200 1.75043
201 1.75313
202 1.76621
203 1.77743
204 1.78297
205 1.79835
206 1.80577
207 1.80722
208 1.8148
209 1.83588
210 1.87409
211 1.88341
212 1.89265
213 1.90465
214 1.91369
215 1.91745
216 1.92599
217 1.92984
218 1.94483
219 1.95417
220 1.96177
221 1.98568
222 1.99591
223 2.00089
224 2.00388
225 2.00823
226 2.01925
227 2.03548
228 2.04099
229 2.05037
230 2.05769
231 2.06321
232 2.06867
233 2.07796
234 2.09691
235 2.10354
236 2.10501
237 2.11517
238 2.12261
239 2.13746
240 2.14641
241 2.15746
242 2.16593
243 2.16944
244 2.19003
245 2.19297
246 2.19743
247 2.20612
248 2.21584
249 2.2213
250 2.25027
251 2.27256
252 2.28553
253 2.28892
254 2.2899
255 2.31417
256 2.31842
257 2.32352
258 2.32746
259 2.33381
260 2.34753
261 2.36631
262 2.36798
263 2.37101
264 2.37486
265 2.38184
266 2.38569
267 2.38858
268 2.41325
269 2.42032
270 2.42703
271 2.43561
272 2.45976
273 2.46627
274 2.47764
275 2.48973
276 2.51332
277 2.526
278 2.53522
279 2.53731
280 2.54491
281 2.5472
282 2.55055
283 2.55783
284 2.56425
285 2.57553
286 2.58398
287 2.60411
288 2.60891
289 2.61428
290 2.61525
291 2.61864
292 2.62152
293 2.62696
294 2.63264
295 2.63503
296 2.65655
297 2.66099
298 2.66663
299 2.67726
300 2.6818
301 2.68825
302 2.69622
303 2.70503
304 2.70809
305 2.72367
306 2.73266
307 2.73625
308 2.73881
309 2.76828
310 2.78619
311 2.79701
312 2.81112
313 2.82107
314 2.8347
315 2.83742
316 2.85479
317 2.86247
318 2.87366
319 2.87833
320 2.88192
321 2.88563
322 2.89854
323 2.90896
324 2.91794
325 2.93642
326 2.95198
327 2.95838
328 2.96184
329 2.98278
330 2.98528
331 2.99244
332 2.99972
