1 0.00292
2 0.0104
3 0.03035
4 0.03156
5 0.03875
6 0.05265
7 0.0671
8 0.07164
9 0.07562
10 0.08924
11 0.09205
12 0.09723
13 0.11155
14 0.11679
15 0.12489
16 0.12764
17 0.14346
18 0.16084
19 0.17235
20 0.18717
21 0.1919
22 0.19811
23 0.2121
24 0.2203
25 0.22439
26 0.22751
27 0.23468
28 0.24131
29 0.25148
30 0.25597
31 0.26502
32 0.26844
33 0.27184
34 0.27991
35 0.28672
36 0.28805
37 0.30172
38 0.30592
39 0.31468
40 0.32391
41 0.3321
42 0.33644
43 0.3392
44 0.34207
45 0.35107
46 0.35312
47 0.35416
48 0.35874
49 0.36451
50 0.36826
51 0.39587
52 0.41436
53 0.41924
54 0.42219
55 0.42899
56 0.43498
57 0.44073
58 0.44294
59 0.46203
60 0.47989
61 0.48322
62 0.49158
63 0.50808
64 0.53178
65 0.53593
66 0.53931
67 0.55784
68 0.57152
69 0.58297
70 0.58679
71 0.60018
72 0.61609
73 0.62417
74 0.62892
75 0.63639
76 0.64926
77 0.65637
78 0.66287
79 0.6754
80 0.67995
81 0.68585
82 0.69356
83 0.69958
84 0.71412
85 0.72109
86 0.7297
87 0.73065
88 0.73377
89 0.74509
90 0.75916
91 0.77247
92 0.78079
93 0.7849
94 0.78805
95 0.79077
96 0.79429
97 0.79721
98 0.80367
99 0.80893
100 0.81522
101 0.8177
102 0.84362
103 0.85945
104 0.86423
105 0.86665
106 0.87711
107 0.88296
108 0.88916
109 0.89306
110 0.89734
111 0.90442
112 0.92049
113 0.9311
114 0.9377
115 0.96884
116 0.98014
117 0.98964
118 0.99986
119 1.01843
120 1.04126
121 1.05662
122 1.058
123 1.07365
124 1.08231
125 1.09428
126 1.09982
127 1.11217
128 1.12574
129 1.13265
130 1.15891
131 1.17191
132 1.18077
133 1.18337
134 1.18981
135 1.19825
136 1.20901
137 1.21327
138 1.21833
139 1.22873
140 1.24253
141 1.24703
142 1.24919
143 1.25165
144 1.25388
145 1.26868
146 1.27304
147 1.28868
148 1.29682
149 1.30858
150 1.31317
151 1.31597
152 1.32141
153 1.3406
154 1.34702
155 1.35224
156 1.36197
157 1.36725
158 1.372
159 1.37707
160 1.39889
161 1.40652
162 1.41076
163 1.4192
164 1.42597
165 1.42705
166 1.4391
167 1.4428
168 1.44767
169 1.44962
170 1.45772
171 1.46392
172 1.46717
173 1.48139
174 1.49442
175 1.50126
176 1.50925
177 1.5141
178 1.52349
179 1.52592
180 1.55053
181 1.55147
182 1.55724
183 1.5647
184 1.57196
185 1.57294
186 1.5801
187 1.58659
188 1.60463
189 1.60756
190 1.61786
191 1.62149
192 1.63676
193 1.64651
194 1.6519
195 1.65494
196 1.66725
197 1.67814
198 1.67947
199 1.68325
200 1.68577
201 1.69262
202 1.69492
203 1.69909
204 1.70601
205 1.71467
206 1.71726
207 1.72771
208 1.74346
209 1.74551
210 1.75334
211 1.76186
212 1.77811
213 1.79122
214 1.80358
215 1.80472
216 1.80673
217 1.83873
218 1.86958
219 1.87442
220 1.88835
221 1.9032
222 1.92265
223 1.94284
224 1.94538
225 1.95043
226 1.96146
227 1.9861
228 1.99723
229 2.01021
230 2.01751
231 2.021
232 2.02309
233 2.02761
234 2.03723
235 2.0581
236 2.06276
237 2.0845
238 2.11266
239 2.12726
240 2.13876
241 2.15219
242 2.15698
243 2.15987
244 2.16754
245 2.18526
246 2.1942
247 2.21023
248 2.21513
249 2.21808
250 2.22467
251 2.23144
252 2.2409
253 2.25683
254 2.25836
255 2.28846
256 2.29793
257 2.30994
258 2.3187
259 2.32292
260 2.33212
261 2.33538
262 2.33982
263 2.35816
264 2.36354
265 2.37383
266 2.38323
267 2.39029
268 2.40223
269 2.41359
270 2.42595
271 2.43896
272 2.4499
273 2.45281
274 2.47207
275 2.47305
276 2.48102
277 2.48692
278 2.50012
279 2.50507
280 2.51022
281 2.52256
282 2.52883
283 2.53662
284 2.54431
285 2.54767
286 2.5497
287 2.56668
288 2.57319
289 2.59063
290 2.60589
291 2.60907
292 2.62911
293 2.63191
294 2.64499
295 2.64993
296 2.65948
297 2.66446
298 2.67248
299 2.68702
300 2.7038
301 2.71396
302 2.73895
303 2.75249
304 2.77428
305 2.7871
306 2.79315
307 2.79844
308 2.8062
309 2.81165
310 2.82876
311 2.83247
312 2.8426
313 2.85284
314 2.86042
315 2.8629
316 2.88052
317 2.88386
318 2.88851
319 2.89232
320 2.90289
321 2.91392
322 2.92112
323 2.93064
324 2.93766
325 2.94549
326 2.9525
327 2.96937
328 2.97813
329 2.99253
