1 0.00274
2 0.00631
3 0.0133
4 0.02005
5 0.03506
6 0.04018
7 0.04698
8 0.04976
9 0.05708
10 0.06265
11 0.07661
12 0.0877
13 0.10589
14 0.11266
15 0.11498
16 0.11738
17 0.12238
18 0.1371
19 0.14085
20 0.149
21 0.15541
22 0.16649
23 0.17064
24 0.18609
25 0.19358
26 0.19507
27 0.20564
28 0.2172
29 0.22889
30 0.23425
31 0.23729
32 0.24103
33 0.25892
34 0.26415
35 0.27197
36 0.28489
37 0.30335
38 0.31123
39 0.3306
40 0.34555
41 0.35453
42 0.36097
43 0.36836
44 0.39815
45 0.40344
46 0.42156
47 0.42668
48 0.44967
49 0.45813
50 0.48235
51 0.48864
52 0.51167
53 0.55619
54 0.55938
55 0.56362
56 0.60161
57 0.60365
58 0.60678
59 0.61346
60 0.62443
61 0.62852
62 0.65245
63 0.67241
64 0.6766
65 0.68997
66 0.69726
67 0.70891
68 0.71167
69 0.71969
70 0.72785
71 0.73365
72 0.73921
73 0.7505
74 0.75415
75 0.76499
76 0.77405
77 0.80152
78 0.80338
79 0.81412
80 0.8193
81 0.83902
82 0.84929
83 0.85914
84 0.87335
85 0.87781
86 0.88008
87 0.89189
88 0.89782
89 0.93438
90 0.93789
91 0.94346
92 0.94989
93 0.97024
94 0.97833
95 0.98415
96 0.98625
97 1.01
98 1.01867
99 1.02322
100 1.06326
101 1.0796
102 1.09019
103 1.09143
104 1.09812
105 1.10959
106 1.11396
107 1.13735
108 1.14657
109 1.15197
110 1.17313
111 1.17743
112 1.18772
113 1.19922
114 1.2051
115 1.22797
116 1.23738
117 1.24149
118 1.251
119 1.2611
120 1.26522
121 1.27351
122 1.28798
123 1.31302
124 1.32348
125 1.33624
126 1.33757
127 1.35645
128 1.37528
129 1.38331
130 1.38962
131 1.39556
132 1.40453
133 1.40946
134 1.41972
135 1.42478
136 1.45258
137 1.46302
138 1.48227
139 1.48597
140 1.49184
141 1.50657
142 1.51598
143 1.5191
144 1.53965
145 1.54449
146 1.55751
147 1.56189
148 1.56465
149 1.58511
150 1.59631
151 1.61423
152 1.61687
153 1.62273
154 1.62432
155 1.62961
156 1.64006
157 1.64281
158 1.65323
159 1.66132
160 1.66365
161 1.67452
162 1.68301
163 1.68614
164 1.69281
165 1.69511
166 1.72061
167 1.73134
168 1.73538
169 1.74677
170 1.75304
171 1.76354
172 1.76637
173 1.77348
174 1.79284
175 1.83678
176 1.84332
177 1.8601
178 1.86176
179 1.86728
180 1.87433
181 1.88467
182 1.88629
183 1.89216
184 1.89978
185 1.90352
186 1.91747
187 1.92007
188 1.92749
189 1.94069
190 1.94634
191 1.95032
192 1.96872
193 1.98393
194 1.9893
195 2.00702
196 2.01144
197 2.02111
198 2.0235
199 2.02675
200 2.03038
201 2.04601
202 2.05853
203 2.08701
204 2.1167
205 2.12193
206 2.12751
207 2.13323
208 2.13682
209 2.1386
210 2.14702
211 2.15873
212 2.18494
213 2.18861
214 2.19047
215 2.20749
216 2.21971
217 2.22529
218 2.23052
219 2.23828
220 2.24656
221 2.26523
222 2.26782
223 2.27116
224 2.29242
225 2.29813
226 2.31508
227 2.32159
228 2.35788
229 2.36179
230 2.36483
231 2.37565
232 2.37967
233 2.39536
234 2.40059
235 2.41844
236 2.4389
237 2.45946
238 2.49156
239 2.49282
240 2.50358
241 2.51526
242 2.51887
243 2.52057
244 2.52663
245 2.5328
246 2.54449
247 2.5493
248 2.55196
249 2.56551
250 2.58503
251 2.59453
252 2.60395
253 2.6124
254 2.61641
255 2.62495
256 2.62955
257 2.63103
258 2.6405
259 2.65982
260 2.68598
261 2.68986
262 2.69926
263 2.70208
264 2.70997
265 2.7359
266 2.76389
267 2.76614
268 2.7767
269 2.78714
270 2.79201
271 2.79547
272 2.81407
273 2.82191
274 2.84126
275 2.85788
276 2.86258
277 2.86685
278 2.8702
279 2.88124
280 2.88343
281 2.89039
282 2.89286
283 2.89443
284 2.90074
285 2.90888
286 2.91692
287 2.92166
288 2.93639
289 2.93831
290 2.94223
291 2.95769
292 2.97158
293 2.97346
294 2.97894
295 2.98894
