1 0.00614
2 0.01804
3 0.02722
4 0.03034
5 0.03478
6 0.04
7 0.06504
8 0.069
9 0.07304
10 0.07661
11 0.07904
12 0.09562
13 0.10611
14 0.10823
15 0.11251
16 0.11967
17 0.12392
18 0.12955
19 0.13243
20 0.1383
21 0.15142
22 0.15791
23 0.171
24 0.18783
25 0.1941
26 0.2177
27 0.22004
28 0.22236
29 0.22596
30 0.23398
31 0.24359
32 0.2456
33 0.25089
34 0.2692
35 0.28576
36 0.31042
37 0.31796
38 0.32491
39 0.33267
40 0.34318
41 0.34918
42 0.3641
43 0.36613
44 0.3738
45 0.38021
46 0.38249
47 0.38997
48 0.39841
49 0.40605
50 0.41851
51 0.42559
52 0.42651
53 0.43133
54 0.46233
55 0.46691
56 0.47496
57 0.47836
58 0.48706
59 0.48864
60 0.49763
61 0.50314
62 0.52294
63 0.52716
64 0.53933
65 0.54431
66 0.54651
67 0.55411
68 0.56116
69 0.56519
70 0.56986
71 0.57577
72 0.58086
73 0.59092
74 0.60233
75 0.6057
76 0.60689
77 0.62522
78 0.63207
79 0.63782
80 0.64606
81 0.65164
82 0.66011
83 0.66485
84 0.66577
85 0.67247
86 0.67552
87 0.68046
88 0.68284
89 0.70368
90 0.71426
91 0.71915
92 0.72786
93 0.73233
94 0.73815
95 0.74485
96 0.74754
97 0.77592
98 0.77871
99 0.78463
100 0.79121
101 0.79411
102 0.79927
103 0.81471
104 0.82029
105 0.83108
106 0.84308
107 0.86224
108 0.86658
109 0.87992
110 0.89626
111 0.90994
112 0.91244
113 0.92067
114 0.92277
115 0.92705
116 0.93174
117 0.93595
118 0.94554
119 0.95424
120 0.96926
121 0.97263
122 0.9764
123 0.97803
124 0.98491
125 0.98906
126 0.99861
127 1.00726
128 1.03125
129 1.03994
130 1.06108
131 1.07025
132 1.07218
133 1.07961
134 1.08487
135 1.10405
136 1.10705
137 1.12121
138 1.12245
139 1.12624
140 1.13215
141 1.14031
142 1.14269
143 1.15628
144 1.16902
145 1.17478
146 1.18248
147 1.20934
148 1.21223
149 1.21651
150 1.22054
151 1.22814
152 1.23831
153 1.24564
154 1.24823
155 1.25141
156 1.2736
157 1.27474
158 1.27894
159 1.28338
160 1.29025
161 1.32205
162 1.32631
163 1.33
164 1.33614
165 1.33984
166 1.34322
167 1.34661
168 1.35519
169 1.36003
170 1.36311
171 1.36772
172 1.37258
173 1.38356
174 1.39392
175 1.40073
176 1.42094
177 1.42312
178 1.42656
179 1.4281
180 1.44407
181 1.46269
182 1.47598
183 1.47813
184 1.48243
185 1.48543
186 1.48719
187 1.48937
188 1.4973
189 1.50576
190 1.51612
191 1.51782
192 1.5205
193 1.52925
194 1.53286
195 1.53931
196 1.54732
197 1.56909
198 1.5816
199 1.58652
200 1.60395
201 1.61161
202 1.6156
203 1.62363
204 1.62758
205 1.63268
206 1.63836
207 1.64415
208 1.65553
209 1.67383
210 1.67603
211 1.67942
212 1.68271
213 1.69209
214 1.69342
215 1.69793
216 1.70893
217 1.71135
218 1.72423
219 1.72946
220 1.73169
221 1.73792
222 1.74392
223 1.74662
224 1.75223
225 1.76817
226 1.77338
227 1.78113
228 1.78373
229 1.79556
230 1.80992
231 1.81828
232 1.82005
233 1.83475
234 1.84852
235 1.85614
236 1.8586
237 1.86146
238 1.87456
239 1.87561
240 1.8769
241 1.88312
242 1.90156
243 1.90468
244 1.90995
245 1.92292
246 1.92493
247 1.93753
248 1.93906
249 1.94916
250 1.96413
251 1.96845
252 1.98501
253 1.99335
254 1.99765
255 2.00363
256 2.0103
257 2.03204
258 2.03763
259 2.04012
260 2.04348
261 2.05198
262 2.05761
263 2.06257
264 2.06714
265 2.07053
266 2.07737
267 2.08651
268 2.09781
269 2.1024
270 2.11085
271 2.12785
272 2.13877
273 2.15486
274 2.15969
275 2.17269
276 2.17443
277 2.20725
278 2.21384
279 2.22371
280 2.25005
281 2.26322
282 2.26543
283 2.27894
284 2.2831
285 2.29055
286 2.30235
287 2.31112
288 2.33627
289 2.33825
290 2.34161
291 2.35818
292 2.36189
293 2.37595
294 2.38416
295 2.38543
296 2.38943
297 2.39212
298 2.39829
299 2.40811
300 2.41605
301 2.4242
302 2.43028
303 2.43357
304 2.43752
305 2.45813
306 2.47066
307 2.4743
308 2.47579
309 2.48803
310 2.4929
311 2.49439
312 2.50045
313 2.51248
314 2.52476
315 2.53127
316 2.5336
317 2.5412
318 2.56961
319 2.58651
320 2.59751
321 2.6066
322 2.6143
323 2.62506
324 2.63643
325 2.64466
326 2.64737
327 2.65065
328 2.65904
329 2.66942
330 2.67175
331 2.67454
332 2.68152
333 2.68819
334 2.69952
335 2.70967
336 2.71198
337 2.72006
338 2.72409
339 2.73737
340 2.74317
341 2.75065
342 2.75656
343 2.77308
344 2.78586
345 2.78953
346 2.79534
347 2.80262
348 2.81446
349 2.81917
350 2.82998
351 2.83877
352 2.85717
353 2.87481
354 2.88191
355 2.88776
356 2.8906
357 2.89694
358 2.90191
359 2.91112
360 2.91514
361 2.91941
362 2.93327
363 2.95453
364 2.96394
365 2.97141
366 2.99132
367 2.99974
