1 0.01348
2 0.01668
3 0.01945
4 0.02747
5 0.03068
6 0.04021
7 0.04393
8 0.04898
9 0.0546
10 0.06043
11 0.06666
12 0.07261
13 0.08228
14 0.10083
15 0.10503
16 0.11103
17 0.1148
18 0.12251
19 0.12475
20 0.12822
21 0.13169
22 0.13708
23 0.13955
24 0.15261
25 0.15679
26 0.15875
27 0.17253
28 0.18259
29 0.19154
30 0.19613
31 0.19821
32 0.20517
33 0.20904
34 0.21612
35 0.22853
36 0.23492
37 0.24974
38 0.256
39 0.25962
40 0.26219
41 0.27693
42 0.27938
43 0.29354
44 0.30233
45 0.31139
46 0.3162
47 0.324
48 0.33349
49 0.34019
50 0.34236
51 0.35614
52 0.3628
53 0.36572
54 0.36777
55 0.37619
56 0.38293
57 0.38957
58 0.40183
59 0.40812
60 0.41099
61 0.41477
62 0.4167
63 0.42149
64 0.42659
65 0.42883
66 0.46167
67 0.46993
68 0.47176
69 0.47619
70 0.48262
71 0.50118
72 0.50768
73 0.51424
74 0.51509
75 0.51827
76 0.5306
77 0.54275
78 0.54833
79 0.55016
80 0.55745
81 0.57255
82 0.58132
83 0.59042
84 0.59637
85 0.61587
86 0.62269
87 0.62919
88 0.63337
89 0.63461
90 0.63731
91 0.65461
92 0.65828
93 0.66538
94 0.68055
95 0.70615
96 0.70813
97 0.71191
98 0.71611
99 0.71876
100 0.72366
101 0.73291
102 0.73409
103 0.74602
104 0.75601
105 0.76064
106 0.76395
107 0.77286
108 0.78122
109 0.7848
110 0.80506
111 0.80764
112 0.81246
113 0.8222
114 0.82401
115 0.83407
116 0.83627
117 0.84351
118 0.85873
119 0.86257
120 0.87648
121 0.88307
122 0.88461
123 0.88895
124 0.89353
125 0.89753
126 0.90176
127 0.90412
128 0.91061
129 0.91363
130 0.92952
131 0.93171
132 0.9349
133 0.94285
134 0.95045
135 0.96955
136 0.97065
137 0.98155
138 0.98688
139 1.00033
140 1.01019
141 1.01935
142 1.03064
143 1.04521
144 1.04855
145 1.05359
146 1.05717
147 1.06049
148 1.06431
149 1.0737
150 1.07894
151 1.09271
152 1.09515
153 1.10352
154 1.10641
155 1.1102
156 1.12142
157 1.13339
158 1.13611
159 1.14565
160 1.14814
161 1.15154
162 1.16325
163 1.16805
164 1.20464
165 1.20678
166 1.21095
167 1.21362
168 1.22455
169 1.23064
170 1.24526
171 1.25271
172 1.26052
173 1.26221
174 1.26768
175 1.27086
176 1.28689
177 1.29713
178 1.30564
179 1.30862
180 1.3133
181 1.31731
182 1.32834
183 1.33777
184 1.35833
185 1.36586
186 1.36916
187 1.38513
188 1.38835
189 1.39448
190 1.42141
191 1.42363
192 1.42764
193 1.43351
194 1.43663
195 1.44194
196 1.46353
197 1.46971
198 1.49824
199 1.50291
200 1.51099
201 1.52213
202 1.54301
203 1.55787
204 1.56242
205 1.57256
206 1.57691
207 1.59072
208 1.59879
209 1.60267
210 1.60964
211 1.61167
212 1.61515
213 1.62188
214 1.62764
215 1.63223
216 1.63832
217 1.64416
218 1.64615
219 1.66154
220 1.66565
221 1.66759
222 1.6727
223 1.67768
224 1.67862
225 1.68039
226 1.69204
227 1.70353
228 1.71419
229 1.71577
230 1.72549
231 1.73322
232 1.73866
233 1.74327
234 1.7621
235 1.79013
236 1.79751
237 1.80637
238 1.81354
239 1.83481
240 1.84648
241 1.87489
242 1.88809
243 1.89857
244 1.90273
245 1.90462
246 1.9126
247 1.92741
248 1.93508
249 1.95244
250 1.95805
251 1.96099
252 1.96714
253 1.97245
254 1.98246
255 1.99298
256 1.99684
257 2.00001
258 2.01222
259 2.02034
260 2.0224
261 2.0246
262 2.03384
263 2.04405
264 2.05681
265 2.06504
266 2.07531
267 2.07699
268 2.08035
269 2.08355
270 2.10517
271 2.12303
272 2.13076
273 2.13387
274 2.13583
275 2.14008
276 2.14721
277 2.1545
278 2.16582
279 2.16955
280 2.17916
281 2.18446
282 2.19573
283 2.20061
284 2.20308
285 2.2077
286 2.20983
287 2.2215
288 2.23926
289 2.24924
290 2.25426
291 2.26735
292 2.29367
293 2.30359
294 2.32075
295 2.32445
296 2.33113
297 2.33964
298 2.34711
299 2.34883
300 2.35946
301 2.37115
302 2.3735
303 2.38346
304 2.3919
305 2.40406
306 2.40893
307 2.41098
308 2.42552
309 2.43038
310 2.43253
311 2.43864
312 2.44493
313 2.45138
314 2.45642
315 2.46316
316 2.46446
317 2.48259
318 2.49075
319 2.50665
320 2.52031
321 2.5255
322 2.53247
323 2.53412
324 2.54432
325 2.55479
326 2.55971
327 2.5625
328 2.5723
329 2.58889
330 2.59384
331 2.60425
332 2.609
333 2.61622
334 2.62378
335 2.64209
336 2.66161
337 2.66513
338 2.66653
339 2.66807
340 2.67555
341 2.68587
342 2.73673
343 2.76128
344 2.76315
345 2.76728
346 2.76859
347 2.7731
348 2.78036
349 2.79024
350 2.79225
351 2.79452
352 2.80207
353 2.8188
354 2.83261
355 2.84387
356 2.86227
357 2.87034
358 2.87398
359 2.89246
360 2.90111
361 2.9056
362 2.91317
363 2.91744
364 2.92397
365 2.93042
366 2.93284
367 2.93617
368 2.93749
369 2.9588
370 2.9645
371 2.97875
372 2.99405
