1 0.00324
2 0.02207
3 0.02682
4 0.03307
5 0.04219
6 0.04331
7 0.05215
8 0.05613
9 0.07007
10 0.07273
11 0.08011
12 0.08421
13 0.09673
14 0.11237
15 0.12338
16 0.14187
17 0.16221
18 0.16907
19 0.17039
20 0.18778
21 0.19187
22 0.19912
23 0.20604
24 0.22276
25 0.22613
26 0.23328
27 0.23901
28 0.25015
29 0.25836
30 0.26184
31 0.2692
32 0.2841
33 0.29585
34 0.2984
35 0.31721
36 0.31814
37 0.32679
38 0.33412
39 0.33778
40 0.34371
41 0.35133
42 0.36551
43 0.3698
44 0.37313
45 0.37833
46 0.38853
47 0.42005
48 0.4263
49 0.43292
50 0.43828
51 0.44888
52 0.46242
53 0.46393
54 0.46804
55 0.47422
56 0.48488
57 0.49169
58 0.49297
59 0.49659
60 0.51554
61 0.53466
62 0.54654
63 0.56245
64 0.57057
65 0.58001
66 0.588
67 0.5892
68 0.6043
69 0.61086
70 0.61771
71 0.62729
72 0.62884
73 0.63568
74 0.6689
75 0.67177
76 0.68161
77 0.68511
78 0.69694
79 0.70156
80 0.70446
81 0.70764
82 0.71081
83 0.71524
84 0.72408
85 0.73879
86 0.74258
87 0.76785
88 0.77485
89 0.78571
90 0.78882
91 0.79599
92 0.79986
93 0.80267
94 0.80977
95 0.81677
96 0.82862
97 0.83023
98 0.84252
99 0.84929
100 0.8574
101 0.87304
102 0.88554
103 0.89477
104 0.93145
105 0.94501
106 0.96062
107 0.96309
108 0.96617
109 0.98135
110 0.98737
111 0.9937
112 1.00235
113 1.0042
114 1.03243
115 1.04221
116 1.06671
117 1.0704
118 1.07206
119 1.07896
120 1.08311
121 1.09457
122 1.10354
123 1.13002
124 1.13191
125 1.1424
126 1.15679
127 1.16105
128 1.16289
129 1.17381
130 1.17647
131 1.18003
132 1.18563
133 1.19313
134 1.19906
135 1.21485
136 1.23013
137 1.23666
138 1.24059
139 1.24526
140 1.2472
141 1.25635
142 1.2576
143 1.27433
144 1.29288
145 1.30034
146 1.3098
147 1.31246
148 1.31584
149 1.33417
150 1.34545
151 1.35178
152 1.35669
153 1.36666
154 1.37045
155 1.37244
156 1.37719
157 1.38446
158 1.39118
159 1.39403
160 1.40798
161 1.41177
162 1.42023
163 1.43239
164 1.43583
165 1.43953
166 1.44476
167 1.46228
168 1.46566
169 1.4681
170 1.47429
171 1.48324
172 1.5036
173 1.51053
174 1.51517
175 1.52337
176 1.5284
177 1.54427
178 1.54859
179 1.55131
180 1.55648
181 1.56987
182 1.57635
183 1.57799
184 1.58389
185 1.5983
186 1.6102
187 1.62446
188 1.62997
189 1.63419
190 1.63877
191 1.64105
192 1.64456
193 1.64548
194 1.66425
195 1.67764
196 1.68562
197 1.69327
198 1.70445
199 1.71269
200 1.71853
201 1.73556
202 1.74644
203 1.7499
204 1.75638
205 1.76722
206 1.78248
207 1.78594
208 1.79625
209 1.81713
210 1.8219
211 1.83131
212 1.83767
213 1.84711
214 1.85406
215 1.87539
216 1.88304
217 1.88579
218 1.88922
219 1.89787
220 1.91139
221 1.9221
222 1.92481
223 1.93513
224 1.94112
225 1.95424
226 1.96198
227 1.96987
228 1.97666
229 1.98612
230 1.99968
231 2.00201
232 2.00865
233 2.01794
234 2.04221
235 2.05963
236 2.09115
237 2.09432
238 2.09858
239 2.10813
240 2.12563
241 2.13055
242 2.14034
243 2.15511
244 2.17155
245 2.17799
246 2.18467
247 2.19254
248 2.2083
249 2.24634
250 2.25061
251 2.25286
252 2.26064
253 2.26524
254 2.27622
255 2.28796
256 2.29504
257 2.30933
258 2.31093
259 2.32028
260 2.33442
261 2.3419
262 2.35174
263 2.36572
264 2.37586
265 2.38492
266 2.39759
267 2.40089
268 2.41366
269 2.4205
270 2.42422
271 2.43322
272 2.43632
273 2.44536
274 2.44928
275 2.45108
276 2.4556
277 2.46964
278 2.49505
279 2.49789
280 2.5231
281 2.53588
282 2.53795
283 2.54778
284 2.55186
285 2.5581
286 2.56847
287 2.57287
288 2.57989
289 2.58448
290 2.59334
291 2.59577
292 2.60579
293 2.60961
294 2.63296
295 2.63541
296 2.64281
297 2.64515
298 2.65347
299 2.66076
300 2.68143
301 2.68891
302 2.69277
303 2.70246
304 2.71095
305 2.71784
306 2.72506
307 2.73117
308 2.73373
309 2.7377
310 2.74691
311 2.75903
312 2.76939
313 2.78669
314 2.79353
315 2.79514
316 2.79993
317 2.81137
318 2.814
319 2.82468
320 2.83719
321 2.84582
322 2.85767
323 2.86213
324 2.87801
325 2.89122
326 2.89726
327 2.9027
328 2.92237
329 2.92474
330 2.93387
331 2.94192
332 2.94344
333 2.94714
334 2.95858
335 2.97043
336 2.98252
337 2.99657
338 2.99788
