1 0.01159
2 0.02972
3 0.04815
4 0.05126
5 0.05524
6 0.06129
7 0.07456
8 0.08203
9 0.0956
10 0.09862
11 0.10258
12 0.13458
13 0.1454
14 0.1737
15 0.19583
16 0.19948
17 0.2198
18 0.22435
19 0.22739
20 0.25226
21 0.25489
22 0.26183
23 0.26514
24 0.27341
25 0.27888
26 0.30126
27 0.30424
28 0.32366
29 0.33759
30 0.35053
31 0.3599
32 0.37607
33 0.38333
34 0.40185
35 0.40616
36 0.4603
37 0.46477
38 0.50627
39 0.52024
40 0.53985
41 0.55929
42 0.59022
43 0.60622
44 0.63662
45 0.6434
46 0.64687
47 0.65076
48 0.65585
49 0.67593
50 0.68552
51 0.69825
52 0.70118
53 0.71345
54 0.71735
55 0.72143
56 0.73037
57 0.73955
58 0.75825
59 0.76187
60 0.76579
61 0.77176
62 0.78825
63 0.80452
64 0.81752
65 0.85276
66 0.86046
67 0.86926
68 0.87893
69 0.89411
70 0.89731
71 0.90074
72 0.90466
73 0.91433
74 0.92034
75 0.94218
76 0.94696
77 0.96543
78 0.9786
79 0.98421
80 1.00551
81 1.01523
82 1.02322
83 1.04894
84 1.05708
85 1.06347
86 1.06717
87 1.08642
88 1.09359
89 1.11576
90 1.13772
91 1.15178
92 1.16235
93 1.18826
94 1.19615
95 1.1992
96 1.22631
97 1.22989
98 1.23558
99 1.24705
100 1.25074
101 1.26256
102 1.27324
103 1.27929
104 1.28931
105 1.30112
106 1.32231
107 1.34073
108 1.34693
109 1.36153
110 1.36743
111 1.37663
112 1.38217
113 1.39151
114 1.40176
115 1.40497
116 1.40945
117 1.41323
118 1.43891
119 1.44839
120 1.45844
121 1.46558
122 1.46924
123 1.47999
124 1.4845
125 1.49994
126 1.50301
127 1.51109
128 1.51473
129 1.52305
130 1.52416
131 1.53553
132 1.56149
133 1.56494
134 1.56842
135 1.59285
136 1.60812
137 1.61208
138 1.62316
139 1.63104
140 1.63845
141 1.64578
142 1.67807
143 1.69969
144 1.71075
145 1.7157
146 1.73288
147 1.73678
148 1.74111
149 1.75228
150 1.77105
151 1.78699
152 1.79174
153 1.80602
154 1.81829
155 1.8315
156 1.84131
157 1.85226
158 1.88494
159 1.89069
160 1.89635
161 1.90076
162 1.90737
163 1.91825
164 1.93498
165 1.96049
166 1.97752
167 2.01014
168 2.01356
169 2.02195
170 2.03656
171 2.05637
172 2.06649
173 2.07084
174 2.07465
175 2.10901
176 2.11293
177 2.12799
178 2.13294
179 2.14983
180 2.15688
181 2.18915
182 2.19892
183 2.20217
184 2.20813
185 2.22668
186 2.25195
187 2.25646
188 2.26299
189 2.27795
190 2.30773
191 2.31189
192 2.3586
193 2.3787
194 2.39377
195 2.401
196 2.40431
197 2.40814
198 2.42184
199 2.43493
200 2.44677
201 2.45394
202 2.46143
203 2.46583
204 2.47113
205 2.51093
206 2.52319
207 2.55011
208 2.55814
209 2.56596
210 2.57355
211 2.58335
212 2.59093
213 2.59351
214 2.60533
215 2.62135
216 2.62855
217 2.63465
218 2.64114
219 2.65036
220 2.66187
221 2.67375
222 2.67654
223 2.68513
224 2.70109
225 2.70975
226 2.7163
227 2.73292
228 2.74753
229 2.75617
230 2.77075
231 2.80094
232 2.8078
233 2.81556
234 2.85018
235 2.87224
236 2.88052
237 2.88441
238 2.89546
239 2.89866
240 2.90818
241 2.93833
242 2.9492
243 2.95923
244 2.9622
245 2.97563
246 2.99123
