1 0.01332
2 0.01992
3 0.03759
4 0.04904
5 0.06279
6 0.07974
7 0.08458
8 0.08852
9 0.09581
10 0.10039
11 0.10701
12 0.11518
13 0.1344
14 0.14311
15 0.1505
16 0.15808
17 0.16258
18 0.16368
19 0.19815
20 0.2067
21 0.22585
22 0.23168
23 0.2373
24 0.26754
25 0.2727
26 0.28525
27 0.29177
28 0.29581
29 0.3026
30 0.30821
31 0.32489
32 0.34005
33 0.35374
34 0.36135
35 0.41875
36 0.42364
37 0.43717
38 0.44532
39 0.46033
40 0.46412
41 0.48182
42 0.4934
43 0.49838
44 0.50748
45 0.53273
46 0.53685
47 0.54886
48 0.56441
49 0.56734
50 0.57663
51 0.5841
52 0.58872
53 0.59389
54 0.60928
55 0.61514
56 0.62066
57 0.63063
58 0.64358
59 0.65051
60 0.65497
61 0.66089
62 0.67273
63 0.67992
64 0.69279
65 0.69649
66 0.70177
67 0.71066
68 0.71845
69 0.72308
70 0.74031
71 0.75083
72 0.76287
73 0.78561
74 0.82265
75 0.82855
76 0.83768
77 0.85757
78 0.87617
79 0.90653
80 0.91618
81 0.93627
82 0.94817
83 0.96581
84 0.97123
85 0.98737
86 1.00152
87 1.00709
88 1.01711
89 1.04997
90 1.06055
91 1.07412
92 1.08422
93 1.11035
94 1.11511
95 1.12237
96 1.15266
97 1.16292
98 1.16445
99 1.18298
100 1.18802
101 1.20498
102 1.21112
103 1.21922
104 1.25648
105 1.28006
106 1.29512
107 1.30202
108 1.31767
109 1.32731
110 1.36104
111 1.36725
112 1.37347
113 1.37661
114 1.39176
115 1.4061
116 1.41131
117 1.41487
118 1.43283
119 1.43763
120 1.4586
121 1.47039
122 1.49266
123 1.51635
124 1.57518
125 1.58075
126 1.59264
127 1.60566
128 1.63967
129 1.64424
130 1.65729
131 1.67629
132 1.69697
133 1.70109
134 1.70912
135 1.72562
136 1.7825
137 1.78372
138 1.79262
139 1.84603
140 1.87281
141 1.87629
142 1.88191
143 1.91752
144 1.92486
145 1.93294
146 1.94464
147 1.95791
148 1.97125
149 2.01869
150 2.0298
151 2.0543
152 2.05639
153 2.0662
154 2.07314
155 2.07656
156 2.09689
157 2.10088
158 2.11035
159 2.1165
160 2.13309
161 2.15826
162 2.18471
163 2.20337
164 2.20836
165 2.2571
166 2.26097
167 2.26501
168 2.27782
169 2.2833
170 2.31398
171 2.31529
172 2.32911
173 2.33346
174 2.33759
175 2.35927
176 2.3626
177 2.38522
178 2.40158
179 2.4235
180 2.4325
181 2.45844
182 2.47609
183 2.51138
184 2.51677
185 2.53287
186 2.55216
187 2.56828
188 2.60175
189 2.6166
190 2.64567
191 2.66254
192 2.67552
193 2.68856
194 2.69797
195 2.70177
196 2.70537
197 2.72211
198 2.72332
199 2.74855
200 2.76809
201 2.77879
202 2.78915
203 2.79491
204 2.80174
205 2.84806
206 2.86909
207 2.88553
208 2.89059
209 2.89627
210 2.91289
211 2.92142
212 2.92224
213 2.94097
214 2.98694
