1 0.00323
2 0.00456
3 0.00791
4 0.02502
5 0.03095
6 0.0342
7 0.04654
8 0.05266
9 0.05519
10 0.06076
11 0.06325
12 0.07371
13 0.08016
14 0.08539
15 0.09127
16 0.09407
17 0.11038
18 0.11756
19 0.12674
20 0.12842
21 0.15511
22 0.15745
23 0.17027
24 0.18363
25 0.19392
26 0.20358
27 0.20813
28 0.21743
29 0.2259
30 0.24604
31 0.25652
32 0.2626
33 0.26897
34 0.29034
35 0.30293
36 0.31399
37 0.33131
38 0.33756
39 0.34019
40 0.34328
41 0.34639
42 0.35078
43 0.35293
44 0.35934
45 0.3631
46 0.37139
47 0.37364
48 0.3802
49 0.38435
50 0.39401
51 0.42472
52 0.4299
53 0.43565
54 0.43925
55 0.46795
56 0.47138
57 0.47947
58 0.48331
59 0.4981
60 0.51594
61 0.52462
62 0.53901
63 0.55246
64 0.56001
65 0.5786
66 0.58532
67 0.601
68 0.60235
69 0.62323
70 0.62925
71 0.63819
72 0.64548
73 0.65054
74 0.65431
75 0.65664
76 0.65884
77 0.66159
78 0.66567
79 0.66992
80 0.67549
81 0.67785
82 0.69015
83 0.6919
84 0.70874
85 0.72185
86 0.72994
87 0.75079
88 0.77527
89 0.77958
90 0.79796
91 0.80283
92 0.81437
93 0.82385
94 0.82688
95 0.83058
96 0.83593
97 0.8444
98 0.85794
99 0.86548
100 0.8888
101 0.8911
102 0.89565
103 0.90983
104 0.9146
105 0.91924
106 0.92334
107 0.92704
108 0.92891
109 0.93584
110 0.94064
111 0.94939
112 0.95086
113 0.95959
114 0.96548
115 0.97234
116 0.98995
117 0.99168
118 0.9933
119 1.01348
120 1.03762
121 1.04629
122 1.04965
123 1.06585
124 1.06782
125 1.06938
126 1.07747
127 1.0917
128 1.10875
129 1.1163
130 1.14104
131 1.17137
132 1.19767
133 1.20892
134 1.22158
135 1.22821
136 1.23124
137 1.2405
138 1.24677
139 1.253
140 1.27008
141 1.28703
142 1.30712
143 1.33572
144 1.34415
145 1.36524
146 1.37795
147 1.38575
148 1.38821
149 1.39188
150 1.39419
151 1.40014
152 1.40888
153 1.41078
154 1.45589
155 1.47919
156 1.48975
157 1.49652
158 1.50776
159 1.51219
160 1.51352
161 1.54372
162 1.56418
163 1.5914
164 1.59658
165 1.61592
166 1.61771
167 1.62185
168 1.62356
169 1.62785
170 1.63183
171 1.64265
172 1.64985
173 1.65428
174 1.66128
175 1.66715
176 1.69065
177 1.70027
178 1.70439
179 1.7106
180 1.72589
181 1.73697
182 1.74011
183 1.74163
184 1.74612
185 1.74754
186 1.74958
187 1.7528
188 1.7574
189 1.78526
190 1.80096
191 1.81114
192 1.81961
193 1.8252
194 1.84223
195 1.85976
196 1.87036
197 1.87645
198 1.88119
199 1.88659
200 1.90555
201 1.90934
202 1.91982
203 1.92775
204 1.94096
205 1.95589
206 1.96248
207 1.96803
208 1.97678
209 1.98444
210 1.99431
211 1.9962
212 2.00174
213 2.00502
214 2.01156
215 2.01684
216 2.03565
217 2.05861
218 2.06812
219 2.07381
220 2.07726
221 2.08125
222 2.08277
223 2.08613
224 2.08801
225 2.09157
226 2.10479
227 2.11213
228 2.13177
229 2.13968
230 2.14328
231 2.15151
232 2.15867
233 2.16075
234 2.16485
235 2.18129
236 2.20744
237 2.22734
238 2.2321
239 2.23573
240 2.24188
241 2.24676
242 2.2609
243 2.26215
244 2.27453
245 2.3127
246 2.31525
247 2.33147
248 2.35256
249 2.35661
250 2.37364
251 2.3824
252 2.38677
253 2.39009
254 2.39622
255 2.40543
256 2.44308
257 2.45607
258 2.46381
259 2.47101
260 2.4742
261 2.48348
262 2.49556
263 2.50113
264 2.51184
265 2.52283
266 2.53505
267 2.53995
268 2.54243
269 2.58009
270 2.58203
271 2.59127
272 2.6038
273 2.61971
274 2.62423
275 2.62594
276 2.63444
277 2.64253
278 2.66713
279 2.67347
280 2.67864
281 2.69414
282 2.69622
283 2.704
284 2.70941
285 2.71347
286 2.7209
287 2.73042
288 2.73633
289 2.75348
290 2.75701
291 2.78191
292 2.78692
293 2.78791
294 2.79017
295 2.80613
296 2.8157
297 2.84847
298 2.85799
299 2.86156
300 2.8778
301 2.90244
302 2.90547
303 2.90964
304 2.92026
305 2.9293
306 2.93757
307 2.95479
308 2.959
309 2.9652
310 2.97926
311 2.98236
312 2.99072
313 2.99521
314 2.99909
