1 0.01855
2 0.03515
3 0.04087
4 0.04871
5 0.0642
6 0.07223
7 0.08485
8 0.12321
9 0.13559
10 0.16143
11 0.19427
12 0.24661
13 0.26316
14 0.27525
15 0.28192
16 0.29383
17 0.30199
18 0.31473
19 0.34126
20 0.37912
21 0.40036
22 0.42251
23 0.43452
24 0.44152
25 0.44979
26 0.474
27 0.52151
28 0.52909
29 0.53796
30 0.58229
31 0.59376
32 0.65222
33 0.65891
34 0.67527
35 0.70683
36 0.75997
37 0.81819
38 0.82547
39 0.84406
40 0.86387
41 0.91181
42 0.93084
43 0.9376
44 0.95054
45 1.02484
46 1.08785
47 1.11495
48 1.13798
49 1.1463
50 1.16326
51 1.16922
52 1.18855
53 1.23404
54 1.2652
55 1.27127
56 1.31217
57 1.32123
58 1.34127
59 1.37354
60 1.42551
61 1.43738
62 1.44289
63 1.46028
64 1.51174
65 1.53206
66 1.53903
67 1.56768
68 1.58061
69 1.64669
70 1.66107
71 1.67723
72 1.68306
73 1.6927
74 1.71769
75 1.73062
76 1.7633
77 1.78106
78 1.78463
79 1.79417
80 1.80005
81 1.8277
82 1.83364
83 1.8455
84 1.87795
85 1.88503
86 1.91378
87 1.94843
88 1.9557
89 1.96741
90 2.0267
91 2.03289
92 2.03429
93 2.07874
94 2.12366
95 2.15518
96 2.18023
97 2.1991
98 2.20568
99 2.21305
100 2.26136
101 2.2733
102 2.28012
103 2.32078
104 2.34365
105 2.41608
106 2.45664
107 2.54399
108 2.56944
109 2.57597
110 2.6102
111 2.62436
112 2.6487
113 2.65523
114 2.66394
115 2.67141
116 2.67829
117 2.69133
118 2.71329
119 2.72547
120 2.77462
121 2.77995
122 2.80147
123 2.91513
124 2.9289
125 2.94947
126 2.96853
127 2.97402
