1 0.01321
2 0.03133
3 0.04107
4 0.04812
5 0.05547
6 0.06764
7 0.07608
8 0.08538
9 0.10709
10 0.11236
11 0.1155
12 0.13496
13 0.13758
14 0.13915
15 0.1441
16 0.17063
17 0.17808
18 0.19163
19 0.19863
20 0.21051
21 0.22566
22 0.23672
23 0.2441
24 0.25637
25 0.26437
26 0.30361
27 0.30768
28 0.31491
29 0.31609
30 0.32298
31 0.36014
32 0.36839
33 0.38869
34 0.39104
35 0.4015
36 0.41008
37 0.41503
38 0.42426
39 0.43856
40 0.45118
41 0.45936
42 0.46228
43 0.48012
44 0.48605
45 0.49094
46 0.5032
47 0.53579
48 0.54619
49 0.55065
50 0.55789
51 0.56555
52 0.57366
53 0.57634
54 0.60188
55 0.61259
56 0.61645
57 0.62395
58 0.63309
59 0.63946
60 0.64529
61 0.66322
62 0.66921
63 0.67136
64 0.68787
65 0.69155
66 0.69279
67 0.69963
68 0.71333
69 0.72596
70 0.72772
71 0.73447
72 0.76189
73 0.76546
74 0.77232
75 0.78243
76 0.78895
77 0.79291
78 0.79478
79 0.80047
80 0.80215
81 0.80563
82 0.80822
83 0.81148
84 0.81294
85 0.81715
86 0.81857
87 0.82168
88 0.82466
89 0.83212
90 0.83435
91 0.86018
92 0.86345
93 0.86497
94 0.89215
95 0.8935
96 0.90194
97 0.90668
98 0.90902
99 0.91085
100 0.92279
101 0.93546
102 0.93797
103 0.95501
104 0.96302
105 0.97576
106 0.98515
107 0.99393
108 1.00056
109 1.01524
110 1.0475
111 1.05371
112 1.06172
113 1.06647
114 1.07309
115 1.09229
116 1.10716
117 1.11001
118 1.12239
119 1.14207
120 1.1505
121 1.15644
122 1.18584
123 1.19562
124 1.21179
125 1.22798
126 1.24176
127 1.27825
128 1.29279
129 1.29701
130 1.30638
131 1.31347
132 1.31636
133 1.32323
134 1.35308
135 1.35874
136 1.37717
137 1.37917
138 1.38796
139 1.40672
140 1.41971
141 1.42473
142 1.43237
143 1.44477
144 1.45411
145 1.45981
146 1.46765
147 1.47213
148 1.47652
149 1.48054
150 1.50147
151 1.50601
152 1.51008
153 1.51448
154 1.52559
155 1.53978
156 1.54773
157 1.55659
158 1.56823
159 1.58301
160 1.59814
161 1.61041
162 1.62517
163 1.63076
164 1.63885
165 1.66172
166 1.67648
167 1.69173
168 1.6999
169 1.70821
170 1.71276
171 1.71651
172 1.72896
173 1.73913
174 1.75417
175 1.77778
176 1.80684
177 1.81231
178 1.82102
179 1.82234
180 1.83113
181 1.8522
182 1.86462
183 1.87242
184 1.88733
185 1.90139
186 1.90355
187 1.90912
188 1.9157
189 1.92026
190 1.92302
191 1.93342
192 1.9392
193 1.94365
194 1.95077
195 1.95453
196 1.95713
197 1.97517
198 2.0026
199 2.04081
200 2.05106
201 2.06432
202 2.07532
203 2.08605
204 2.10666
205 2.10986
206 2.11518
207 2.12916
208 2.14863
209 2.15301
210 2.16078
211 2.18309
212 2.19015
213 2.19733
214 2.20857
215 2.2319
216 2.23685
217 2.24149
218 2.24289
219 2.24447
220 2.2502
221 2.28304
222 2.30147
223 2.30768
224 2.3159
225 2.32421
226 2.35651
227 2.3692
228 2.37273
229 2.37445
230 2.38618
231 2.39697
232 2.39859
233 2.41791
234 2.42018
235 2.42147
236 2.4246
237 2.44074
238 2.45563
239 2.4637
240 2.47507
241 2.47867
242 2.49525
243 2.50219
244 2.50762
245 2.51156
246 2.54198
247 2.54501
248 2.56314
249 2.57153
250 2.57525
251 2.60468
252 2.60914
253 2.61313
254 2.68247
255 2.6969
256 2.70286
257 2.70518
258 2.71647
259 2.73476
260 2.73906
261 2.75633
262 2.76492
263 2.77316
264 2.78889
265 2.80536
266 2.8121
267 2.82247
268 2.82913
269 2.83432
270 2.84067
271 2.84981
272 2.86318
273 2.87402
274 2.87745
275 2.89026
276 2.89259
277 2.89549
278 2.89888
279 2.90487
280 2.91718
281 2.93129
282 2.94846
283 2.953
284 2.99334
