1 0.00589
2 0.00828
3 0.02599
4 0.03258
5 0.03794
6 0.04489
7 0.05008
8 0.06486
9 0.06685
10 0.07868
11 0.08215
12 0.08733
13 0.09498
14 0.10164
15 0.12096
16 0.14511
17 0.14847
18 0.16214
19 0.16494
20 0.1714
21 0.18387
22 0.18954
23 0.19253
24 0.21009
25 0.22661
26 0.23043
27 0.2366
28 0.23949
29 0.24207
30 0.24548
31 0.24964
32 0.2722
33 0.27983
34 0.28372
35 0.31766
36 0.32285
37 0.3256
38 0.3363
39 0.34982
40 0.36764
41 0.37089
42 0.40654
43 0.40941
44 0.4204
45 0.4233
46 0.42682
47 0.43413
48 0.44172
49 0.44458
50 0.45528
51 0.47566
52 0.48303
53 0.48653
54 0.49681
55 0.50278
56 0.50601
57 0.515
58 0.51937
59 0.52894
60 0.54077
61 0.55517
62 0.56427
63 0.57269
64 0.57538
65 0.58243
66 0.58721
67 0.60627
68 0.61616
69 0.63243
70 0.6387
71 0.64967
72 0.65805
73 0.6629
74 0.6693
75 0.67616
76 0.68148
77 0.69052
78 0.69434
79 0.70024
80 0.71655
81 0.72462
82 0.73448
83 0.7423
84 0.75197
85 0.75522
86 0.76142
87 0.76827
88 0.78051
89 0.79692
90 0.82796
91 0.83061
92 0.83982
93 0.85248
94 0.85726
95 0.86666
96 0.87596
97 0.87847
98 0.88167
99 0.90538
100 0.91107
101 0.91824
102 0.93509
103 0.93893
104 0.94158
105 0.97741
106 0.9835
107 0.9885
108 0.99373
109 1.00555
110 1.01457
111 1.02344
112 1.0271
113 1.02943
114 1.03518
115 1.03835
116 1.06319
117 1.084
118 1.10605
119 1.11004
120 1.11988
121 1.12762
122 1.13032
123 1.13445
124 1.13656
125 1.15024
126 1.15557
127 1.16059
128 1.16754
129 1.17722
130 1.18019
131 1.18712
132 1.18812
133 1.20122
134 1.20396
135 1.21392
136 1.2328
137 1.23856
138 1.24171
139 1.24938
140 1.25308
141 1.27525
142 1.27788
143 1.28753
144 1.31256
145 1.3166
146 1.33544
147 1.34313
148 1.35426
149 1.36009
150 1.3692
151 1.39306
152 1.39922
153 1.40111
154 1.41594
155 1.42259
156 1.436
157 1.44438
158 1.46119
159 1.47282
160 1.49125
161 1.50188
162 1.51059
163 1.52245
164 1.53015
165 1.54385
166 1.54665
167 1.54908
168 1.56333
169 1.57566
170 1.58175
171 1.58851
172 1.60981
173 1.62256
174 1.63415
175 1.65065
176 1.65464
177 1.65746
178 1.66191
179 1.66492
180 1.66818
181 1.67479
182 1.68018
183 1.69128
184 1.71067
185 1.71907
186 1.74325
187 1.75845
188 1.77878
189 1.78127
190 1.78724
191 1.79087
192 1.79746
193 1.80193
194 1.80569
195 1.80812
196 1.83729
197 1.85151
198 1.86042
199 1.86498
200 1.87094
201 1.87383
202 1.87994
203 1.88677
204 1.88923
205 1.8962
206 1.91949
207 1.92674
208 1.93759
209 1.93856
210 1.94304
211 1.94859
212 1.96493
213 1.98115
214 1.98807
215 2.00355
216 2.0045
217 2.02482
218 2.03945
219 2.0762
220 2.07892
221 2.10206
222 2.11295
223 2.12996
224 2.13245
225 2.1659
226 2.17495
227 2.17789
228 2.18023
229 2.19091
230 2.20655
231 2.22935
232 2.23877
233 2.27624
234 2.28121
235 2.30196
236 2.30767
237 2.31466
238 2.31621
239 2.32847
240 2.3413
241 2.35121
242 2.35988
243 2.36711
244 2.38357
245 2.3899
246 2.39361
247 2.40652
248 2.40934
249 2.41924
250 2.42519
251 2.42868
252 2.43166
253 2.44047
254 2.45251
255 2.46984
256 2.48823
257 2.49057
258 2.49499
259 2.52252
260 2.53185
261 2.53888
262 2.54492
263 2.54611
264 2.55703
265 2.57324
266 2.60888
267 2.61132
268 2.61427
269 2.62623
270 2.63123
271 2.63388
272 2.64309
273 2.64935
274 2.65424
275 2.65688
276 2.66392
277 2.66587
278 2.68635
279 2.69092
280 2.69489
281 2.70038
282 2.70466
283 2.71627
284 2.74639
285 2.75528
286 2.77869
287 2.7937
288 2.79665
289 2.80669
290 2.82147
291 2.82741
292 2.83023
293 2.83894
294 2.84184
295 2.84936
296 2.86481
297 2.86726
298 2.87092
299 2.87381
300 2.87966
301 2.883
302 2.90475
303 2.91135
304 2.91588
305 2.93356
306 2.93744
307 2.9429
308 2.96626
309 2.97503
310 2.98527
