1 0.01137
2 0.01683
3 0.02998
4 0.0483
5 0.051
6 0.06119
7 0.06939
8 0.07536
9 0.09956
10 0.10305
11 0.12886
12 0.14557
13 0.1618
14 0.16551
15 0.17737
16 0.1932
17 0.22403
18 0.22699
19 0.24319
20 0.26181
21 0.2647
22 0.27784
23 0.29495
24 0.3011
25 0.31281
26 0.31989
27 0.32749
28 0.33131
29 0.3342
30 0.33928
31 0.34381
32 0.34817
33 0.35398
34 0.36768
35 0.39288
36 0.40168
37 0.41814
38 0.43617
39 0.45045
40 0.46403
41 0.47843
42 0.48192
43 0.48805
44 0.50275
45 0.50624
46 0.51556
47 0.52055
48 0.52959
49 0.53547
50 0.54203
51 0.54466
52 0.55279
53 0.55622
54 0.56354
55 0.57284
56 0.58834
57 0.5958
58 0.60674
59 0.60945
60 0.61393
61 0.61844
62 0.63913
63 0.66664
64 0.68209
65 0.69074
66 0.70503
67 0.71061
68 0.72026
69 0.73887
70 0.7504
71 0.76246
72 0.76592
73 0.77182
74 0.82323
75 0.8275
76 0.83998
77 0.87501
78 0.88528
79 0.92395
80 0.93148
81 0.93958
82 0.96925
83 0.97124
84 0.97442
85 0.98087
86 0.98398
87 0.9875
88 0.99383
89 1.00646
90 1.02757
91 1.03313
92 1.04667
93 1.05339
94 1.05681
95 1.06027
96 1.06679
97 1.08161
98 1.08924
99 1.09348
100 1.10435
101 1.13177
102 1.1354
103 1.14026
104 1.14658
105 1.15193
106 1.15905
107 1.16593
108 1.17332
109 1.19196
110 1.19652
111 1.25489
112 1.26304
113 1.27303
114 1.28841
115 1.29466
116 1.31104
117 1.31512
118 1.3219
119 1.32936
120 1.36329
121 1.36996
122 1.39115
123 1.40612
124 1.42338
125 1.4396
126 1.44186
127 1.44468
128 1.46917
129 1.47897
130 1.52511
131 1.52825
132 1.53458
133 1.5471
134 1.55175
135 1.565
136 1.58991
137 1.598
138 1.60822
139 1.61216
140 1.62253
141 1.64514
142 1.64919
143 1.65213
144 1.66548
145 1.68036
146 1.69582
147 1.704
148 1.70743
149 1.71572
150 1.72886
151 1.73697
152 1.74859
153 1.7558
154 1.77173
155 1.79476
156 1.80599
157 1.8187
158 1.83099
159 1.86088
160 1.8776
161 1.89644
162 1.91028
163 1.92364
164 1.93926
165 1.95164
166 1.95733
167 1.96013
168 1.96498
169 1.97442
170 1.98318
171 1.98933
172 2.00178
173 2.01072
174 2.02216
175 2.0346
176 2.04923
177 2.05219
178 2.05654
179 2.06323
180 2.08381
181 2.09424
182 2.10316
183 2.10859
184 2.12358
185 2.12815
186 2.13322
187 2.14677
188 2.15375
189 2.15705
190 2.1708
191 2.17887
192 2.1839
193 2.18707
194 2.19907
195 2.2025
196 2.20734
197 2.21319
198 2.23649
199 2.24818
200 2.25174
201 2.25976
202 2.26467
203 2.27293
204 2.28914
205 2.30021
206 2.32058
207 2.32373
208 2.32889
209 2.33614
210 2.3486
211 2.37084
212 2.37561
213 2.37903
214 2.39383
215 2.398
216 2.40146
217 2.40411
218 2.40498
219 2.40799
220 2.41163
221 2.45722
222 2.45817
223 2.4615
224 2.47228
225 2.47515
226 2.48266
227 2.48913
228 2.49515
229 2.50735
230 2.51518
231 2.5266
232 2.53648
233 2.54616
234 2.55419
235 2.55755
236 2.58173
237 2.59074
238 2.59348
239 2.60953
240 2.62947
241 2.64124
242 2.65147
243 2.65425
244 2.66151
245 2.66455
246 2.67116
247 2.68432
248 2.69161
249 2.70873
250 2.71324
251 2.71813
252 2.72366
253 2.727
254 2.73331
255 2.74209
256 2.74733
257 2.76952
258 2.77819
259 2.7882
260 2.79468
261 2.80514
262 2.81545
263 2.82274
264 2.83501
265 2.84199
266 2.84665
267 2.84961
268 2.86442
269 2.8958
270 2.89853
271 2.9018
272 2.90812
273 2.91222
274 2.91592
275 2.94901
276 2.97038
277 2.98597
278 2.99227
