1 0.00318
2 0.00542
3 0.01079
4 0.0157
5 0.03572
6 0.03992
7 0.04666
8 0.05241
9 0.05896
10 0.0608
11 0.08636
12 0.09748
13 0.1019
14 0.11748
15 0.12938
16 0.13574
17 0.14554
18 0.14998
19 0.15866
20 0.16644
21 0.18383
22 0.18593
23 0.19112
24 0.20301
25 0.20827
26 0.22816
27 0.23685
28 0.2601
29 0.27091
30 0.27208
31 0.29062
32 0.30643
33 0.33307
34 0.33915
35 0.35043
36 0.35769
37 0.35852
38 0.37374
39 0.38033
40 0.38325
41 0.38641
42 0.39151
43 0.39747
44 0.42465
45 0.45523
46 0.45727
47 0.47356
48 0.47645
49 0.48751
50 0.49384
51 0.50687
52 0.51506
53 0.52467
54 0.53459
55 0.55142
56 0.56516
57 0.57321
58 0.59391
59 0.59651
60 0.60097
61 0.60528
62 0.60965
63 0.61754
64 0.62534
65 0.64031
66 0.64433
67 0.67936
68 0.70196
69 0.71017
70 0.71428
71 0.72514
72 0.73346
73 0.73449
74 0.75033
75 0.76352
76 0.76502
77 0.78648
78 0.80005
79 0.83622
80 0.84773
81 0.85558
82 0.86353
83 0.86745
84 0.87294
85 0.8794
86 0.88779
87 0.8921
88 0.89631
89 0.90065
90 0.90819
91 0.92613
92 0.93997
93 0.94249
94 0.94743
95 0.95037
96 0.96479
97 0.97261
98 0.97601
99 0.98539
100 1.0017
101 1.00716
102 1.01046
103 1.04354
104 1.04557
105 1.06147
106 1.07871
107 1.09232
108 1.09466
109 1.09863
110 1.10397
111 1.10541
112 1.113
113 1.11878
114 1.13173
115 1.13619
116 1.14761
117 1.1527
118 1.166
119 1.16822
120 1.17915
121 1.1885
122 1.19096
123 1.19602
124 1.19843
125 1.21113
126 1.21578
127 1.22084
128 1.22464
129 1.2362
130 1.24193
131 1.25058
132 1.26
133 1.27978
134 1.29605
135 1.30134
136 1.32439
137 1.32672
138 1.3437
139 1.34915
140 1.35801
141 1.37832
142 1.39028
143 1.41786
144 1.42401
145 1.43415
146 1.43706
147 1.43936
148 1.44301
149 1.44518
150 1.45164
151 1.45755
152 1.45883
153 1.46264
154 1.46431
155 1.48201
156 1.48865
157 1.49204
158 1.49796
159 1.51242
160 1.54337
161 1.54783
162 1.55894
163 1.58663
164 1.59468
165 1.59721
166 1.60051
167 1.60727
168 1.61173
169 1.61858
170 1.62076
171 1.63984
172 1.66379
173 1.66796
174 1.67316
175 1.67969
176 1.69023
177 1.69374
178 1.69574
179 1.70512
180 1.71756
181 1.72414
182 1.72895
183 1.73359
184 1.74346
185 1.75802
186 1.79205
187 1.79884
188 1.80357
189 1.82392
190 1.83508
191 1.83918
192 1.84228
193 1.86404
194 1.86964
195 1.88061
196 1.88499
197 1.89867
198 1.90528
199 1.91062
200 1.92135
201 1.92897
202 1.937
203 1.94372
204 1.94773
205 1.95191
206 1.9567
207 1.96426
208 1.96622
209 1.97539
210 1.99076
211 1.99815
212 2.00381
213 2.01348
214 2.01686
215 2.0205
216 2.04506
217 2.05079
218 2.05684
219 2.06403
220 2.07246
221 2.07534
222 2.08635
223 2.09174
224 2.09504
225 2.10352
226 2.11159
227 2.12448
228 2.13826
229 2.14377
230 2.14889
231 2.15347
232 2.17746
233 2.18572
234 2.19627
235 2.20639
236 2.21473
237 2.21754
238 2.22171
239 2.22479
240 2.25293
241 2.25627
242 2.26627
243 2.27443
244 2.30209
245 2.30851
246 2.3206
247 2.32222
248 2.33123
249 2.33735
250 2.34458
251 2.34833
252 2.35808
253 2.36153
254 2.36938
255 2.38359
256 2.39452
257 2.402
258 2.40582
259 2.41044
260 2.42236
261 2.4281
262 2.44781
263 2.4541
264 2.46222
265 2.47997
266 2.48176
267 2.48685
268 2.49743
269 2.51413
270 2.51986
271 2.52398
272 2.53384
273 2.54836
274 2.55743
275 2.57904
276 2.58587
277 2.59592
278 2.6102
279 2.61323
280 2.62014
281 2.62464
282 2.63611
283 2.64455
284 2.65071
285 2.65446
286 2.66488
287 2.67561
288 2.68142
289 2.70173
290 2.70729
291 2.71561
292 2.71882
293 2.72062
294 2.72449
295 2.73497
296 2.74278
297 2.7529
298 2.76612
299 2.77206
300 2.78516
301 2.80999
302 2.8118
303 2.83338
304 2.84756
305 2.85708
306 2.86475
307 2.8756
308 2.89
309 2.89256
310 2.93803
311 2.94324
312 2.96277
313 2.97511
314 2.97847
315 2.97975
316 2.98675
