1 0.00843
2 0.01626
3 0.01869
4 0.02166
5 0.03056
6 0.03923
7 0.0547
8 0.05762
9 0.0628
10 0.06572
11 0.0743
12 0.0998
13 0.1026
14 0.11103
15 0.11374
16 0.1187
17 0.14186
18 0.14875
19 0.16297
20 0.16879
21 0.17979
22 0.1907
23 0.20547
24 0.21356
25 0.21746
26 0.22783
27 0.23546
28 0.24282
29 0.25004
30 0.26706
31 0.27534
32 0.27836
33 0.30505
34 0.30895
35 0.31291
36 0.31781
37 0.3233
38 0.32954
39 0.33383
40 0.35971
41 0.36834
42 0.39047
43 0.39608
44 0.41407
45 0.41706
46 0.42123
47 0.43143
48 0.44568
49 0.4643
50 0.46774
51 0.4751
52 0.48103
53 0.50321
54 0.51304
55 0.51533
56 0.53194
57 0.53585
58 0.5413
59 0.54809
60 0.55915
61 0.56753
62 0.5701
63 0.57892
64 0.59011
65 0.59971
66 0.6148
67 0.63501
68 0.64255
69 0.65004
70 0.66391
71 0.67446
72 0.6771
73 0.68821
74 0.69203
75 0.70087
76 0.70472
77 0.71033
78 0.72121
79 0.73031
80 0.73225
81 0.75037
82 0.77443
83 0.79516
84 0.81085
85 0.81408
86 0.82243
87 0.84919
88 0.87614
89 0.88019
90 0.90272
91 0.90894
92 0.91834
93 0.93939
94 0.95774
95 0.96506
96 0.969
97 0.99386
98 1.00298
99 1.01634
100 1.02302
101 1.02808
102 1.04298
103 1.05207
104 1.06016
105 1.09309
106 1.09808
107 1.10434
108 1.11574
109 1.12024
110 1.12523
111 1.12819
112 1.13259
113 1.13582
114 1.14583
115 1.14871
116 1.15321
117 1.15788
118 1.16203
119 1.18437
120 1.2114
121 1.22275
122 1.22667
123 1.23967
124 1.24308
125 1.25027
126 1.26342
127 1.28473
128 1.29378
129 1.30167
130 1.32972
131 1.36328
132 1.37885
133 1.38766
134 1.39068
135 1.39596
136 1.40461
137 1.41375
138 1.41976
139 1.42296
140 1.42961
141 1.44163
142 1.44776
143 1.45157
144 1.45827
145 1.46542
146 1.46878
147 1.47293
148 1.47966
149 1.50321
150 1.50792
151 1.52342
152 1.54513
153 1.55072
154 1.55404
155 1.56573
156 1.57057
157 1.58877
158 1.60373
159 1.60845
160 1.61501
161 1.65227
162 1.6624
163 1.66564
164 1.67278
165 1.68097
166 1.68529
167 1.6884
168 1.69238
169 1.7074
170 1.71161
171 1.73321
172 1.73644
173 1.74063
174 1.74442
175 1.74807
176 1.75228
177 1.76679
178 1.77154
179 1.77903
180 1.80303
181 1.80705
182 1.83363
183 1.84402
184 1.85649
185 1.8818
186 1.88527
187 1.88752
188 1.89374
189 1.89615
190 1.90996
191 1.9135
192 1.94272
193 1.95359
194 1.96321
195 1.97487
196 1.99525
197 2.00658
198 2.028
199 2.03671
200 2.04063
201 2.04517
202 2.05266
203 2.06258
204 2.06629
205 2.0754
206 2.09336
207 2.09799
208 2.14153
209 2.15075
210 2.15763
211 2.16729
212 2.18356
213 2.20208
214 2.22224
215 2.23337
216 2.25545
217 2.25968
218 2.26408
219 2.26713
220 2.27963
221 2.29686
222 2.30493
223 2.30789
224 2.31735
225 2.32327
226 2.34277
227 2.34627
228 2.34871
229 2.3627
230 2.36751
231 2.37051
232 2.37595
233 2.39445
234 2.39903
235 2.41405
236 2.42266
237 2.44103
238 2.44356
239 2.44754
240 2.46153
241 2.46569
242 2.46831
243 2.47184
244 2.47474
245 2.47853
246 2.48664
247 2.49497
248 2.50432
249 2.50708
250 2.51052
251 2.5151
252 2.5268
253 2.53181
254 2.54624
255 2.55741
256 2.56171
257 2.56574
258 2.61367
259 2.61683
260 2.62087
261 2.62641
262 2.63134
263 2.63993
264 2.64474
265 2.6472
266 2.66115
267 2.69189
268 2.70103
269 2.71283
270 2.72963
271 2.73703
272 2.74764
273 2.75393
274 2.76279
275 2.77095
276 2.77916
277 2.78348
278 2.80788
279 2.82277
280 2.82636
281 2.84281
282 2.84971
283 2.85297
284 2.86081
285 2.86478
286 2.89038
287 2.89537
288 2.91124
289 2.92706
290 2.93071
291 2.96004
292 2.97629
293 2.98362
294 2.98811
295 2.99672
