1 0.00456
2 0.01963
3 0.03173
4 0.03333
5 0.04955
6 0.05107
7 0.05484
8 0.06331
9 0.06525
10 0.07247
11 0.08447
12 0.08778
13 0.09693
14 0.09879
15 0.10524
16 0.12695
17 0.14594
18 0.14929
19 0.15356
20 0.16176
21 0.17592
22 0.18364
23 0.2042
24 0.20938
25 0.21858
26 0.22194
27 0.22504
28 0.23228
29 0.24617
30 0.25553
31 0.25874
32 0.26209
33 0.27199
34 0.27472
35 0.28935
36 0.29239
37 0.32617
38 0.33169
39 0.33508
40 0.34659
41 0.35356
42 0.37241
43 0.37518
44 0.37863
45 0.38288
46 0.40429
47 0.40741
48 0.41097
49 0.42653
50 0.42832
51 0.43045
52 0.43939
53 0.44423
54 0.47728
55 0.48049
56 0.48623
57 0.48997
58 0.49798
59 0.506
60 0.51524
61 0.52531
62 0.52775
63 0.53341
64 0.55709
65 0.56606
66 0.57735
67 0.59243
68 0.60779
69 0.63016
70 0.63189
71 0.64035
72 0.64294
73 0.64783
74 0.66313
75 0.6684
76 0.6751
77 0.70272
78 0.74859
79 0.75382
80 0.76752
81 0.76891
82 0.77538
83 0.77962
84 0.81034
85 0.84293
86 0.84971
87 0.85063
88 0.87745
89 0.88059
90 0.88448
91 0.89339
92 0.90489
93 0.91005
94 0.92535
95 0.92739
96 0.93301
97 0.95291
98 0.96714
99 0.97439
100 0.99339
101 0.99762
102 1.00276
103 1.00946
104 1.02144
105 1.03968
106 1.04561
107 1.05101
108 1.08833
109 1.09241
110 1.09578
111 1.10293
112 1.11128
113 1.13145
114 1.13968
115 1.14528
116 1.20252
117 1.20987
118 1.23708
119 1.24775
120 1.25323
121 1.26377
122 1.27179
123 1.28089
124 1.28559
125 1.28856
126 1.29355
127 1.2966
128 1.31038
129 1.32719
130 1.33464
131 1.3402
132 1.34464
133 1.35901
134 1.36782
135 1.37028
136 1.37369
137 1.37508
138 1.38138
139 1.38554
140 1.42896
141 1.43633
142 1.44158
143 1.44713
144 1.46144
145 1.46337
146 1.47246
147 1.47837
148 1.48282
149 1.48655
150 1.49024
151 1.50827
152 1.51378
153 1.51636
154 1.519
155 1.52302
156 1.53299
157 1.54763
158 1.5551
159 1.56521
160 1.57817
161 1.58332
162 1.5896
163 1.59928
164 1.61504
165 1.62446
166 1.62674
167 1.6351
168 1.64207
169 1.65255
170 1.65558
171 1.65821
172 1.66677
173 1.67874
174 1.69607
175 1.71585
176 1.72845
177 1.73336
178 1.73841
179 1.73926
180 1.74612
181 1.75444
182 1.75735
183 1.76272
184 1.76847
185 1.77665
186 1.78315
187 1.78703
188 1.79523
189 1.80105
190 1.80557
191 1.80732
192 1.82911
193 1.84295
194 1.84451
195 1.84932
196 1.86899
197 1.8804
198 1.88226
199 1.91581
200 1.92084
201 1.93541
202 1.96831
203 1.97001
204 1.97164
205 1.98327
206 1.99354
207 2.00186
208 2.00837
209 2.0166
210 2.03807
211 2.04738
212 2.05092
213 2.06498
214 2.06934
215 2.07052
216 2.08518
217 2.08866
218 2.09616
219 2.10252
220 2.10856
221 2.11039
222 2.13067
223 2.14068
224 2.15183
225 2.17538
226 2.18089
227 2.19312
228 2.1998
229 2.21588
230 2.22209
231 2.2287
232 2.23208
233 2.23719
234 2.2632
235 2.27804
236 2.28975
237 2.30046
238 2.30572
239 2.30774
240 2.34548
241 2.34915
242 2.36644
243 2.37097
244 2.37466
245 2.37978
246 2.39743
247 2.40584
248 2.4151
249 2.42884
250 2.43288
251 2.43859
252 2.46628
253 2.47675
254 2.51492
255 2.52195
256 2.53417
257 2.54817
258 2.56511
259 2.58557
260 2.59365
261 2.60308
262 2.60612
263 2.60789
264 2.61531
265 2.61862
266 2.63118
267 2.63413
268 2.6384
269 2.64495
270 2.67005
271 2.68404
272 2.71444
273 2.72538
274 2.7349
275 2.74229
276 2.7586
277 2.76732
278 2.78015
279 2.78544
280 2.78696
281 2.79175
282 2.83084
283 2.84614
284 2.85139
285 2.85879
286 2.86459
287 2.87394
288 2.88556
289 2.89467
290 2.90036
291 2.92802
292 2.96623
293 2.96997
294 2.97558
295 2.98524
296 2.98792
