1 0.00396
2 0.00907
3 0.0212
4 0.02713
5 0.04385
6 0.05461
7 0.05584
8 0.07201
9 0.07476
10 0.08412
11 0.08915
12 0.09218
13 0.09748
14 0.10414
15 0.11234
16 0.11975
17 0.12629
18 0.13198
19 0.13505
20 0.13638
21 0.13763
22 0.14384
23 0.16944
24 0.17293
25 0.19189
26 0.1966
27 0.20385
28 0.20552
29 0.20721
30 0.21545
31 0.22524
32 0.24435
33 0.24732
34 0.25613
35 0.26312
36 0.29429
37 0.29708
38 0.30369
39 0.3118
40 0.33939
41 0.34296
42 0.3457
43 0.35503
44 0.36653
45 0.37107
46 0.37821
47 0.39997
48 0.4081
49 0.42272
50 0.43045
51 0.43513
52 0.43881
53 0.44118
54 0.44931
55 0.45796
56 0.48086
57 0.4936
58 0.5013
59 0.50692
60 0.52872
61 0.53983
62 0.55028
63 0.5597
64 0.562
65 0.56821
66 0.58471
67 0.59021
68 0.59216
69 0.59731
70 0.60194
71 0.60652
72 0.61402
73 0.62409
74 0.63135
75 0.63335
76 0.66222
77 0.66996
78 0.67601
79 0.67729
80 0.68334
81 0.68524
82 0.68875
83 0.7
84 0.70642
85 0.71677
86 0.71936
87 0.73308
88 0.74419
89 0.75568
90 0.77669
91 0.78749
92 0.79128
93 0.80693
94 0.82342
95 0.82727
96 0.83325
97 0.84248
98 0.84555
99 0.84938
100 0.85257
101 0.86345
102 0.86841
103 0.87207
104 0.87483
105 0.88102
106 0.88242
107 0.89073
108 0.9058
109 0.924
110 0.93808
111 0.9468
112 0.9632
113 0.97787
114 0.99167
115 0.99609
116 1.00815
117 1.04742
118 1.08011
119 1.08779
120 1.12139
121 1.13044
122 1.1357
123 1.14024
124 1.14202
125 1.16011
126 1.17224
127 1.17925
128 1.19021
129 1.19417
130 1.20041
131 1.20829
132 1.2094
133 1.21308
134 1.22066
135 1.22799
136 1.24301
137 1.27205
138 1.28783
139 1.29093
140 1.29979
141 1.30395
142 1.32611
143 1.33159
144 1.33976
145 1.34552
146 1.36468
147 1.36891
148 1.37133
149 1.37731
150 1.38271
151 1.38909
152 1.42234
153 1.4311
154 1.43559
155 1.43958
156 1.454
157 1.46241
158 1.47476
159 1.49111
160 1.49466
161 1.50278
162 1.50736
163 1.51178
164 1.52963
165 1.54862
166 1.58493
167 1.58861
168 1.60006
169 1.60471
170 1.61349
171 1.62519
172 1.63293
173 1.63743
174 1.65892
175 1.66227
176 1.67178
177 1.6799
178 1.69031
179 1.69644
180 1.69987
181 1.70835
182 1.71947
183 1.72689
184 1.73149
185 1.74504
186 1.74724
187 1.75382
188 1.7627
189 1.7753
190 1.79045
191 1.80413
192 1.82204
193 1.82748
194 1.84507
195 1.8569
196 1.86059
197 1.86328
198 1.86843
199 1.87468
200 1.87617
201 1.88002
202 1.88586
203 1.89178
204 1.89362
205 1.89575
206 1.9255
207 1.93335
208 1.93581
209 1.93831
210 1.94204
211 1.96045
212 1.97188
213 1.99381
214 2.00278
215 2.0075
216 2.04009
217 2.04798
218 2.05429
219 2.0561
220 2.06447
221 2.07545
222 2.0765
223 2.09129
224 2.09246
225 2.09914
226 2.11006
227 2.11152
228 2.13124
229 2.13559
230 2.16993
231 2.17425
232 2.18321
233 2.19116
234 2.19362
235 2.1973
236 2.19951
237 2.21788
238 2.21981
239 2.22501
240 2.24292
241 2.26013
242 2.2658
243 2.27152
244 2.27591
245 2.28446
246 2.29135
247 2.29543
248 2.30008
249 2.30116
250 2.30265
251 2.31487
252 2.32847
253 2.342
254 2.34717
255 2.35206
256 2.35356
257 2.36621
258 2.37082
259 2.37279
260 2.38931
261 2.42014
262 2.42824
263 2.4295
264 2.44095
265 2.45547
266 2.4594
267 2.46523
268 2.48701
269 2.49515
270 2.50876
271 2.525
272 2.54339
273 2.54796
274 2.54986
275 2.57843
276 2.58878
277 2.59041
278 2.59258
279 2.60317
280 2.6182
281 2.63247
282 2.63866
283 2.64506
284 2.6823
285 2.68347
286 2.70524
287 2.70688
288 2.711
289 2.71645
290 2.72795
291 2.74813
292 2.75774
293 2.76898
294 2.78909
295 2.79871
296 2.80845
297 2.8291
298 2.83462
299 2.84082
300 2.8469
301 2.86335
302 2.86817
303 2.87387
304 2.87726
305 2.8888
306 2.89128
307 2.89399
308 2.91133
309 2.92352
310 2.92868
311 2.93384
312 2.94973
313 2.9516
314 2.95659
315 2.95836
316 2.96417
317 2.96626
318 2.96819
319 2.97548
320 2.97824
321 2.99467
322 2.99796
