1 0.00283
2 0.00572
3 0.00662
4 0.01694
5 0.03037
6 0.04
7 0.04514
8 0.05148
9 0.05459
10 0.05947
11 0.06845
12 0.07237
13 0.07611
14 0.08792
15 0.08887
16 0.0992
17 0.10855
18 0.11458
19 0.12038
20 0.12884
21 0.1383
22 0.1522
23 0.15464
24 0.15997
25 0.16441
26 0.17695
27 0.17913
28 0.18201
29 0.19514
30 0.21036
31 0.21256
32 0.22474
33 0.23896
34 0.24179
35 0.24728
36 0.25055
37 0.2536
38 0.25736
39 0.26506
40 0.27522
41 0.28632
42 0.29861
43 0.31165
44 0.31615
45 0.32317
46 0.33708
47 0.3542
48 0.36256
49 0.36573
50 0.38059
51 0.38687
52 0.38943
53 0.3967
54 0.40181
55 0.40691
56 0.41298
57 0.41722
58 0.42472
59 0.42657
60 0.43481
61 0.44331
62 0.44992
63 0.46058
64 0.46744
65 0.47351
66 0.47862
67 0.48477
68 0.49227
69 0.49909
70 0.50722
71 0.51066
72 0.52999
73 0.53255
74 0.53407
75 0.55534
76 0.55847
77 0.56996
78 0.57915
79 0.58307
80 0.58595
81 0.59553
82 0.61758
83 0.62053
84 0.63756
85 0.64194
86 0.64646
87 0.65342
88 0.67418
89 0.683
90 0.69013
91 0.70543
92 0.70833
93 0.71027
94 0.71758
95 0.72006
96 0.72654
97 0.72803
98 0.73674
99 0.74365
100 0.74587
101 0.75805
102 0.76217
103 0.77193
104 0.77462
105 0.77781
106 0.81214
107 0.82482
108 0.82701
109 0.83032
110 0.83388
111 0.8377
112 0.84542
113 0.84712
114 0.85444
115 0.85961
116 0.86458
117 0.87053
118 0.87727
119 0.88571
120 0.90079
121 0.91026
122 0.91262
123 0.91646
124 0.93253
125 0.94785
126 0.95268
127 0.96445
128 0.96649
129 0.96978
130 0.97157
131 0.97437
132 0.97753
133 0.97975
134 0.98208
135 0.98637
136 0.99137
137 1.00163
138 1.00356
139 1.01199
140 1.01875
141 1.02771
142 1.04045
143 1.04623
144 1.06147
145 1.06946
146 1.07434
147 1.08624
148 1.10585
149 1.11096
150 1.12614
151 1.13092
152 1.15315
153 1.15611
154 1.16809
155 1.17212
156 1.17647
157 1.17885
158 1.18086
159 1.20317
160 1.20569
161 1.21147
162 1.22063
163 1.23003
164 1.23254
165 1.23564
166 1.24137
167 1.24427
168 1.24651
169 1.25008
170 1.26358
171 1.2657
172 1.27083
173 1.27481
174 1.28375
175 1.28912
176 1.29835
177 1.31571
178 1.32489
179 1.32745
180 1.3288
181 1.33666
182 1.34654
183 1.35742
184 1.36418
185 1.37078
186 1.38768
187 1.39904
188 1.40106
189 1.40541
190 1.41037
191 1.42059
192 1.43211
193 1.44069
194 1.4441
195 1.45322
196 1.457
197 1.46612
198 1.46909
199 1.48499
200 1.49105
201 1.49523
202 1.50278
203 1.52
204 1.52279
205 1.54716
206 1.5525
207 1.55818
208 1.56499
209 1.56948
210 1.58205
211 1.59312
212 1.60267
213 1.61273
214 1.61727
215 1.6398
216 1.64337
217 1.65599
218 1.67647
219 1.68143
220 1.68747
221 1.69383
222 1.7
223 1.70597
224 1.7153
225 1.7241
226 1.73867
227 1.75386
228 1.77507
229 1.77989
230 1.79855
231 1.80398
232 1.81251
233 1.8197
234 1.82423
235 1.82786
236 1.83002
237 1.83642
238 1.84272
239 1.84697
240 1.85637
241 1.86259
242 1.86447
243 1.88141
244 1.88493
245 1.89243
246 1.89868
247 1.90539
248 1.91183
249 1.91733
250 1.93955
251 1.94326
252 1.94837
253 1.95068
254 1.95926
255 1.96243
256 1.96537
257 1.99393
258 1.99662
259 2.02392
260 2.02733
261 2.04688
262 2.06332
263 2.0748
264 2.08029
265 2.08207
266 2.09056
267 2.09548
268 2.09869
269 2.10919
270 2.11715
271 2.122
272 2.12886
273 2.13528
274 2.13867
275 2.14174
276 2.14716
277 2.15939
278 2.16202
279 2.16519
280 2.16715
281 2.17523
282 2.17747
283 2.18278
284 2.18824
285 2.19212
286 2.20007
287 2.20583
288 2.21216
289 2.22686
290 2.23762
291 2.242
292 2.24718
293 2.26038
294 2.26593
295 2.27277
296 2.28658
297 2.29267
298 2.30025
299 2.30602
300 2.31706
301 2.32061
302 2.32553
303 2.33153
304 2.33876
305 2.3498
306 2.35265
307 2.35763
308 2.37128
309 2.37487
310 2.38307
311 2.38423
312 2.40287
313 2.41522
314 2.44193
315 2.44957
316 2.45307
317 2.45506
318 2.46057
319 2.46806
320 2.47443
321 2.47569
322 2.48288
323 2.48573
324 2.50098
325 2.50742
326 2.52243
327 2.52711
328 2.5297
329 2.53356
330 2.53723
331 2.54772
332 2.57095
333 2.58242
334 2.58802
335 2.59654
336 2.60216
337 2.60519
338 2.61514
339 2.62789
340 2.63272
341 2.64139
342 2.64876
343 2.65877
344 2.68064
345 2.68688
346 2.68945
347 2.70111
348 2.70669
349 2.71028
350 2.71766
351 2.72654
352 2.74303
353 2.7459
354 2.75396
355 2.77311
356 2.77922
357 2.78116
358 2.79748
359 2.80806
360 2.81603
361 2.82101
362 2.82335
363 2.83126
364 2.83343
365 2.84961
366 2.85608
367 2.86015
368 2.8712
369 2.87691
370 2.88195
371 2.88677
372 2.88951
373 2.89703
374 2.90669
375 2.92222
376 2.92622
377 2.94063
378 2.94895
379 2.94996
380 2.97477
381 2.9842
