1 0.02365
2 0.02755
3 0.03056
4 0.03955
5 0.0561
6 0.07115
7 0.08465
8 0.08797
9 0.10414
10 0.12364
11 0.13388
12 0.15197
13 0.17753
14 0.1934
15 0.21178
16 0.2372
17 0.25628
18 0.26563
19 0.28615
20 0.30129
21 0.31425
22 0.32374
23 0.33067
24 0.33466
25 0.3501
26 0.3545
27 0.36138
28 0.3717
29 0.37699
30 0.40819
31 0.41393
32 0.42468
33 0.43264
34 0.44729
35 0.45288
36 0.46063
37 0.48465
38 0.49292
39 0.50448
40 0.54179
41 0.54918
42 0.56141
43 0.57381
44 0.57654
45 0.59723
46 0.61056
47 0.61464
48 0.6375
49 0.65549
50 0.67926
51 0.70215
52 0.7058
53 0.71154
54 0.72691
55 0.74518
56 0.75118
57 0.75678
58 0.7664
59 0.78915
60 0.80438
61 0.81482
62 0.81897
63 0.83178
64 0.83649
65 0.85802
66 0.8762
67 0.88843
68 0.91543
69 0.93621
70 0.94427
71 0.94961
72 0.95922
73 0.97914
74 1.00629
75 1.03605
76 1.04017
77 1.04487
78 1.0496
79 1.0604
80 1.06824
81 1.07273
82 1.0756
83 1.08605
84 1.09067
85 1.09556
86 1.10406
87 1.11324
88 1.11648
89 1.12175
90 1.14656
91 1.15888
92 1.17786
93 1.18221
94 1.19312
95 1.21689
96 1.22787
97 1.23236
98 1.23722
99 1.24086
100 1.25047
101 1.25656
102 1.26265
103 1.28238
104 1.29517
105 1.30957
106 1.3189
107 1.33524
108 1.34068
109 1.34454
110 1.35443
111 1.3585
112 1.36363
113 1.37571
114 1.38725
115 1.39393
116 1.40537
117 1.41084
118 1.44137
119 1.45897
120 1.46287
121 1.47
122 1.47688
123 1.48095
124 1.48504
125 1.48934
126 1.50964
127 1.54274
128 1.55547
129 1.55898
130 1.56532
131 1.5701
132 1.58017
133 1.58757
134 1.62436
135 1.63981
136 1.66363
137 1.67314
138 1.6776
139 1.6819
140 1.69634
141 1.70247
142 1.72506
143 1.73004
144 1.73414
145 1.73819
146 1.74852
147 1.75989
148 1.77958
149 1.78343
150 1.78797
151 1.79798
152 1.85303
153 1.85725
154 1.88255
155 1.8872
156 1.89701
157 1.91763
158 1.92502
159 1.93305
160 1.95236
161 1.96427
162 1.9957
163 2.01097
164 2.01715
165 2.02299
166 2.04549
167 2.05963
168 2.06675
169 2.07124
170 2.0765
171 2.10051
172 2.10996
173 2.13382
174 2.14655
175 2.15763
176 2.18518
177 2.21097
178 2.23078
179 2.23406
180 2.24342
181 2.24876
182 2.27158
183 2.28353
184 2.29049
185 2.29362
186 2.29668
187 2.30917
188 2.31251
189 2.33267
190 2.33776
191 2.34629
192 2.39476
193 2.40791
194 2.4234
195 2.4364
196 2.45002
197 2.47206
198 2.50614
199 2.52415
200 2.53292
201 2.54801
202 2.552
203 2.55875
204 2.56698
205 2.59117
206 2.59549
207 2.60088
208 2.62107
209 2.62695
210 2.63219
211 2.63691
212 2.64517
213 2.65091
214 2.65609
215 2.66179
216 2.66843
217 2.67572
218 2.67659
219 2.68888
220 2.71068
221 2.7437
222 2.74795
223 2.76075
224 2.77571
225 2.78962
226 2.79481
227 2.81272
228 2.85324
229 2.85629
230 2.86059
231 2.86535
232 2.88097
233 2.88564
234 2.89098
235 2.91277
236 2.92844
237 2.9546
238 2.98108
239 2.99366
