1 0.00299
2 0.00598
3 0.00747
4 0.01066
5 0.01508
6 0.03263
7 0.03988
8 0.0442
9 0.04921
10 0.05574
11 0.06262
12 0.07249
13 0.07915
14 0.08197
15 0.08844
16 0.09949
17 0.11074
18 0.11601
19 0.12141
20 0.12744
21 0.13152
22 0.13416
23 0.14092
24 0.14604
25 0.14951
26 0.16122
27 0.1737
28 0.18698
29 0.19294
30 0.20279
31 0.21108
32 0.21945
33 0.22463
34 0.22976
35 0.2499
36 0.26431
37 0.26916
38 0.27712
39 0.28319
40 0.29441
41 0.29602
42 0.30806
43 0.31554
44 0.32734
45 0.33593
46 0.34829
47 0.37235
48 0.38219
49 0.39179
50 0.3932
51 0.40293
52 0.41053
53 0.41954
54 0.42748
55 0.43637
56 0.44462
57 0.44736
58 0.4492
59 0.45875
60 0.47534
61 0.47905
62 0.50098
63 0.50389
64 0.50795
65 0.52884
66 0.53482
67 0.54523
68 0.55444
69 0.55736
70 0.55994
71 0.57809
72 0.58426
73 0.58704
74 0.59984
75 0.60434
76 0.60771
77 0.60925
78 0.61125
79 0.6226
80 0.62635
81 0.63547
82 0.64038
83 0.65484
84 0.6624
85 0.67067
86 0.67533
87 0.68437
88 0.68703
89 0.69556
90 0.70598
91 0.71234
92 0.73868
93 0.74072
94 0.7467
95 0.75062
96 0.75891
97 0.78048
98 0.80414
99 0.8077
100 0.81098
101 0.81254
102 0.82768
103 0.84619
104 0.86106
105 0.87763
106 0.87998
107 0.8821
108 0.88456
109 0.88729
110 0.90628
111 0.91692
112 0.92551
113 0.93344
114 0.94192
115 0.94305
116 0.95051
117 0.96518
118 0.97558
119 0.98471
120 0.99032
121 0.99505
122 0.99937
123 1.00735
124 1.01241
125 1.01697
126 1.02059
127 1.02404
128 1.03619
129 1.04072
130 1.04668
131 1.05248
132 1.07981
133 1.08128
134 1.09904
135 1.10231
136 1.10384
137 1.105
138 1.11144
139 1.11426
140 1.12811
141 1.13729
142 1.14253
143 1.14891
144 1.15181
145 1.15642
146 1.17187
147 1.17707
148 1.18581
149 1.18718
150 1.19089
151 1.19511
152 1.20196
153 1.20501
154 1.2139
155 1.23335
156 1.23964
157 1.25663
158 1.25977
159 1.26712
160 1.27071
161 1.28126
162 1.28839
163 1.29174
164 1.30083
165 1.31952
166 1.32206
167 1.32665
168 1.33375
169 1.33475
170 1.34073
171 1.34532
172 1.35147
173 1.36736
174 1.37088
175 1.39066
176 1.39378
177 1.39651
178 1.40265
179 1.41193
180 1.42118
181 1.42714
182 1.43838
183 1.44368
184 1.49176
185 1.50331
186 1.5139
187 1.51694
188 1.52039
189 1.52578
190 1.52834
191 1.53011
192 1.53863
193 1.54295
194 1.54832
195 1.55275
196 1.55689
197 1.55946
198 1.56126
199 1.56302
200 1.57259
201 1.57524
202 1.5882
203 1.60288
204 1.60791
205 1.61551
206 1.63031
207 1.63762
208 1.64434
209 1.65325
210 1.65422
211 1.65543
212 1.66311
213 1.6715
214 1.69888
215 1.70295
216 1.70808
217 1.71405
218 1.73188
219 1.74297
220 1.75411
221 1.75809
222 1.7677
223 1.77018
224 1.78028
225 1.79098
226 1.80314
227 1.81332
228 1.82279
229 1.8317
230 1.83661
231 1.83983
232 1.8448
233 1.85518
234 1.86262
235 1.87194
236 1.87548
237 1.89767
238 1.91225
239 1.92442
240 1.92706
241 1.93578
242 1.94085
243 1.94693
244 1.95631
245 1.97751
246 1.98934
247 2.00641
248 2.00967
249 2.02837
250 2.03276
251 2.04668
252 2.06305
253 2.07513
254 2.08203
255 2.08621
256 2.09907
257 2.10633
258 2.11815
259 2.12051
260 2.12335
261 2.14838
262 2.15962
263 2.17745
264 2.18824
265 2.19426
266 2.21453
267 2.22536
268 2.23226
269 2.2611
270 2.26702
271 2.30431
272 2.30938
273 2.31379
274 2.31676
275 2.33805
276 2.34536
277 2.35355
278 2.35796
279 2.3703
280 2.37416
281 2.39455
282 2.40432
283 2.40742
284 2.41518
285 2.42128
286 2.4284
287 2.43071
288 2.43889
289 2.44833
290 2.45532
291 2.45746
292 2.46088
293 2.47011
294 2.47525
295 2.47865
296 2.48456
297 2.49068
298 2.5029
299 2.52534
300 2.52675
301 2.53073
302 2.53337
303 2.54079
304 2.54517
305 2.56367
306 2.56884
307 2.57437
308 2.58086
309 2.59461
310 2.60242
311 2.61351
312 2.62505
313 2.6282
314 2.63833
315 2.64316
316 2.65125
317 2.65621
318 2.67492
319 2.69101
320 2.69557
321 2.69983
322 2.71873
323 2.7308
324 2.73871
325 2.74446
326 2.75243
327 2.76639
328 2.77014
329 2.77657
330 2.78011
331 2.80035
332 2.80542
333 2.81063
334 2.81829
335 2.83231
336 2.8442
337 2.8633
338 2.87067
339 2.89176
340 2.8975
341 2.90396
342 2.90896
343 2.92458
344 2.9264
345 2.93588
346 2.93865
347 2.96089
348 2.96634
349 2.96782
350 2.96994
351 2.97517
352 2.98085
353 2.98454
