1 0.00315
2 0.0045
3 0.01155
4 0.01444
5 0.02286
6 0.02757
7 0.03446
8 0.04293
9 0.05113
10 0.06753
11 0.08147
12 0.08641
13 0.08925
14 0.10417
15 0.10768
16 0.119
17 0.12276
18 0.12667
19 0.15722
20 0.17208
21 0.1859
22 0.19001
23 0.19271
24 0.19616
25 0.20281
26 0.22082
27 0.22854
28 0.23152
29 0.23754
30 0.25108
31 0.26636
32 0.27162
33 0.27771
34 0.2868
35 0.3017
36 0.30503
37 0.31211
38 0.32285
39 0.33483
40 0.34245
41 0.34615
42 0.34787
43 0.35205
44 0.35847
45 0.36726
46 0.40086
47 0.40551
48 0.41147
49 0.41678
50 0.43964
51 0.44156
52 0.45345
53 0.4561
54 0.46424
55 0.49149
56 0.50235
57 0.50446
58 0.50884
59 0.51636
60 0.51769
61 0.52278
62 0.54092
63 0.56461
64 0.57387
65 0.59026
66 0.59473
67 0.60406
68 0.60969
69 0.61439
70 0.61781
71 0.6251
72 0.66212
73 0.6703
74 0.68388
75 0.68821
76 0.70927
77 0.71851
78 0.72236
79 0.72545
80 0.73213
81 0.73477
82 0.74029
83 0.74704
84 0.749
85 0.78051
86 0.78842
87 0.79164
88 0.79523
89 0.81492
90 0.82658
91 0.83168
92 0.83358
93 0.84682
94 0.88674
95 0.89394
96 0.907
97 0.91074
98 0.94924
99 0.96307
100 0.98372
101 0.98822
102 0.99486
103 1.00338
104 1.01392
105 1.02437
106 1.02853
107 1.0337
108 1.04865
109 1.06731
110 1.07522
111 1.08458
112 1.09471
113 1.10596
114 1.11028
115 1.122
116 1.12961
117 1.14923
118 1.15308
119 1.16492
120 1.17517
121 1.1873
122 1.19444
123 1.19824
124 1.20196
125 1.21303
126 1.23447
127 1.23987
128 1.25019
129 1.26801
130 1.2754
131 1.2791
132 1.2941
133 1.30227
134 1.32475
135 1.32853
136 1.34286
137 1.35062
138 1.36019
139 1.38088
140 1.39516
141 1.40328
142 1.40745
143 1.42582
144 1.43102
145 1.43642
146 1.44551
147 1.44923
148 1.45014
149 1.45495
150 1.45797
151 1.46818
152 1.47205
153 1.47887
154 1.49571
155 1.49652
156 1.50257
157 1.51346
158 1.51741
159 1.53103
160 1.53441
161 1.54527
162 1.55634
163 1.56284
164 1.58061
165 1.58536
166 1.58738
167 1.59163
168 1.59744
169 1.60293
170 1.60995
171 1.61335
172 1.64006
173 1.64985
174 1.6651
175 1.6758
176 1.69072
177 1.71402
178 1.72866
179 1.74291
180 1.75317
181 1.75836
182 1.76006
183 1.76349
184 1.77354
185 1.77851
186 1.78434
187 1.78687
188 1.79091
189 1.79842
190 1.80135
191 1.83573
192 1.8458
193 1.85171
194 1.85516
195 1.86004
196 1.87132
197 1.89068
198 1.89524
199 1.90132
200 1.90977
201 1.91354
202 1.9155
203 1.93011
204 1.93777
205 1.95015
206 1.95926
207 1.96162
208 1.96429
209 1.97223
210 1.97409
211 1.97566
212 1.98288
213 1.99718
214 2.00214
215 2.00875
216 2.01078
217 2.02101
218 2.02381
219 2.03068
220 2.0385
221 2.04259
222 2.06655
223 2.07839
224 2.0809
225 2.08706
226 2.09384
227 2.09854
228 2.10957
229 2.11199
230 2.11437
231 2.14617
232 2.15103
233 2.15492
234 2.16868
235 2.17572
236 2.18443
237 2.19021
238 2.19925
239 2.21021
240 2.2161
241 2.21954
242 2.23684
243 2.24323
244 2.24891
245 2.25957
246 2.26355
247 2.26695
248 2.26983
249 2.28403
250 2.30757
251 2.31523
252 2.32506
253 2.32841
254 2.33319
255 2.33514
256 2.34296
257 2.34881
258 2.35763
259 2.37179
260 2.39149
261 2.40424
262 2.4107
263 2.4159
264 2.43736
265 2.47751
266 2.4825
267 2.48922
268 2.49685
269 2.50313
270 2.52727
271 2.5321
272 2.54021
273 2.5616
274 2.57154
275 2.58087
276 2.5834
277 2.60207
278 2.61335
279 2.62552
280 2.63486
281 2.64995
282 2.65893
283 2.69212
284 2.6967
285 2.72568
286 2.73076
287 2.73641
288 2.74894
289 2.75497
290 2.76256
291 2.7668
292 2.77837
293 2.78282
294 2.79264
295 2.80233
296 2.82776
297 2.83904
298 2.84126
299 2.84445
300 2.85399
301 2.85942
302 2.87807
303 2.87961
304 2.88408
305 2.90237
306 2.91737
307 2.93816
308 2.94668
309 2.96301
310 2.97866
311 2.98299
312 2.99859
