1 0.02186
2 0.0236
3 0.03044
4 0.03951
5 0.04876
6 0.06911
7 0.07208
8 0.07539
9 0.08026
10 0.08489
11 0.08938
12 0.11479
13 0.1191
14 0.13258
15 0.16271
16 0.16976
17 0.21111
18 0.24507
19 0.25109
20 0.27094
21 0.28632
22 0.30932
23 0.32097
24 0.32363
25 0.33127
26 0.33563
27 0.33933
28 0.34493
29 0.36559
30 0.37754
31 0.42503
32 0.43263
33 0.43782
34 0.44655
35 0.45973
36 0.46984
37 0.48824
38 0.49308
39 0.50776
40 0.55435
41 0.57388
42 0.58017
43 0.59296
44 0.59673
45 0.60678
46 0.63808
47 0.66763
48 0.67772
49 0.68292
50 0.68801
51 0.69279
52 0.71628
53 0.77529
54 0.78508
55 0.80498
56 0.80852
57 0.81147
58 0.83245
59 0.87684
60 0.92245
61 0.93724
62 0.94064
63 0.95385
64 0.95873
65 0.96503
66 1.00119
67 1.03658
68 1.04403
69 1.04878
70 1.07912
71 1.08508
72 1.08981
73 1.0939
74 1.10439
75 1.1211
76 1.12657
77 1.1367
78 1.14141
79 1.15073
80 1.15637
81 1.15953
82 1.16829
83 1.1727
84 1.18637
85 1.19253
86 1.21054
87 1.22197
88 1.273
89 1.28644
90 1.28989
91 1.33052
92 1.34411
93 1.34923
94 1.3549
95 1.38509
96 1.42016
97 1.4294
98 1.44022
99 1.45288
100 1.48506
101 1.50328
102 1.5149
103 1.56529
104 1.57614
105 1.58639
106 1.60085
107 1.62095
108 1.63556
109 1.65109
110 1.66018
111 1.66649
112 1.68113
113 1.68668
114 1.70092
115 1.70691
116 1.72375
117 1.73762
118 1.74898
119 1.75884
120 1.78004
121 1.79844
122 1.8247
123 1.8395
124 1.86923
125 1.87217
126 1.88629
127 1.93973
128 1.96578
129 1.98153
130 2.02826
131 2.03274
132 2.04086
133 2.06707
134 2.09447
135 2.0996
136 2.11405
137 2.11994
138 2.12316
139 2.12835
140 2.16424
141 2.16733
142 2.17933
143 2.1851
144 2.19107
145 2.2168
146 2.2483
147 2.25335
148 2.28024
149 2.28986
150 2.30941
151 2.31296
152 2.31743
153 2.33383
154 2.35884
155 2.3855
156 2.39098
157 2.41915
158 2.42358
159 2.44521
160 2.45474
161 2.45958
162 2.47518
163 2.53234
164 2.54622
165 2.55095
166 2.55798
167 2.57447
168 2.59561
169 2.60093
170 2.60565
171 2.62124
172 2.66191
173 2.66883
174 2.6727
175 2.67966
176 2.68392
177 2.68523
178 2.69371
179 2.70619
180 2.78432
181 2.78951
182 2.80383
183 2.80828
184 2.81353
185 2.83197
186 2.84285
187 2.84758
188 2.85713
189 2.87285
190 2.89021
191 2.89191
192 2.91721
193 2.92776
194 2.93197
195 2.99848
