1 0.00316
2 0.02003
3 0.03299
4 0.0451
5 0.05033
6 0.06031
7 0.06567
8 0.07738
9 0.08497
10 0.09017
11 0.09545
12 0.10185
13 0.10321
14 0.10637
15 0.11347
16 0.11705
17 0.12496
18 0.13276
19 0.15857
20 0.1682
21 0.16969
22 0.17976
23 0.19775
24 0.20684
25 0.21298
26 0.21963
27 0.22933
28 0.23388
29 0.24033
30 0.24511
31 0.26846
32 0.28012
33 0.29085
34 0.29633
35 0.30241
36 0.32158
37 0.32776
38 0.33199
39 0.33847
40 0.34012
41 0.34942
42 0.35323
43 0.35813
44 0.36069
45 0.365
46 0.36982
47 0.37373
48 0.3896
49 0.39161
50 0.39721
51 0.41142
52 0.42254
53 0.43189
54 0.43432
55 0.44966
56 0.45361
57 0.45503
58 0.46451
59 0.47043
60 0.47827
61 0.49659
62 0.51847
63 0.52476
64 0.53109
65 0.53616
66 0.54146
67 0.55218
68 0.55411
69 0.56226
70 0.56572
71 0.56861
72 0.5745
73 0.57685
74 0.58214
75 0.58388
76 0.60108
77 0.60851
78 0.61108
79 0.61505
80 0.61947
81 0.62095
82 0.62368
83 0.63487
84 0.65417
85 0.6641
86 0.66801
87 0.67374
88 0.67727
89 0.68905
90 0.69744
91 0.703
92 0.71315
93 0.7359
94 0.74335
95 0.74993
96 0.77465
97 0.77809
98 0.78254
99 0.79613
100 0.80204
101 0.82153
102 0.82633
103 0.82865
104 0.83981
105 0.84857
106 0.85236
107 0.85656
108 0.86124
109 0.87421
110 0.8768
111 0.87797
112 0.90604
113 0.90885
114 0.92043
115 0.92428
116 0.92575
117 0.94959
118 0.96074
119 0.96877
120 0.97939
121 0.99061
122 0.99635
123 1.00428
124 1.00908
125 1.01997
126 1.02498
127 1.03093
128 1.03354
129 1.04302
130 1.04532
131 1.04917
132 1.07214
133 1.07612
134 1.08674
135 1.09693
136 1.09916
137 1.10006
138 1.12051
139 1.13926
140 1.14651
141 1.15866
142 1.16758
143 1.17398
144 1.18257
145 1.19944
146 1.20744
147 1.23322
148 1.2495
149 1.26832
150 1.2716
151 1.27685
152 1.28566
153 1.28875
154 1.29402
155 1.29983
156 1.31075
157 1.3158
158 1.32344
159 1.32927
160 1.3324
161 1.33564
162 1.34138
163 1.35671
164 1.36443
165 1.37049
166 1.37396
167 1.3765
168 1.38017
169 1.38438
170 1.39295
171 1.4036
172 1.41149
173 1.41563
174 1.41949
175 1.4242
176 1.4287
177 1.43447
178 1.43693
179 1.4503
180 1.46782
181 1.47386
182 1.48057
183 1.48688
184 1.49093
185 1.49749
186 1.49949
187 1.50268
188 1.51299
189 1.52112
190 1.53161
191 1.53575
192 1.53788
193 1.54505
194 1.54852
195 1.55193
196 1.55977
197 1.56397
198 1.57166
199 1.57751
200 1.59409
201 1.59898
202 1.60221
203 1.61002
204 1.62313
205 1.62625
206 1.62822
207 1.66099
208 1.66967
209 1.67513
210 1.67628
211 1.69321
212 1.70072
213 1.70728
214 1.73152
215 1.75282
216 1.7741
217 1.77635
218 1.78656
219 1.80077
220 1.80773
221 1.81105
222 1.81956
223 1.82327
224 1.83904
225 1.85397
226 1.85688
227 1.86231
228 1.87304
229 1.87878
230 1.88005
231 1.88838
232 1.89538
233 1.90809
234 1.91528
235 1.92571
236 1.93507
237 1.972
238 1.98606
239 1.99029
240 1.99202
241 1.99538
242 2.02159
243 2.02665
244 2.03765
245 2.07006
246 2.07441
247 2.08865
248 2.09451
249 2.09577
250 2.09781
251 2.11228
252 2.12385
253 2.13711
254 2.14935
255 2.15447
256 2.16517
257 2.18886
258 2.19106
259 2.19349
260 2.21265
261 2.21744
262 2.22117
263 2.2287
264 2.24616
265 2.25149
266 2.26491
267 2.27397
268 2.27773
269 2.2871
270 2.29579
271 2.29894
272 2.31542
273 2.3225
274 2.32853
275 2.33689
276 2.35618
277 2.36855
278 2.37007
279 2.37666
280 2.38227
281 2.39746
282 2.41222
283 2.41925
284 2.42142
285 2.4241
286 2.44125
287 2.4653
288 2.48314
289 2.48654
290 2.4876
291 2.49931
292 2.50153
293 2.52316
294 2.52664
295 2.52752
296 2.53172
297 2.53609
298 2.53774
299 2.54115
300 2.55307
301 2.5617
302 2.59334
303 2.60745
304 2.64489
305 2.64722
306 2.64889
307 2.66141
308 2.67055
309 2.6716
310 2.68124
311 2.68702
312 2.6926
313 2.69898
314 2.7078
315 2.72232
316 2.73245
317 2.74447
318 2.75544
319 2.76414
320 2.77548
321 2.77921
322 2.78826
323 2.79426
324 2.80942
325 2.82541
326 2.83323
327 2.83803
328 2.841
329 2.84501
330 2.86899
331 2.87493
332 2.89343
333 2.90865
334 2.91014
335 2.91256
336 2.91703
337 2.92477
338 2.92923
339 2.94635
340 2.9586
341 2.96562
342 2.98855
343 2.99862
