1 0.01219
2 0.01731
3 0.02209
4 0.02698
5 0.03118
6 0.06216
7 0.06307
8 0.07469
9 0.0916
10 0.09668
11 0.10604
12 0.11119
13 0.11921
14 0.14308
15 0.15119
16 0.16303
17 0.20633
18 0.22039
19 0.24972
20 0.25614
21 0.27348
22 0.28613
23 0.3089
24 0.32011
25 0.33336
26 0.35541
27 0.36524
28 0.39181
29 0.40296
30 0.40725
31 0.41476
32 0.4197
33 0.43488
34 0.45698
35 0.46085
36 0.46496
37 0.47829
38 0.49905
39 0.51237
40 0.52542
41 0.54093
42 0.6516
43 0.66103
44 0.66536
45 0.69238
46 0.70182
47 0.71067
48 0.7261
49 0.76369
50 0.78503
51 0.7897
52 0.79557
53 0.80425
54 0.80846
55 0.82434
56 0.88344
57 0.88804
58 0.89488
59 0.90571
60 0.91031
61 0.91561
62 0.9315
63 0.94809
64 0.95244
65 0.95851
66 0.96939
67 1.01241
68 1.0299
69 1.03584
70 1.04842
71 1.05507
72 1.05997
73 1.0648
74 1.09189
75 1.10433
76 1.13254
77 1.13702
78 1.14576
79 1.15368
80 1.15974
81 1.16358
82 1.16889
83 1.1846
84 1.19716
85 1.21143
86 1.21639
87 1.22667
88 1.25521
89 1.26354
90 1.26808
91 1.27526
92 1.28013
93 1.31281
94 1.31833
95 1.3231
96 1.36383
97 1.38762
98 1.40575
99 1.41087
100 1.41631
101 1.44907
102 1.45966
103 1.46243
104 1.47041
105 1.48932
106 1.49385
107 1.50867
108 1.51584
109 1.52881
110 1.56519
111 1.57094
112 1.58501
113 1.61283
114 1.63997
115 1.65285
116 1.66091
117 1.69657
118 1.70054
119 1.70459
120 1.71283
121 1.72073
122 1.73384
123 1.74794
124 1.75751
125 1.7724
126 1.78313
127 1.79776
128 1.80306
129 1.85348
130 1.86227
131 1.89138
132 1.89822
133 1.90264
134 1.90789
135 1.91164
136 1.9533
137 1.9748
138 1.97883
139 1.99547
140 2.0142
141 2.02412
142 2.03076
143 2.0374
144 2.04985
145 2.0669
146 2.07228
147 2.08709
148 2.09096
149 2.10417
150 2.11439
151 2.13725
152 2.14644
153 2.15053
154 2.15495
155 2.18177
156 2.18732
157 2.22245
158 2.23435
159 2.24823
160 2.25996
161 2.26545
162 2.27267
163 2.30893
164 2.33487
165 2.34626
166 2.39091
167 2.40069
168 2.41933
169 2.43471
170 2.44445
171 2.45907
172 2.48245
173 2.51101
174 2.52309
175 2.53206
176 2.55153
177 2.56737
178 2.60655
179 2.62162
180 2.66294
181 2.66844
182 2.68238
183 2.70591
184 2.7176
185 2.72812
186 2.7851
187 2.79556
188 2.81327
189 2.81622
190 2.82807
191 2.85686
192 2.89566
193 2.90248
194 2.93884
195 2.94682
196 2.96015
197 2.96687
198 2.97236
199 2.97735
200 2.9924
201 2.99852
