1 0.00363
2 0.0114
3 0.02319
4 0.02544
5 0.02986
6 0.03332
7 0.03496
8 0.04163
9 0.05493
10 0.05913
11 0.06537
12 0.06746
13 0.07398
14 0.08166
15 0.09277
16 0.11488
17 0.14244
18 0.1535
19 0.16446
20 0.16738
21 0.17707
22 0.18135
23 0.19748
24 0.1998
25 0.20561
26 0.21358
27 0.21678
28 0.22196
29 0.22502
30 0.23564
31 0.24896
32 0.2548
33 0.26361
34 0.30151
35 0.3073
36 0.32405
37 0.39298
38 0.39915
39 0.40188
40 0.40553
41 0.40844
42 0.412
43 0.4174
44 0.44191
45 0.45081
46 0.45764
47 0.47407
48 0.48063
49 0.4869
50 0.48883
51 0.49561
52 0.51331
53 0.51921
54 0.52174
55 0.53266
56 0.54832
57 0.57019
58 0.57263
59 0.58376
60 0.5916
61 0.60457
62 0.61909
63 0.62949
64 0.64458
65 0.65136
66 0.66526
67 0.66911
68 0.67047
69 0.68293
70 0.69419
71 0.70351
72 0.71238
73 0.71831
74 0.72729
75 0.73257
76 0.73755
77 0.74836
78 0.75043
79 0.7662
80 0.76912
81 0.77239
82 0.77827
83 0.80007
84 0.80463
85 0.80641
86 0.80954
87 0.82246
88 0.85135
89 0.85496
90 0.85865
91 0.88745
92 0.89022
93 0.89184
94 0.91373
95 0.91604
96 0.92266
97 0.92578
98 0.94369
99 0.95066
100 0.95811
101 0.96823
102 0.97515
103 0.99018
104 0.99204
105 1.00347
106 1.01676
107 1.02345
108 1.03367
109 1.05161
110 1.06212
111 1.06715
112 1.07339
113 1.08316
114 1.10305
115 1.10557
116 1.13154
117 1.13583
118 1.14533
119 1.1528
120 1.16059
121 1.19499
122 1.21335
123 1.23647
124 1.24899
125 1.25249
126 1.25919
127 1.26375
128 1.27573
129 1.28576
130 1.30384
131 1.31192
132 1.3154
133 1.32749
134 1.33563
135 1.34528
136 1.35508
137 1.35648
138 1.37283
139 1.38107
140 1.39052
141 1.39557
142 1.40319
143 1.42226
144 1.43841
145 1.45453
146 1.45916
147 1.46139
148 1.47005
149 1.47232
150 1.47388
151 1.47841
152 1.48244
153 1.4954
154 1.5137
155 1.52213
156 1.52781
157 1.53054
158 1.54042
159 1.54749
160 1.56183
161 1.5643
162 1.56761
163 1.56894
164 1.5776
165 1.58594
166 1.60517
167 1.61656
168 1.63631
169 1.64072
170 1.64358
171 1.65491
172 1.65921
173 1.68075
174 1.69003
175 1.69366
176 1.71211
177 1.71391
178 1.71758
179 1.72741
180 1.74047
181 1.75895
182 1.76851
183 1.78082
184 1.78394
185 1.79529
186 1.80376
187 1.81316
188 1.81481
189 1.82021
190 1.84668
191 1.84938
192 1.85438
193 1.85635
194 1.87899
195 1.8833
196 1.89118
197 1.89835
198 1.92723
199 1.93671
200 1.94559
201 1.94873
202 1.95183
203 1.95524
204 1.96267
205 1.96649
206 1.98086
207 1.98162
208 1.99094
209 1.99854
210 2.00178
211 2.01074
212 2.02026
213 2.02222
214 2.02833
215 2.03441
216 2.03806
217 2.05093
218 2.06241
219 2.06328
220 2.10078
221 2.10235
222 2.11228
223 2.12198
224 2.14201
225 2.15272
226 2.15427
227 2.16126
228 2.16227
229 2.16783
230 2.20061
231 2.20374
232 2.22954
233 2.24364
234 2.25021
235 2.26938
236 2.28166
237 2.32629
238 2.33599
239 2.35005
240 2.3565
241 2.35826
242 2.36383
243 2.36631
244 2.38986
245 2.40443
246 2.42406
247 2.42822
248 2.4292
249 2.43225
250 2.44708
251 2.45527
252 2.47687
253 2.48162
254 2.48818
255 2.5066
256 2.52969
257 2.5449
258 2.54812
259 2.55915
260 2.57264
261 2.57948
262 2.5988
263 2.6098
264 2.61242
265 2.61965
266 2.63187
267 2.6367
268 2.64546
269 2.65399
270 2.65908
271 2.66272
272 2.67676
273 2.69307
274 2.70127
275 2.70264
276 2.70747
277 2.71371
278 2.71645
279 2.71965
280 2.73789
281 2.75756
282 2.75989
283 2.76977
284 2.77381
285 2.79344
286 2.7998
287 2.80674
288 2.81012
289 2.85481
290 2.86648
291 2.88123
292 2.89292
293 2.89793
294 2.90057
295 2.9027
296 2.91116
297 2.92995
298 2.93596
299 2.94611
300 2.96085
301 2.98895
302 2.99384
