1 0.00854
2 0.03356
3 0.06386
4 0.07282
5 0.12243
6 0.12333
7 0.13555
8 0.14787
9 0.15392
10 0.15973
11 0.18286
12 0.19705
13 0.20859
14 0.22851
15 0.23346
16 0.26889
17 0.27523
18 0.27673
19 0.28903
20 0.2967
21 0.32204
22 0.35646
23 0.36145
24 0.36917
25 0.38351
26 0.3991
27 0.41027
28 0.41684
29 0.47297
30 0.47875
31 0.48986
32 0.50457
33 0.51721
34 0.52218
35 0.52833
36 0.55114
37 0.55796
38 0.56404
39 0.57055
40 0.61233
41 0.65246
42 0.65842
43 0.66875
44 0.6741
45 0.68323
46 0.72008
47 0.72962
48 0.81992
49 0.86253
50 0.91953
51 0.94004
52 0.96637
53 0.98116
54 0.99563
55 1.02447
56 1.03165
57 1.03814
58 1.04036
59 1.05065
60 1.06997
61 1.07693
62 1.10044
63 1.11769
64 1.12322
65 1.14846
66 1.16114
67 1.21256
68 1.23806
69 1.25893
70 1.26493
71 1.27064
72 1.27165
73 1.27678
74 1.28189
75 1.29049
76 1.29897
77 1.31238
78 1.32694
79 1.38303
80 1.40772
81 1.47269
82 1.48124
83 1.48747
84 1.50535
85 1.51177
86 1.51832
87 1.52476
88 1.52593
89 1.53879
90 1.56655
91 1.66314
92 1.671
93 1.75047
94 1.75571
95 1.76335
96 1.78802
97 1.79616
98 1.80484
99 1.81647
100 1.89935
101 1.91329
102 1.92168
103 1.95521
104 1.96674
105 1.96766
106 1.98039
107 1.9868
108 2.01952
109 2.03198
110 2.07942
111 2.10625
112 2.14423
113 2.15533
114 2.16183
115 2.16915
116 2.23148
117 2.24484
118 2.26239
119 2.27406
120 2.28648
121 2.29253
122 2.32098
123 2.39687
124 2.40878
125 2.41575
126 2.45086
127 2.45996
128 2.52523
129 2.54049
130 2.55554
131 2.5694
132 2.57684
133 2.60793
134 2.65816
135 2.66408
136 2.67189
137 2.71924
138 2.74988
139 2.7913
140 2.81024
141 2.8637
142 2.88185
143 2.89377
144 2.9088
145 2.91026
146 2.91604
147 2.93041
148 2.96859
149 2.97391
150 2.98693
151 2.99511
