1 0.01278
2 0.02668
3 0.04265
4 0.05152
5 0.05632
6 0.06199
7 0.0796
8 0.08451
9 0.08908
10 0.09972
11 0.12816
12 0.13908
13 0.14598
14 0.15177
15 0.15731
16 0.16328
17 0.16667
18 0.17195
19 0.17752
20 0.20599
21 0.21349
22 0.23195
23 0.23704
24 0.24421
25 0.26724
26 0.27355
27 0.27506
28 0.27939
29 0.28487
30 0.28614
31 0.32072
32 0.33017
33 0.33661
34 0.33983
35 0.34801
36 0.35383
37 0.36103
38 0.36722
39 0.38184
40 0.41446
41 0.42358
42 0.44772
43 0.45229
44 0.46571
45 0.46855
46 0.48155
47 0.50319
48 0.52073
49 0.54142
50 0.55678
51 0.57056
52 0.57585
53 0.58393
54 0.61404
55 0.62102
56 0.63014
57 0.64318
58 0.65068
59 0.66118
60 0.66542
61 0.6871
62 0.69719
63 0.72319
64 0.74157
65 0.75911
66 0.76308
67 0.7897
68 0.80453
69 0.83736
70 0.84975
71 0.86696
72 0.87042
73 0.90671
74 0.92114
75 0.9286
76 0.93501
77 0.96591
78 0.97793
79 0.98452
80 1.00711
81 1.01794
82 1.02507
83 1.03902
84 1.04926
85 1.06442
86 1.0699
87 1.08454
88 1.08981
89 1.09509
90 1.10465
91 1.11146
92 1.12127
93 1.1316
94 1.15215
95 1.16353
96 1.18412
97 1.19791
98 1.21633
99 1.21998
100 1.22366
101 1.23692
102 1.26277
103 1.2687
104 1.27357
105 1.2792
106 1.29076
107 1.31257
108 1.32444
109 1.34455
110 1.3617
111 1.36722
112 1.37364
113 1.39243
114 1.40671
115 1.41045
116 1.41134
117 1.4331
118 1.45435
119 1.45867
120 1.4741
121 1.48534
122 1.5164
123 1.55475
124 1.56925
125 1.57497
126 1.58451
127 1.58802
128 1.60473
129 1.65281
130 1.66265
131 1.67615
132 1.68862
133 1.7009
134 1.70488
135 1.70815
136 1.7172
137 1.73037
138 1.74852
139 1.75326
140 1.78774
141 1.79212
142 1.80293
143 1.81319
144 1.84084
145 1.84504
146 1.85004
147 1.87204
148 1.87645
149 1.88257
150 1.89775
151 1.90716
152 1.91982
153 1.93347
154 1.95209
155 1.96435
156 1.97184
157 1.97518
158 2.01838
159 2.04904
160 2.07685
161 2.09548
162 2.10161
163 2.11561
164 2.13383
165 2.1374
166 2.14281
167 2.17605
168 2.19654
169 2.20482
170 2.21553
171 2.22365
172 2.24857
173 2.26046
174 2.27768
175 2.28929
176 2.30265
177 2.30811
178 2.31435
179 2.32936
180 2.33291
181 2.33808
182 2.34174
183 2.34682
184 2.35925
185 2.36887
186 2.37637
187 2.38536
188 2.40121
189 2.42809
190 2.43624
191 2.43802
192 2.4505
193 2.46708
194 2.48875
195 2.50499
196 2.51109
197 2.55746
198 2.56327
199 2.56817
200 2.57595
201 2.59446
202 2.60662
203 2.61132
204 2.62248
205 2.6266
206 2.63632
207 2.66985
208 2.67612
209 2.69826
210 2.72383
211 2.7338
212 2.76818
213 2.77929
214 2.78291
215 2.81266
216 2.81358
217 2.843
218 2.86187
219 2.86964
220 2.90287
221 2.91799
222 2.9269
223 2.94083
224 2.95421
225 2.96656
