1 0.00866
2 0.01324
3 0.01907
4 0.04567
5 0.05749
6 0.05855
7 0.06321
8 0.07154
9 0.07582
10 0.08177
11 0.12
12 0.12836
13 0.14705
14 0.17711
15 0.20672
16 0.22202
17 0.23774
18 0.24492
19 0.25832
20 0.26819
21 0.28095
22 0.28763
23 0.29837
24 0.31514
25 0.32597
26 0.34118
27 0.34663
28 0.35718
29 0.3609
30 0.36735
31 0.38379
32 0.40795
33 0.44747
34 0.45254
35 0.46157
36 0.48459
37 0.49971
38 0.51311
39 0.5221
40 0.5384
41 0.54214
42 0.55003
43 0.56198
44 0.57633
45 0.59868
46 0.61562
47 0.62181
48 0.62786
49 0.64584
50 0.65729
51 0.67212
52 0.68042
53 0.70301
54 0.71181
55 0.71792
56 0.72718
57 0.75103
58 0.77197
59 0.7815
60 0.78659
61 0.80542
62 0.8195
63 0.82443
64 0.83899
65 0.86093
66 0.87169
67 0.87836
68 0.88926
69 0.9092
70 0.917
71 0.92371
72 0.93052
73 0.94881
74 0.96011
75 0.96163
76 0.96616
77 0.98668
78 1.00224
79 1.00798
80 1.01606
81 1.02585
82 1.04441
83 1.06924
84 1.07508
85 1.08607
86 1.11181
87 1.11759
88 1.12251
89 1.14701
90 1.15439
91 1.15975
92 1.19312
93 1.20843
94 1.23087
95 1.23671
96 1.2505
97 1.25699
98 1.28102
99 1.28682
100 1.29154
101 1.31886
102 1.33102
103 1.3361
104 1.35644
105 1.41161
106 1.43575
107 1.44175
108 1.46617
109 1.4814
110 1.49418
111 1.50321
112 1.51011
113 1.55093
114 1.57102
115 1.60091
116 1.6063
117 1.63255
118 1.66896
119 1.6821
120 1.72049
121 1.74231
122 1.77848
123 1.78954
124 1.80367
125 1.80935
126 1.81622
127 1.84041
128 1.88282
129 1.89845
130 1.91225
131 1.92607
132 1.94039
133 1.96003
134 1.96646
135 1.97209
136 1.99068
137 2.02037
138 2.02552
139 2.03737
140 2.05049
141 2.06786
142 2.07393
143 2.07756
144 2.08427
145 2.09562
146 2.11609
147 2.12875
148 2.13503
149 2.14307
150 2.14717
151 2.19863
152 2.22359
153 2.25674
154 2.25794
155 2.27442
156 2.2804
157 2.28474
158 2.29893
159 2.31848
160 2.33469
161 2.35582
162 2.37278
163 2.39465
164 2.4017
165 2.40995
166 2.41588
167 2.43738
168 2.45547
169 2.46665
170 2.47253
171 2.50755
172 2.54715
173 2.56999
174 2.57614
175 2.58681
176 2.59228
177 2.5971
178 2.60753
179 2.61715
180 2.65298
181 2.68447
182 2.68948
183 2.70629
184 2.71306
185 2.7177
186 2.72363
187 2.73568
188 2.74922
189 2.75757
190 2.77697
191 2.78506
192 2.78979
193 2.79595
194 2.802
195 2.84347
196 2.87437
197 2.88166
198 2.89352
199 2.89987
200 2.91471
201 2.92129
202 2.94192
203 2.96017
204 2.96791
205 2.97326
206 2.98019
207 2.99333
