1 0.00385
2 0.00659
3 0.01407
4 0.02265
5 0.03102
6 0.0387
7 0.04369
8 0.05789
9 0.08257
10 0.08594
11 0.09094
12 0.09855
13 0.10374
14 0.11155
15 0.11681
16 0.1299
17 0.13124
18 0.13555
19 0.14286
20 0.14696
21 0.16583
22 0.17126
23 0.17235
24 0.18861
25 0.20298
26 0.21106
27 0.22454
28 0.23589
29 0.24649
30 0.26135
31 0.2764
32 0.28207
33 0.28523
34 0.28998
35 0.29406
36 0.30313
37 0.30564
38 0.32019
39 0.32133
40 0.3374
41 0.34927
42 0.35429
43 0.36332
44 0.36807
45 0.38068
46 0.38793
47 0.3982
48 0.4286
49 0.43123
50 0.43502
51 0.46493
52 0.46714
53 0.47337
54 0.47979
55 0.48413
56 0.49044
57 0.49854
58 0.50627
59 0.51908
60 0.53381
61 0.53802
62 0.54294
63 0.55575
64 0.57393
65 0.58279
66 0.58687
67 0.61174
68 0.61928
69 0.63504
70 0.64504
71 0.64802
72 0.65327
73 0.65465
74 0.6707
75 0.67245
76 0.68009
77 0.68605
78 0.68965
79 0.71283
80 0.71763
81 0.72005
82 0.72972
83 0.73586
84 0.74086
85 0.74762
86 0.76263
87 0.77108
88 0.78616
89 0.7914
90 0.79427
91 0.79824
92 0.80619
93 0.81272
94 0.81961
95 0.82477
96 0.82812
97 0.83656
98 0.84224
99 0.84584
100 0.85305
101 0.85725
102 0.8641
103 0.86683
104 0.86892
105 0.87961
106 0.88074
107 0.88179
108 0.88526
109 0.90005
110 0.94645
111 0.9634
112 0.97192
113 0.97764
114 0.98952
115 0.99898
116 1.00903
117 1.01241
118 1.02397
119 1.03601
120 1.04385
121 1.05676
122 1.06467
123 1.07366
124 1.08192
125 1.08949
126 1.10452
127 1.10998
128 1.11206
129 1.11485
130 1.14397
131 1.14974
132 1.15772
133 1.17063
134 1.18088
135 1.18531
136 1.18704
137 1.19213
138 1.20452
139 1.22211
140 1.2312
141 1.24365
142 1.2461
143 1.25293
144 1.25614
145 1.26238
146 1.26486
147 1.27912
148 1.287
149 1.30207
150 1.30478
151 1.31061
152 1.31979
153 1.32167
154 1.3281
155 1.3298
156 1.33105
157 1.35126
158 1.35453
159 1.38731
160 1.39602
161 1.40501
162 1.42413
163 1.42929
164 1.43783
165 1.46747
166 1.47159
167 1.48143
168 1.51948
169 1.5355
170 1.5514
171 1.55842
172 1.56911
173 1.57462
174 1.58022
175 1.58685
176 1.6057
177 1.61707
178 1.62144
179 1.62611
180 1.63445
181 1.64513
182 1.65289
183 1.65779
184 1.66247
185 1.67128
186 1.70777
187 1.71087
188 1.71687
189 1.72143
190 1.72643
191 1.72861
192 1.73768
193 1.75773
194 1.76547
195 1.78542
196 1.79614
197 1.80761
198 1.83279
199 1.84126
200 1.85519
201 1.87172
202 1.87878
203 1.88091
204 1.88267
205 1.88674
206 1.89727
207 1.90855
208 1.90993
209 1.91417
210 1.93539
211 1.94636
212 1.96004
213 1.96131
214 1.97337
215 1.98348
216 1.99481
217 2.00219
218 2.01556
219 2.02059
220 2.02281
221 2.03583
222 2.03737
223 2.04751
224 2.08173
225 2.0838
226 2.09314
227 2.09736
228 2.10377
229 2.11647
230 2.13501
231 2.14789
232 2.15247
233 2.16078
234 2.16727
235 2.18709
236 2.19396
237 2.21597
238 2.21924
239 2.22147
240 2.23019
241 2.23261
242 2.24955
243 2.25293
244 2.27938
245 2.29781
246 2.30092
247 2.30988
248 2.33114
249 2.3372
250 2.33966
251 2.34655
252 2.34909
253 2.35319
254 2.3562
255 2.35777
256 2.38349
257 2.39917
258 2.4137
259 2.4217
260 2.42575
261 2.43004
262 2.45924
263 2.46592
264 2.47707
265 2.4894
266 2.49571
267 2.51381
268 2.51917
269 2.52185
270 2.53557
271 2.53683
272 2.54431
273 2.55951
274 2.57988
275 2.58179
276 2.58691
277 2.59918
278 2.61262
279 2.62165
280 2.62705
281 2.63733
282 2.63964
283 2.66042
284 2.66541
285 2.67272
286 2.67669
287 2.69527
288 2.69877
289 2.7201
290 2.72189
291 2.73044
292 2.74269
293 2.75255
294 2.75712
295 2.76189
296 2.76432
297 2.77035
298 2.78051
299 2.79196
300 2.79598
301 2.80778
302 2.82059
303 2.82797
304 2.82963
305 2.84878
306 2.85495
307 2.86376
308 2.87593
309 2.88963
310 2.90277
311 2.91148
312 2.92306
313 2.92638
314 2.93084
315 2.93665
316 2.96662
317 2.97519
318 2.99138
