1 0.00357
2 0.02113
3 0.02366
4 0.02757
5 0.03121
6 0.03473
7 0.04316
8 0.04716
9 0.05122
10 0.06974
11 0.07244
12 0.08167
13 0.09185
14 0.11208
15 0.11953
16 0.12795
17 0.14935
18 0.15534
19 0.17632
20 0.18684
21 0.18826
22 0.20024
23 0.20974
24 0.23039
25 0.23342
26 0.24741
27 0.25315
28 0.26668
29 0.27238
30 0.27514
31 0.3152
32 0.31682
33 0.33543
34 0.36176
35 0.38132
36 0.38547
37 0.39385
38 0.39801
39 0.40181
40 0.40423
41 0.42316
42 0.42534
43 0.44334
44 0.44845
45 0.46445
46 0.474
47 0.47817
48 0.48599
49 0.49551
50 0.5237
51 0.52572
52 0.55239
53 0.58392
54 0.59404
55 0.59882
56 0.61176
57 0.61555
58 0.62675
59 0.63688
60 0.64559
61 0.65144
62 0.6696
63 0.6711
64 0.70063
65 0.70369
66 0.7102
67 0.71299
68 0.71544
69 0.72208
70 0.74145
71 0.75305
72 0.76863
73 0.78001
74 0.78425
75 0.79028
76 0.81985
77 0.83742
78 0.8478
79 0.85293
80 0.86139
81 0.86647
82 0.88441
83 0.89284
84 0.89432
85 0.91884
86 0.92983
87 0.9419
88 0.94547
89 0.9575
90 0.95975
91 0.97966
92 1.00084
93 1.00629
94 1.02299
95 1.03034
96 1.04708
97 1.08772
98 1.11037
99 1.12291
100 1.14448
101 1.16933
102 1.18267
103 1.19009
104 1.19769
105 1.20757
106 1.22931
107 1.23641
108 1.23929
109 1.2409
110 1.24579
111 1.25517
112 1.26257
113 1.27234
114 1.28052
115 1.2925
116 1.29748
117 1.30164
118 1.30384
119 1.31196
120 1.3136
121 1.32383
122 1.33247
123 1.35424
124 1.36505
125 1.3751
126 1.37932
127 1.38571
128 1.39553
129 1.40441
130 1.40939
131 1.43544
132 1.44253
133 1.4514
134 1.45807
135 1.46902
136 1.47511
137 1.48584
138 1.4896
139 1.51319
140 1.52254
141 1.54753
142 1.56428
143 1.59013
144 1.59376
145 1.61572
146 1.61915
147 1.6255
148 1.64072
149 1.65828
150 1.6781
151 1.68076
152 1.69219
153 1.69509
154 1.70484
155 1.71899
156 1.72148
157 1.7419
158 1.75745
159 1.76215
160 1.76911
161 1.77547
162 1.78427
163 1.79986
164 1.80208
165 1.81005
166 1.82007
167 1.8563
168 1.85959
169 1.86344
170 1.86954
171 1.87165
172 1.87853
173 1.88242
174 1.88798
175 1.8933
176 1.90904
177 1.92287
178 1.92709
179 1.94603
180 1.95761
181 1.99007
182 1.99934
183 2.0171
184 2.03109
185 2.04346
186 2.06225
187 2.06583
188 2.06767
189 2.09289
190 2.10019
191 2.10788
192 2.11443
193 2.11947
194 2.12575
195 2.13087
196 2.1375
197 2.14182
198 2.15278
199 2.16119
200 2.17007
201 2.1765
202 2.19557
203 2.20136
204 2.22865
205 2.23487
206 2.24361
207 2.25691
208 2.26612
209 2.26844
210 2.315
211 2.31822
212 2.33228
213 2.33397
214 2.35486
215 2.37701
216 2.38417
217 2.38746
218 2.39521
219 2.39909
220 2.40435
221 2.41009
222 2.4157
223 2.42171
224 2.44028
225 2.47496
226 2.47864
227 2.48382
228 2.48992
229 2.49544
230 2.50345
231 2.51234
232 2.51849
233 2.52302
234 2.53011
235 2.54478
236 2.57172
237 2.58532
238 2.59334
239 2.60809
240 2.62124
241 2.62425
242 2.63841
243 2.64548
244 2.65618
245 2.66779
246 2.67763
247 2.68641
248 2.71554
249 2.72191
250 2.73935
251 2.74485
252 2.74727
253 2.75377
254 2.78398
255 2.8143
256 2.82928
257 2.83439
258 2.84129
259 2.85557
260 2.86337
261 2.88245
262 2.90154
263 2.91542
264 2.92006
265 2.95206
266 2.95533
267 2.95934
268 2.98436
269 2.99708
