1 0.02623
2 0.0397
3 0.04835
4 0.0674
5 0.08005
6 0.08932
7 0.09376
8 0.12757
9 0.13834
10 0.15407
11 0.15882
12 0.16251
13 0.18059
14 0.18754
15 0.19964
16 0.22488
17 0.23671
18 0.26741
19 0.27374
20 0.28881
21 0.2949
22 0.30103
23 0.31
24 0.31442
25 0.33032
26 0.3397
27 0.34487
28 0.35111
29 0.35968
30 0.36647
31 0.3772
32 0.38306
33 0.41339
34 0.4215
35 0.44759
36 0.45779
37 0.46855
38 0.48916
39 0.49425
40 0.52104
41 0.5337
42 0.54195
43 0.5509
44 0.57029
45 0.59285
46 0.60606
47 0.62112
48 0.63321
49 0.6372
50 0.64351
51 0.68257
52 0.68896
53 0.70514
54 0.72644
55 0.7715
56 0.77683
57 0.7904
58 0.80934
59 0.81455
60 0.8289
61 0.8612
62 0.86672
63 0.86979
64 0.88352
65 0.90626
66 0.91636
67 0.92249
68 0.94768
69 0.95205
70 0.98035
71 0.98709
72 0.99213
73 1.00098
74 1.01246
75 1.02358
76 1.04466
77 1.05416
78 1.05844
79 1.06495
80 1.06908
81 1.07893
82 1.08869
83 1.09913
84 1.12135
85 1.12944
86 1.1407
87 1.15455
88 1.15886
89 1.16345
90 1.16889
91 1.18622
92 1.21546
93 1.21924
94 1.22345
95 1.23172
96 1.25044
97 1.26822
98 1.28641
99 1.29559
100 1.30169
101 1.31356
102 1.32347
103 1.32986
104 1.36995
105 1.37624
106 1.38709
107 1.39182
108 1.40188
109 1.41538
110 1.42006
111 1.42358
112 1.43061
113 1.44584
114 1.45329
115 1.4805
116 1.485
117 1.4939
118 1.5163
119 1.53744
120 1.54249
121 1.55562
122 1.56018
123 1.56509
124 1.57673
125 1.6011
126 1.60506
127 1.6158
128 1.63928
129 1.65183
130 1.66656
131 1.6733
132 1.69725
133 1.70887
134 1.71261
135 1.72565
136 1.73875
137 1.74258
138 1.74921
139 1.75279
140 1.76538
141 1.78902
142 1.79822
143 1.81908
144 1.84518
145 1.85318
146 1.85813
147 1.86344
148 1.87515
149 1.88305
150 1.89049
151 1.89806
152 1.90693
153 1.91731
154 1.93952
155 1.94663
156 1.95339
157 1.9715
158 2.01847
159 2.03039
160 2.04111
161 2.04984
162 2.05459
163 2.06288
164 2.06659
165 2.07182
166 2.08805
167 2.1142
168 2.12708
169 2.13463
170 2.17369
171 2.17817
172 2.18451
173 2.18942
174 2.20916
175 2.21128
176 2.21525
177 2.24886
178 2.26492
179 2.26584
180 2.27201
181 2.29298
182 2.30893
183 2.32953
184 2.33379
185 2.365
186 2.37539
187 2.42407
188 2.44113
189 2.45934
190 2.48726
191 2.49688
192 2.50591
193 2.52913
194 2.53197
195 2.57952
196 2.58522
197 2.59533
198 2.60596
199 2.61134
200 2.62128
201 2.64074
202 2.6536
203 2.66225
204 2.66704
205 2.68835
206 2.70565
207 2.71064
208 2.7184
209 2.72655
210 2.73411
211 2.7395
212 2.74816
213 2.76384
214 2.7722
215 2.81346
216 2.81784
217 2.85662
218 2.88529
219 2.8989
220 2.90854
221 2.91729
222 2.93533
223 2.9416
224 2.94617
225 2.97668
226 2.98086
227 2.99316
