1 0.00463
2 0.01231
3 0.01718
4 0.02518
5 0.03602
6 0.03974
7 0.04869
8 0.05037
9 0.05246
10 0.05529
11 0.06314
12 0.06556
13 0.06732
14 0.07141
15 0.07365
16 0.08024
17 0.08385
18 0.087
19 0.09113
20 0.09599
21 0.0992
22 0.11727
23 0.12645
24 0.1287
25 0.14394
26 0.14632
27 0.16145
28 0.172
29 0.18576
30 0.18857
31 0.1918
32 0.20174
33 0.20572
34 0.21972
35 0.2259
36 0.2284
37 0.23861
38 0.24343
39 0.25477
40 0.26011
41 0.27883
42 0.28443
43 0.29332
44 0.30083
45 0.30644
46 0.30978
47 0.31216
48 0.32088
49 0.32773
50 0.34144
51 0.34315
52 0.3449
53 0.35292
54 0.35826
55 0.37135
56 0.37873
57 0.38606
58 0.39417
59 0.39588
60 0.40258
61 0.40473
62 0.40833
63 0.41214
64 0.41543
65 0.43538
66 0.44072
67 0.44305
68 0.44769
69 0.44987
70 0.45637
71 0.46001
72 0.46465
73 0.48601
74 0.48959
75 0.49574
76 0.502
77 0.50912
78 0.52718
79 0.5364
80 0.54031
81 0.54351
82 0.55505
83 0.56594
84 0.57128
85 0.57522
86 0.57986
87 0.58665
88 0.6339
89 0.63801
90 0.63976
91 0.64893
92 0.65495
93 0.66811
94 0.68323
95 0.68853
96 0.69868
97 0.731
98 0.75019
99 0.75224
100 0.75593
101 0.75988
102 0.77581
103 0.78565
104 0.79188
105 0.79357
106 0.79761
107 0.81047
108 0.81439
109 0.81586
110 0.82034
111 0.83121
112 0.84301
113 0.8699
114 0.8874
115 0.88863
116 0.8991
117 0.90964
118 0.91366
119 0.92174
120 0.94929
121 0.95433
122 0.97141
123 0.97921
124 0.99001
125 0.99434
126 0.99629
127 1.01034
128 1.01516
129 1.02537
130 1.04432
131 1.07542
132 1.08304
133 1.09332
134 1.10224
135 1.11069
136 1.13063
137 1.1379
138 1.14106
139 1.15562
140 1.1676
141 1.1797
142 1.18684
143 1.19445
144 1.19792
145 1.1994
146 1.20286
147 1.20724
148 1.22501
149 1.24274
150 1.25132
151 1.25294
152 1.25942
153 1.26829
154 1.28256
155 1.28847
156 1.28988
157 1.29152
158 1.29508
159 1.30198
160 1.30684
161 1.3252
162 1.33027
163 1.33429
164 1.3461
165 1.34766
166 1.37396
167 1.3796
168 1.39606
169 1.40004
170 1.40431
171 1.409
172 1.43436
173 1.45552
174 1.46295
175 1.48176
176 1.48562
177 1.49505
178 1.50075
179 1.51393
180 1.52109
181 1.52866
182 1.55113
183 1.55932
184 1.56399
185 1.5688
186 1.57444
187 1.58656
188 1.62197
189 1.62588
190 1.63527
191 1.64754
192 1.6558
193 1.65722
194 1.66209
195 1.6686
196 1.67252
197 1.68376
198 1.69057
199 1.69837
200 1.70239
201 1.71035
202 1.71579
203 1.73917
204 1.74601
205 1.7796
206 1.7865
207 1.79473
208 1.81572
209 1.82133
210 1.82327
211 1.82523
212 1.84579
213 1.85452
214 1.87333
215 1.89398
216 1.89972
217 1.91392
218 1.92218
219 1.96915
220 1.98478
221 1.98706
222 2.00332
223 2.01127
224 2.02632
225 2.03566
226 2.04138
227 2.05175
228 2.06968
229 2.07219
230 2.07905
231 2.08297
232 2.0876
233 2.13448
234 2.15193
235 2.15634
236 2.16697
237 2.18721
238 2.19151
239 2.19767
240 2.20612
241 2.21872
242 2.23551
243 2.24536
244 2.25541
245 2.25795
246 2.26834
247 2.29232
248 2.2956
249 2.29837
250 2.31529
251 2.31948
252 2.32652
253 2.3336
254 2.34891
255 2.35418
256 2.36969
257 2.37336
258 2.37496
259 2.39309
260 2.39746
261 2.40053
262 2.41002
263 2.44847
264 2.45637
265 2.46007
266 2.48944
267 2.49405
268 2.50964
269 2.52189
270 2.53512
271 2.54015
272 2.54608
273 2.55435
274 2.5617
275 2.56389
276 2.57185
277 2.58775
278 2.59322
279 2.60947
280 2.63266
281 2.63475
282 2.63938
283 2.64209
284 2.64593
285 2.66095
286 2.685
287 2.68687
288 2.6894
289 2.69637
290 2.70599
291 2.7254
292 2.73702
293 2.74637
294 2.7518
295 2.75806
296 2.77271
297 2.78148
298 2.7836
299 2.78769
300 2.78984
301 2.79781
302 2.80394
303 2.81281
304 2.81539
305 2.81879
306 2.82441
307 2.83978
308 2.84202
309 2.84364
310 2.88894
311 2.89321
312 2.89935
313 2.90386
314 2.94715
315 2.95174
316 2.9586
317 2.96877
318 2.99321
