1 0.00306
2 0.01634
3 0.02418
4 0.0263
5 0.03288
6 0.03901
7 0.04087
8 0.0426
9 0.04979
10 0.07347
11 0.08545
12 0.08954
13 0.09346
14 0.10969
15 0.11251
16 0.11993
17 0.12326
18 0.12608
19 0.13503
20 0.14059
21 0.14742
22 0.15363
23 0.16947
24 0.17165
25 0.19747
26 0.20124
27 0.21265
28 0.21845
29 0.22547
30 0.22858
31 0.24053
32 0.24584
33 0.25059
34 0.26891
35 0.27672
36 0.29312
37 0.29836
38 0.30232
39 0.30776
40 0.31498
41 0.32481
42 0.33538
43 0.34104
44 0.34288
45 0.3476
46 0.35638
47 0.37316
48 0.37592
49 0.37955
50 0.38607
51 0.38844
52 0.39746
53 0.40033
54 0.40779
55 0.41494
56 0.42906
57 0.43706
58 0.44796
59 0.44932
60 0.45337
61 0.46788
62 0.47463
63 0.4793
64 0.48801
65 0.49062
66 0.50293
67 0.50532
68 0.51289
69 0.52257
70 0.52484
71 0.54461
72 0.5564
73 0.56082
74 0.57468
75 0.58487
76 0.59536
77 0.60517
78 0.61242
79 0.61536
80 0.6178
81 0.62429
82 0.62713
83 0.63777
84 0.65859
85 0.66321
86 0.6677
87 0.67117
88 0.68358
89 0.69816
90 0.70181
91 0.71124
92 0.72317
93 0.74304
94 0.74677
95 0.75576
96 0.75705
97 0.76957
98 0.78483
99 0.7913
100 0.79328
101 0.80066
102 0.80528
103 0.80821
104 0.8199
105 0.82635
106 0.84529
107 0.85042
108 0.85259
109 0.85447
110 0.85599
111 0.86327
112 0.86504
113 0.86973
114 0.87354
115 0.88115
116 0.88574
117 0.89069
118 0.89803
119 0.89934
120 0.90644
121 0.92014
122 0.94062
123 0.9454
124 0.9647
125 0.96945
126 0.98363
127 0.98537
128 0.99164
129 1.00325
130 1.00788
131 1.01136
132 1.02713
133 1.02921
134 1.0374
135 1.03965
136 1.06168
137 1.07121
138 1.07424
139 1.07748
140 1.08793
141 1.08906
142 1.09155
143 1.09576
144 1.10671
145 1.11281
146 1.12252
147 1.12404
148 1.13203
149 1.13306
150 1.14651
151 1.1615
152 1.16638
153 1.17237
154 1.17421
155 1.19039
156 1.19741
157 1.20494
158 1.21077
159 1.21552
160 1.23698
161 1.23999
162 1.25336
163 1.26011
164 1.28456
165 1.29849
166 1.30718
167 1.32198
168 1.32802
169 1.34535
170 1.35301
171 1.36749
172 1.38262
173 1.38665
174 1.39507
175 1.41165
176 1.41409
177 1.42347
178 1.42774
179 1.44731
180 1.46427
181 1.47317
182 1.49362
183 1.50057
184 1.50898
185 1.51826
186 1.52162
187 1.52664
188 1.5445
189 1.55221
190 1.59096
191 1.60138
192 1.62306
193 1.62685
194 1.63588
195 1.64148
196 1.64556
197 1.65527
198 1.67083
199 1.67338
200 1.69415
201 1.70006
202 1.70229
203 1.71274
204 1.72732
205 1.73929
206 1.7471
207 1.74971
208 1.76344
209 1.77566
210 1.78932
211 1.79054
212 1.80264
213 1.81282
214 1.81806
215 1.82108
216 1.83139
217 1.8535
218 1.85534
219 1.85709
220 1.87622
221 1.88246
222 1.88572
223 1.88705
224 1.88932
225 1.90522
226 1.91583
227 1.92191
228 1.94081
229 1.94819
230 1.95058
231 1.95321
232 1.95713
233 1.97607
234 1.984
235 1.98688
236 1.99293
237 2.00503
238 2.00933
239 2.02115
240 2.03639
241 2.04295
242 2.07146
243 2.07695
244 2.08588
245 2.09382
246 2.10817
247 2.11682
248 2.1557
249 2.17145
250 2.19004
251 2.20181
252 2.21332
253 2.21991
254 2.22557
255 2.23175
256 2.24173
257 2.24433
258 2.24884
259 2.2548
260 2.25883
261 2.26199
262 2.26536
263 2.2769
264 2.28653
265 2.29525
266 2.31758
267 2.33131
268 2.34017
269 2.3486
270 2.36177
271 2.36623
272 2.36929
273 2.38494
274 2.39852
275 2.40244
276 2.40427
277 2.41118
278 2.41294
279 2.41546
280 2.41781
281 2.42144
282 2.43433
283 2.44197
284 2.45001
285 2.47011
286 2.47888
287 2.4845
288 2.49094
289 2.50742
290 2.51157
291 2.51702
292 2.52247
293 2.524
294 2.52683
295 2.54368
296 2.55849
297 2.56136
298 2.56973
299 2.57776
300 2.58842
301 2.60461
302 2.62971
303 2.63489
304 2.65196
305 2.65599
306 2.65956
307 2.66831
308 2.68232
309 2.69365
310 2.70009
311 2.70397
312 2.72241
313 2.72808
314 2.73201
315 2.73595
316 2.74787
317 2.75635
318 2.78624
319 2.79738
320 2.81527
321 2.83312
322 2.83576
323 2.84069
324 2.84323
325 2.85042
326 2.85863
327 2.86142
328 2.86323
329 2.86823
330 2.88753
331 2.88877
332 2.90751
333 2.91566
334 2.92338
335 2.93
336 2.94696
337 2.96503
338 2.96808
339 2.97419
340 2.98131
341 2.9865
