1 0.00653
2 0.01237
3 0.01685
4 0.03823
5 0.04447
6 0.05856
7 0.06539
8 0.07524
9 0.08347
10 0.08534
11 0.09714
12 0.11209
13 0.12161
14 0.13673
15 0.14445
16 0.15291
17 0.16179
18 0.1757
19 0.19241
20 0.19384
21 0.19941
22 0.2082
23 0.20971
24 0.21195
25 0.2163
26 0.22103
27 0.22255
28 0.22777
29 0.22951
30 0.23888
31 0.24109
32 0.2504
33 0.26234
34 0.2674
35 0.27862
36 0.28036
37 0.2827
38 0.28453
39 0.31453
40 0.31887
41 0.32343
42 0.33099
43 0.33998
44 0.34929
45 0.37163
46 0.38157
47 0.39382
48 0.42009
49 0.42237
50 0.43183
51 0.44998
52 0.4532
53 0.45499
54 0.4587
55 0.47184
56 0.47675
57 0.48589
58 0.48962
59 0.50204
60 0.50378
61 0.50924
62 0.51581
63 0.52471
64 0.53415
65 0.54142
66 0.5733
67 0.58169
68 0.59023
69 0.60107
70 0.60996
71 0.61907
72 0.63098
73 0.6348
74 0.6565
75 0.65916
76 0.66397
77 0.66572
78 0.66792
79 0.6779
80 0.67981
81 0.68598
82 0.69345
83 0.69859
84 0.70019
85 0.70224
86 0.72091
87 0.72376
88 0.73819
89 0.7544
90 0.77195
91 0.79512
92 0.81461
93 0.82171
94 0.83265
95 0.83788
96 0.85395
97 0.86541
98 0.89139
99 0.90766
100 0.91474
101 0.9172
102 0.92338
103 0.92747
104 0.92918
105 0.93736
106 0.94597
107 0.95112
108 0.96692
109 0.97961
110 0.99469
111 1.00121
112 1.01969
113 1.02619
114 1.04487
115 1.04631
116 1.04786
117 1.06547
118 1.06987
119 1.07552
120 1.0831
121 1.08506
122 1.08655
123 1.10508
124 1.13134
125 1.15175
126 1.15459
127 1.16618
128 1.18151
129 1.19287
130 1.19607
131 1.1994
132 1.20316
133 1.20709
134 1.21334
135 1.22105
136 1.25146
137 1.25929
138 1.26391
139 1.26596
140 1.26787
141 1.2738
142 1.27829
143 1.28347
144 1.29612
145 1.31041
146 1.31772
147 1.32059
148 1.3238
149 1.32566
150 1.3287
151 1.33745
152 1.34044
153 1.34443
154 1.36547
155 1.38166
156 1.40044
157 1.44371
158 1.4512
159 1.45577
160 1.46493
161 1.49022
162 1.50149
163 1.50946
164 1.51359
165 1.5173
166 1.52378
167 1.54517
168 1.54975
169 1.5662
170 1.57461
171 1.57639
172 1.58426
173 1.58915
174 1.62158
175 1.62364
176 1.63662
177 1.65151
178 1.65354
179 1.65607
180 1.67198
181 1.69403
182 1.69621
183 1.7004
184 1.70663
185 1.71867
186 1.72773
187 1.74554
188 1.75756
189 1.77072
190 1.77443
191 1.77762
192 1.78093
193 1.79119
194 1.80719
195 1.81567
196 1.82534
197 1.83602
198 1.84674
199 1.86395
200 1.88139
201 1.895
202 1.902
203 1.90766
204 1.91561
205 1.928
206 1.93356
207 1.93745
208 1.94126
209 1.9479
210 1.9658
211 1.97287
212 1.97818
213 1.99478
214 1.99819
215 2.01126
216 2.03549
217 2.06283
218 2.0753
219 2.08978
220 2.11147
221 2.11455
222 2.12013
223 2.13187
224 2.13622
225 2.14481
226 2.14893
227 2.16076
228 2.17249
229 2.17651
230 2.1835
231 2.18544
232 2.18729
233 2.18966
234 2.1934
235 2.21674
236 2.21998
237 2.2436
238 2.25225
239 2.25566
240 2.26822
241 2.27046
242 2.27212
243 2.28413
244 2.30042
245 2.30573
246 2.31508
247 2.31746
248 2.32445
249 2.33015
250 2.33815
251 2.34102
252 2.38265
253 2.38539
254 2.40262
255 2.40772
256 2.41357
257 2.42035
258 2.42424
259 2.42921
260 2.43498
261 2.43715
262 2.44128
263 2.44297
264 2.44459
265 2.45227
266 2.45971
267 2.46588
268 2.48083
269 2.4851
270 2.49566
271 2.5024
272 2.50816
273 2.51642
274 2.52895
275 2.53112
276 2.53493
277 2.54584
278 2.55856
279 2.57826
280 2.59314
281 2.60242
282 2.6097
283 2.62421
284 2.63316
285 2.64561
286 2.66485
287 2.66701
288 2.67345
289 2.68684
290 2.69804
291 2.71699
292 2.71981
293 2.72261
294 2.72827
295 2.73158
296 2.73785
297 2.7394
298 2.74336
299 2.75018
300 2.75842
301 2.76954
302 2.77473
303 2.77987
304 2.78145
305 2.81335
306 2.82194
307 2.82605
308 2.83358
309 2.86643
310 2.87777
311 2.88539
312 2.89357
313 2.9032
314 2.91559
315 2.93945
316 2.94372
317 2.95197
318 2.95367
319 2.95874
320 2.96472
321 2.97904
322 2.99715
