1 0.00229
2 0.00439
3 0.00853
4 0.01294
5 0.01672
6 0.01884
7 0.03684
8 0.0395
9 0.04174
10 0.04396
11 0.04952
12 0.05196
13 0.05409
14 0.05901
15 0.06166
16 0.06402
17 0.07378
18 0.08537
19 0.09484
20 0.10228
21 0.10568
22 0.11028
23 0.11624
24 0.13484
25 0.14309
26 0.14865
27 0.15523
28 0.16153
29 0.1806
30 0.18864
31 0.20147
32 0.21731
33 0.22493
34 0.24285
35 0.25005
36 0.25369
37 0.26125
38 0.26639
39 0.28237
40 0.29074
41 0.29959
42 0.3095
43 0.32228
44 0.33887
45 0.34316
46 0.35034
47 0.3529
48 0.36662
49 0.3686
50 0.37237
51 0.39199
52 0.39828
53 0.41728
54 0.42293
55 0.42778
56 0.43468
57 0.44261
58 0.45637
59 0.46461
60 0.48423
61 0.48875
62 0.49055
63 0.49896
64 0.50512
65 0.51352
66 0.52332
67 0.55494
68 0.55767
69 0.56426
70 0.57306
71 0.58557
72 0.59363
73 0.60343
74 0.61384
75 0.6158
76 0.61806
77 0.62249
78 0.62676
79 0.6359
80 0.6391
81 0.64506
82 0.6525
83 0.65796
84 0.65949
85 0.68623
86 0.68951
87 0.69352
88 0.69645
89 0.70014
90 0.70681
91 0.7145
92 0.71739
93 0.72842
94 0.73242
95 0.7456
96 0.74976
97 0.7515
98 0.75928
99 0.76105
100 0.76599
101 0.77878
102 0.78059
103 0.78782
104 0.7971
105 0.80079
106 0.80404
107 0.81167
108 0.81896
109 0.84563
110 0.84942
111 0.85387
112 0.86045
113 0.86636
114 0.87104
115 0.87308
116 0.87743
117 0.88938
118 0.8926
119 0.89583
120 0.90251
121 0.907
122 0.92268
123 0.92525
124 0.93418
125 0.93994
126 0.94253
127 0.97204
128 0.97469
129 0.97657
130 0.98145
131 0.98441
132 0.99797
133 1.0117
134 1.01552
135 1.02466
136 1.03954
137 1.04578
138 1.06089
139 1.06518
140 1.07314
141 1.08665
142 1.09627
143 1.1001
144 1.10362
145 1.10595
146 1.11299
147 1.13073
148 1.13287
149 1.13506
150 1.15579
151 1.16787
152 1.17211
153 1.17688
154 1.20594
155 1.21123
156 1.2167
157 1.22432
158 1.22891
159 1.2334
160 1.23633
161 1.24299
162 1.24634
163 1.25765
164 1.26928
165 1.27223
166 1.27512
167 1.28389
168 1.29012
169 1.30737
170 1.31596
171 1.31697
172 1.32731
173 1.33597
174 1.3376
175 1.3432
176 1.34659
177 1.35132
178 1.3556
179 1.35843
180 1.36227
181 1.36537
182 1.37502
183 1.38424
184 1.38608
185 1.40694
186 1.40952
187 1.41856
188 1.43566
189 1.44894
190 1.46282
191 1.47132
192 1.47947
193 1.48289
194 1.48449
195 1.49185
196 1.50679
197 1.51241
198 1.51602
199 1.51891
200 1.52232
201 1.52449
202 1.54372
203 1.55067
204 1.5566
205 1.5597
206 1.56742
207 1.58734
208 1.60695
209 1.61161
210 1.61333
211 1.62385
212 1.62668
213 1.62769
214 1.64143
215 1.64768
216 1.65045
217 1.65241
218 1.66886
219 1.68085
220 1.69427
221 1.70261
222 1.72248
223 1.72412
224 1.73871
225 1.74086
226 1.75392
227 1.7601
228 1.76349
229 1.78335
230 1.78638
231 1.79253
232 1.80085
233 1.80274
234 1.80971
235 1.8218
236 1.83316
237 1.83524
238 1.83896
239 1.84354
240 1.84702
241 1.85097
242 1.85615
243 1.86102
244 1.86354
245 1.87319
246 1.87494
247 1.88144
248 1.88372
249 1.89947
250 1.90544
251 1.92819
252 1.93761
253 1.93987
254 1.96291
255 1.96454
256 1.97835
257 1.9856
258 1.99699
259 1.99922
260 2.02097
261 2.0307
262 2.03936
263 2.04284
264 2.05473
265 2.05832
266 2.06145
267 2.0738
268 2.08236
269 2.09329
270 2.10036
271 2.10192
272 2.11488
273 2.12306
274 2.13287
275 2.13824
276 2.14051
277 2.1476
278 2.15839
279 2.16409
280 2.17674
281 2.18057
282 2.19057
283 2.2001
284 2.20701
285 2.21877
286 2.22756
287 2.23467
288 2.23581
289 2.24893
290 2.26182
291 2.27577
292 2.27937
293 2.28175
294 2.28518
295 2.29304
296 2.29966
297 2.30281
298 2.31069
299 2.32065
300 2.32209
301 2.3362
302 2.34005
303 2.3422
304 2.35183
305 2.35693
306 2.37241
307 2.39411
308 2.39866
309 2.40656
310 2.40985
311 2.42096
312 2.43043
313 2.44059
314 2.44735
315 2.4695
316 2.47439
317 2.47982
318 2.48564
319 2.4974
320 2.5042
321 2.50875
322 2.51388
323 2.52405
324 2.52701
325 2.52981
326 2.53456
327 2.54525
328 2.55265
329 2.55702
330 2.56333
331 2.56617
332 2.57014
333 2.57124
334 2.58573
335 2.59634
336 2.61311
337 2.6187
338 2.63663
339 2.63809
340 2.64111
341 2.64502
342 2.65401
343 2.66185
344 2.6689
345 2.68206
346 2.68588
347 2.69164
348 2.70174
349 2.70521
350 2.70735
351 2.71007
352 2.72229
353 2.7245
354 2.73468
355 2.7434
356 2.74653
357 2.75219
358 2.753
359 2.76748
360 2.76949
361 2.78263
362 2.79578
363 2.79808
364 2.80176
365 2.80892
366 2.81042
367 2.81269
368 2.81606
369 2.83296
370 2.83508
371 2.83737
372 2.84722
373 2.86772
374 2.87575
375 2.8775
376 2.88201
377 2.89257
378 2.91929
379 2.92201
380 2.93262
381 2.93751
382 2.93943
383 2.95485
384 2.95717
385 2.9672
386 2.97002
387 2.97461
388 2.97596
389 2.98855
