1 0.00311
2 0.00821
3 0.01765
4 0.02162
5 0.03451
6 0.03861
7 0.04525
8 0.04759
9 0.05788
10 0.05984
11 0.07076
12 0.0733
13 0.08582
14 0.09098
15 0.0991
16 0.10384
17 0.10877
18 0.12455
19 0.13206
20 0.13619
21 0.14291
22 0.14556
23 0.15746
24 0.16532
25 0.17497
26 0.17868
27 0.18221
28 0.18433
29 0.1881
30 0.20702
31 0.21168
32 0.21763
33 0.22054
34 0.2276
35 0.2299
36 0.23749
37 0.24162
38 0.24324
39 0.24474
40 0.25031
41 0.25539
42 0.26269
43 0.26696
44 0.27388
45 0.279
46 0.2835
47 0.29472
48 0.29962
49 0.30785
50 0.3227
51 0.32752
52 0.33619
53 0.34127
54 0.3526
55 0.36108
56 0.36761
57 0.37049
58 0.37603
59 0.38662
60 0.39091
61 0.39365
62 0.39615
63 0.39799
64 0.4031
65 0.41657
66 0.42949
67 0.4335
68 0.44
69 0.45789
70 0.4636
71 0.474
72 0.47854
73 0.48243
74 0.48845
75 0.49519
76 0.52133
77 0.52946
78 0.5362
79 0.54306
80 0.56001
81 0.57058
82 0.5753
83 0.58058
84 0.58616
85 0.58809
86 0.59439
87 0.59735
88 0.61365
89 0.62153
90 0.62841
91 0.63738
92 0.64256
93 0.648
94 0.66022
95 0.66628
96 0.67062
97 0.67702
98 0.68269
99 0.68725
100 0.70821
101 0.71344
102 0.72364
103 0.73265
104 0.7393
105 0.76696
106 0.77103
107 0.77337
108 0.78395
109 0.79571
110 0.7975
111 0.80073
112 0.80678
113 0.82054
114 0.82593
115 0.82929
116 0.83212
117 0.83781
118 0.845
119 0.84837
120 0.85059
121 0.85874
122 0.86619
123 0.88724
124 0.90194
125 0.90935
126 0.92597
127 0.93327
128 0.94159
129 0.94458
130 0.9543
131 0.96503
132 0.97328
133 0.98549
134 0.99893
135 1.0026
136 1.01766
137 1.02808
138 1.04214
139 1.05566
140 1.07517
141 1.08108
142 1.08803
143 1.09487
144 1.10196
145 1.10736
146 1.11122
147 1.11517
148 1.11855
149 1.121
150 1.12537
151 1.13836
152 1.14521
153 1.14919
154 1.15802
155 1.16725
156 1.17621
157 1.19583
158 1.20353
159 1.22575
160 1.24337
161 1.25165
162 1.26399
163 1.26815
164 1.28369
165 1.30227
166 1.31831
167 1.3265
168 1.33679
169 1.3445
170 1.34719
171 1.3534
172 1.37075
173 1.37335
174 1.37477
175 1.39096
176 1.39616
177 1.40429
178 1.41125
179 1.41668
180 1.42951
181 1.43177
182 1.43975
183 1.44137
184 1.4495
185 1.45701
186 1.4626
187 1.46839
188 1.47007
189 1.47465
190 1.4771
191 1.48061
192 1.50623
193 1.51157
194 1.51485
195 1.52644
196 1.53052
197 1.53535
198 1.53886
199 1.54506
200 1.55675
201 1.56669
202 1.57448
203 1.58168
204 1.58695
205 1.59185
206 1.59749
207 1.60554
208 1.61143
209 1.62281
210 1.63293
211 1.64367
212 1.6466
213 1.65308
214 1.67344
215 1.68596
216 1.69904
217 1.71576
218 1.72575
219 1.72792
220 1.73869
221 1.76305
222 1.77594
223 1.77771
224 1.78969
225 1.80049
226 1.80797
227 1.83312
228 1.83533
229 1.84533
230 1.85035
231 1.86032
232 1.86569
233 1.87417
234 1.8817
235 1.8872
236 1.90295
237 1.91098
238 1.93083
239 1.9469
240 1.95615
241 1.95755
242 1.96006
243 1.96834
244 1.98107
245 1.99955
246 2.03676
247 2.05177
248 2.05995
249 2.07313
250 2.07601
251 2.09279
252 2.09821
253 2.09986
254 2.111
255 2.11758
256 2.12185
257 2.13095
258 2.13292
259 2.13506
260 2.14144
261 2.14994
262 2.16023
263 2.16683
264 2.17147
265 2.18013
266 2.18501
267 2.20597
268 2.22765
269 2.23137
270 2.24382
271 2.26154
272 2.27045
273 2.27869
274 2.28169
275 2.28339
276 2.2889
277 2.29464
278 2.3098
279 2.33323
280 2.33908
281 2.34795
282 2.35965
283 2.37117
284 2.3897
285 2.39882
286 2.40233
287 2.411
288 2.42636
289 2.4305
290 2.44628
291 2.46536
292 2.46941
293 2.47471
294 2.48244
295 2.49669
296 2.50197
297 2.51442
298 2.52993
299 2.53444
300 2.54954
301 2.57101
302 2.57325
303 2.58592
304 2.59444
305 2.60363
306 2.60873
307 2.61453
308 2.62218
309 2.62862
310 2.63645
311 2.63915
312 2.65239
313 2.66093
314 2.66356
315 2.68859
316 2.69204
317 2.70028
318 2.70416
319 2.70846
320 2.72989
321 2.74366
322 2.76518
323 2.76963
324 2.79024
325 2.79595
326 2.81393
327 2.82715
328 2.83099
329 2.83389
330 2.8357
331 2.83997
332 2.85176
333 2.86509
334 2.8741
335 2.87753
336 2.88379
337 2.89701
338 2.90421
339 2.91001
340 2.92552
341 2.93088
342 2.95548
343 2.95972
344 2.96404
345 2.97046
346 2.98536
347 2.98781
348 2.98965
