1 0.00898
2 0.01127
3 0.01386
4 0.02575
5 0.02757
6 0.03628
7 0.04082
8 0.04945
9 0.0565
10 0.06976
11 0.08133
12 0.08796
13 0.09332
14 0.10288
15 0.10547
16 0.11128
17 0.11775
18 0.12046
19 0.13589
20 0.13896
21 0.15088
22 0.15542
23 0.16305
24 0.1704
25 0.19371
26 0.20328
27 0.21184
28 0.2224
29 0.22895
30 0.232
31 0.24469
32 0.25225
33 0.25985
34 0.2622
35 0.26597
36 0.27414
37 0.28257
38 0.2837
39 0.29607
40 0.29852
41 0.30132
42 0.31129
43 0.32441
44 0.33033
45 0.3453
46 0.34875
47 0.3527
48 0.35541
49 0.3585
50 0.36322
51 0.37112
52 0.37786
53 0.38109
54 0.3918
55 0.39374
56 0.40016
57 0.40246
58 0.41255
59 0.4181
60 0.42221
61 0.44
62 0.44874
63 0.45097
64 0.45602
65 0.45764
66 0.46431
67 0.4699
68 0.47973
69 0.51035
70 0.51198
71 0.51575
72 0.52176
73 0.52438
74 0.53543
75 0.5369
76 0.53875
77 0.54248
78 0.54516
79 0.55574
80 0.55956
81 0.56415
82 0.57241
83 0.58586
84 0.58952
85 0.60086
86 0.60377
87 0.60557
88 0.61219
89 0.618
90 0.62632
91 0.63227
92 0.63994
93 0.64302
94 0.66313
95 0.68484
96 0.69239
97 0.69341
98 0.70119
99 0.70781
100 0.71099
101 0.71946
102 0.72845
103 0.7391
104 0.76054
105 0.76486
106 0.76798
107 0.77168
108 0.7809
109 0.78887
110 0.79245
111 0.80179
112 0.80287
113 0.80595
114 0.8082
115 0.81114
116 0.81567
117 0.82114
118 0.82537
119 0.833
120 0.83802
121 0.84191
122 0.86424
123 0.86908
124 0.87576
125 0.89339
126 0.89964
127 0.93438
128 0.94297
129 0.96068
130 0.96624
131 0.97147
132 0.97555
133 0.98515
134 0.99288
135 1.00436
136 1.02172
137 1.03862
138 1.05104
139 1.05302
140 1.0548
141 1.05738
142 1.06177
143 1.08207
144 1.09894
145 1.11081
146 1.13316
147 1.14059
148 1.14677
149 1.15419
150 1.15561
151 1.16076
152 1.16833
153 1.19274
154 1.20023
155 1.20632
156 1.20806
157 1.21374
158 1.22246
159 1.22547
160 1.24156
161 1.24624
162 1.25824
163 1.27858
164 1.28898
165 1.29054
166 1.29773
167 1.3019
168 1.30637
169 1.30869
170 1.31955
171 1.32246
172 1.3424
173 1.36937
174 1.37844
175 1.38142
176 1.41791
177 1.42398
178 1.43885
179 1.45157
180 1.45605
181 1.46203
182 1.46779
183 1.47832
184 1.50536
185 1.51137
186 1.52207
187 1.52365
188 1.52596
189 1.5307
190 1.53305
191 1.5353
192 1.54294
193 1.54767
194 1.56144
195 1.56634
196 1.56989
197 1.57924
198 1.58866
199 1.59442
200 1.59967
201 1.60205
202 1.61928
203 1.62275
204 1.629
205 1.63768
206 1.64054
207 1.6485
208 1.65593
209 1.68069
210 1.68567
211 1.69519
212 1.69931
213 1.71059
214 1.71242
215 1.71464
216 1.71892
217 1.72828
218 1.75505
219 1.76279
220 1.77287
221 1.79024
222 1.7932
223 1.79485
224 1.79959
225 1.80257
226 1.81087
227 1.81786
228 1.83172
229 1.83904
230 1.84318
231 1.84589
232 1.84946
233 1.85703
234 1.88739
235 1.91499
236 1.92701
237 1.93553
238 1.93683
239 1.94079
240 1.94668
241 1.96286
242 1.97314
243 1.97932
244 1.98698
245 1.99964
246 2.00467
247 2.00647
248 2.02703
249 2.04327
250 2.04602
251 2.04725
252 2.05698
253 2.0607
254 2.06798
255 2.07437
256 2.07829
257 2.08264
258 2.08951
259 2.0933
260 2.10194
261 2.10861
262 2.11172
263 2.12108
264 2.13276
265 2.14646
266 2.15221
267 2.18439
268 2.19656
269 2.21692
270 2.21833
271 2.22247
272 2.26436
273 2.28317
274 2.29148
275 2.2992
276 2.30039
277 2.30435
278 2.30837
279 2.31436
280 2.32089
281 2.33068
282 2.33411
283 2.34383
284 2.35021
285 2.35988
286 2.36397
287 2.37639
288 2.38595
289 2.39229
290 2.39539
291 2.39873
292 2.40191
293 2.4084
294 2.4113
295 2.42813
296 2.44523
297 2.45181
298 2.45434
299 2.45726
300 2.46308
301 2.47062
302 2.47518
303 2.48338
304 2.48471
305 2.50137
306 2.53194
307 2.54021
308 2.54228
309 2.5485
310 2.55449
311 2.56269
312 2.56427
313 2.57094
314 2.57959
315 2.59055
316 2.59436
317 2.59728
318 2.60637
319 2.61365
320 2.625
321 2.62804
322 2.63136
323 2.64105
324 2.64411
325 2.64638
326 2.65331
327 2.65924
328 2.68234
329 2.6962
330 2.70038
331 2.7077
332 2.71797
333 2.73284
334 2.75137
335 2.76351
336 2.78201
337 2.79493
338 2.79785
339 2.80729
340 2.81076
341 2.81412
342 2.82194
343 2.82703
344 2.84003
345 2.84659
346 2.84838
347 2.85103
348 2.87129
349 2.87469
350 2.88407
351 2.88779
352 2.89043
353 2.89732
354 2.89952
355 2.90329
356 2.93826
357 2.94747
358 2.95181
359 2.95817
360 2.96502
361 2.97212
362 2.97595
363 2.97843
364 2.99411
365 2.99997
