1 0.00367
2 0.00969
3 0.01336
4 0.01614
5 0.0197
6 0.0272
7 0.03099
8 0.03854
9 0.04862
10 0.05931
11 0.08218
12 0.08542
13 0.08845
14 0.09663
15 0.10511
16 0.12701
17 0.14446
18 0.15163
19 0.15763
20 0.1603
21 0.16323
22 0.16868
23 0.17945
24 0.20256
25 0.2119
26 0.21611
27 0.22408
28 0.2366
29 0.24548
30 0.25078
31 0.26122
32 0.2695
33 0.2712
34 0.28662
35 0.29746
36 0.30808
37 0.326
38 0.32839
39 0.34101
40 0.3466
41 0.35188
42 0.36385
43 0.3691
44 0.37418
45 0.39387
46 0.41052
47 0.41625
48 0.43057
49 0.44052
50 0.44662
51 0.45134
52 0.45462
53 0.45772
54 0.4602
55 0.47298
56 0.48044
57 0.48987
58 0.50121
59 0.50842
60 0.52706
61 0.53674
62 0.544
63 0.54833
64 0.56844
65 0.58428
66 0.59732
67 0.60099
68 0.61461
69 0.61978
70 0.624
71 0.63254
72 0.64569
73 0.65791
74 0.66528
75 0.66832
76 0.67295
77 0.6786
78 0.67981
79 0.6846
80 0.68573
81 0.69118
82 0.6962
83 0.70577
84 0.71847
85 0.72095
86 0.73852
87 0.75201
88 0.76658
89 0.77246
90 0.8111
91 0.82654
92 0.8402
93 0.84622
94 0.84806
95 0.85273
96 0.85519
97 0.86635
98 0.86918
99 0.87436
100 0.87713
101 0.90337
102 0.91282
103 0.92168
104 0.93079
105 0.93499
106 0.94473
107 0.95216
108 0.95537
109 0.96035
110 0.9666
111 0.97053
112 0.97866
113 0.98189
114 0.99095
115 0.99504
116 1.01514
117 1.04714
118 1.06448
119 1.07807
120 1.08706
121 1.09658
122 1.0996
123 1.10397
124 1.10962
125 1.12185
126 1.12991
127 1.14934
128 1.15844
129 1.17406
130 1.17858
131 1.19337
132 1.20399
133 1.2085
134 1.21696
135 1.24097
136 1.24423
137 1.24746
138 1.27896
139 1.28008
140 1.30748
141 1.31135
142 1.33078
143 1.33596
144 1.33894
145 1.34604
146 1.35565
147 1.35717
148 1.35986
149 1.38025
150 1.407
151 1.41309
152 1.41851
153 1.42163
154 1.45669
155 1.46146
156 1.46242
157 1.46863
158 1.4829
159 1.48874
160 1.50134
161 1.50676
162 1.5231
163 1.55218
164 1.56368
165 1.57082
166 1.58151
167 1.58307
168 1.58548
169 1.5964
170 1.60725
171 1.63183
172 1.64214
173 1.64451
174 1.66521
175 1.67855
176 1.68537
177 1.68941
178 1.6913
179 1.70016
180 1.71307
181 1.7147
182 1.72272
183 1.74282
184 1.758
185 1.76531
186 1.76959
187 1.78217
188 1.80902
189 1.81811
190 1.82561
191 1.83313
192 1.83734
193 1.84553
194 1.84821
195 1.85345
196 1.86042
197 1.86953
198 1.87423
199 1.87715
200 1.90727
201 1.91257
202 1.92831
203 1.93534
204 1.94489
205 1.96178
206 1.98078
207 1.99092
208 1.99672
209 2.01404
210 2.02036
211 2.0223
212 2.02952
213 2.0592
214 2.06228
215 2.07364
216 2.07462
217 2.08689
218 2.09237
219 2.09389
220 2.09616
221 2.11206
222 2.14275
223 2.14565
224 2.15287
225 2.15887
226 2.16483
227 2.1681
228 2.17921
229 2.19528
230 2.20546
231 2.20901
232 2.23221
233 2.23727
234 2.2711
235 2.27652
236 2.28061
237 2.2946
238 2.29846
239 2.30423
240 2.30693
241 2.32672
242 2.33703
243 2.34393
244 2.34768
245 2.35295
246 2.3566
247 2.36188
248 2.39813
249 2.40442
250 2.41582
251 2.43032
252 2.43291
253 2.44441
254 2.46391
255 2.47002
256 2.48186
257 2.50664
258 2.52349
259 2.5428
260 2.5641
261 2.57056
262 2.5928
263 2.59541
264 2.60034
265 2.60518
266 2.6108
267 2.62132
268 2.62982
269 2.63581
270 2.64365
271 2.64941
272 2.65543
273 2.66245
274 2.66734
275 2.68041
276 2.69843
277 2.70345
278 2.70661
279 2.72067
280 2.73264
281 2.7393
282 2.75584
283 2.7616
284 2.76906
285 2.79874
286 2.80795
287 2.83375
288 2.85453
289 2.87547
290 2.90703
291 2.91226
292 2.91793
293 2.92687
294 2.94859
295 2.95521
296 2.95981
297 2.98141
298 2.98676
