1 0.00661
2 0.01858
3 0.02266
4 0.03326
5 0.04271
6 0.04482
7 0.05635
8 0.0639
9 0.06909
10 0.07528
11 0.08069
12 0.08887
13 0.10367
14 0.11121
15 0.12829
16 0.13464
17 0.1502
18 0.19066
19 0.19889
20 0.20704
21 0.23198
22 0.23679
23 0.2522
24 0.28525
25 0.29194
26 0.30872
27 0.31351
28 0.3203
29 0.32116
30 0.32717
31 0.3359
32 0.34015
33 0.3496
34 0.35528
35 0.36059
36 0.36489
37 0.37575
38 0.38226
39 0.38638
40 0.39252
41 0.40269
42 0.40782
43 0.42494
44 0.43224
45 0.44755
46 0.45637
47 0.46068
48 0.46983
49 0.47868
50 0.48228
51 0.48805
52 0.50803
53 0.51709
54 0.53594
55 0.55329
56 0.56852
57 0.59333
58 0.59737
59 0.63435
60 0.64487
61 0.66105
62 0.66728
63 0.67894
64 0.68392
65 0.68818
66 0.69751
67 0.70243
68 0.73246
69 0.73936
70 0.75028
71 0.7584
72 0.77939
73 0.79076
74 0.80465
75 0.81933
76 0.86181
77 0.86944
78 0.87581
79 0.88576
80 0.90619
81 0.92834
82 0.93721
83 0.94326
84 0.94882
85 0.95774
86 1.0082
87 1.01271
88 1.02514
89 1.02892
90 1.05578
91 1.06166
92 1.08956
93 1.09929
94 1.10481
95 1.10947
96 1.11262
97 1.122
98 1.13221
99 1.14066
100 1.14819
101 1.15234
102 1.15898
103 1.19239
104 1.20757
105 1.21182
106 1.22132
107 1.22696
108 1.23699
109 1.24468
110 1.25116
111 1.25998
112 1.26518
113 1.27002
114 1.27451
115 1.28051
116 1.29112
117 1.32268
118 1.33093
119 1.34924
120 1.36321
121 1.37102
122 1.37613
123 1.40598
124 1.41103
125 1.42958
126 1.44936
127 1.45779
128 1.46963
129 1.47567
130 1.47953
131 1.48587
132 1.49697
133 1.52825
134 1.53191
135 1.54898
136 1.55868
137 1.56615
138 1.57089
139 1.59598
140 1.60462
141 1.60934
142 1.61602
143 1.61977
144 1.63567
145 1.64938
146 1.68145
147 1.68582
148 1.69147
149 1.71216
150 1.71559
151 1.72035
152 1.72421
153 1.73095
154 1.74196
155 1.74873
156 1.7536
157 1.76768
158 1.77288
159 1.78262
160 1.78794
161 1.80319
162 1.81549
163 1.82006
164 1.8317
165 1.84475
166 1.85304
167 1.85798
168 1.86732
169 1.88229
170 1.88779
171 1.89205
172 1.91101
173 1.92446
174 1.93959
175 1.98386
176 2.02447
177 2.02955
178 2.03672
179 2.05358
180 2.06075
181 2.06702
182 2.07731
183 2.10476
184 2.11476
185 2.11936
186 2.12832
187 2.13376
188 2.14229
189 2.15352
190 2.17226
191 2.20356
192 2.24318
193 2.24849
194 2.26003
195 2.27861
196 2.28384
197 2.2895
198 2.2975
199 2.30895
200 2.31698
201 2.32139
202 2.32485
203 2.3293
204 2.33683
205 2.33833
206 2.3557
207 2.3639
208 2.38228
209 2.38508
210 2.40142
211 2.41317
212 2.46309
213 2.4725
214 2.48311
215 2.50421
216 2.51702
217 2.52755
218 2.58207
219 2.60589
220 2.63609
221 2.63713
222 2.64184
223 2.66226
224 2.66904
225 2.67592
226 2.68064
227 2.68421
228 2.68934
229 2.71088
230 2.74779
231 2.77882
232 2.78422
233 2.79458
234 2.80863
235 2.81627
236 2.82016
237 2.82423
238 2.82783
239 2.83172
240 2.84375
241 2.84817
242 2.8606
243 2.86583
244 2.86885
245 2.87803
246 2.88584
247 2.89106
248 2.8957
249 2.9021
250 2.90945
251 2.91309
252 2.92849
253 2.94111
254 2.96728
255 2.97628
256 2.99188
257 2.99825
