1 0.004
2 0.01591
3 0.01725
4 0.03527
5 0.04075
6 0.05432
7 0.07111
8 0.07969
9 0.08816
10 0.09776
11 0.10771
12 0.11478
13 0.13842
14 0.14327
15 0.15018
16 0.16596
17 0.17009
18 0.17436
19 0.17891
20 0.19203
21 0.1958
22 0.20072
23 0.20833
24 0.21804
25 0.22634
26 0.22832
27 0.25702
28 0.2708
29 0.28501
30 0.28875
31 0.31271
32 0.31789
33 0.3213
34 0.32993
35 0.36339
36 0.36828
37 0.37765
38 0.37909
39 0.38486
40 0.38689
41 0.39273
42 0.4037
43 0.40672
44 0.41559
45 0.41914
46 0.43095
47 0.43276
48 0.44181
49 0.45828
50 0.46725
51 0.47849
52 0.49077
53 0.50137
54 0.50972
55 0.51954
56 0.53606
57 0.54726
58 0.55889
59 0.56655
60 0.57006
61 0.57302
62 0.58781
63 0.60169
64 0.62059
65 0.62261
66 0.62549
67 0.63746
68 0.64935
69 0.65223
70 0.65791
71 0.6604
72 0.66267
73 0.66828
74 0.67821
75 0.68409
76 0.68943
77 0.70811
78 0.71626
79 0.72124
80 0.73876
81 0.74483
82 0.74995
83 0.7756
84 0.78721
85 0.80203
86 0.83269
87 0.84222
88 0.8501
89 0.85403
90 0.86767
91 0.87293
92 0.87859
93 0.88487
94 0.9075
95 0.91751
96 0.9234
97 0.92774
98 0.93493
99 0.96309
100 0.96923
101 0.98053
102 0.99235
103 1.009
104 1.01379
105 1.01706
106 1.02985
107 1.03298
108 1.03919
109 1.04827
110 1.06155
111 1.07268
112 1.07714
113 1.10282
114 1.11343
115 1.1198
116 1.12722
117 1.13261
118 1.14028
119 1.15015
120 1.15883
121 1.17379
122 1.17892
123 1.18237
124 1.19559
125 1.20882
126 1.21129
127 1.21723
128 1.24623
129 1.25188
130 1.25721
131 1.25956
132 1.26777
133 1.27626
134 1.28605
135 1.29613
136 1.30481
137 1.31458
138 1.31592
139 1.31839
140 1.32795
141 1.33859
142 1.34114
143 1.35068
144 1.36851
145 1.38157
146 1.38431
147 1.41463
148 1.42395
149 1.42733
150 1.43691
151 1.44272
152 1.46054
153 1.46651
154 1.47883
155 1.48526
156 1.48917
157 1.5099
158 1.51304
159 1.51648
160 1.52825
161 1.54275
162 1.56327
163 1.56586
164 1.56919
165 1.5902
166 1.60248
167 1.60601
168 1.64987
169 1.6673
170 1.6703
171 1.68172
172 1.68897
173 1.70316
174 1.70986
175 1.71536
176 1.72086
177 1.72322
178 1.72867
179 1.74322
180 1.75684
181 1.77539
182 1.77699
183 1.78538
184 1.80606
185 1.81188
186 1.81917
187 1.82141
188 1.87307
189 1.87444
190 1.89703
191 1.90302
192 1.90853
193 1.95
194 1.97757
195 2.00706
196 2.01008
197 2.01701
198 2.02774
199 2.03005
200 2.04312
201 2.05349
202 2.0591
203 2.06381
204 2.07391
205 2.07613
206 2.07706
207 2.09018
208 2.10646
209 2.10958
210 2.11623
211 2.11905
212 2.12594
213 2.15645
214 2.18196
215 2.19304
216 2.19587
217 2.20073
218 2.20278
219 2.22548
220 2.23892
221 2.26151
222 2.27159
223 2.2901
224 2.30996
225 2.31572
226 2.32668
227 2.33305
228 2.33961
229 2.36099
230 2.3726
231 2.39052
232 2.398
233 2.40935
234 2.41465
235 2.43489
236 2.44481
237 2.44833
238 2.45061
239 2.45281
240 2.45646
241 2.47488
242 2.48658
243 2.50698
244 2.51092
245 2.5155
246 2.51793
247 2.52384
248 2.5613
249 2.57203
250 2.57896
251 2.58881
252 2.59397
253 2.60539
254 2.60699
255 2.61908
256 2.62905
257 2.64665
258 2.65655
259 2.67278
260 2.68316
261 2.69524
262 2.69994
263 2.71598
264 2.72177
265 2.72602
266 2.73544
267 2.76084
268 2.76681
269 2.76776
270 2.77305
271 2.77529
272 2.78881
273 2.80001
274 2.81172
275 2.82068
276 2.82313
277 2.82872
278 2.83237
279 2.83634
280 2.85759
281 2.86288
282 2.8708
283 2.87692
284 2.89688
285 2.90308
286 2.91117
287 2.92521
288 2.93766
289 2.97355
290 2.9752
291 2.9848
292 2.99638
