1 0.00385
2 0.01962
3 0.02647
4 0.02995
5 0.0386
6 0.06427
7 0.06817
8 0.0819
9 0.08324
10 0.08776
11 0.09552
12 0.10659
13 0.10898
14 0.11328
15 0.11805
16 0.12365
17 0.13022
18 0.1373
19 0.14286
20 0.14484
21 0.14584
22 0.16727
23 0.17411
24 0.18025
25 0.19121
26 0.19915
27 0.20312
28 0.21335
29 0.22211
30 0.22835
31 0.23072
32 0.23482
33 0.23626
34 0.24116
35 0.245
36 0.27029
37 0.29001
38 0.2979
39 0.31588
40 0.32767
41 0.34753
42 0.37552
43 0.38091
44 0.38809
45 0.39522
46 0.40199
47 0.42263
48 0.44093
49 0.44777
50 0.45192
51 0.45419
52 0.46204
53 0.47473
54 0.47992
55 0.48405
56 0.48571
57 0.4893
58 0.49047
59 0.50643
60 0.51161
61 0.51505
62 0.52547
63 0.5394
64 0.56404
65 0.59353
66 0.59748
67 0.60172
68 0.60845
69 0.61733
70 0.62644
71 0.62905
72 0.63729
73 0.64411
74 0.65581
75 0.67152
76 0.67958
77 0.68348
78 0.69096
79 0.69442
80 0.69761
81 0.70131
82 0.70598
83 0.71531
84 0.71832
85 0.72761
86 0.73282
87 0.73712
88 0.74102
89 0.74518
90 0.74779
91 0.76843
92 0.77515
93 0.78821
94 0.79045
95 0.8358
96 0.84742
97 0.85332
98 0.85698
99 0.8647
100 0.87061
101 0.87564
102 0.9036
103 0.90493
104 0.91718
105 0.91927
106 0.93273
107 0.93479
108 0.93745
109 0.94501
110 0.94958
111 0.958
112 0.98006
113 0.98543
114 1.00037
115 1.0235
116 1.04017
117 1.05636
118 1.07208
119 1.08813
120 1.10819
121 1.11583
122 1.14176
123 1.14782
124 1.18042
125 1.19207
126 1.23127
127 1.2326
128 1.24248
129 1.25284
130 1.26152
131 1.27783
132 1.29387
133 1.30447
134 1.3109
135 1.31741
136 1.32268
137 1.35357
138 1.36208
139 1.37211
140 1.38538
141 1.39479
142 1.40334
143 1.41231
144 1.41661
145 1.42777
146 1.4378
147 1.4458
148 1.45961
149 1.48841
150 1.49065
151 1.50823
152 1.51357
153 1.5266
154 1.52886
155 1.58863
156 1.60447
157 1.62149
158 1.6227
159 1.62778
160 1.63442
161 1.64134
162 1.65452
163 1.67857
164 1.68901
165 1.69004
166 1.69798
167 1.70164
168 1.7347
169 1.73807
170 1.76152
171 1.7677
172 1.77355
173 1.77861
174 1.79497
175 1.82058
176 1.85788
177 1.87067
178 1.88838
179 1.90483
180 1.91095
181 1.92569
182 1.92777
183 1.93893
184 1.94004
185 1.95409
186 1.96137
187 1.97931
188 1.98604
189 1.99503
190 1.99636
191 2.0136
192 2.01763
193 2.02136
194 2.0249
195 2.02941
196 2.04409
197 2.06374
198 2.09066
199 2.10517
200 2.11634
201 2.14216
202 2.1616
203 2.18174
204 2.19069
205 2.20933
206 2.22525
207 2.22805
208 2.23265
209 2.24535
210 2.25939
211 2.28133
212 2.29106
213 2.30479
214 2.31189
215 2.31462
216 2.32705
217 2.35174
218 2.35621
219 2.37672
220 2.38782
221 2.3901
222 2.39775
223 2.42035
224 2.44209
225 2.48679
226 2.48821
227 2.49467
228 2.4968
229 2.51042
230 2.52442
231 2.52942
232 2.53923
233 2.54865
234 2.59627
235 2.60569
236 2.61467
237 2.62008
238 2.62717
239 2.6408
240 2.65085
241 2.67343
242 2.68448
243 2.68617
244 2.72569
245 2.73993
246 2.74749
247 2.75528
248 2.76805
249 2.77076
250 2.77574
251 2.82557
252 2.83478
253 2.8541
254 2.87794
255 2.88175
256 2.88401
257 2.89357
258 2.89996
259 2.91265
260 2.92274
261 2.9408
262 2.95226
263 2.95349
264 2.96223
265 2.98365
266 2.98848
267 2.99263
268 2.99997
