1 0.01866
2 0.04127
3 0.0569
4 0.06177
5 0.09205
6 0.09782
7 0.09879
8 0.10762
9 0.12493
10 0.1307
11 0.14156
12 0.15394
13 0.16547
14 0.17204
15 0.18184
16 0.18937
17 0.20505
18 0.20737
19 0.20896
20 0.2171
21 0.22686
22 0.23911
23 0.24252
24 0.25176
25 0.26456
26 0.2722
27 0.28384
28 0.30034
29 0.30385
30 0.30694
31 0.31263
32 0.31554
33 0.33383
34 0.35215
35 0.3682
36 0.39499
37 0.40103
38 0.40438
39 0.40953
40 0.41188
41 0.42334
42 0.45945
43 0.48348
44 0.48635
45 0.49715
46 0.49989
47 0.5148
48 0.52012
49 0.54459
50 0.55534
51 0.55893
52 0.57774
53 0.58332
54 0.59561
55 0.60879
56 0.61608
57 0.61996
58 0.62897
59 0.63549
60 0.63873
61 0.64662
62 0.65568
63 0.66011
64 0.66307
65 0.66517
66 0.68187
67 0.68935
68 0.69943
69 0.71446
70 0.7212
71 0.73723
72 0.74892
73 0.76196
74 0.76837
75 0.77378
76 0.78433
77 0.80651
78 0.81064
79 0.81375
80 0.83006
81 0.84486
82 0.84889
83 0.85211
84 0.85987
85 0.86854
86 0.87905
87 0.89014
88 0.91342
89 0.92043
90 0.92858
91 0.93038
92 0.93667
93 0.93909
94 0.94165
95 0.95178
96 0.96122
97 0.98044
98 0.98664
99 0.99565
100 1.00559
101 1.02313
102 1.02766
103 1.03777
104 1.05584
105 1.06248
106 1.07261
107 1.09745
108 1.1032
109 1.1092
110 1.11489
111 1.11954
112 1.12745
113 1.13629
114 1.13941
115 1.14589
116 1.15556
117 1.15846
118 1.16041
119 1.1633
120 1.16776
121 1.17056
122 1.18092
123 1.19023
124 1.19665
125 1.209
126 1.21395
127 1.22167
128 1.23535
129 1.25027
130 1.29777
131 1.31061
132 1.32151
133 1.32398
134 1.33836
135 1.35599
136 1.3629
137 1.36936
138 1.37891
139 1.38607
140 1.39564
141 1.39862
142 1.40395
143 1.40693
144 1.42349
145 1.42555
146 1.43603
147 1.46926
148 1.48277
149 1.50216
150 1.50503
151 1.51496
152 1.55515
153 1.5703
154 1.58013
155 1.59458
156 1.60308
157 1.61134
158 1.62537
159 1.66204
160 1.66595
161 1.671
162 1.67523
163 1.6798
164 1.7059
165 1.71092
166 1.71861
167 1.7559
168 1.76534
169 1.77374
170 1.79459
171 1.80495
172 1.8084
173 1.81178
174 1.81734
175 1.82041
176 1.83121
177 1.84742
178 1.86538
179 1.87153
180 1.87422
181 1.88046
182 1.88412
183 1.88668
184 1.89262
185 1.89616
186 1.91492
187 1.91753
188 1.9273
189 1.94485
190 1.96921
191 1.97337
192 1.97688
193 2.01011
194 2.04047
195 2.04357
196 2.05159
197 2.08676
198 2.09334
199 2.1028
200 2.10762
201 2.12609
202 2.1427
203 2.14834
204 2.15314
205 2.18301
206 2.20677
207 2.21042
208 2.23909
209 2.25915
210 2.2641
211 2.28301
212 2.29217
213 2.30794
214 2.31063
215 2.31638
216 2.32306
217 2.33587
218 2.34823
219 2.35765
220 2.36063
221 2.36422
222 2.36763
223 2.37849
224 2.38172
225 2.39309
226 2.39984
227 2.41132
228 2.43436
229 2.44812
230 2.46074
231 2.47014
232 2.49083
233 2.51505
234 2.52327
235 2.53987
236 2.5424
237 2.54524
238 2.54989
239 2.56023
240 2.57861
241 2.58858
242 2.60805
243 2.62311
244 2.63119
245 2.6436
246 2.64906
247 2.66084
248 2.66337
249 2.66888
250 2.68341
251 2.69044
252 2.69581
253 2.70457
254 2.71651
255 2.73505
256 2.75832
257 2.77444
258 2.77852
259 2.78328
260 2.78776
261 2.80329
262 2.80715
263 2.82984
264 2.84266
265 2.85201
266 2.85503
267 2.86157
268 2.89455
269 2.90101
270 2.91388
271 2.91884
272 2.93515
273 2.94302
274 2.9601
275 2.97566
276 2.98726
277 2.99634
