1 0.01448
2 0.02398
3 0.0316
4 0.03659
5 0.04019
6 0.04533
7 0.05088
8 0.05359
9 0.05692
10 0.06094
11 0.0693
12 0.07353
13 0.08932
14 0.09224
15 0.09666
16 0.10322
17 0.1099
18 0.11633
19 0.12301
20 0.12695
21 0.12994
22 0.1382
23 0.14671
24 0.16477
25 0.17088
26 0.17696
27 0.17805
28 0.17971
29 0.18472
30 0.19324
31 0.19872
32 0.2197
33 0.22946
34 0.23519
35 0.24627
36 0.24882
37 0.27576
38 0.27837
39 0.28469
40 0.29215
41 0.31852
42 0.32343
43 0.32602
44 0.33067
45 0.33763
46 0.3422
47 0.34925
48 0.35474
49 0.36069
50 0.3635
51 0.37373
52 0.37578
53 0.38394
54 0.40524
55 0.41148
56 0.41446
57 0.42054
58 0.42623
59 0.43189
60 0.44519
61 0.44886
62 0.46278
63 0.46442
64 0.47788
65 0.48203
66 0.49361
67 0.51351
68 0.51855
69 0.53319
70 0.55597
71 0.55819
72 0.56169
73 0.57768
74 0.58397
75 0.58804
76 0.59187
77 0.5971
78 0.60406
79 0.60977
80 0.61212
81 0.62477
82 0.6305
83 0.64935
84 0.664
85 0.66739
86 0.67301
87 0.67742
88 0.68031
89 0.68433
90 0.71123
91 0.73573
92 0.75152
93 0.77212
94 0.77732
95 0.7831
96 0.78832
97 0.7979
98 0.80065
99 0.80451
100 0.8057
101 0.80899
102 0.81742
103 0.82623
104 0.8282
105 0.83689
106 0.84831
107 0.85391
108 0.86614
109 0.88033
110 0.89504
111 0.91045
112 0.91974
113 0.93052
114 0.9432
115 0.94951
116 0.95606
117 0.95834
118 0.96876
119 0.98387
120 0.98722
121 0.99372
122 1.02109
123 1.02435
124 1.03565
125 1.03931
126 1.04218
127 1.04469
128 1.04684
129 1.05411
130 1.06614
131 1.08164
132 1.09403
133 1.1089
134 1.11907
135 1.12848
136 1.13191
137 1.13535
138 1.14659
139 1.16271
140 1.17317
141 1.17525
142 1.1768
143 1.18652
144 1.19295
145 1.19468
146 1.20085
147 1.20242
148 1.22882
149 1.23256
150 1.24063
151 1.24253
152 1.24698
153 1.27829
154 1.28134
155 1.28878
156 1.30119
157 1.30662
158 1.31651
159 1.32743
160 1.33774
161 1.35197
162 1.35857
163 1.36331
164 1.37055
165 1.37252
166 1.37488
167 1.40357
168 1.41165
169 1.41673
170 1.43176
171 1.44038
172 1.44781
173 1.4501
174 1.4678
175 1.48846
176 1.49
177 1.49412
178 1.50051
179 1.51441
180 1.51546
181 1.52561
182 1.53498
183 1.54209
184 1.54558
185 1.55975
186 1.56191
187 1.57246
188 1.58043
189 1.58938
190 1.59202
191 1.596
192 1.59841
193 1.60141
194 1.61224
195 1.62037
196 1.63269
197 1.65616
198 1.66221
199 1.66898
200 1.67295
201 1.67712
202 1.68338
203 1.69338
204 1.69654
205 1.73158
206 1.75154
207 1.76946
208 1.77637
209 1.78488
210 1.78607
211 1.79027
212 1.80418
213 1.81774
214 1.82735
215 1.82882
216 1.83054
217 1.83828
218 1.84009
219 1.8532
220 1.85683
221 1.85934
222 1.86926
223 1.87923
224 1.89463
225 1.90593
226 1.90912
227 1.91076
228 1.91472
229 1.91771
230 1.93179
231 1.93945
232 1.95053
233 1.95222
234 1.97143
235 1.98556
236 1.99067
237 2.02886
238 2.04215
239 2.04584
240 2.05139
241 2.06403
242 2.06903
243 2.07804
244 2.08308
245 2.0979
246 2.11275
247 2.11929
248 2.12445
249 2.15459
250 2.16066
251 2.17502
252 2.17823
253 2.19421
254 2.20271
255 2.22886
256 2.24332
257 2.24906
258 2.25273
259 2.26239
260 2.26911
261 2.30025
262 2.316
263 2.3196
264 2.3317
265 2.33313
266 2.34508
267 2.3602
268 2.3651
269 2.37933
270 2.39596
271 2.40934
272 2.4192
273 2.4215
274 2.44556
275 2.4557
276 2.48111
277 2.49138
278 2.49527
279 2.53056
280 2.53242
281 2.54118
282 2.55899
283 2.56243
284 2.56508
285 2.56838
286 2.57937
287 2.58526
288 2.59394
289 2.6009
290 2.60657
291 2.61208
292 2.61814
293 2.62472
294 2.63539
295 2.64559
296 2.65956
297 2.66209
298 2.66546
299 2.66719
300 2.68264
301 2.69187
302 2.69795
303 2.70466
304 2.71528
305 2.72961
306 2.7397
307 2.74519
308 2.75339
309 2.76995
310 2.77922
311 2.78676
312 2.78887
313 2.79144
314 2.80459
315 2.81057
316 2.82393
317 2.83012
318 2.84304
319 2.85329
320 2.85572
321 2.86306
322 2.86723
323 2.87343
324 2.87785
325 2.87923
326 2.88237
327 2.89162
328 2.91698
329 2.9276
330 2.9424
331 2.94736
332 2.95572
333 2.95794
334 2.97801
335 2.98617
