1 0.01937
2 0.04873
3 0.06329
4 0.07059
5 0.07689
6 0.08072
7 0.10648
8 0.12681
9 0.14609
10 0.15955
11 0.16325
12 0.19979
13 0.21305
14 0.26752
15 0.30281
16 0.3155
17 0.32073
18 0.33542
19 0.34532
20 0.34635
21 0.38974
22 0.41477
23 0.42243
24 0.42795
25 0.43358
26 0.44809
27 0.4615
28 0.47119
29 0.49011
30 0.49971
31 0.52166
32 0.53827
33 0.56349
34 0.57068
35 0.58063
36 0.59769
37 0.62728
38 0.64481
39 0.65675
40 0.66521
41 0.67232
42 0.69425
43 0.72808
44 0.73343
45 0.74222
46 0.75998
47 0.79154
48 0.81207
49 0.83312
50 0.83866
51 0.86174
52 0.87608
53 0.89523
54 0.91715
55 0.9297
56 0.9366
57 0.94924
58 1.00952
59 1.02412
60 1.03659
61 1.05824
62 1.06883
63 1.07475
64 1.09541
65 1.10511
66 1.10933
67 1.12145
68 1.12313
69 1.1422
70 1.18266
71 1.19328
72 1.20777
73 1.22424
74 1.23121
75 1.23693
76 1.24119
77 1.25119
78 1.2816
79 1.2955
80 1.30342
81 1.31918
82 1.32436
83 1.33041
84 1.36422
85 1.40765
86 1.41134
87 1.42072
88 1.43137
89 1.45396
90 1.46448
91 1.47152
92 1.49527
93 1.51707
94 1.52414
95 1.53434
96 1.55199
97 1.55923
98 1.56596
99 1.57679
100 1.59667
101 1.62831
102 1.65378
103 1.68676
104 1.68773
105 1.73933
106 1.75404
107 1.7791
108 1.81544
109 1.82149
110 1.82726
111 1.85478
112 1.86261
113 1.88249
114 1.8843
115 1.919
116 1.94113
117 1.96711
118 1.98478
119 2.01091
120 2.05375
121 2.06737
122 2.07339
123 2.0778
124 2.08311
125 2.09612
126 2.10549
127 2.12901
128 2.14767
129 2.17258
130 2.18548
131 2.19125
132 2.19813
133 2.2179
134 2.22405
135 2.24482
136 2.27325
137 2.27429
138 2.30509
139 2.32429
140 2.33464
141 2.36024
142 2.37678
143 2.40114
144 2.41569
145 2.43834
146 2.47233
147 2.48416
148 2.48832
149 2.53788
150 2.56035
151 2.57542
152 2.58093
153 2.58644
154 2.59172
155 2.59711
156 2.60233
157 2.61425
158 2.66343
159 2.67021
160 2.68422
161 2.68956
162 2.69546
163 2.70105
164 2.71329
165 2.71902
166 2.73963
167 2.74449
168 2.74926
169 2.77223
170 2.78024
171 2.79092
172 2.79555
173 2.80385
174 2.80952
175 2.82895
176 2.84406
177 2.84829
178 2.86155
179 2.86977
180 2.92255
181 2.9285
182 2.9729
183 2.97802
