1 0.02663
2 0.0381
3 0.05497
4 0.06535
5 0.07091
6 0.07958
7 0.08305
8 0.09283
9 0.10839
10 0.12548
11 0.13213
12 0.13788
13 0.14587
14 0.14927
15 0.15722
16 0.16262
17 0.16924
18 0.18416
19 0.18783
20 0.19974
21 0.21288
22 0.22414
23 0.24
24 0.2496
25 0.26177
26 0.28108
27 0.28676
28 0.30518
29 0.31379
30 0.32037
31 0.3341
32 0.35334
33 0.35971
34 0.36511
35 0.37638
36 0.39088
37 0.40209
38 0.42532
39 0.43215
40 0.45385
41 0.46005
42 0.46814
43 0.47137
44 0.47588
45 0.48302
46 0.49322
47 0.50637
48 0.52907
49 0.53616
50 0.54452
51 0.55962
52 0.56214
53 0.57306
54 0.60053
55 0.62636
56 0.62986
57 0.63597
58 0.65523
59 0.691
60 0.7046
61 0.72505
62 0.7356
63 0.74012
64 0.75022
65 0.76628
66 0.77631
67 0.78908
68 0.79286
69 0.80361
70 0.82856
71 0.84616
72 0.86019
73 0.8725
74 0.87579
75 0.88742
76 0.89039
77 0.9007
78 0.90631
79 0.9217
80 0.93577
81 0.9395
82 0.95495
83 0.95854
84 0.96498
85 0.97132
86 0.97864
87 0.99207
88 0.99646
89 1.00534
90 1.01263
91 1.01533
92 1.03118
93 1.04349
94 1.04905
95 1.05152
96 1.06786
97 1.07845
98 1.08178
99 1.09746
100 1.10369
101 1.11551
102 1.12835
103 1.14112
104 1.14904
105 1.15356
106 1.15646
107 1.16204
108 1.16843
109 1.17521
110 1.18173
111 1.19228
112 1.19883
113 1.21072
114 1.21504
115 1.22291
116 1.23493
117 1.24329
118 1.26336
119 1.2676
120 1.27273
121 1.28019
122 1.29381
123 1.31333
124 1.31748
125 1.33316
126 1.3488
127 1.36759
128 1.37996
129 1.38727
130 1.40122
131 1.40489
132 1.41363
133 1.42928
134 1.43026
135 1.43262
136 1.4451
137 1.44799
138 1.46221
139 1.46526
140 1.47009
141 1.47636
142 1.47944
143 1.4926
144 1.50331
145 1.51118
146 1.51481
147 1.5229
148 1.53087
149 1.53292
150 1.54442
151 1.55314
152 1.58227
153 1.58577
154 1.6012
155 1.63906
156 1.64326
157 1.64724
158 1.65154
159 1.66038
160 1.66317
161 1.66609
162 1.67983
163 1.68919
164 1.69596
165 1.69977
166 1.70832
167 1.72921
168 1.74835
169 1.77114
170 1.79206
171 1.80146
172 1.81204
173 1.82383
174 1.84418
175 1.86609
176 1.87218
177 1.87468
178 1.88501
179 1.88957
180 1.8975
181 1.90196
182 1.906
183 1.91062
184 1.93545
185 1.93922
186 1.94639
187 1.9569
188 1.96396
189 1.97044
190 1.97412
191 1.98175
192 2.00194
193 2.01722
194 2.02149
195 2.0252
196 2.036
197 2.0452
198 2.05288
199 2.06116
200 2.07573
201 2.08742
202 2.09467
203 2.105
204 2.13042
205 2.13823
206 2.14131
207 2.14615
208 2.15443
209 2.16306
210 2.16627
211 2.17752
212 2.18458
213 2.20135
214 2.20777
215 2.21485
216 2.22556
217 2.23364
218 2.2485
219 2.25154
220 2.25565
221 2.25897
222 2.267
223 2.27174
224 2.28787
225 2.29688
226 2.30291
227 2.30842
228 2.3179
229 2.32288
230 2.33891
231 2.34576
232 2.34895
233 2.35195
234 2.36186
235 2.36455
236 2.37459
237 2.39445
238 2.39968
239 2.40436
240 2.41234
241 2.41796
242 2.42376
243 2.42931
244 2.44356
245 2.44741
246 2.45777
247 2.46126
248 2.47832
249 2.48255
250 2.48646
251 2.49504
252 2.51088
253 2.51559
254 2.52297
255 2.55764
256 2.56145
257 2.58135
258 2.58497
259 2.60037
260 2.60562
261 2.60904
262 2.61425
263 2.62163
264 2.63165
265 2.63886
266 2.64452
267 2.6611
268 2.66673
269 2.67211
270 2.68263
271 2.70064
272 2.71248
273 2.7164
274 2.73001
275 2.73829
276 2.74792
277 2.77083
278 2.78391
279 2.78905
280 2.79723
281 2.80339
282 2.82205
283 2.83349
284 2.83596
285 2.85609
286 2.85935
287 2.86873
288 2.89907
289 2.90688
290 2.93076
291 2.94153
292 2.94564
293 2.95902
294 2.97321
295 2.98816
296 2.99231
