1 0.00369
2 0.00523
3 0.02572
4 0.04937
5 0.05617
6 0.06114
7 0.07338
8 0.07489
9 0.07848
10 0.08431
11 0.09453
12 0.10363
13 0.10916
14 0.12238
15 0.13713
16 0.14507
17 0.14692
18 0.16412
19 0.1814
20 0.20461
21 0.20878
22 0.21251
23 0.22243
24 0.22495
25 0.22791
26 0.23602
27 0.24144
28 0.25873
29 0.26287
30 0.26617
31 0.28333
32 0.29977
33 0.30327
34 0.31231
35 0.31937
36 0.32458
37 0.33643
38 0.33812
39 0.34064
40 0.34903
41 0.3545
42 0.3698
43 0.39437
44 0.40569
45 0.41136
46 0.43247
47 0.4347
48 0.44157
49 0.46248
50 0.46845
51 0.47016
52 0.4886
53 0.50626
54 0.52375
55 0.54331
56 0.54641
57 0.5607
58 0.57134
59 0.57498
60 0.58468
61 0.58698
62 0.59438
63 0.60145
64 0.60324
65 0.61322
66 0.62791
67 0.63816
68 0.64207
69 0.65342
70 0.65732
71 0.66405
72 0.66664
73 0.67834
74 0.71168
75 0.71836
76 0.73633
77 0.76362
78 0.77852
79 0.79123
80 0.81286
81 0.8336
82 0.83601
83 0.84305
84 0.85372
85 0.86105
86 0.86338
87 0.89939
88 0.90696
89 0.9222
90 0.94087
91 0.94647
92 0.96176
93 0.97263
94 0.97704
95 0.9832
96 0.99991
97 1.01057
98 1.01335
99 1.04281
100 1.06634
101 1.0741
102 1.07616
103 1.0829
104 1.08854
105 1.09078
106 1.09304
107 1.09843
108 1.10091
109 1.11838
110 1.1299
111 1.13913
112 1.1475
113 1.15212
114 1.15787
115 1.16693
116 1.17847
117 1.19124
118 1.19376
119 1.1987
120 1.20365
121 1.21497
122 1.22747
123 1.23251
124 1.24738
125 1.25771
126 1.26701
127 1.27901
128 1.28854
129 1.31652
130 1.32534
131 1.33472
132 1.33669
133 1.33959
134 1.34435
135 1.36883
136 1.37402
137 1.38004
138 1.40037
139 1.40915
140 1.4118
141 1.41403
142 1.4247
143 1.42883
144 1.43529
145 1.44016
146 1.44276
147 1.46065
148 1.46508
149 1.47568
150 1.47792
151 1.5068
152 1.53507
153 1.56004
154 1.56651
155 1.58139
156 1.58533
157 1.58815
158 1.59392
159 1.59908
160 1.60211
161 1.6098
162 1.61464
163 1.61677
164 1.62232
165 1.62886
166 1.64741
167 1.65676
168 1.6643
169 1.67668
170 1.67944
171 1.69127
172 1.71143
173 1.7162
174 1.72694
175 1.73371
176 1.74417
177 1.74678
178 1.75836
179 1.77154
180 1.78151
181 1.78573
182 1.79084
183 1.79603
184 1.8015
185 1.80741
186 1.82568
187 1.8347
188 1.8424
189 1.86054
190 1.86896
191 1.87353
192 1.87717
193 1.87961
194 1.88867
195 1.90607
196 1.92235
197 1.92625
198 1.93581
199 1.9561
200 1.96848
201 1.98078
202 1.98474
203 1.99531
204 2.00335
205 2.00594
206 2.01019
207 2.03717
208 2.04343
209 2.05183
210 2.06163
211 2.07431
212 2.07527
213 2.08046
214 2.08547
215 2.09797
216 2.10157
217 2.10567
218 2.10948
219 2.11206
220 2.12561
221 2.13488
222 2.14489
223 2.15937
224 2.16582
225 2.16919
226 2.17292
227 2.17956
228 2.18386
229 2.18778
230 2.20294
231 2.20632
232 2.21181
233 2.21435
234 2.21652
235 2.22298
236 2.22807
237 2.24559
238 2.25057
239 2.25827
240 2.26316
241 2.26882
242 2.2946
243 2.30337
244 2.32284
245 2.33501
246 2.34081
247 2.34468
248 2.3502
249 2.35455
250 2.35675
251 2.35945
252 2.36595
253 2.36888
254 2.37194
255 2.38568
256 2.38897
257 2.40281
258 2.41072
259 2.41889
260 2.43383
261 2.44354
262 2.46064
263 2.46532
264 2.47149
265 2.47627
266 2.51017
267 2.51196
268 2.52336
269 2.54526
270 2.54849
271 2.5757
272 2.59008
273 2.5996
274 2.62023
275 2.63041
276 2.64609
277 2.65096
278 2.66001
279 2.66519
280 2.67379
281 2.71393
282 2.7196
283 2.72346
284 2.73128
285 2.74171
286 2.75563
287 2.76198
288 2.76419
289 2.77354
290 2.78855
291 2.79532
292 2.80629
293 2.81125
294 2.81441
295 2.82484
296 2.82972
297 2.83871
298 2.84574
299 2.85305
300 2.86281
301 2.8666
302 2.88922
303 2.90644
304 2.91093
305 2.92793
306 2.93683
307 2.94787
308 2.95257
309 2.95809
310 2.96111
311 2.9656
312 2.97233
313 2.97482
314 2.97745
315 2.98265
316 2.9958
