1 0.00309
2 0.00964
3 0.01547
4 0.02076
5 0.02815
6 0.04312
7 0.04633
8 0.0556
9 0.07359
10 0.0756
11 0.08187
12 0.09408
13 0.10622
14 0.11716
15 0.13935
16 0.14571
17 0.15743
18 0.16106
19 0.1643
20 0.18374
21 0.19241
22 0.19426
23 0.19767
24 0.20164
25 0.20379
26 0.20617
27 0.22426
28 0.23447
29 0.23708
30 0.23894
31 0.26902
32 0.27034
33 0.28504
34 0.30422
35 0.30822
36 0.30965
37 0.32802
38 0.3347
39 0.34183
40 0.34619
41 0.35351
42 0.35727
43 0.36336
44 0.36745
45 0.37149
46 0.37622
47 0.38358
48 0.38772
49 0.40216
50 0.42498
51 0.42952
52 0.43563
53 0.44972
54 0.46275
55 0.46703
56 0.46843
57 0.4783
58 0.48358
59 0.48782
60 0.48996
61 0.50182
62 0.51632
63 0.51908
64 0.53439
65 0.54156
66 0.55095
67 0.555
68 0.56033
69 0.57495
70 0.57676
71 0.59004
72 0.59401
73 0.59771
74 0.59958
75 0.60067
76 0.60418
77 0.61454
78 0.62933
79 0.63758
80 0.64537
81 0.66803
82 0.68579
83 0.6917
84 0.6983
85 0.70631
86 0.74105
87 0.74975
88 0.75731
89 0.76362
90 0.76894
91 0.77362
92 0.78997
93 0.7935
94 0.79552
95 0.80307
96 0.81615
97 0.82511
98 0.8269
99 0.83289
100 0.83627
101 0.85324
102 0.85635
103 0.86561
104 0.88253
105 0.88659
106 0.90674
107 0.92039
108 0.93068
109 0.93759
110 0.94739
111 0.95073
112 0.95321
113 0.96705
114 0.97839
115 0.98418
116 0.99413
117 0.99969
118 1.02246
119 1.02619
120 1.0374
121 1.04634
122 1.0495
123 1.05275
124 1.05759
125 1.06588
126 1.07351
127 1.07747
128 1.09183
129 1.0977
130 1.10754
131 1.13854
132 1.14428
133 1.15208
134 1.18283
135 1.18635
136 1.19114
137 1.19586
138 1.20491
139 1.21601
140 1.2315
141 1.2487
142 1.25534
143 1.25719
144 1.26588
145 1.27031
146 1.28007
147 1.31554
148 1.32369
149 1.33873
150 1.34189
151 1.34384
152 1.34765
153 1.34987
154 1.35709
155 1.36155
156 1.36488
157 1.37926
158 1.39195
159 1.40434
160 1.41842
161 1.42202
162 1.42844
163 1.44152
164 1.45346
165 1.46655
166 1.4738
167 1.4788
168 1.48775
169 1.49878
170 1.50373
171 1.52058
172 1.5233
173 1.52579
174 1.53806
175 1.54508
176 1.5567
177 1.56248
178 1.56592
179 1.57232
180 1.57457
181 1.58303
182 1.58931
183 1.59688
184 1.6054
185 1.6123
186 1.61615
187 1.62
188 1.64244
189 1.66358
190 1.66509
191 1.6709
192 1.67365
193 1.67561
194 1.67875
195 1.68037
196 1.6832
197 1.6906
198 1.70009
199 1.70262
200 1.72122
201 1.74364
202 1.74577
203 1.76946
204 1.78977
205 1.79582
206 1.80104
207 1.81976
208 1.82152
209 1.83053
210 1.84539
211 1.85583
212 1.85771
213 1.87046
214 1.8725
215 1.88131
216 1.90846
217 1.92085
218 1.92788
219 1.94606
220 1.95569
221 1.96565
222 1.97277
223 1.97695
224 1.98199
225 1.99256
226 2.00012
227 2.01101
228 2.03723
229 2.07753
230 2.09135
231 2.09476
232 2.10158
233 2.10907
234 2.11202
235 2.1157
236 2.13129
237 2.14176
238 2.163
239 2.17477
240 2.17622
241 2.18318
242 2.18962
243 2.20363
244 2.20605
245 2.2183
246 2.22801
247 2.25516
248 2.27001
249 2.28439
250 2.28944
251 2.30041
252 2.30722
253 2.31272
254 2.31552
255 2.32822
256 2.33314
257 2.3422
258 2.34748
259 2.35886
260 2.37529
261 2.38097
262 2.39721
263 2.40305
264 2.4047
265 2.43161
266 2.43307
267 2.45225
268 2.46927
269 2.4727
270 2.47797
271 2.48374
272 2.49366
273 2.49783
274 2.50813
275 2.5147
276 2.5231
277 2.52456
278 2.52772
279 2.53458
280 2.54258
281 2.55429
282 2.55633
283 2.55907
284 2.57218
285 2.58247
286 2.58798
287 2.5997
288 2.60688
289 2.62746
290 2.64571
291 2.6478
292 2.64985
293 2.65772
294 2.66999
295 2.67508
296 2.71011
297 2.73008
298 2.73803
299 2.75183
300 2.76711
301 2.77119
302 2.79316
303 2.81041
304 2.82185
305 2.8244
306 2.83341
307 2.84145
308 2.85052
309 2.85405
310 2.86221
311 2.88164
312 2.88681
313 2.90543
314 2.90671
315 2.91761
316 2.94319
317 2.94953
318 2.95227
319 2.96063
320 2.97931
321 2.98212
