1 0.00928
2 0.01989
3 0.02734
4 0.0446
5 0.06071
6 0.06993
7 0.07656
8 0.08293
9 0.08916
10 0.12052
11 0.15307
12 0.1602
13 0.17634
14 0.20055
15 0.20781
16 0.21221
17 0.26806
18 0.27406
19 0.27544
20 0.30686
21 0.31173
22 0.32105
23 0.33622
24 0.34697
25 0.36883
26 0.40857
27 0.42173
28 0.46209
29 0.4664
30 0.47816
31 0.504
32 0.5218
33 0.54255
34 0.54744
35 0.57566
36 0.6442
37 0.67358
38 0.68827
39 0.70052
40 0.70684
41 0.71237
42 0.72259
43 0.75786
44 0.76431
45 0.7666
46 0.78097
47 0.78678
48 0.79082
49 0.82517
50 0.83307
51 0.855
52 0.92416
53 0.93025
54 0.9434
55 0.95513
56 0.96629
57 0.98852
58 1.01717
59 1.0244
60 1.03058
61 1.03153
62 1.03729
63 1.04543
64 1.075
65 1.09525
66 1.12831
67 1.15245
68 1.18807
69 1.19346
70 1.2007
71 1.20661
72 1.22379
73 1.22825
74 1.25693
75 1.26522
76 1.2709
77 1.27535
78 1.28795
79 1.3312
80 1.35417
81 1.35934
82 1.37719
83 1.41345
84 1.41902
85 1.42588
86 1.44249
87 1.45497
88 1.47079
89 1.48639
90 1.51026
91 1.53739
92 1.56637
93 1.57277
94 1.59675
95 1.60876
96 1.65337
97 1.66734
98 1.67424
99 1.69869
100 1.7032
101 1.7169
102 1.72227
103 1.75446
104 1.77306
105 1.78901
106 1.79952
107 1.85047
108 1.92589
109 1.93538
110 1.94038
111 1.94656
112 1.95457
113 1.96104
114 1.98467
115 2.01966
116 2.0262
117 2.0326
118 2.04572
119 2.07679
120 2.08395
121 2.12957
122 2.14417
123 2.16049
124 2.1734
125 2.18607
126 2.19703
127 2.20406
128 2.22361
129 2.2567
130 2.27253
131 2.27447
132 2.2794
133 2.29103
134 2.29427
135 2.29805
136 2.31864
137 2.32563
138 2.33472
139 2.39455
140 2.40222
141 2.40885
142 2.4256
143 2.4309
144 2.43807
145 2.45434
146 2.46782
147 2.51324
148 2.5335
149 2.56879
150 2.58657
151 2.59233
152 2.60284
153 2.61494
154 2.66996
155 2.69539
156 2.70091
157 2.70745
158 2.71205
159 2.73991
160 2.76715
161 2.78442
162 2.79024
163 2.81069
164 2.81756
165 2.85385
166 2.85735
167 2.88201
168 2.90009
169 2.92737
170 2.93407
171 2.9417
172 2.95449
173 2.97265
174 2.99529
