1 0.00474
2 0.00773
3 0.01531
4 0.0193
5 0.02498
6 0.02902
7 0.03729
8 0.05231
9 0.05603
10 0.07988
11 0.08523
12 0.09045
13 0.10168
14 0.10504
15 0.10866
16 0.11054
17 0.1132
18 0.11781
19 0.13333
20 0.14275
21 0.15628
22 0.162
23 0.1662
24 0.17109
25 0.17464
26 0.1837
27 0.18641
28 0.19603
29 0.20465
30 0.21681
31 0.22775
32 0.23272
33 0.2406
34 0.24498
35 0.25134
36 0.25944
37 0.26781
38 0.28709
39 0.28928
40 0.29751
41 0.31337
42 0.32457
43 0.33954
44 0.34134
45 0.34688
46 0.34981
47 0.36928
48 0.37152
49 0.37543
50 0.38378
51 0.39003
52 0.39506
53 0.40358
54 0.40806
55 0.41764
56 0.44382
57 0.44725
58 0.45141
59 0.46171
60 0.47043
61 0.4748
62 0.49288
63 0.50195
64 0.51363
65 0.52355
66 0.54295
67 0.54476
68 0.56078
69 0.57755
70 0.58828
71 0.59268
72 0.59614
73 0.61142
74 0.61688
75 0.65343
76 0.65821
77 0.66508
78 0.67174
79 0.67388
80 0.67933
81 0.68337
82 0.68485
83 0.68883
84 0.70468
85 0.70787
86 0.71275
87 0.71536
88 0.73036
89 0.7338
90 0.73796
91 0.74624
92 0.74891
93 0.7622
94 0.76433
95 0.77548
96 0.78723
97 0.79554
98 0.80114
99 0.80428
100 0.81013
101 0.81308
102 0.82441
103 0.83089
104 0.83566
105 0.84499
106 0.84691
107 0.8568
108 0.86444
109 0.86721
110 0.87266
111 0.8798
112 0.88479
113 0.88752
114 0.89116
115 0.90551
116 0.91711
117 0.92438
118 0.92932
119 0.93403
120 0.95469
121 0.95766
122 0.95969
123 0.98576
124 0.98978
125 1.00712
126 1.02095
127 1.02869
128 1.03345
129 1.0361
130 1.03805
131 1.0455
132 1.04718
133 1.05109
134 1.05459
135 1.05771
136 1.06204
137 1.07021
138 1.07788
139 1.07933
140 1.08032
141 1.08667
142 1.09192
143 1.09314
144 1.09812
145 1.10165
146 1.10705
147 1.11639
148 1.12764
149 1.1363
150 1.1447
151 1.15509
152 1.15792
153 1.16382
154 1.1684
155 1.1713
156 1.18694
157 1.19476
158 1.20072
159 1.20577
160 1.21175
161 1.21531
162 1.22736
163 1.23579
164 1.24118
165 1.25805
166 1.26873
167 1.27046
168 1.27192
169 1.28583
170 1.29166
171 1.29458
172 1.30171
173 1.31492
174 1.3266
175 1.33156
176 1.34426
177 1.34909
178 1.40471
179 1.40851
180 1.41679
181 1.42719
182 1.43306
183 1.43822
184 1.45125
185 1.45496
186 1.46095
187 1.47539
188 1.48476
189 1.49048
190 1.49322
191 1.50272
192 1.50963
193 1.51315
194 1.52383
195 1.53197
196 1.53491
197 1.53857
198 1.54947
199 1.55182
200 1.55831
201 1.57613
202 1.58477
203 1.59991
204 1.60312
205 1.60639
206 1.62097
207 1.6243
208 1.63892
209 1.64227
210 1.6553
211 1.66379
212 1.67151
213 1.67522
214 1.67822
215 1.68297
216 1.70243
217 1.70825
218 1.71299
219 1.71405
220 1.71653
221 1.74109
222 1.75102
223 1.75606
224 1.76181
225 1.77628
226 1.78178
227 1.78673
228 1.79066
229 1.80055
230 1.81233
231 1.81792
232 1.8457
233 1.84753
234 1.86453
235 1.87042
236 1.8754
237 1.87664
238 1.88049
239 1.88776
240 1.89162
241 1.89459
242 1.89584
243 1.89694
244 1.90295
245 1.91289
246 1.92329
247 1.94384
248 1.96186
249 1.97186
250 1.97496
251 1.98445
252 1.99036
253 1.99489
254 1.99661
255 2.00194
256 2.02025
257 2.02657
258 2.03879
259 2.04098
260 2.05457
261 2.06883
262 2.09301
263 2.10894
264 2.11939
265 2.12963
266 2.13119
267 2.13847
268 2.14506
269 2.14945
270 2.16568
271 2.17059
272 2.17307
273 2.17709
274 2.18394
275 2.1864
276 2.1929
277 2.20203
278 2.20674
279 2.21632
280 2.24035
281 2.24377
282 2.24603
283 2.27929
284 2.28214
285 2.28582
286 2.29054
287 2.29309
288 2.29694
289 2.32057
290 2.33312
291 2.33969
292 2.34162
293 2.3464
294 2.34846
295 2.35357
296 2.36941
297 2.37821
298 2.38386
299 2.3949
300 2.40484
301 2.40994
302 2.42091
303 2.42753
304 2.44923
305 2.45254
306 2.4705
307 2.48878
308 2.49788
309 2.50223
310 2.50648
311 2.50778
312 2.51061
313 2.51953
314 2.53606
315 2.54348
316 2.54579
317 2.54829
318 2.57943
319 2.58638
320 2.60084
321 2.61134
322 2.62148
323 2.63829
324 2.64778
325 2.65219
326 2.65594
327 2.6637
328 2.6676
329 2.68232
330 2.68963
331 2.71334
332 2.72904
333 2.73056
334 2.74925
335 2.75796
336 2.76324
337 2.77271
338 2.78676
339 2.79213
340 2.79444
341 2.80384
342 2.80839
343 2.8157
344 2.81727
345 2.82074
346 2.83887
347 2.84218
348 2.85353
349 2.86587
350 2.86913
351 2.87806
352 2.88495
353 2.88961
354 2.90631
355 2.91403
356 2.91612
357 2.91925
358 2.93083
359 2.95641
360 2.96466
361 2.96916
362 2.99703
