1 0.00267
2 0.00491
3 0.00832
4 0.017
5 0.0196
6 0.03274
7 0.04608
8 0.05473
9 0.0594
10 0.06162
11 0.06266
12 0.06575
13 0.06976
14 0.08694
15 0.09182
16 0.09305
17 0.09518
18 0.10131
19 0.1078
20 0.11787
21 0.12186
22 0.12351
23 0.13019
24 0.14401
25 0.15124
26 0.15444
27 0.15945
28 0.16612
29 0.17527
30 0.17723
31 0.17879
32 0.18385
33 0.18557
34 0.18993
35 0.19987
36 0.20633
37 0.21863
38 0.22454
39 0.23937
40 0.24188
41 0.27278
42 0.27662
43 0.27831
44 0.28444
45 0.28697
46 0.30377
47 0.30665
48 0.31431
49 0.31679
50 0.32732
51 0.33681
52 0.33901
53 0.3452
54 0.35492
55 0.35908
56 0.36937
57 0.37215
58 0.39274
59 0.41501
60 0.42167
61 0.42522
62 0.43079
63 0.43578
64 0.46413
65 0.47069
66 0.47389
67 0.47977
68 0.48539
69 0.49071
70 0.49456
71 0.51673
72 0.52578
73 0.52794
74 0.5319
75 0.53693
76 0.5469
77 0.54923
78 0.55378
79 0.57198
80 0.57337
81 0.57885
82 0.58103
83 0.58644
84 0.59029
85 0.60635
86 0.61248
87 0.61509
88 0.62624
89 0.63517
90 0.64143
91 0.64772
92 0.65985
93 0.67014
94 0.67269
95 0.67455
96 0.68184
97 0.68855
98 0.6904
99 0.69564
100 0.71563
101 0.72526
102 0.73143
103 0.7385
104 0.76991
105 0.78789
106 0.79697
107 0.81866
108 0.82777
109 0.83607
110 0.86106
111 0.86379
112 0.86529
113 0.86838
114 0.8738
115 0.89251
116 0.90369
117 0.9158
118 0.9187
119 0.92243
120 0.93642
121 0.94306
122 0.9477
123 0.96908
124 0.9927
125 0.99883
126 1.02066
127 1.03327
128 1.04497
129 1.05195
130 1.05922
131 1.06394
132 1.06593
133 1.0739
134 1.08384
135 1.08587
136 1.09254
137 1.09727
138 1.10967
139 1.13313
140 1.16176
141 1.16404
142 1.17416
143 1.17815
144 1.17979
145 1.19631
146 1.22837
147 1.23027
148 1.23914
149 1.2492
150 1.26574
151 1.27065
152 1.27806
153 1.28024
154 1.28354
155 1.30171
156 1.30796
157 1.31408
158 1.31714
159 1.3189
160 1.32771
161 1.33314
162 1.33744
163 1.34471
164 1.34697
165 1.35164
166 1.35841
167 1.36561
168 1.3693
169 1.40505
170 1.40881
171 1.41017
172 1.4241
173 1.43021
174 1.46227
175 1.468
176 1.47513
177 1.48043
178 1.48263
179 1.49003
180 1.50794
181 1.50892
182 1.51819
183 1.52187
184 1.53005
185 1.54098
186 1.55027
187 1.56888
188 1.58989
189 1.60307
190 1.60574
191 1.60847
192 1.6132
193 1.61631
194 1.62473
195 1.64043
196 1.6495
197 1.66397
198 1.67801
199 1.68608
200 1.69881
201 1.71601
202 1.72725
203 1.73192
204 1.73685
205 1.74189
206 1.7567
207 1.76178
208 1.76976
209 1.77856
210 1.78152
211 1.78408
212 1.78857
213 1.79391
214 1.79905
215 1.80487
216 1.81127
217 1.82062
218 1.83815
219 1.84676
220 1.85654
221 1.86225
222 1.86795
223 1.87119
224 1.87268
225 1.87838
226 1.9066
227 1.91333
228 1.91661
229 1.92078
230 1.93347
231 1.93453
232 1.94691
233 1.9705
234 1.9837
235 1.98698
236 1.99953
237 2.01398
238 2.02146
239 2.03286
240 2.0352
241 2.03834
242 2.0531
243 2.05574
244 2.07294
245 2.07827
246 2.08738
247 2.09191
248 2.10092
249 2.10942
250 2.11242
251 2.13528
252 2.15426
253 2.18392
254 2.19383
255 2.20277
256 2.21503
257 2.21633
258 2.22507
259 2.22925
260 2.25095
261 2.25718
262 2.2662
263 2.27146
264 2.28226
265 2.287
266 2.29596
267 2.30373
268 2.30993
269 2.32163
270 2.3302
271 2.3371
272 2.34066
273 2.34855
274 2.3579
275 2.36555
276 2.3784
277 2.38821
278 2.39422
279 2.40663
280 2.41189
281 2.42799
282 2.43283
283 2.45361
284 2.46453
285 2.4667
286 2.48146
287 2.48394
288 2.4929
289 2.51786
290 2.53489
291 2.53834
292 2.54351
293 2.54507
294 2.55315
295 2.5643
296 2.56989
297 2.5763
298 2.58415
299 2.58995
300 2.60362
301 2.60632
302 2.61233
303 2.61414
304 2.62096
305 2.63975
306 2.64772
307 2.6514
308 2.65917
309 2.66237
310 2.67914
311 2.71649
312 2.71821
313 2.73016
314 2.74024
315 2.74309
316 2.77694
317 2.78024
318 2.79543
319 2.8017
320 2.81591
321 2.82027
322 2.82696
323 2.83037
324 2.83591
325 2.84084
326 2.84552
327 2.84984
328 2.85695
329 2.86006
330 2.86335
331 2.87931
332 2.88553
333 2.89131
334 2.90521
335 2.91414
336 2.92084
337 2.93661
338 2.94718
339 2.96415
340 2.96813
341 2.97556
342 2.97766
343 2.98763
