1 0.00349
2 0.01088
3 0.01944
4 0.02983
5 0.03096
6 0.03829
7 0.04958
8 0.0527
9 0.06335
10 0.06823
11 0.08114
12 0.08263
13 0.08727
14 0.10858
15 0.11734
16 0.12168
17 0.12824
18 0.14064
19 0.14725
20 0.15201
21 0.1563
22 0.16029
23 0.16621
24 0.18925
25 0.19095
26 0.19412
27 0.20794
28 0.20917
29 0.21161
30 0.22184
31 0.22492
32 0.22998
33 0.24169
34 0.24673
35 0.25251
36 0.26215
37 0.26741
38 0.27768
39 0.28333
40 0.28529
41 0.29008
42 0.29443
43 0.30109
44 0.31631
45 0.31755
46 0.32038
47 0.32393
48 0.34198
49 0.34874
50 0.35899
51 0.36173
52 0.36274
53 0.37349
54 0.38235
55 0.39114
56 0.39457
57 0.39758
58 0.39933
59 0.40478
60 0.4095
61 0.42464
62 0.44587
63 0.44871
64 0.46653
65 0.4731
66 0.48623
67 0.49476
68 0.50608
69 0.50753
70 0.51368
71 0.51828
72 0.52389
73 0.52645
74 0.54144
75 0.54279
76 0.55955
77 0.5673
78 0.58847
79 0.59176
80 0.59778
81 0.60199
82 0.61476
83 0.62056
84 0.62219
85 0.6261
86 0.64323
87 0.65154
88 0.65558
89 0.65786
90 0.66234
91 0.66798
92 0.69882
93 0.70777
94 0.72484
95 0.73301
96 0.74198
97 0.75093
98 0.76648
99 0.78365
100 0.78901
101 0.79977
102 0.80822
103 0.81069
104 0.81673
105 0.84158
106 0.84928
107 0.85681
108 0.85955
109 0.86573
110 0.88353
111 0.8912
112 0.90583
113 0.9124
114 0.9161
115 0.9542
116 0.97029
117 0.97569
118 0.98453
119 0.99511
120 1.00663
121 1.01154
122 1.02054
123 1.03029
124 1.03922
125 1.05238
126 1.05742
127 1.06377
128 1.07796
129 1.10083
130 1.10737
131 1.11134
132 1.11399
133 1.11567
134 1.12543
135 1.15065
136 1.15574
137 1.16528
138 1.18833
139 1.19929
140 1.21609
141 1.2283
142 1.23276
143 1.25201
144 1.26062
145 1.27106
146 1.28843
147 1.30735
148 1.31653
149 1.31828
150 1.32241
151 1.34736
152 1.35148
153 1.35233
154 1.35532
155 1.3565
156 1.37019
157 1.39168
158 1.39813
159 1.39936
160 1.41657
161 1.42383
162 1.43008
163 1.44215
164 1.44694
165 1.46507
166 1.47449
167 1.48884
168 1.50334
169 1.51575
170 1.53318
171 1.54893
172 1.55168
173 1.55586
174 1.56444
175 1.57276
176 1.57437
177 1.58137
178 1.59606
179 1.61193
180 1.63097
181 1.64079
182 1.6576
183 1.66931
184 1.68494
185 1.68787
186 1.70653
187 1.71653
188 1.73106
189 1.74262
190 1.76848
191 1.77357
192 1.78577
193 1.80002
194 1.80214
195 1.81181
196 1.81608
197 1.83543
198 1.84258
199 1.84586
200 1.84908
201 1.8724
202 1.87546
203 1.87847
204 1.88631
205 1.89388
206 1.89518
207 1.90906
208 1.93155
209 1.93605
210 1.94442
211 1.95243
212 1.95842
213 1.96813
214 1.97237
215 1.9825
216 2.01427
217 2.01815
218 2.03833
219 2.04225
220 2.04512
221 2.04715
222 2.05469
223 2.06191
224 2.06565
225 2.06761
226 2.10326
227 2.11398
228 2.1167
229 2.12146
230 2.12542
231 2.13466
232 2.14256
233 2.14594
234 2.15598
235 2.15975
236 2.17268
237 2.18105
238 2.19376
239 2.1981
240 2.20486
241 2.21081
242 2.21795
243 2.23362
244 2.23826
245 2.25007
246 2.26384
247 2.27797
248 2.28699
249 2.30553
250 2.3104
251 2.31508
252 2.31618
253 2.35513
254 2.36016
255 2.36602
256 2.37108
257 2.38999
258 2.39138
259 2.40219
260 2.41129
261 2.41786
262 2.45458
263 2.45928
264 2.46278
265 2.47553
266 2.48
267 2.48278
268 2.48629
269 2.49564
270 2.49743
271 2.50292
272 2.50935
273 2.5154
274 2.52183
275 2.53338
276 2.56425
277 2.57607
278 2.5848
279 2.59028
280 2.60866
281 2.617
282 2.63382
283 2.64208
284 2.64659
285 2.6517
286 2.65333
287 2.65729
288 2.65956
289 2.66752
290 2.66946
291 2.67213
292 2.67955
293 2.69669
294 2.71523
295 2.72899
296 2.74496
297 2.79265
298 2.79478
299 2.79759
300 2.80099
301 2.82581
302 2.85789
303 2.86465
304 2.88549
305 2.89652
306 2.9014
307 2.90432
308 2.90654
309 2.91007
310 2.91631
311 2.94552
312 2.97017
313 2.97477
