1 0.00876
2 0.01307
3 0.01713
4 0.03978
5 0.06178
6 0.08859
7 0.13713
8 0.14853
9 0.17244
10 0.18063
11 0.18794
12 0.2142
13 0.22045
14 0.23119
15 0.26229
16 0.26808
17 0.27368
18 0.29708
19 0.3212
20 0.32805
21 0.33541
22 0.3458
23 0.35482
24 0.3943
25 0.41532
26 0.44947
27 0.47029
28 0.48297
29 0.49587
30 0.51228
31 0.51735
32 0.52116
33 0.5267
34 0.53619
35 0.54199
36 0.55718
37 0.56024
38 0.58009
39 0.58443
40 0.59785
41 0.61672
42 0.64207
43 0.65427
44 0.67105
45 0.67457
46 0.67809
47 0.71802
48 0.73097
49 0.7482
50 0.75804
51 0.77623
52 0.78508
53 0.8041
54 0.80883
55 0.82443
56 0.82808
57 0.88515
58 0.89635
59 0.92243
60 0.96625
61 0.97149
62 0.99817
63 1.02395
64 1.03578
65 1.03955
66 1.04957
67 1.0542
68 1.06517
69 1.07558
70 1.0787
71 1.08974
72 1.124
73 1.13918
74 1.16899
75 1.17333
76 1.26318
77 1.27348
78 1.28042
79 1.29045
80 1.30192
81 1.31947
82 1.34391
83 1.37812
84 1.41502
85 1.4237
86 1.42991
87 1.44039
88 1.44736
89 1.46613
90 1.48523
91 1.51019
92 1.51732
93 1.52897
94 1.56558
95 1.5758
96 1.59994
97 1.60458
98 1.62909
99 1.63794
100 1.66682
101 1.67434
102 1.68528
103 1.71607
104 1.72925
105 1.76411
106 1.76673
107 1.77208
108 1.79304
109 1.79875
110 1.81939
111 1.82515
112 1.83112
113 1.85714
114 1.88368
115 1.88939
116 1.89983
117 1.9252
118 1.92976
119 1.95517
120 2.01386
121 2.01775
122 2.01938
123 2.02335
124 2.0304
125 2.04133
126 2.06032
127 2.07206
128 2.07727
129 2.10432
130 2.12528
131 2.14872
132 2.1647
133 2.16752
134 2.17168
135 2.17868
136 2.18488
137 2.1895
138 2.20086
139 2.20625
140 2.26002
141 2.27963
142 2.28353
143 2.29008
144 2.30491
145 2.3088
146 2.3136
147 2.32416
148 2.33403
149 2.34348
150 2.35631
151 2.38946
152 2.39311
153 2.39736
154 2.41917
155 2.4237
156 2.42936
157 2.4419
158 2.45655
159 2.47202
160 2.47737
161 2.51227
162 2.52321
163 2.5276
164 2.54706
165 2.55888
166 2.58597
167 2.59076
168 2.60559
169 2.64261
170 2.66954
171 2.67972
172 2.68388
173 2.69361
174 2.72422
175 2.74573
176 2.74704
177 2.77123
178 2.78941
179 2.80806
180 2.81693
181 2.8178
182 2.82269
183 2.82389
184 2.84278
185 2.89398
186 2.89854
187 2.91754
188 2.92092
189 2.92705
190 2.93516
191 2.95082
192 2.97208
193 2.99031
