1 0.00789
2 0.01446
3 0.0169
4 0.02317
5 0.02533
6 0.02935
7 0.03155
8 0.03503
9 0.04112
10 0.04524
11 0.05051
12 0.06635
13 0.07054
14 0.07921
15 0.08853
16 0.09792
17 0.10148
18 0.10337
19 0.10669
20 0.12322
21 0.13663
22 0.14025
23 0.14635
24 0.19246
25 0.207
26 0.21393
27 0.21559
28 0.21706
29 0.2195
30 0.22064
31 0.22272
32 0.22483
33 0.23541
34 0.23917
35 0.24217
36 0.24903
37 0.27496
38 0.27864
39 0.28587
40 0.31088
41 0.31528
42 0.32646
43 0.33401
44 0.3383
45 0.34137
46 0.3463
47 0.35373
48 0.35631
49 0.36213
50 0.36736
51 0.37878
52 0.38529
53 0.39016
54 0.39556
55 0.39768
56 0.44467
57 0.44968
58 0.45239
59 0.45442
60 0.45674
61 0.46847
62 0.48079
63 0.50708
64 0.51374
65 0.5215
66 0.52464
67 0.53097
68 0.542
69 0.5458
70 0.55364
71 0.55927
72 0.57352
73 0.5752
74 0.58254
75 0.58832
76 0.59572
77 0.60699
78 0.61389
79 0.6161
80 0.62162
81 0.62743
82 0.63229
83 0.63534
84 0.64046
85 0.65358
86 0.67266
87 0.69796
88 0.70873
89 0.71485
90 0.71828
91 0.72729
92 0.7356
93 0.75476
94 0.76982
95 0.78834
96 0.79722
97 0.81324
98 0.82837
99 0.83435
100 0.83674
101 0.84449
102 0.84689
103 0.85023
104 0.86222
105 0.8765
106 0.89085
107 0.89603
108 0.9014
109 0.91395
110 0.91843
111 0.94973
112 0.95422
113 0.97665
114 1.00594
115 1.01112
116 1.03005
117 1.03619
118 1.04214
119 1.05517
120 1.05944
121 1.06501
122 1.07482
123 1.08012
124 1.0823
125 1.08366
126 1.09162
127 1.09306
128 1.09825
129 1.10215
130 1.1075
131 1.11582
132 1.12587
133 1.13654
134 1.14305
135 1.15112
136 1.16539
137 1.20047
138 1.20485
139 1.20871
140 1.22258
141 1.2404
142 1.26126
143 1.26225
144 1.27387
145 1.28738
146 1.29306
147 1.29501
148 1.30276
149 1.31185
150 1.31659
151 1.33566
152 1.34074
153 1.34245
154 1.34892
155 1.35008
156 1.35182
157 1.37076
158 1.38205
159 1.38894
160 1.39392
161 1.39557
162 1.40811
163 1.44427
164 1.44696
165 1.45051
166 1.46524
167 1.46711
168 1.46966
169 1.48182
170 1.48667
171 1.50783
172 1.50951
173 1.51187
174 1.51749
175 1.52834
176 1.54077
177 1.55631
178 1.5647
179 1.57282
180 1.59365
181 1.59723
182 1.60274
183 1.61044
184 1.6131
185 1.62549
186 1.62763
187 1.63389
188 1.63622
189 1.64364
190 1.64611
191 1.66604
192 1.67066
193 1.6755
194 1.67816
195 1.69974
196 1.70065
197 1.70563
198 1.71371
199 1.72163
200 1.72365
201 1.73179
202 1.73404
203 1.76306
204 1.76452
205 1.77268
206 1.79834
207 1.80362
208 1.80654
209 1.81975
210 1.8343
211 1.83913
212 1.84396
213 1.85676
214 1.87823
215 1.89401
216 1.90953
217 1.92066
218 1.92576
219 1.94296
220 1.94663
221 1.95097
222 1.95953
223 1.96866
224 1.97418
225 1.97728
226 1.97864
227 2.00256
228 2.02203
229 2.02365
230 2.04238
231 2.04691
232 2.05993
233 2.06768
234 2.07024
235 2.07803
236 2.09149
237 2.09684
238 2.10174
239 2.10356
240 2.11163
241 2.11948
242 2.13671
243 2.14193
244 2.14989
245 2.15588
246 2.19713
247 2.20397
248 2.20621
249 2.20848
250 2.22296
251 2.22816
252 2.23072
253 2.25958
254 2.26595
255 2.26912
256 2.27644
257 2.27904
258 2.28906
259 2.3122
260 2.31684
261 2.32021
262 2.3296
263 2.33804
264 2.34493
265 2.3527
266 2.35964
267 2.36772
268 2.39242
269 2.4027
270 2.41339
271 2.4412
272 2.44743
273 2.45196
274 2.45699
275 2.46389
276 2.46845
277 2.47646
278 2.4805
279 2.49044
280 2.5117
281 2.51967
282 2.53874
283 2.55104
284 2.55322
285 2.56437
286 2.57659
287 2.57826
288 2.5881
289 2.593
290 2.59762
291 2.60015
292 2.60208
293 2.61456
294 2.6387
295 2.65316
296 2.65432
297 2.66808
298 2.6764
299 2.69303
300 2.7038
301 2.70866
302 2.71186
303 2.71674
304 2.71951
305 2.72114
306 2.72633
307 2.74131
308 2.76031
309 2.77589
310 2.79265
311 2.79614
312 2.80177
313 2.80966
314 2.81868
315 2.82442
316 2.83174
317 2.83948
318 2.84747
319 2.85527
320 2.86486
321 2.87518
322 2.89253
323 2.8969
324 2.89825
325 2.90665
326 2.90947
327 2.9352
328 2.94642
329 2.94969
330 2.96318
331 2.97584
332 2.98543
