1 0.00388
2 0.00708
3 0.01253
4 0.01573
5 0.02229
6 0.02829
7 0.03097
8 0.03278
9 0.03988
10 0.04945
11 0.06046
12 0.06693
13 0.07743
14 0.08307
15 0.09037
16 0.09938
17 0.11379
18 0.11794
19 0.12628
20 0.13024
21 0.13159
22 0.13655
23 0.14701
24 0.15385
25 0.16076
26 0.16988
27 0.17434
28 0.18979
29 0.19508
30 0.20059
31 0.21417
32 0.22502
33 0.22946
34 0.23078
35 0.23487
36 0.24382
37 0.25179
38 0.26215
39 0.27169
40 0.27468
41 0.28327
42 0.29693
43 0.30277
44 0.31559
45 0.32197
46 0.32789
47 0.33013
48 0.33331
49 0.33698
50 0.33953
51 0.34324
52 0.35281
53 0.36318
54 0.3722
55 0.38281
56 0.39776
57 0.40633
58 0.41198
59 0.42893
60 0.43271
61 0.44036
62 0.46766
63 0.46982
64 0.4849
65 0.49383
66 0.50288
67 0.51249
68 0.52448
69 0.54105
70 0.55095
71 0.55293
72 0.57285
73 0.58291
74 0.59068
75 0.60099
76 0.61347
77 0.61801
78 0.62377
79 0.63382
80 0.63864
81 0.64737
82 0.66091
83 0.66319
84 0.68993
85 0.69666
86 0.70993
87 0.72208
88 0.73193
89 0.73465
90 0.7407
91 0.7547
92 0.76152
93 0.76938
94 0.78592
95 0.79291
96 0.80192
97 0.83084
98 0.83421
99 0.84441
100 0.8599
101 0.86384
102 0.8655
103 0.88446
104 0.89329
105 0.89712
106 0.8997
107 0.90194
108 0.91864
109 0.93692
110 0.9441
111 0.94778
112 0.95516
113 0.99122
114 1.00067
115 1.01186
116 1.0141
117 1.02916
118 1.0412
119 1.0524
120 1.07783
121 1.08035
122 1.0853
123 1.09887
124 1.10287
125 1.10442
126 1.11025
127 1.12818
128 1.14414
129 1.14796
130 1.16372
131 1.17418
132 1.17632
133 1.17816
134 1.18326
135 1.18598
136 1.20053
137 1.20188
138 1.2069
139 1.21457
140 1.23281
141 1.24915
142 1.25422
143 1.25718
144 1.26977
145 1.27743
146 1.29576
147 1.30668
148 1.31236
149 1.31932
150 1.33517
151 1.33971
152 1.34369
153 1.35656
154 1.3612
155 1.37959
156 1.38721
157 1.39058
158 1.39967
159 1.4113
160 1.43198
161 1.44983
162 1.46651
163 1.46952
164 1.50283
165 1.50823
166 1.51185
167 1.52187
168 1.52641
169 1.55029
170 1.55748
171 1.56134
172 1.56769
173 1.57603
174 1.58036
175 1.59112
176 1.59605
177 1.61454
178 1.61934
179 1.62605
180 1.63906
181 1.65385
182 1.6708
183 1.68222
184 1.69524
185 1.69823
186 1.70626
187 1.74808
188 1.75183
189 1.76145
190 1.77272
191 1.79977
192 1.81568
193 1.81729
194 1.82213
195 1.8484
196 1.85448
197 1.86384
198 1.87649
199 1.89618
200 1.90354
201 1.92129
202 1.93108
203 1.95202
204 1.96236
205 1.96676
206 1.97669
207 1.99473
208 1.99898
209 2.01026
210 2.01273
211 2.01697
212 2.0213
213 2.02642
214 2.0359
215 2.04779
216 2.05468
217 2.06364
218 2.07465
219 2.08784
220 2.09839
221 2.11515
222 2.12288
223 2.14123
224 2.14915
225 2.16372
226 2.17318
227 2.18096
228 2.18378
229 2.19312
230 2.20615
231 2.21011
232 2.21491
233 2.2257
234 2.24157
235 2.25307
236 2.26872
237 2.28346
238 2.28898
239 2.29767
240 2.30051
241 2.30998
242 2.31256
243 2.33023
244 2.34596
245 2.34972
246 2.35377
247 2.36711
248 2.3763
249 2.38188
250 2.38492
251 2.39441
252 2.41759
253 2.42302
254 2.43849
255 2.44645
256 2.45894
257 2.46533
258 2.46995
259 2.4762
260 2.4847
261 2.49566
262 2.50133
263 2.50889
264 2.52135
265 2.53036
266 2.53208
267 2.53805
268 2.55442
269 2.55697
270 2.55971
271 2.56428
272 2.57005
273 2.57386
274 2.58235
275 2.59274
276 2.5977
277 2.60495
278 2.61238
279 2.61432
280 2.62944
281 2.63879
282 2.63998
283 2.64433
284 2.64808
285 2.65244
286 2.65877
287 2.66529
288 2.67344
289 2.68675
290 2.70434
291 2.71056
292 2.71485
293 2.7288
294 2.74573
295 2.75334
296 2.75997
297 2.767
298 2.77526
299 2.77656
300 2.78623
301 2.79735
302 2.79984
303 2.80302
304 2.8102
305 2.81782
306 2.8234
307 2.83034
308 2.84053
309 2.8442
310 2.84516
311 2.84774
312 2.85158
313 2.86253
314 2.88178
315 2.88811
316 2.89225
317 2.89451
318 2.90137
319 2.90575
320 2.9083
321 2.91725
322 2.92399
323 2.93137
324 2.93905
325 2.96238
326 2.9649
327 2.97666
