1 0.00379
2 0.00616
3 0.00953
4 0.021
5 0.02547
6 0.03347
7 0.04302
8 0.04906
9 0.05569
10 0.06231
11 0.07488
12 0.08066
13 0.09105
14 0.09525
15 0.10624
16 0.12159
17 0.12888
18 0.14003
19 0.14523
20 0.15138
21 0.15466
22 0.16083
23 0.18287
24 0.18589
25 0.1895
26 0.19382
27 0.19786
28 0.20767
29 0.21396
30 0.23497
31 0.2568
32 0.26086
33 0.26889
34 0.28519
35 0.2939
36 0.30179
37 0.30907
38 0.32053
39 0.32727
40 0.33172
41 0.33966
42 0.3447
43 0.34989
44 0.35666
45 0.35897
46 0.37591
47 0.38572
48 0.40812
49 0.41213
50 0.41683
51 0.42487
52 0.43658
53 0.44366
54 0.46242
55 0.47033
56 0.47349
57 0.47595
58 0.47948
59 0.48513
60 0.49482
61 0.49976
62 0.50817
63 0.51466
64 0.53435
65 0.54084
66 0.5523
67 0.55642
68 0.56277
69 0.57304
70 0.5752
71 0.57755
72 0.58843
73 0.59184
74 0.62098
75 0.63578
76 0.65564
77 0.65741
78 0.67125
79 0.67792
80 0.69821
81 0.69963
82 0.70875
83 0.71553
84 0.7205
85 0.73529
86 0.74119
87 0.74553
88 0.74732
89 0.75086
90 0.75572
91 0.76404
92 0.77968
93 0.78265
94 0.79307
95 0.81543
96 0.82094
97 0.83062
98 0.83347
99 0.84093
100 0.84488
101 0.84725
102 0.84956
103 0.86071
104 0.87691
105 0.88873
106 0.89362
107 0.89814
108 0.90255
109 0.9075
110 0.92633
111 0.92989
112 0.94105
113 0.95121
114 0.9598
115 0.96969
116 0.9858
117 0.99103
118 0.99312
119 1.00218
120 1.00781
121 1.01032
122 1.02306
123 1.02662
124 1.03177
125 1.04092
126 1.04611
127 1.06305
128 1.06692
129 1.07112
130 1.07814
131 1.08011
132 1.08477
133 1.09549
134 1.10389
135 1.10631
136 1.11507
137 1.11625
138 1.12034
139 1.12724
140 1.13077
141 1.14019
142 1.14505
143 1.15273
144 1.16283
145 1.17534
146 1.17679
147 1.1844
148 1.19108
149 1.19543
150 1.20497
151 1.21668
152 1.2346
153 1.2434
154 1.25061
155 1.25208
156 1.26126
157 1.26209
158 1.27416
159 1.28564
160 1.28852
161 1.29793
162 1.30302
163 1.31327
164 1.32266
165 1.33119
166 1.33864
167 1.34225
168 1.36524
169 1.36996
170 1.37546
171 1.39213
172 1.39572
173 1.40317
174 1.40594
175 1.4203
176 1.43108
177 1.43614
178 1.44807
179 1.46343
180 1.47372
181 1.48413
182 1.49197
183 1.49553
184 1.5106
185 1.52257
186 1.53732
187 1.55704
188 1.56434
189 1.57654
190 1.57849
191 1.58192
192 1.58502
193 1.5954
194 1.60015
195 1.6065
196 1.60888
197 1.61079
198 1.64547
199 1.65564
200 1.65818
201 1.70939
202 1.71421
203 1.71681
204 1.73159
205 1.7393
206 1.74585
207 1.75482
208 1.76057
209 1.76235
210 1.78128
211 1.79746
212 1.8
213 1.81194
214 1.81475
215 1.82138
216 1.8258
217 1.82909
218 1.83484
219 1.84605
220 1.85538
221 1.86025
222 1.86929
223 1.89135
224 1.90163
225 1.91138
226 1.92717
227 1.93746
228 1.94273
229 1.94783
230 1.96811
231 1.98399
232 1.99676
233 2.00491
234 2.01257
235 2.01559
236 2.01724
237 2.0216
238 2.04208
239 2.06142
240 2.07215
241 2.07437
242 2.08914
243 2.10842
244 2.11168
245 2.11495
246 2.12022
247 2.12674
248 2.14005
249 2.14766
250 2.15944
251 2.16962
252 2.18147
253 2.1858
254 2.19965
255 2.21209
256 2.21613
257 2.21918
258 2.22554
259 2.22815
260 2.23378
261 2.24496
262 2.26394
263 2.26895
264 2.27292
265 2.28281
266 2.30081
267 2.31597
268 2.3201
269 2.32216
270 2.33382
271 2.3487
272 2.35264
273 2.36998
274 2.3781
275 2.38172
276 2.38823
277 2.39353
278 2.41481
279 2.42167
280 2.42602
281 2.43862
282 2.44223
283 2.44791
284 2.45052
285 2.45251
286 2.4561
287 2.46029
288 2.46327
289 2.47824
290 2.47971
291 2.48899
292 2.5131
293 2.52363
294 2.53982
295 2.55887
296 2.56957
297 2.58212
298 2.59802
299 2.59984
300 2.61472
301 2.62403
302 2.63037
303 2.63966
304 2.64283
305 2.64546
306 2.65397
307 2.6771
308 2.6868
309 2.69041
310 2.6933
311 2.70914
312 2.7132
313 2.72016
314 2.72547
315 2.7345
316 2.74452
317 2.74903
318 2.74995
319 2.77136
320 2.79862
321 2.81275
322 2.81926
323 2.83136
324 2.83483
325 2.83897
326 2.85707
327 2.86106
328 2.86868
329 2.8716
330 2.87918
331 2.88422
332 2.88827
333 2.89004
334 2.89261
335 2.89649
336 2.90473
337 2.92416
338 2.94227
339 2.95043
340 2.9541
341 2.96594
342 2.97677
343 2.98934
