1 0.01777
2 0.02183
3 0.02722
4 0.05218
5 0.0665
6 0.06745
7 0.07649
8 0.08798
9 0.09638
10 0.11486
11 0.12703
12 0.13839
13 0.15032
14 0.15895
15 0.17679
16 0.22186
17 0.23315
18 0.24439
19 0.2504
20 0.26864
21 0.27913
22 0.31023
23 0.31378
24 0.32041
25 0.32367
26 0.33148
27 0.33479
28 0.34498
29 0.35047
30 0.35559
31 0.36127
32 0.37576
33 0.38335
34 0.3886
35 0.39299
36 0.39652
37 0.40392
38 0.41094
39 0.41875
40 0.4331
41 0.43998
42 0.45697
43 0.46105
44 0.4648
45 0.46983
46 0.48787
47 0.52057
48 0.53732
49 0.54898
50 0.55414
51 0.57678
52 0.59771
53 0.61141
54 0.64474
55 0.65541
56 0.71431
57 0.72247
58 0.73109
59 0.74037
60 0.74536
61 0.75111
62 0.77228
63 0.77593
64 0.80475
65 0.81148
66 0.81884
67 0.82822
68 0.83668
69 0.8416
70 0.86602
71 0.87702
72 0.88765
73 0.91605
74 0.91738
75 0.92193
76 0.92968
77 0.93611
78 0.95535
79 0.96622
80 0.969
81 0.97194
82 0.98786
83 1.00053
84 1.00799
85 1.03561
86 1.04961
87 1.0646
88 1.07543
89 1.0947
90 1.09949
91 1.10495
92 1.10952
93 1.12171
94 1.12669
95 1.13774
96 1.15239
97 1.15907
98 1.17315
99 1.18818
100 1.20004
101 1.23116
102 1.23579
103 1.25667
104 1.26812
105 1.2813
106 1.30165
107 1.31511
108 1.33569
109 1.35774
110 1.36727
111 1.3714
112 1.40711
113 1.41054
114 1.42
115 1.42925
116 1.43465
117 1.46257
118 1.46717
119 1.47409
120 1.48034
121 1.48484
122 1.5233
123 1.52858
124 1.55899
125 1.56595
126 1.61987
127 1.63956
128 1.65682
129 1.66302
130 1.66717
131 1.69677
132 1.70448
133 1.71245
134 1.72049
135 1.72493
136 1.72994
137 1.73453
138 1.7419
139 1.76366
140 1.77877
141 1.78412
142 1.78821
143 1.8036
144 1.81493
145 1.82414
146 1.83217
147 1.83881
148 1.84485
149 1.86275
150 1.87533
151 1.88176
152 1.89748
153 1.9033
154 1.91906
155 1.92397
156 1.9334
157 1.93994
158 1.97028
159 1.97465
160 1.97888
161 1.9832
162 1.98951
163 2.01845
164 2.02295
165 2.03682
166 2.0459
167 2.0669
168 2.07696
169 2.08133
170 2.08761
171 2.0945
172 2.10011
173 2.12859
174 2.15125
175 2.15454
176 2.17276
177 2.20225
178 2.20854
179 2.23128
180 2.24879
181 2.26024
182 2.26512
183 2.27902
184 2.29663
185 2.30981
186 2.32496
187 2.32956
188 2.33318
189 2.34282
190 2.34626
191 2.35972
192 2.37225
193 2.40079
194 2.40487
195 2.41502
196 2.41875
197 2.42323
198 2.42896
199 2.43724
200 2.46321
201 2.48247
202 2.50513
203 2.51563
204 2.52449
205 2.52744
206 2.5634
207 2.58572
208 2.5914
209 2.62116
210 2.63255
211 2.64147
212 2.64544
213 2.66238
214 2.66854
215 2.69569
216 2.71348
217 2.71812
218 2.71904
219 2.7337
220 2.7432
221 2.77186
222 2.78954
223 2.82749
224 2.85688
225 2.86049
226 2.86556
227 2.86919
228 2.89074
229 2.89621
230 2.9076
231 2.92678
232 2.94108
233 2.94666
234 2.95465
235 2.97286
236 2.97704
237 2.98817
238 2.99869
