1 0.00633
2 0.01321
3 0.01734
4 0.02206
5 0.02625
6 0.0315
7 0.03793
8 0.03927
9 0.05694
10 0.06263
11 0.06815
12 0.10024
13 0.13876
14 0.14332
15 0.14719
16 0.15222
17 0.15806
18 0.16299
19 0.16777
20 0.18745
21 0.19418
22 0.23167
23 0.24959
24 0.25265
25 0.26663
26 0.27274
27 0.27962
28 0.30182
29 0.30513
30 0.31393
31 0.31981
32 0.32068
33 0.3381
34 0.34319
35 0.34991
36 0.36636
37 0.38061
38 0.39644
39 0.41524
40 0.43058
41 0.46046
42 0.46947
43 0.47805
44 0.48306
45 0.48808
46 0.49387
47 0.50342
48 0.50775
49 0.51241
50 0.51614
51 0.52612
52 0.54764
53 0.55723
54 0.57441
55 0.60262
56 0.60668
57 0.64338
58 0.6449
59 0.65601
60 0.66568
61 0.69244
62 0.70135
63 0.70551
64 0.71076
65 0.72253
66 0.72615
67 0.74531
68 0.75864
69 0.77162
70 0.77641
71 0.78557
72 0.79074
73 0.81472
74 0.82307
75 0.86189
76 0.86653
77 0.8983
78 0.90217
79 0.90972
80 0.91518
81 0.92139
82 0.95547
83 0.95885
84 0.96608
85 0.97852
86 0.99226
87 1.00682
88 1.01709
89 1.02464
90 1.04973
91 1.0553
92 1.0652
93 1.09313
94 1.10894
95 1.14095
96 1.1458
97 1.15235
98 1.15886
99 1.16374
100 1.20264
101 1.2072
102 1.21593
103 1.23199
104 1.23554
105 1.25543
106 1.26001
107 1.26353
108 1.27444
109 1.28143
110 1.29634
111 1.31789
112 1.32382
113 1.32931
114 1.36823
115 1.37959
116 1.40022
117 1.407
118 1.41017
119 1.44248
120 1.46274
121 1.47562
122 1.48536
123 1.4935
124 1.5286
125 1.54297
126 1.5585
127 1.56441
128 1.56577
129 1.57082
130 1.58494
131 1.58959
132 1.61329
133 1.63676
134 1.69649
135 1.71634
136 1.72095
137 1.73002
138 1.73793
139 1.75328
140 1.77288
141 1.77809
142 1.79885
143 1.8525
144 1.85783
145 1.86174
146 1.89702
147 1.89838
148 1.90233
149 1.907
150 1.91791
151 1.92316
152 1.94349
153 1.95392
154 1.96023
155 1.96708
156 1.97845
157 2.02538
158 2.03712
159 2.05377
160 2.06319
161 2.07613
162 2.13404
163 2.14286
164 2.14615
165 2.18765
166 2.21216
167 2.22207
168 2.24441
169 2.24832
170 2.2568
171 2.27353
172 2.30494
173 2.32542
174 2.37177
175 2.39062
176 2.39516
177 2.40581
178 2.40934
179 2.41403
180 2.44392
181 2.45433
182 2.47167
183 2.4763
184 2.4836
185 2.49231
186 2.51154
187 2.52852
188 2.53759
189 2.54704
190 2.55306
191 2.55908
192 2.568
193 2.57978
194 2.58906
195 2.6323
196 2.6413
197 2.65191
198 2.66242
199 2.67763
200 2.68244
201 2.70132
202 2.70608
203 2.71008
204 2.71818
205 2.72331
206 2.7338
207 2.76011
208 2.77153
209 2.77586
210 2.80128
211 2.824
212 2.87358
213 2.88476
214 2.8968
215 2.90889
216 2.92048
217 2.94947
218 2.967
219 2.97184
220 2.99291
221 2.99762
