1 0.00426
2 0.01213
3 0.0214
4 0.02307
5 0.02639
6 0.03338
7 0.04423
8 0.07336
9 0.07737
10 0.0934
11 0.09775
12 0.10855
13 0.11904
14 0.13
15 0.17366
16 0.17509
17 0.17921
18 0.18784
19 0.19455
20 0.21385
21 0.22697
22 0.24921
23 0.26199
24 0.27117
25 0.27369
26 0.27815
27 0.28591
28 0.29299
29 0.30228
30 0.3072
31 0.31607
32 0.32052
33 0.32572
34 0.33247
35 0.33806
36 0.35491
37 0.35802
38 0.36811
39 0.37084
40 0.37399
41 0.38784
42 0.39323
43 0.40344
44 0.41364
45 0.46103
46 0.46568
47 0.47591
48 0.49027
49 0.49596
50 0.49972
51 0.50392
52 0.5156
53 0.51882
54 0.52007
55 0.52418
56 0.52953
57 0.53232
58 0.53962
59 0.5624
60 0.57645
61 0.59202
62 0.61335
63 0.62798
64 0.64928
65 0.6632
66 0.66472
67 0.67163
68 0.68362
69 0.71003
70 0.71458
71 0.71811
72 0.71945
73 0.72331
74 0.73244
75 0.73807
76 0.74092
77 0.74353
78 0.74626
79 0.74891
80 0.75576
81 0.76427
82 0.76708
83 0.78681
84 0.7988
85 0.80693
86 0.81161
87 0.82342
88 0.83903
89 0.84074
90 0.84226
91 0.84543
92 0.86166
93 0.8689
94 0.87039
95 0.87262
96 0.9012
97 0.90914
98 0.91702
99 0.91998
100 0.92264
101 0.93158
102 0.9381
103 0.94961
104 0.95104
105 0.97327
106 0.97951
107 0.99439
108 1.01316
109 1.01688
110 1.01898
111 1.03111
112 1.04077
113 1.06316
114 1.07142
115 1.08454
116 1.09147
117 1.1097
118 1.11323
119 1.13104
120 1.13698
121 1.1398
122 1.14877
123 1.16524
124 1.17109
125 1.18771
126 1.1888
127 1.19339
128 1.21675
129 1.22171
130 1.23072
131 1.25867
132 1.26581
133 1.2724
134 1.27799
135 1.27994
136 1.29819
137 1.30502
138 1.31634
139 1.32182
140 1.33017
141 1.3383
142 1.34512
143 1.34688
144 1.34932
145 1.35268
146 1.36818
147 1.37209
148 1.38715
149 1.43088
150 1.43406
151 1.44573
152 1.45602
153 1.46757
154 1.48778
155 1.49147
156 1.50891
157 1.51326
158 1.53898
159 1.54451
160 1.55068
161 1.56379
162 1.57403
163 1.60132
164 1.60471
165 1.62618
166 1.6364
167 1.64816
168 1.65263
169 1.65596
170 1.66013
171 1.66147
172 1.67074
173 1.69106
174 1.69609
175 1.71523
176 1.71812
177 1.73016
178 1.76229
179 1.76749
180 1.76875
181 1.77852
182 1.79056
183 1.79403
184 1.80869
185 1.81539
186 1.8209
187 1.84367
188 1.85842
189 1.87158
190 1.89123
191 1.90577
192 1.91052
193 1.91351
194 1.9145
195 1.93179
196 1.94766
197 1.954
198 1.95528
199 1.97244
200 2.00611
201 2.02116
202 2.02804
203 2.03672
204 2.04263
205 2.07695
206 2.0939
207 2.10574
208 2.10823
209 2.11254
210 2.11618
211 2.14334
212 2.16084
213 2.16237
214 2.18449
215 2.19993
216 2.22392
217 2.25066
218 2.2605
219 2.2664
220 2.28353
221 2.29025
222 2.29796
223 2.30528
224 2.31467
225 2.32202
226 2.3314
227 2.33428
228 2.34844
229 2.35172
230 2.38559
231 2.38887
232 2.4163
233 2.41779
234 2.43051
235 2.43339
236 2.44333
237 2.44478
238 2.46362
239 2.47251
240 2.50107
241 2.50901
242 2.53974
243 2.55124
244 2.56162
245 2.57149
246 2.63716
247 2.6531
248 2.67434
249 2.71789
250 2.74352
251 2.7546
252 2.7574
253 2.77858
254 2.77977
255 2.78639
256 2.79546
257 2.82118
258 2.836
259 2.83949
260 2.84452
261 2.86272
262 2.88526
263 2.89162
264 2.8947
265 2.91965
266 2.92984
267 2.93145
268 2.94785
269 2.96607
270 2.97374
271 2.99367
