1 0.00485
2 0.01203
3 0.02676
4 0.02788
5 0.03796
6 0.04019
7 0.05089
8 0.06929
9 0.0788
10 0.08716
11 0.09907
12 0.10503
13 0.11534
14 0.11709
15 0.12672
16 0.1472
17 0.14994
18 0.15399
19 0.18785
20 0.19313
21 0.19553
22 0.20374
23 0.22652
24 0.23209
25 0.24963
26 0.26912
27 0.27253
28 0.28524
29 0.29024
30 0.29519
31 0.29834
32 0.31042
33 0.31789
34 0.32227
35 0.33332
36 0.34012
37 0.34492
38 0.34805
39 0.36749
40 0.3759
41 0.3831
42 0.38976
43 0.39184
44 0.39597
45 0.40123
46 0.40593
47 0.40722
48 0.42
49 0.43826
50 0.4512
51 0.45792
52 0.46685
53 0.49311
54 0.49837
55 0.50897
56 0.51355
57 0.53629
58 0.54225
59 0.5459
60 0.54716
61 0.55273
62 0.57685
63 0.58856
64 0.59598
65 0.60415
66 0.60807
67 0.61447
68 0.63563
69 0.6466
70 0.65178
71 0.67208
72 0.68145
73 0.69072
74 0.70021
75 0.70679
76 0.70979
77 0.71526
78 0.75501
79 0.75852
80 0.76721
81 0.77277
82 0.78181
83 0.79081
84 0.79978
85 0.80977
86 0.82316
87 0.82881
88 0.83279
89 0.8465
90 0.85476
91 0.86029
92 0.87363
93 0.88554
94 0.9023
95 0.91849
96 0.93015
97 0.93164
98 0.94058
99 0.94315
100 0.95702
101 0.96306
102 0.9753
103 1.00069
104 1.00912
105 1.01439
106 1.01994
107 1.04295
108 1.04757
109 1.05963
110 1.06177
111 1.07129
112 1.07371
113 1.08971
114 1.09333
115 1.09872
116 1.10586
117 1.12923
118 1.1336
119 1.14016
120 1.14826
121 1.16299
122 1.16593
123 1.17227
124 1.1852
125 1.19066
126 1.20492
127 1.22685
128 1.2305
129 1.25895
130 1.26143
131 1.27343
132 1.27767
133 1.28698
134 1.29729
135 1.30048
136 1.30213
137 1.3091
138 1.3108
139 1.31454
140 1.31993
141 1.32803
142 1.33409
143 1.3395
144 1.38095
145 1.38896
146 1.40362
147 1.43138
148 1.4441
149 1.46348
150 1.46689
151 1.47228
152 1.4885
153 1.50522
154 1.51051
155 1.52073
156 1.52644
157 1.5286
158 1.53432
159 1.5464
160 1.54944
161 1.55282
162 1.5632
163 1.57534
164 1.57973
165 1.58207
166 1.58405
167 1.5873
168 1.59084
169 1.60064
170 1.61216
171 1.62098
172 1.6325
173 1.64637
174 1.64942
175 1.6594
176 1.66219
177 1.67885
178 1.68034
179 1.68932
180 1.69861
181 1.70225
182 1.7058
183 1.74335
184 1.77129
185 1.78043
186 1.78257
187 1.78827
188 1.79698
189 1.79997
190 1.80522
191 1.81957
192 1.83251
193 1.83832
194 1.8568
195 1.87917
196 1.88196
197 1.88379
198 1.89899
199 1.9085
200 1.91369
201 1.93221
202 1.94594
203 1.94966
204 1.95144
205 1.96981
206 1.99529
207 2.03405
208 2.04081
209 2.05238
210 2.05678
211 2.0603
212 2.06666
213 2.0691
214 2.07929
215 2.08716
216 2.09509
217 2.11098
218 2.11979
219 2.12241
220 2.12962
221 2.13188
222 2.13573
223 2.14521
224 2.14775
225 2.15469
226 2.16209
227 2.16747
228 2.17146
229 2.17829
230 2.19343
231 2.19872
232 2.20075
233 2.20586
234 2.21061
235 2.21918
236 2.2343
237 2.24645
238 2.25207
239 2.25907
240 2.26971
241 2.27919
242 2.28448
243 2.29332
244 2.29957
245 2.30388
246 2.30541
247 2.31228
248 2.31473
249 2.31881
250 2.32507
251 2.33735
252 2.33968
253 2.34453
254 2.34961
255 2.35895
256 2.37207
257 2.37954
258 2.38702
259 2.392
260 2.39971
261 2.40713
262 2.41104
263 2.41934
264 2.43345
265 2.45002
266 2.465
267 2.49378
268 2.49951
269 2.50465
270 2.53375
271 2.53728
272 2.54453
273 2.55284
274 2.55738
275 2.55955
276 2.56596
277 2.5686
278 2.58207
279 2.59402
280 2.59653
281 2.61732
282 2.6283
283 2.64265
284 2.66845
285 2.67046
286 2.68026
287 2.69658
288 2.70537
289 2.71031
290 2.71326
291 2.71659
292 2.71827
293 2.7398
294 2.74276
295 2.75546
296 2.7598
297 2.77626
298 2.78151
299 2.78741
300 2.79154
301 2.81674
302 2.82003
303 2.82467
304 2.88154
305 2.89055
306 2.89191
307 2.89766
308 2.90674
309 2.91165
310 2.91466
311 2.93602
312 2.95594
313 2.95791
314 2.96254
315 2.97471
316 2.99437
317 2.99721
