1 0.00561
2 0.00804
3 0.01299
4 0.01868
5 0.02347
6 0.02929
7 0.03228
8 0.04104
9 0.05053
10 0.05446
11 0.05662
12 0.06974
13 0.07341
14 0.08856
15 0.10504
16 0.11413
17 0.1197
18 0.12753
19 0.13069
20 0.13987
21 0.14531
22 0.14822
23 0.16226
24 0.19292
25 0.1955
26 0.20517
27 0.20695
28 0.21924
29 0.22363
30 0.22611
31 0.23017
32 0.23953
33 0.24287
34 0.24535
35 0.25172
36 0.2667
37 0.27756
38 0.28079
39 0.29169
40 0.3002
41 0.30345
42 0.32232
43 0.33328
44 0.34315
45 0.3518
46 0.36718
47 0.37064
48 0.37564
49 0.37779
50 0.40157
51 0.40702
52 0.40977
53 0.41712
54 0.42
55 0.42681
56 0.43898
57 0.44159
58 0.45349
59 0.45628
60 0.46257
61 0.47126
62 0.4781
63 0.50269
64 0.51943
65 0.53203
66 0.536
67 0.53818
68 0.54025
69 0.55227
70 0.55916
71 0.56168
72 0.56719
73 0.56945
74 0.57562
75 0.58616
76 0.60195
77 0.61136
78 0.65281
79 0.66897
80 0.68748
81 0.69005
82 0.7003
83 0.70312
84 0.70718
85 0.71711
86 0.73214
87 0.73442
88 0.75752
89 0.7704
90 0.77333
91 0.78379
92 0.7972
93 0.80563
94 0.81344
95 0.81851
96 0.82255
97 0.83032
98 0.83659
99 0.84839
100 0.85497
101 0.85976
102 0.86635
103 0.87378
104 0.8791
105 0.89311
106 0.89911
107 0.90236
108 0.90453
109 0.91445
110 0.92479
111 0.93467
112 0.93897
113 0.94479
114 0.95041
115 0.95458
116 0.96413
117 0.97093
118 0.98936
119 0.99578
120 1.01641
121 1.01901
122 1.02644
123 1.03779
124 1.04629
125 1.07183
126 1.08031
127 1.08392
128 1.09713
129 1.0996
130 1.10363
131 1.10823
132 1.12746
133 1.13476
134 1.14006
135 1.15299
136 1.15803
137 1.16462
138 1.17005
139 1.18803
140 1.196
141 1.19821
142 1.20105
143 1.214
144 1.21873
145 1.22076
146 1.22862
147 1.23483
148 1.24624
149 1.25191
150 1.26071
151 1.26536
152 1.27445
153 1.30115
154 1.30576
155 1.30827
156 1.32118
157 1.3294
158 1.33503
159 1.34497
160 1.36952
161 1.3783
162 1.38122
163 1.38946
164 1.3994
165 1.40935
166 1.4188
167 1.42529
168 1.42836
169 1.43613
170 1.45024
171 1.4579
172 1.46507
173 1.46869
174 1.47189
175 1.48339
176 1.4916
177 1.50233
178 1.52801
179 1.53523
180 1.54111
181 1.56533
182 1.57029
183 1.5884
184 1.60292
185 1.61483
186 1.62237
187 1.62955
188 1.63405
189 1.64194
190 1.66216
191 1.67971
192 1.6952
193 1.69981
194 1.73578
195 1.75576
196 1.76678
197 1.782
198 1.78646
199 1.79129
200 1.80517
201 1.80802
202 1.81105
203 1.81397
204 1.817
205 1.82604
206 1.86301
207 1.86645
208 1.87168
209 1.87673
210 1.88681
211 1.8928
212 1.90931
213 1.91956
214 1.9322
215 1.94228
216 1.94806
217 1.96931
218 1.97447
219 1.9817
220 1.99071
221 2.00129
222 2.00584
223 2.0227
224 2.03219
225 2.04231
226 2.05541
227 2.07046
228 2.08664
229 2.09242
230 2.10814
231 2.11515
232 2.1302
233 2.1411
234 2.15958
235 2.17595
236 2.1884
237 2.19859
238 2.20753
239 2.21721
240 2.23625
241 2.24853
242 2.25558
243 2.25958
244 2.26187
245 2.28735
246 2.30742
247 2.31713
248 2.31897
249 2.32617
250 2.3284
251 2.33521
252 2.33793
253 2.34168
254 2.34485
255 2.35149
256 2.35756
257 2.36966
258 2.38648
259 2.39837
260 2.41737
261 2.42576
262 2.43188
263 2.44011
264 2.44931
265 2.46785
266 2.47088
267 2.48563
268 2.49711
269 2.51007
270 2.51508
271 2.52243
272 2.54942
273 2.58114
274 2.59286
275 2.60455
276 2.61891
277 2.63073
278 2.63641
279 2.66013
280 2.67069
281 2.67491
282 2.68842
283 2.70875
284 2.72192
285 2.72816
286 2.73227
287 2.74079
288 2.74715
289 2.75625
290 2.77884
291 2.78373
292 2.80728
293 2.82525
294 2.83605
295 2.8592
296 2.86278
297 2.87889
298 2.90085
299 2.90362
300 2.91937
301 2.9234
302 2.94014
303 2.94814
304 2.96793
305 2.97818
306 2.98038
307 2.98255
308 2.98804
309 2.99669
310 2.99858
