1 0.00941
2 0.03448
3 0.04607
4 0.05352
5 0.08472
6 0.12454
7 0.15265
8 0.1542
9 0.15914
10 0.18548
11 0.20749
12 0.20873
13 0.22245
14 0.23743
15 0.2468
16 0.26993
17 0.28787
18 0.30651
19 0.32058
20 0.3562
21 0.35724
22 0.37406
23 0.41069
24 0.41645
25 0.4558
26 0.46145
27 0.49149
28 0.51771
29 0.53694
30 0.57751
31 0.61794
32 0.64506
33 0.65274
34 0.67446
35 0.72794
36 0.74431
37 0.75194
38 0.80975
39 0.81652
40 0.83208
41 0.86755
42 0.91774
43 0.9402
44 0.94534
45 0.9805
46 0.98794
47 0.9974
48 1.01962
49 1.0263
50 1.03974
51 1.04477
52 1.08681
53 1.10117
54 1.11127
55 1.13838
56 1.1753
57 1.1867
58 1.2245
59 1.26618
60 1.29081
61 1.3031
62 1.32019
63 1.38926
64 1.44261
65 1.45018
66 1.45944
67 1.47369
68 1.48029
69 1.49671
70 1.50515
71 1.53297
72 1.56717
73 1.57594
74 1.60688
75 1.65569
76 1.68269
77 1.7218
78 1.72628
79 1.7548
80 1.79995
81 1.81208
82 1.82712
83 1.83454
84 1.84887
85 1.86519
86 1.88338
87 1.88808
88 1.90478
89 1.96182
90 1.96746
91 2.02575
92 2.03244
93 2.03907
94 2.07689
95 2.11144
96 2.12961
97 2.1552
98 2.16275
99 2.16924
100 2.17412
101 2.1855
102 2.19318
103 2.20512
104 2.27411
105 2.28067
106 2.32179
107 2.34134
108 2.3936
109 2.40868
110 2.42591
111 2.45634
112 2.46958
113 2.49289
114 2.50105
115 2.51403
116 2.53381
117 2.54878
118 2.55526
119 2.56936
120 2.57724
121 2.58604
122 2.61274
123 2.62773
124 2.68004
125 2.7432
126 2.77278
127 2.79021
128 2.84388
129 2.87083
130 2.87696
131 2.91496
132 2.93774
133 2.95724
134 2.97416
135 2.98771
136 2.9939
137 2.99577
