1 0.00197
2 0.00566
3 0.0128
4 0.01896
5 0.02088
6 0.02201
7 0.02959
8 0.03232
9 0.04124
10 0.04533
11 0.0478
12 0.04902
13 0.05485
14 0.05845
15 0.06238
16 0.06596
17 0.06862
18 0.07212
19 0.07839
20 0.08416
21 0.08888
22 0.09616
23 0.10124
24 0.11033
25 0.12153
26 0.13213
27 0.1382
28 0.14452
29 0.15418
30 0.15988
31 0.16786
32 0.16884
33 0.19079
34 0.20817
35 0.21075
36 0.21438
37 0.22146
38 0.22481
39 0.22933
40 0.23098
41 0.23662
42 0.23793
43 0.24347
44 0.24639
45 0.24948
46 0.25238
47 0.27297
48 0.28246
49 0.28754
50 0.28961
51 0.30119
52 0.31074
53 0.32291
54 0.33184
55 0.34709
56 0.35417
57 0.36737
58 0.3706
59 0.38242
60 0.38933
61 0.39381
62 0.41332
63 0.41688
64 0.43809
65 0.44063
66 0.44888
67 0.45385
68 0.45734
69 0.46112
70 0.47343
71 0.49034
72 0.49187
73 0.49964
74 0.51021
75 0.5164
76 0.53025
77 0.54315
78 0.55006
79 0.55349
80 0.55747
81 0.56142
82 0.56722
83 0.57784
84 0.58454
85 0.58871
86 0.59426
87 0.60015
88 0.60803
89 0.61942
90 0.62589
91 0.63212
92 0.63851
93 0.64715
94 0.64966
95 0.65263
96 0.65556
97 0.65745
98 0.66338
99 0.66825
100 0.67679
101 0.68097
102 0.68509
103 0.69057
104 0.69464
105 0.70625
106 0.71119
107 0.72368
108 0.74047
109 0.74789
110 0.74952
111 0.75445
112 0.75645
113 0.77535
114 0.78366
115 0.79129
116 0.79866
117 0.80199
118 0.81915
119 0.82082
120 0.82434
121 0.82957
122 0.83355
123 0.83762
124 0.84106
125 0.84449
126 0.84981
127 0.85337
128 0.85464
129 0.85842
130 0.86777
131 0.88931
132 0.90702
133 0.90978
134 0.91701
135 0.92263
136 0.92522
137 0.92793
138 0.93962
139 0.9415
140 0.94688
141 0.95126
142 0.96119
143 0.96976
144 0.98905
145 0.99708
146 1.00267
147 1.01355
148 1.01826
149 1.02052
150 1.03167
151 1.03636
152 1.04554
153 1.05186
154 1.05916
155 1.06173
156 1.06937
157 1.0806
158 1.09135
159 1.12547
160 1.12997
161 1.13832
162 1.15207
163 1.17116
164 1.17845
165 1.19096
166 1.19599
167 1.20035
168 1.20475
169 1.2162
170 1.21886
171 1.24138
172 1.24559
173 1.24858
174 1.25836
175 1.26167
176 1.26757
177 1.27367
178 1.28373
179 1.28591
180 1.29255
181 1.29468
182 1.29853
183 1.30012
184 1.31694
185 1.31867
186 1.32181
187 1.3408
188 1.35073
189 1.35675
190 1.36145
191 1.37298
192 1.37648
193 1.39134
194 1.39732
195 1.40137
196 1.40796
197 1.42001
198 1.42794
199 1.45272
200 1.47665
201 1.4897
202 1.49749
203 1.50525
204 1.50752
205 1.51538
206 1.51792
207 1.52066
208 1.52975
209 1.54386
210 1.54985
211 1.55473
212 1.56651
213 1.5746
214 1.58411
215 1.58666
216 1.60066
217 1.60437
218 1.60759
219 1.6105
220 1.62339
221 1.62931
222 1.63457
223 1.64368
224 1.65557
225 1.6572
226 1.6596
227 1.68133
228 1.68275
229 1.70262
230 1.71632
231 1.71948
232 1.72491
233 1.74263
234 1.74709
235 1.7527
236 1.75928
237 1.76199
238 1.7649
239 1.78376
240 1.79405
241 1.80715
242 1.81365
243 1.82119
244 1.82922
245 1.83083
246 1.84645
247 1.84971
248 1.85361
249 1.85603
250 1.85894
251 1.86157
252 1.86556
253 1.87286
254 1.87517
255 1.88097
256 1.88379
257 1.89726
258 1.90544
259 1.92158
260 1.92687
261 1.93731
262 1.94894
263 1.95364
264 1.96538
265 1.97102
266 1.97303
267 1.97911
268 1.99199
269 2.00365
270 2.01316
271 2.02086
272 2.02803
273 2.04063
274 2.0549
275 2.06221
276 2.0737
277 2.07813
278 2.08357
279 2.08877
280 2.10198
281 2.11914
282 2.12109
283 2.14041
284 2.14975
285 2.16417
286 2.16726
287 2.17057
288 2.17369
289 2.17873
290 2.19151
291 2.19815
292 2.20207
293 2.21134
294 2.21313
295 2.2226
296 2.24348
297 2.24558
298 2.25166
299 2.26011
300 2.2659
301 2.27162
302 2.27706
303 2.28738
304 2.29348
305 2.30542
306 2.30687
307 2.31146
308 2.32244
309 2.32887
310 2.33247
311 2.33917
312 2.34838
313 2.35529
314 2.36034
315 2.37542
316 2.38233
317 2.39315
318 2.40159
319 2.40923
320 2.41436
321 2.41717
322 2.42086
323 2.42682
324 2.43482
325 2.44067
326 2.44488
327 2.44955
328 2.45603
329 2.46002
330 2.46165
331 2.47448
332 2.48193
333 2.49476
334 2.50478
335 2.51403
336 2.52178
337 2.52352
338 2.52859
339 2.54063
340 2.54255
341 2.55182
342 2.56532
343 2.58022
344 2.5854
345 2.5913
346 2.59444
347 2.60455
348 2.6148
349 2.62461
350 2.63087
351 2.63678
352 2.63845
353 2.65204
354 2.66186
355 2.68897
356 2.69644
357 2.70724
358 2.71122
359 2.71366
360 2.7164
361 2.72394
362 2.73995
363 2.74301
364 2.74488
365 2.75064
366 2.76481
367 2.77857
368 2.79171
369 2.80344
370 2.80808
371 2.81139
372 2.83118
373 2.83813
374 2.8432
375 2.85288
376 2.88028
377 2.88303
378 2.8864
379 2.9048
380 2.90913
381 2.92832
382 2.9362
383 2.94366
384 2.95277
385 2.95876
386 2.96447
387 2.9681
388 2.97377
389 2.98038
390 2.98561
391 2.99142
392 2.99921
