1 0.03185
2 0.04039
3 0.04418
4 0.04687
5 0.05072
6 0.0564
7 0.05843
8 0.06124
9 0.06832
10 0.07432
11 0.09403
12 0.0972
13 0.11636
14 0.1268
15 0.13974
16 0.14228
17 0.15051
18 0.15335
19 0.15639
20 0.15985
21 0.16903
22 0.17344
23 0.20025
24 0.20629
25 0.20872
26 0.21108
27 0.23985
28 0.24146
29 0.25367
30 0.26709
31 0.28246
32 0.28749
33 0.3031
34 0.31525
35 0.34937
36 0.35783
37 0.35993
38 0.37443
39 0.38418
40 0.40056
41 0.42489
42 0.43063
43 0.44123
44 0.44338
45 0.45029
46 0.4819
47 0.49666
48 0.50624
49 0.52818
50 0.54007
51 0.55761
52 0.56117
53 0.56817
54 0.5742
55 0.58436
56 0.59558
57 0.61797
58 0.62841
59 0.63854
60 0.64053
61 0.64615
62 0.65149
63 0.6534
64 0.65957
65 0.66437
66 0.68658
67 0.7006
68 0.71425
69 0.71635
70 0.73124
71 0.7387
72 0.74153
73 0.75103
74 0.75514
75 0.77993
76 0.79281
77 0.79857
78 0.80575
79 0.80767
80 0.80996
81 0.8243
82 0.8539
83 0.86092
84 0.87449
85 0.87863
86 0.88628
87 0.90448
88 0.91759
89 0.92765
90 0.93456
91 0.93827
92 0.94061
93 0.94294
94 0.95314
95 0.96004
96 0.96255
97 0.97914
98 0.98794
99 0.99243
100 0.99706
101 1.01504
102 1.02886
103 1.04559
104 1.05258
105 1.05492
106 1.06087
107 1.06425
108 1.06868
109 1.07216
110 1.09214
111 1.09811
112 1.10289
113 1.1056
114 1.11591
115 1.13868
116 1.14719
117 1.15234
118 1.16006
119 1.16667
120 1.18011
121 1.18959
122 1.19804
123 1.20567
124 1.23833
125 1.25165
126 1.26735
127 1.27169
128 1.28358
129 1.28735
130 1.29967
131 1.31011
132 1.31464
133 1.32304
134 1.34199
135 1.36247
136 1.38532
137 1.39225
138 1.40536
139 1.40912
140 1.41356
141 1.42081
142 1.42735
143 1.42885
144 1.43523
145 1.44001
146 1.44418
147 1.44757
148 1.45046
149 1.47779
150 1.47976
151 1.48678
152 1.49765
153 1.50394
154 1.51492
155 1.52657
156 1.54313
157 1.55161
158 1.5575
159 1.56009
160 1.56932
161 1.59319
162 1.59957
163 1.60258
164 1.61835
165 1.62043
166 1.62656
167 1.6304
168 1.63416
169 1.63804
170 1.66752
171 1.67653
172 1.67956
173 1.69301
174 1.73152
175 1.73796
176 1.74616
177 1.77054
178 1.7863
179 1.79944
180 1.80229
181 1.80759
182 1.81678
183 1.83096
184 1.85864
185 1.8621
186 1.87074
187 1.8792
188 1.88175
189 1.88625
190 1.88943
191 1.8952
192 1.90015
193 1.90606
194 1.9141
195 1.92669
196 1.95628
197 1.97352
198 1.97604
199 1.98963
200 2.03099
201 2.03843
202 2.05449
203 2.06131
204 2.08003
205 2.08686
206 2.09925
207 2.10795
208 2.13469
209 2.1371
210 2.14998
211 2.15207
212 2.16357
213 2.16917
214 2.17493
215 2.17961
216 2.18629
217 2.19659
218 2.20825
219 2.22844
220 2.23284
221 2.23759
222 2.26956
223 2.27829
224 2.28347
225 2.29142
226 2.30127
227 2.3043
228 2.3067
229 2.31352
230 2.35263
231 2.3574
232 2.36368
233 2.36667
234 2.37795
235 2.39927
236 2.40344
237 2.40795
238 2.43577
239 2.43938
240 2.45135
241 2.47649
242 2.48189
243 2.48817
244 2.49017
245 2.4942
246 2.49897
247 2.54278
248 2.56268
249 2.57269
250 2.58471
251 2.58881
252 2.59987
253 2.61005
254 2.61575
255 2.62258
256 2.63014
257 2.64264
258 2.64898
259 2.66999
260 2.68753
261 2.69713
262 2.69952
263 2.70475
264 2.73998
265 2.7487
266 2.77689
267 2.78206
268 2.78812
269 2.79584
270 2.80482
271 2.80708
272 2.81128
273 2.85288
274 2.86439
275 2.86666
276 2.87561
277 2.87868
278 2.88961
279 2.89433
280 2.8969
281 2.90446
282 2.9248
283 2.9349
284 2.93992
285 2.9523
286 2.98234
287 2.98687
288 2.98976
