1 0.01313
2 0.02607
3 0.03025
4 0.0328
5 0.03519
6 0.04699
7 0.05455
8 0.06745
9 0.08491
10 0.09061
11 0.10983
12 0.11806
13 0.12073
14 0.14507
15 0.15153
16 0.15428
17 0.16507
18 0.16801
19 0.18406
20 0.1895
21 0.19803
22 0.20061
23 0.2045
24 0.21327
25 0.2265
26 0.23994
27 0.24724
28 0.24944
29 0.25386
30 0.26175
31 0.26389
32 0.2746
33 0.28544
34 0.29674
35 0.30745
36 0.31351
37 0.31653
38 0.32529
39 0.33845
40 0.3473
41 0.35247
42 0.36655
43 0.37454
44 0.38121
45 0.40113
46 0.40422
47 0.40962
48 0.41666
49 0.42061
50 0.42678
51 0.43113
52 0.44682
53 0.4629
54 0.48058
55 0.48336
56 0.51213
57 0.52395
58 0.52852
59 0.53183
60 0.53594
61 0.54057
62 0.54468
63 0.55233
64 0.56187
65 0.56661
66 0.56954
67 0.57553
68 0.57821
69 0.6039
70 0.61654
71 0.64936
72 0.66283
73 0.66934
74 0.6816
75 0.70013
76 0.71308
77 0.7217
78 0.72471
79 0.72666
80 0.73471
81 0.74025
82 0.76204
83 0.76487
84 0.78025
85 0.78372
86 0.80392
87 0.80668
88 0.81018
89 0.81345
90 0.81975
91 0.84611
92 0.8572
93 0.85924
94 0.86433
95 0.86873
96 0.87105
97 0.87504
98 0.87831
99 0.88168
100 0.88498
101 0.89343
102 0.91078
103 0.9243
104 0.93204
105 0.93908
106 0.95438
107 0.96519
108 0.97102
109 0.9738
110 0.98591
111 0.9908
112 1.00005
113 1.01461
114 1.01693
115 1.0242
116 1.02684
117 1.03004
118 1.03829
119 1.04273
120 1.05528
121 1.06661
122 1.0721
123 1.08651
124 1.08875
125 1.09885
126 1.10103
127 1.10651
128 1.11567
129 1.11894
130 1.12323
131 1.1272
132 1.13988
133 1.1426
134 1.15083
135 1.15293
136 1.15807
137 1.16152
138 1.17113
139 1.18097
140 1.18432
141 1.19584
142 1.20087
143 1.22344
144 1.23245
145 1.26717
146 1.29671
147 1.30389
148 1.31402
149 1.3405
150 1.34307
151 1.34746
152 1.3559
153 1.37846
154 1.3956
155 1.39845
156 1.41281
157 1.41889
158 1.426
159 1.42863
160 1.43805
161 1.44395
162 1.44733
163 1.45063
164 1.46164
165 1.46891
166 1.47575
167 1.50235
168 1.51436
169 1.52246
170 1.53238
171 1.55711
172 1.56099
173 1.56771
174 1.5705
175 1.59426
176 1.59832
177 1.61916
178 1.63083
179 1.65466
180 1.66209
181 1.66813
182 1.68524
183 1.70624
184 1.7174
185 1.74042
186 1.77418
187 1.79502
188 1.79815
189 1.81117
190 1.82661
191 1.84274
192 1.8478
193 1.85648
194 1.8671
195 1.88942
196 1.89896
197 1.90927
198 1.92284
199 1.92652
200 1.93198
201 1.93504
202 1.94529
203 1.94801
204 1.96921
205 1.97405
206 1.98325
207 1.98599
208 1.98825
209 1.9909
210 1.99324
211 2.00188
212 2.01312
213 2.02147
214 2.02732
215 2.04287
216 2.07612
217 2.09456
218 2.12227
219 2.14549
220 2.15301
221 2.15671
222 2.18864
223 2.20465
224 2.22033
225 2.22393
226 2.23585
227 2.25107
228 2.26952
229 2.28144
230 2.30314
231 2.31131
232 2.317
233 2.32601
234 2.34073
235 2.34912
236 2.37429
237 2.3873
238 2.38965
239 2.39973
240 2.42864
241 2.43128
242 2.43456
243 2.45584
244 2.46098
245 2.47075
246 2.47688
247 2.48218
248 2.48533
249 2.49468
250 2.51543
251 2.54148
252 2.54963
253 2.55339
254 2.55976
255 2.58151
256 2.58932
257 2.59564
258 2.60076
259 2.60424
260 2.60911
261 2.62104
262 2.63392
263 2.64008
264 2.64702
265 2.66397
266 2.67132
267 2.67439
268 2.68063
269 2.69531
270 2.70249
271 2.71565
272 2.72063
273 2.72679
274 2.7471
275 2.75558
276 2.75848
277 2.76858
278 2.77465
279 2.79973
280 2.8068
281 2.81508
282 2.81803
283 2.82217
284 2.84975
285 2.8539
286 2.8592
287 2.87104
288 2.88042
289 2.88301
290 2.89035
291 2.89739
292 2.90128
293 2.91215
294 2.92689
295 2.92946
296 2.93952
297 2.95084
298 2.95404
299 2.96828
300 2.97556
301 2.98289
302 2.98549
303 2.98785
304 2.99606
