1 0.00398
2 0.02673
3 0.03882
4 0.0545
5 0.05763
6 0.07097
7 0.07489
8 0.0795
9 0.08306
10 0.09097
11 0.09936
12 0.10287
13 0.10847
14 0.13182
15 0.14566
16 0.16241
17 0.16566
18 0.16885
19 0.18265
20 0.20542
21 0.21076
22 0.22439
23 0.22692
24 0.24932
25 0.25569
26 0.26187
27 0.27225
28 0.2969
29 0.30137
30 0.31377
31 0.32717
32 0.33413
33 0.33899
34 0.34222
35 0.34547
36 0.35319
37 0.36037
38 0.37584
39 0.3823
40 0.40251
41 0.40995
42 0.41452
43 0.41705
44 0.42393
45 0.43754
46 0.45574
47 0.45966
48 0.46476
49 0.47561
50 0.49233
51 0.5156
52 0.52459
53 0.53539
54 0.54508
55 0.54841
56 0.55306
57 0.55949
58 0.56308
59 0.57025
60 0.57574
61 0.57989
62 0.58422
63 0.59994
64 0.61991
65 0.63933
66 0.64299
67 0.65475
68 0.66736
69 0.68615
70 0.69313
71 0.70544
72 0.71008
73 0.71354
74 0.72531
75 0.7282
76 0.74945
77 0.76657
78 0.78419
79 0.78872
80 0.80399
81 0.81787
82 0.82352
83 0.82759
84 0.83072
85 0.83494
86 0.84655
87 0.84977
88 0.85717
89 0.85999
90 0.86484
91 0.88709
92 0.91852
93 0.94116
94 0.94719
95 0.95114
96 0.95889
97 0.96092
98 0.9683
99 0.97546
100 0.99138
101 0.99615
102 1.02391
103 1.02849
104 1.04338
105 1.04753
106 1.06322
107 1.06715
108 1.0745
109 1.07823
110 1.08974
111 1.10131
112 1.12022
113 1.12826
114 1.13214
115 1.13609
116 1.1405
117 1.14422
118 1.15196
119 1.15834
120 1.16199
121 1.16777
122 1.19584
123 1.21058
124 1.21422
125 1.2211
126 1.2407
127 1.24772
128 1.24997
129 1.27945
130 1.28973
131 1.29493
132 1.30825
133 1.31776
134 1.33025
135 1.34687
136 1.34923
137 1.36137
138 1.36336
139 1.40556
140 1.40999
141 1.41978
142 1.42981
143 1.43989
144 1.45795
145 1.46207
146 1.47272
147 1.49264
148 1.50252
149 1.5234
150 1.54448
151 1.55834
152 1.5647
153 1.56857
154 1.57533
155 1.58217
156 1.58625
157 1.59251
158 1.60148
159 1.63549
160 1.65274
161 1.65564
162 1.66908
163 1.69176
164 1.69598
165 1.70406
166 1.70744
167 1.72334
168 1.75168
169 1.75603
170 1.77148
171 1.78665
172 1.79162
173 1.79692
174 1.80182
175 1.8072
176 1.81853
177 1.82381
178 1.83084
179 1.84115
180 1.84418
181 1.85574
182 1.87528
183 1.8813
184 1.88514
185 1.89687
186 1.9004
187 1.91016
188 1.91354
189 1.92742
190 1.95219
191 1.96302
192 1.97751
193 2.01081
194 2.03126
195 2.05332
196 2.06611
197 2.07048
198 2.07597
199 2.0874
200 2.14157
201 2.1454
202 2.14978
203 2.15978
204 2.17556
205 2.18982
206 2.20709
207 2.21077
208 2.21504
209 2.21818
210 2.22468
211 2.24785
212 2.25235
213 2.25607
214 2.27808
215 2.28312
216 2.29569
217 2.30762
218 2.32072
219 2.33556
220 2.35841
221 2.36216
222 2.36527
223 2.39417
224 2.4007
225 2.40526
226 2.40741
227 2.41786
228 2.42952
229 2.4623
230 2.4834
231 2.51046
232 2.54969
233 2.56656
234 2.56994
235 2.57375
236 2.57736
237 2.58191
238 2.58433
239 2.5855
240 2.59373
241 2.62071
242 2.64521
243 2.64708
244 2.65012
245 2.66165
246 2.66919
247 2.67509
248 2.68129
249 2.6883
250 2.68935
251 2.69358
252 2.70155
253 2.70892
254 2.74697
255 2.76016
256 2.76592
257 2.7799
258 2.78306
259 2.78804
260 2.79389
261 2.80112
262 2.81262
263 2.81634
264 2.81951
265 2.82253
266 2.82717
267 2.83015
268 2.83623
269 2.84586
270 2.85006
271 2.86817
272 2.8839
273 2.89156
274 2.9117
275 2.9171
276 2.92407
277 2.93362
278 2.95402
279 2.96176
280 2.97831
281 2.99696
