1 0.02814
2 0.04018
3 0.05267
4 0.06278
5 0.07779
6 0.08064
7 0.11494
8 0.12025
9 0.12927
10 0.13444
11 0.13928
12 0.15264
13 0.19385
14 0.23246
15 0.23875
16 0.26866
17 0.2806
18 0.28808
19 0.31488
20 0.33512
21 0.34053
22 0.34695
23 0.35103
24 0.36092
25 0.36775
26 0.38327
27 0.3969
28 0.41046
29 0.43953
30 0.47861
31 0.48308
32 0.48518
33 0.52743
34 0.54991
35 0.55734
36 0.6166
37 0.62678
38 0.63367
39 0.64023
40 0.64552
41 0.65305
42 0.65666
43 0.66729
44 0.67442
45 0.68128
46 0.68877
47 0.71096
48 0.73661
49 0.75164
50 0.75808
51 0.80855
52 0.82038
53 0.86148
54 0.91117
55 0.91795
56 0.92492
57 0.93069
58 0.93645
59 0.94399
60 0.96637
61 0.97873
62 1.01811
63 1.02498
64 1.03718
65 1.05138
66 1.07568
67 1.08031
68 1.09089
69 1.09559
70 1.1055
71 1.12168
72 1.12815
73 1.13413
74 1.13685
75 1.16104
76 1.16542
77 1.18744
78 1.19954
79 1.23245
80 1.23742
81 1.26411
82 1.29687
83 1.33214
84 1.35568
85 1.37066
86 1.38786
87 1.41137
88 1.47109
89 1.4857
90 1.5259
91 1.54249
92 1.54454
93 1.56608
94 1.57104
95 1.60077
96 1.62077
97 1.62793
98 1.63644
99 1.66211
100 1.6639
101 1.67396
102 1.68173
103 1.71302
104 1.72081
105 1.73542
106 1.75548
107 1.78054
108 1.79374
109 1.83236
110 1.85441
111 1.86915
112 1.87797
113 1.89849
114 1.90469
115 1.91905
116 1.92649
117 1.93411
118 1.97584
119 1.97959
120 1.99103
121 1.99638
122 2.02518
123 2.03902
124 2.05993
125 2.06781
126 2.0774
127 2.08876
128 2.11015
129 2.13024
130 2.14345
131 2.16078
132 2.16863
133 2.17992
134 2.21333
135 2.23977
136 2.24953
137 2.28068
138 2.29767
139 2.32149
140 2.33491
141 2.34302
142 2.37863
143 2.40219
144 2.40981
145 2.42415
146 2.43203
147 2.45455
148 2.48478
149 2.50051
150 2.51191
151 2.53389
152 2.5458
153 2.56838
154 2.57479
155 2.58664
156 2.59108
157 2.60746
158 2.6238
159 2.62849
160 2.63792
161 2.66458
162 2.66981
163 2.71097
164 2.72961
165 2.74285
166 2.74848
167 2.76448
168 2.77705
169 2.82418
170 2.82799
171 2.86556
172 2.86962
173 2.87552
174 2.89314
175 2.90975
176 2.91389
177 2.92738
178 2.92868
179 2.93405
180 2.94913
181 2.98127
182 2.98721
