1 0.00182
2 0.0036
3 0.00773
4 0.01107
5 0.01502
6 0.01847
7 0.0328
8 0.04169
9 0.04761
10 0.0618
11 0.06902
12 0.07125
13 0.07996
14 0.0857
15 0.10204
16 0.10502
17 0.10744
18 0.11375
19 0.11683
20 0.14298
21 0.14733
22 0.15543
23 0.16553
24 0.19305
25 0.21609
26 0.219
27 0.22194
28 0.22642
29 0.24327
30 0.24491
31 0.25331
32 0.25902
33 0.2648
34 0.2695
35 0.28257
36 0.28736
37 0.29295
38 0.29578
39 0.3061
40 0.3083
41 0.3125
42 0.31627
43 0.32356
44 0.32598
45 0.33548
46 0.3431
47 0.35131
48 0.35599
49 0.36644
50 0.36782
51 0.39382
52 0.40906
53 0.41609
54 0.4184
55 0.45141
56 0.47684
57 0.47939
58 0.49659
59 0.50041
60 0.50718
61 0.52526
62 0.53749
63 0.54961
64 0.55328
65 0.55778
66 0.5608
67 0.56447
68 0.56669
69 0.5723
70 0.57784
71 0.58516
72 0.58708
73 0.59051
74 0.61401
75 0.63194
76 0.64828
77 0.65071
78 0.65776
79 0.67328
80 0.68205
81 0.70355
82 0.70851
83 0.72015
84 0.72432
85 0.73052
86 0.7386
87 0.74377
88 0.75805
89 0.76024
90 0.76286
91 0.76602
92 0.76857
93 0.77679
94 0.7793
95 0.80493
96 0.8075
97 0.81344
98 0.82159
99 0.8234
100 0.83578
101 0.83987
102 0.85855
103 0.87076
104 0.88773
105 0.89667
106 0.89976
107 0.90662
108 0.91798
109 0.94255
110 0.95439
111 0.96364
112 0.96835
113 0.97265
114 0.98128
115 0.9906
116 0.99371
117 1.01062
118 1.01583
119 1.02059
120 1.02631
121 1.03463
122 1.04167
123 1.0476
124 1.0555
125 1.06039
126 1.06332
127 1.06787
128 1.07548
129 1.10609
130 1.11114
131 1.12325
132 1.14325
133 1.15188
134 1.16097
135 1.16596
136 1.17106
137 1.1746
138 1.17673
139 1.18986
140 1.20501
141 1.22141
142 1.22663
143 1.23139
144 1.24376
145 1.26291
146 1.26485
147 1.27045
148 1.28047
149 1.28301
150 1.29631
151 1.31033
152 1.31906
153 1.32206
154 1.33529
155 1.35596
156 1.37397
157 1.38582
158 1.39645
159 1.3998
160 1.40248
161 1.40832
162 1.41604
163 1.41946
164 1.42163
165 1.44799
166 1.46337
167 1.46992
168 1.47618
169 1.48164
170 1.48599
171 1.50392
172 1.52046
173 1.53429
174 1.56471
175 1.58303
176 1.59803
177 1.6212
178 1.63733
179 1.64359
180 1.6452
181 1.65483
182 1.66575
183 1.66733
184 1.67201
185 1.69574
186 1.7204
187 1.72631
188 1.72989
189 1.73956
190 1.75388
191 1.75599
192 1.7645
193 1.77489
194 1.78028
195 1.78703
196 1.80715
197 1.81845
198 1.82798
199 1.8327
200 1.83488
201 1.84159
202 1.85789
203 1.87209
204 1.8914
205 1.90397
206 1.91003
207 1.91123
208 1.93032
209 1.93833
210 1.94493
211 1.94757
212 1.96731
213 1.96982
214 1.9764
215 1.98847
216 1.99119
217 1.9969
218 2.01178
219 2.03456
220 2.04622
221 2.05137
222 2.05669
223 2.05898
224 2.06454
225 2.07148
226 2.08804
227 2.09989
228 2.10665
229 2.12604
230 2.13662
231 2.14313
232 2.14832
233 2.15517
234 2.16121
235 2.16354
236 2.16751
237 2.17656
238 2.17894
239 2.21515
240 2.22414
241 2.23117
242 2.23903
243 2.25142
244 2.25657
245 2.26721
246 2.26949
247 2.28369
248 2.29346
249 2.29797
250 2.30622
251 2.31009
252 2.312
253 2.31547
254 2.31756
255 2.32211
256 2.326
257 2.33358
258 2.36071
259 2.36334
260 2.38641
261 2.39085
262 2.40905
263 2.41659
264 2.4453
265 2.46233
266 2.46995
267 2.48819
268 2.49449
269 2.49635
270 2.50428
271 2.5105
272 2.52243
273 2.53453
274 2.53594
275 2.53839
276 2.55627
277 2.5637
278 2.58301
279 2.58739
280 2.59724
281 2.60614
282 2.64722
283 2.64907
284 2.65131
285 2.66165
286 2.66408
287 2.68002
288 2.71541
289 2.72251
290 2.7339
291 2.74052
292 2.75105
293 2.75509
294 2.76162
295 2.76925
296 2.77483
297 2.78288
298 2.79009
299 2.80719
300 2.80912
301 2.81518
302 2.81845
303 2.82594
304 2.83702
305 2.853
306 2.86616
307 2.87089
308 2.87421
309 2.88379
310 2.89506
311 2.90148
312 2.90536
313 2.91307
314 2.93556
315 2.97012
316 2.975
317 2.98731
318 2.99631
