1 0.01723
2 0.02565
3 0.03806
4 0.05448
5 0.05705
6 0.06253
7 0.0753
8 0.08235
9 0.08601
10 0.09343
11 0.09622
12 0.10593
13 0.11387
14 0.12554
15 0.13898
16 0.14256
17 0.14916
18 0.15812
19 0.16155
20 0.1696
21 0.17713
22 0.17972
23 0.18304
24 0.19326
25 0.19944
26 0.21428
27 0.22097
28 0.22733
29 0.23125
30 0.23505
31 0.24029
32 0.25519
33 0.29215
34 0.30116
35 0.30488
36 0.30861
37 0.32334
38 0.33772
39 0.34388
40 0.34979
41 0.35843
42 0.37574
43 0.39213
44 0.40651
45 0.41386
46 0.42525
47 0.43903
48 0.44247
49 0.46911
50 0.47314
51 0.48405
52 0.48775
53 0.50663
54 0.52093
55 0.53259
56 0.54129
57 0.5763
58 0.58704
59 0.59068
60 0.60557
61 0.60897
62 0.61856
63 0.62616
64 0.64305
65 0.65472
66 0.66364
67 0.6712
68 0.67711
69 0.68829
70 0.71022
71 0.71668
72 0.72979
73 0.73981
74 0.76302
75 0.77902
76 0.78375
77 0.80371
78 0.81406
79 0.82255
80 0.82773
81 0.85061
82 0.8608
83 0.86518
84 0.88257
85 0.88671
86 0.90135
87 0.90622
88 0.90849
89 0.91604
90 0.93243
91 0.93578
92 0.9547
93 0.96513
94 0.9811
95 1.0088
96 1.02373
97 1.02739
98 1.04286
99 1.06261
100 1.07771
101 1.09304
102 1.09485
103 1.09835
104 1.10387
105 1.10701
106 1.11227
107 1.11979
108 1.12811
109 1.13625
110 1.13994
111 1.15856
112 1.17424
113 1.18464
114 1.20203
115 1.22671
116 1.23943
117 1.25629
118 1.27647
119 1.28529
120 1.30142
121 1.31343
122 1.3294
123 1.33356
124 1.34036
125 1.34718
126 1.353
127 1.36151
128 1.37492
129 1.38686
130 1.39096
131 1.40188
132 1.40572
133 1.43039
134 1.43357
135 1.43838
136 1.4518
137 1.46578
138 1.47526
139 1.47842
140 1.48704
141 1.49201
142 1.4993
143 1.51727
144 1.5281
145 1.53628
146 1.54045
147 1.5503
148 1.55397
149 1.55791
150 1.5636
151 1.57903
152 1.58608
153 1.59858
154 1.62311
155 1.63476
156 1.66649
157 1.68504
158 1.68978
159 1.70636
160 1.72007
161 1.72369
162 1.72808
163 1.73241
164 1.74095
165 1.74475
166 1.74862
167 1.75626
168 1.76294
169 1.77971
170 1.80653
171 1.82655
172 1.84157
173 1.85328
174 1.86151
175 1.87779
176 1.89
177 1.8966
178 1.91774
179 1.92319
180 1.93915
181 1.95651
182 1.96928
183 1.98288
184 1.99432
185 2.00202
186 2.01646
187 2.0369
188 2.04032
189 2.05282
190 2.0664
191 2.07082
192 2.07664
193 2.0801
194 2.0834
195 2.08749
196 2.10345
197 2.10793
198 2.14615
199 2.15398
200 2.18414
201 2.19528
202 2.20147
203 2.20507
204 2.22189
205 2.23667
206 2.24819
207 2.26252
208 2.27342
209 2.2767
210 2.29977
211 2.3045
212 2.30756
213 2.31174
214 2.31983
215 2.33543
216 2.33957
217 2.34258
218 2.34531
219 2.3586
220 2.36749
221 2.37144
222 2.37897
223 2.38288
224 2.3939
225 2.40067
226 2.40528
227 2.42573
228 2.4407
229 2.44396
230 2.46216
231 2.48259
232 2.49573
233 2.51092
234 2.52771
235 2.53156
236 2.53606
237 2.54646
238 2.55042
239 2.56163
240 2.57785
241 2.59098
242 2.59463
243 2.59922
244 2.62723
245 2.64068
246 2.64478
247 2.67143
248 2.67573
249 2.67856
250 2.68228
251 2.7071
252 2.72683
253 2.74134
254 2.75403
255 2.76584
256 2.77562
257 2.79286
258 2.79773
259 2.80788
260 2.81551
261 2.82346
262 2.83681
263 2.85621
264 2.86843
265 2.87653
266 2.88482
267 2.8951
268 2.91929
269 2.92046
270 2.92653
271 2.93079
272 2.93475
273 2.93852
274 2.96663
