1 0.0121
2 0.01714
3 0.02693
4 0.05126
5 0.05459
6 0.06179
7 0.07535
8 0.07971
9 0.08337
10 0.08734
11 0.09633
12 0.1025
13 0.10874
14 0.11907
15 0.14551
16 0.14873
17 0.16228
18 0.17964
19 0.1878
20 0.20943
21 0.23073
22 0.23967
23 0.24386
24 0.25893
25 0.26485
26 0.27793
27 0.30128
28 0.30758
29 0.30916
30 0.31281
31 0.32662
32 0.33819
33 0.34406
34 0.34782
35 0.35013
36 0.36019
37 0.37518
38 0.42206
39 0.43208
40 0.44272
41 0.46015
42 0.46413
43 0.48114
44 0.48759
45 0.49772
46 0.51575
47 0.52051
48 0.52949
49 0.55636
50 0.55955
51 0.57988
52 0.58344
53 0.59665
54 0.60318
55 0.61458
56 0.6296
57 0.6358
58 0.64339
59 0.66049
60 0.67142
61 0.67712
62 0.70938
63 0.72615
64 0.72978
65 0.73542
66 0.74938
67 0.78127
68 0.789
69 0.81186
70 0.8143
71 0.82801
72 0.83194
73 0.84922
74 0.89413
75 0.90082
76 0.90818
77 0.929
78 0.93597
79 0.94017
80 0.94712
81 0.95445
82 0.9652
83 0.97852
84 1.03551
85 1.04366
86 1.04855
87 1.05766
88 1.06753
89 1.07784
90 1.08514
91 1.09705
92 1.10472
93 1.10995
94 1.11488
95 1.13592
96 1.14401
97 1.15881
98 1.16265
99 1.16799
100 1.18121
101 1.18467
102 1.18878
103 1.19175
104 1.22207
105 1.23523
106 1.25037
107 1.2596
108 1.26202
109 1.26997
110 1.28535
111 1.29426
112 1.31722
113 1.33014
114 1.34352
115 1.36984
116 1.39122
117 1.39873
118 1.40214
119 1.40544
120 1.41881
121 1.42378
122 1.43652
123 1.45168
124 1.45703
125 1.46548
126 1.46914
127 1.47301
128 1.47915
129 1.48396
130 1.50298
131 1.50755
132 1.52817
133 1.55051
134 1.56124
135 1.57861
136 1.58889
137 1.60069
138 1.63115
139 1.64599
140 1.66884
141 1.68026
142 1.69228
143 1.70796
144 1.71489
145 1.7197
146 1.72441
147 1.73296
148 1.73727
149 1.75238
150 1.7565
151 1.77209
152 1.78243
153 1.79223
154 1.79658
155 1.80236
156 1.80668
157 1.82717
158 1.85193
159 1.8661
160 1.87199
161 1.88998
162 1.89633
163 1.90016
164 1.94584
165 1.97417
166 1.97763
167 1.99535
168 2.002
169 2.01343
170 2.01683
171 2.02491
172 2.02839
173 2.04904
174 2.06278
175 2.06626
176 2.08027
177 2.08357
178 2.08719
179 2.09067
180 2.10323
181 2.10822
182 2.1139
183 2.12811
184 2.13665
185 2.15322
186 2.15744
187 2.1669
188 2.18378
189 2.23
190 2.24277
191 2.25195
192 2.25671
193 2.26051
194 2.26715
195 2.27644
196 2.27955
197 2.28285
198 2.3003
199 2.30761
200 2.31206
201 2.32397
202 2.33209
203 2.33569
204 2.34552
205 2.39047
206 2.39794
207 2.40084
208 2.44382
209 2.4537
210 2.46668
211 2.47072
212 2.48219
213 2.51128
214 2.52337
215 2.5451
216 2.55789
217 2.56635
218 2.57492
219 2.58508
220 2.60597
221 2.61542
222 2.63188
223 2.65084
224 2.67479
225 2.6835
226 2.71769
227 2.7226
228 2.75977
229 2.76739
230 2.78139
231 2.81262
232 2.81935
233 2.82705
234 2.83582
235 2.84637
236 2.85338
237 2.86823
238 2.87227
239 2.88068
240 2.88401
241 2.89893
242 2.93473
243 2.9411
244 2.94573
245 2.94864
246 2.95365
247 2.96614
248 2.97099
249 2.97556
250 2.97971
251 2.98833
252 2.99191
253 2.99655
