1 0.00225
2 0.0057
3 0.01121
4 0.01303
5 0.01504
6 0.01802
7 0.02475
8 0.03384
9 0.04006
10 0.07461
11 0.07987
12 0.08233
13 0.08597
14 0.09279
15 0.09507
16 0.10208
17 0.10704
18 0.11074
19 0.11402
20 0.12241
21 0.12476
22 0.128
23 0.13646
24 0.14374
25 0.16792
26 0.17251
27 0.17974
28 0.18477
29 0.18627
30 0.21767
31 0.22545
32 0.22814
33 0.2355
34 0.25103
35 0.25316
36 0.25616
37 0.26068
38 0.26526
39 0.27115
40 0.27791
41 0.28141
42 0.28682
43 0.28933
44 0.29185
45 0.29927
46 0.30537
47 0.32356
48 0.32522
49 0.33133
50 0.3372
51 0.34171
52 0.35078
53 0.35288
54 0.36169
55 0.37059
56 0.37321
57 0.37979
58 0.38663
59 0.41445
60 0.42103
61 0.42583
62 0.43461
63 0.46347
64 0.47345
65 0.48092
66 0.48392
67 0.49474
68 0.49989
69 0.5095
70 0.51639
71 0.51934
72 0.53012
73 0.53978
74 0.5478
75 0.57482
76 0.5831
77 0.59368
78 0.59735
79 0.60442
80 0.6087
81 0.63089
82 0.63319
83 0.63538
84 0.67026
85 0.67386
86 0.68378
87 0.68824
88 0.70659
89 0.71513
90 0.72464
91 0.72594
92 0.72945
93 0.73086
94 0.7361
95 0.74639
96 0.7538
97 0.76319
98 0.76916
99 0.77928
100 0.78913
101 0.80141
102 0.83311
103 0.83839
104 0.84597
105 0.85026
106 0.85545
107 0.85917
108 0.87385
109 0.87704
110 0.88302
111 0.89086
112 0.91967
113 0.9264
114 0.95083
115 0.95658
116 0.96309
117 0.96558
118 0.97301
119 0.98015
120 0.9949
121 0.99974
122 1.00176
123 1.00475
124 1.0143
125 1.03352
126 1.03578
127 1.03865
128 1.04235
129 1.09222
130 1.10138
131 1.11146
132 1.11661
133 1.12129
134 1.12513
135 1.13569
136 1.17357
137 1.17813
138 1.18996
139 1.19923
140 1.20732
141 1.22062
142 1.25
143 1.25639
144 1.25801
145 1.27235
146 1.28464
147 1.29051
148 1.29441
149 1.3283
150 1.33198
151 1.34352
152 1.3447
153 1.3525
154 1.37014
155 1.3749
156 1.37997
157 1.38374
158 1.38726
159 1.39331
160 1.42504
161 1.4362
162 1.46421
163 1.46954
164 1.48613
165 1.49253
166 1.51199
167 1.52186
168 1.52756
169 1.52924
170 1.53534
171 1.53797
172 1.57472
173 1.58282
174 1.59185
175 1.60319
176 1.61006
177 1.61311
178 1.62283
179 1.62703
180 1.62841
181 1.63407
182 1.63505
183 1.63636
184 1.64094
185 1.67254
186 1.68834
187 1.70632
188 1.71232
189 1.72573
190 1.74044
191 1.75069
192 1.75344
193 1.76145
194 1.76935
195 1.77398
196 1.77985
197 1.78547
198 1.79831
199 1.83519
200 1.83662
201 1.84458
202 1.84691
203 1.85492
204 1.87764
205 1.88325
206 1.89453
207 1.91671
208 1.9245
209 1.9296
210 1.95909
211 1.96889
212 1.97869
213 1.99611
214 2.00827
215 2.01625
216 2.0229
217 2.02782
218 2.0324
219 2.04475
220 2.04582
221 2.07422
222 2.08934
223 2.13478
224 2.14477
225 2.1851
226 2.20005
227 2.21619
228 2.22381
229 2.22569
230 2.23298
231 2.23926
232 2.24262
233 2.25116
234 2.25795
235 2.26499
236 2.26804
237 2.28057
238 2.29011
239 2.2964
240 2.32833
241 2.34584
242 2.35203
243 2.35407
244 2.3792
245 2.38742
246 2.38977
247 2.42129
248 2.42621
249 2.43508
250 2.47424
251 2.49408
252 2.50084
253 2.50757
254 2.51598
255 2.51732
256 2.52354
257 2.52793
258 2.52985
259 2.57606
260 2.5809
261 2.59294
262 2.60228
263 2.60387
264 2.62339
265 2.63937
266 2.67426
267 2.67779
268 2.70682
269 2.71511
270 2.73961
271 2.74672
272 2.75882
273 2.76913
274 2.77345
275 2.78749
276 2.78937
277 2.80279
278 2.82469
279 2.82819
280 2.83609
281 2.83937
282 2.8446
283 2.84903
284 2.85445
285 2.86942
286 2.8853
287 2.89287
288 2.91842
289 2.92407
290 2.92588
291 2.96311
292 2.96852
293 2.97631
294 2.98701
295 2.99222
