1 0.00882
2 0.0183
3 0.02256
4 0.03947
5 0.04094
6 0.06297
7 0.06482
8 0.06898
9 0.07599
10 0.07753
11 0.0835
12 0.10671
13 0.12069
14 0.13331
15 0.14111
16 0.16891
17 0.19948
18 0.22042
19 0.22847
20 0.23799
21 0.25021
22 0.27329
23 0.28791
24 0.29774
25 0.31009
26 0.32052
27 0.32869
28 0.33608
29 0.34542
30 0.3468
31 0.35192
32 0.37692
33 0.41477
34 0.42402
35 0.42964
36 0.43394
37 0.44767
38 0.45334
39 0.46091
40 0.46551
41 0.48912
42 0.49444
43 0.49982
44 0.50404
45 0.52167
46 0.52715
47 0.54276
48 0.55728
49 0.577
50 0.5819
51 0.59247
52 0.61222
53 0.62773
54 0.63937
55 0.65081
56 0.70709
57 0.71234
58 0.71966
59 0.72798
60 0.7337
61 0.75149
62 0.77241
63 0.79134
64 0.82502
65 0.86297
66 0.87657
67 0.88292
68 0.88884
69 0.9006
70 0.90697
71 0.93679
72 0.9675
73 0.9737
74 1.00748
75 1.01783
76 1.02469
77 1.04456
78 1.05101
79 1.09014
80 1.09148
81 1.10024
82 1.12897
83 1.189
84 1.22471
85 1.2369
86 1.25193
87 1.26029
88 1.26561
89 1.28191
90 1.29646
91 1.30294
92 1.33144
93 1.34106
94 1.38885
95 1.42621
96 1.43694
97 1.44262
98 1.47164
99 1.47848
100 1.48616
101 1.50535
102 1.51078
103 1.52481
104 1.54381
105 1.566
106 1.59039
107 1.59552
108 1.60103
109 1.60635
110 1.64715
111 1.65352
112 1.67507
113 1.71657
114 1.72118
115 1.73052
116 1.73454
117 1.74905
118 1.79375
119 1.79898
120 1.8043
121 1.82148
122 1.82785
123 1.8699
124 1.89194
125 1.89863
126 1.90793
127 1.92068
128 1.92532
129 1.96716
130 1.97495
131 1.97971
132 1.98557
133 1.99158
134 1.99599
135 2.00333
136 2.01063
137 2.02065
138 2.02486
139 2.03243
140 2.05988
141 2.07734
142 2.11543
143 2.11736
144 2.12351
145 2.15484
146 2.18116
147 2.1917
148 2.22363
149 2.24942
150 2.25466
151 2.26042
152 2.26492
153 2.27922
154 2.30564
155 2.31818
156 2.33425
157 2.36079
158 2.39116
159 2.39727
160 2.40978
161 2.41432
162 2.42363
163 2.43095
164 2.44516
165 2.45441
166 2.46403
167 2.46785
168 2.50642
169 2.52868
170 2.5338
171 2.54673
172 2.55449
173 2.56063
174 2.57454
175 2.59151
176 2.60728
177 2.61454
178 2.62932
179 2.65186
180 2.65922
181 2.66255
182 2.67685
183 2.68023
184 2.68484
185 2.68992
186 2.76284
187 2.77191
188 2.7902
189 2.79544
190 2.88099
191 2.89256
192 2.89743
193 2.90374
194 2.90898
195 2.9222
196 2.92911
197 2.94169
198 2.96451
199 2.98094
200 2.98711
201 2.99492
