1 0.00432
2 0.01094
3 0.02085
4 0.02208
5 0.02372
6 0.02878
7 0.03219
8 0.03631
9 0.04216
10 0.04455
11 0.0483
12 0.06157
13 0.06522
14 0.06891
15 0.07745
16 0.08441
17 0.08577
18 0.08721
19 0.09295
20 0.09494
21 0.11221
22 0.11372
23 0.12947
24 0.13255
25 0.13685
26 0.15262
27 0.15585
28 0.17862
29 0.19435
30 0.20453
31 0.21361
32 0.23614
33 0.23974
34 0.24237
35 0.24419
36 0.24732
37 0.25085
38 0.26653
39 0.27128
40 0.27821
41 0.2826
42 0.28682
43 0.29006
44 0.2974
45 0.30216
46 0.31332
47 0.32374
48 0.33058
49 0.34491
50 0.34964
51 0.36705
52 0.37464
53 0.38615
54 0.3937
55 0.39729
56 0.39991
57 0.40726
58 0.4177
59 0.43131
60 0.43792
61 0.45204
62 0.46349
63 0.477
64 0.48841
65 0.49002
66 0.49599
67 0.49859
68 0.50063
69 0.50377
70 0.50558
71 0.5301
72 0.54031
73 0.56123
74 0.56393
75 0.5713
76 0.57713
77 0.58709
78 0.59218
79 0.59884
80 0.60301
81 0.61851
82 0.64028
83 0.65043
84 0.65337
85 0.65759
86 0.66357
87 0.66502
88 0.67774
89 0.6844
90 0.69614
91 0.70832
92 0.72993
93 0.73605
94 0.76383
95 0.77429
96 0.7825
97 0.78439
98 0.79278
99 0.80555
100 0.80787
101 0.82172
102 0.82575
103 0.83326
104 0.84262
105 0.8484
106 0.85151
107 0.86034
108 0.87658
109 0.88141
110 0.89478
111 0.89946
112 0.9092
113 0.91918
114 0.92751
115 0.93182
116 0.9496
117 0.95426
118 0.95823
119 0.96372
120 0.96646
121 0.97852
122 0.99097
123 0.99533
124 1.0043
125 1.01439
126 1.01568
127 1.03509
128 1.03653
129 1.04271
130 1.04698
131 1.05423
132 1.05815
133 1.07437
134 1.08248
135 1.08515
136 1.09109
137 1.10655
138 1.10817
139 1.11177
140 1.11795
141 1.12042
142 1.13519
143 1.14344
144 1.14485
145 1.16292
146 1.17023
147 1.17391
148 1.1877
149 1.18964
150 1.20655
151 1.21072
152 1.21426
153 1.22602
154 1.23491
155 1.24107
156 1.24349
157 1.24998
158 1.25327
159 1.2576
160 1.2716
161 1.27769
162 1.28412
163 1.28664
164 1.29061
165 1.29443
166 1.298
167 1.30193
168 1.30377
169 1.32766
170 1.34049
171 1.35433
172 1.36885
173 1.38141
174 1.38938
175 1.40967
176 1.41899
177 1.43591
178 1.43883
179 1.44543
180 1.45376
181 1.458
182 1.4944
183 1.50045
184 1.50182
185 1.51251
186 1.51769
187 1.53095
188 1.54225
189 1.55316
190 1.56049
191 1.57769
192 1.58313
193 1.59392
194 1.61412
195 1.6399
196 1.64342
197 1.64721
198 1.6528
199 1.66544
200 1.68257
201 1.70132
202 1.71371
203 1.71777
204 1.7264
205 1.73366
206 1.74872
207 1.75773
208 1.76759
209 1.77011
210 1.78768
211 1.79857
212 1.81915
213 1.82226
214 1.82493
215 1.82726
216 1.82994
217 1.84408
218 1.85748
219 1.86595
220 1.87386
221 1.87521
222 1.88229
223 1.88984
224 1.89929
225 1.90347
226 1.90534
227 1.90997
228 1.9255
229 1.93003
230 1.93095
231 1.93452
232 1.94124
233 1.94242
234 1.96675
235 1.97082
236 1.98872
237 1.99425
238 2.0071
239 2.01698
240 2.02985
241 2.03177
242 2.0358
243 2.0425
244 2.0474
245 2.06048
246 2.06592
247 2.07979
248 2.0862
249 2.09217
250 2.10374
251 2.12007
252 2.12807
253 2.13346
254 2.1445
255 2.15047
256 2.15765
257 2.16137
258 2.16509
259 2.17511
260 2.18453
261 2.189
262 2.1971
263 2.19974
264 2.20674
265 2.21146
266 2.22017
267 2.22549
268 2.23969
269 2.24424
270 2.25078
271 2.26202
272 2.26999
273 2.28167
274 2.29087
275 2.30599
276 2.3087
277 2.32051
278 2.32916
279 2.34084
280 2.34485
281 2.3465
282 2.35062
283 2.38849
284 2.39138
285 2.40951
286 2.41721
287 2.42655
288 2.44013
289 2.44624
290 2.45621
291 2.45755
292 2.46316
293 2.47216
294 2.48444
295 2.49067
296 2.52597
297 2.54077
298 2.55048
299 2.55455
300 2.56607
301 2.56873
302 2.5828
303 2.59039
304 2.61253
305 2.62302
306 2.63795
307 2.64002
308 2.65016
309 2.66104
310 2.68084
311 2.68984
312 2.69147
313 2.69683
314 2.70779
315 2.71186
316 2.71635
317 2.73645
318 2.75582
319 2.78234
320 2.79093
321 2.79522
322 2.80396
323 2.81342
324 2.81982
325 2.82087
326 2.83447
327 2.84815
328 2.85689
329 2.86081
330 2.87505
331 2.87716
332 2.88547
333 2.89622
334 2.90403
335 2.91275
336 2.91726
337 2.92699
338 2.93323
339 2.94072
340 2.94372
341 2.96889
342 2.97079
343 2.98284
344 2.98595
345 2.9914
