1 0.00997
2 0.02097
3 0.02301
4 0.02778
5 0.0296
6 0.04198
7 0.04644
8 0.05123
9 0.05695
10 0.08117
11 0.08635
12 0.09057
13 0.10925
14 0.11607
15 0.11743
16 0.12397
17 0.14068
18 0.15595
19 0.16187
20 0.16467
21 0.17097
22 0.18588
23 0.19468
24 0.2
25 0.20421
26 0.22001
27 0.22637
28 0.24141
29 0.24386
30 0.25121
31 0.25307
32 0.26116
33 0.26578
34 0.27392
35 0.27953
36 0.28734
37 0.29941
38 0.30672
39 0.31262
40 0.32196
41 0.33406
42 0.33606
43 0.34079
44 0.34878
45 0.35404
46 0.36179
47 0.36643
48 0.374
49 0.38465
50 0.39495
51 0.39682
52 0.40277
53 0.41243
54 0.42259
55 0.43629
56 0.44311
57 0.46213
58 0.4768
59 0.49652
60 0.50422
61 0.51399
62 0.52326
63 0.52756
64 0.53052
65 0.54401
66 0.54817
67 0.55923
68 0.56812
69 0.57757
70 0.59177
71 0.59424
72 0.60086
73 0.61786
74 0.62145
75 0.62813
76 0.6385
77 0.64829
78 0.65576
79 0.66435
80 0.68136
81 0.68351
82 0.68951
83 0.69367
84 0.70942
85 0.72071
86 0.73098
87 0.73605
88 0.75297
89 0.76998
90 0.7819
91 0.78586
92 0.78812
93 0.79209
94 0.80358
95 0.80974
96 0.8161
97 0.82115
98 0.82617
99 0.83845
100 0.84354
101 0.84982
102 0.86615
103 0.87437
104 0.88779
105 0.88963
106 0.8927
107 0.92424
108 0.93777
109 0.97049
110 0.98247
111 0.99239
112 0.99984
113 1.01405
114 1.04245
115 1.04704
116 1.04924
117 1.05286
118 1.06601
119 1.07388
120 1.09834
121 1.10522
122 1.10791
123 1.10993
124 1.11564
125 1.11839
126 1.12243
127 1.12711
128 1.13913
129 1.15714
130 1.19252
131 1.19487
132 1.20321
133 1.20618
134 1.21982
135 1.22269
136 1.23151
137 1.23454
138 1.23837
139 1.24071
140 1.25603
141 1.25786
142 1.26851
143 1.27882
144 1.29358
145 1.29599
146 1.30374
147 1.30694
148 1.32592
149 1.34838
150 1.35613
151 1.39256
152 1.39851
153 1.40109
154 1.40355
155 1.41557
156 1.4222
157 1.4252
158 1.42847
159 1.43768
160 1.44076
161 1.4439
162 1.45216
163 1.45793
164 1.46713
165 1.4801
166 1.49734
167 1.50649
168 1.51636
169 1.52662
170 1.52881
171 1.56329
172 1.5674
173 1.56982
174 1.59371
175 1.62077
176 1.65461
177 1.65636
178 1.66766
179 1.67432
180 1.70957
181 1.71602
182 1.72215
183 1.73547
184 1.74672
185 1.75812
186 1.76544
187 1.77054
188 1.77751
189 1.78994
190 1.80028
191 1.80203
192 1.80815
193 1.81021
194 1.83716
195 1.85135
196 1.86213
197 1.86881
198 1.87364
199 1.87744
200 1.90055
201 1.9061
202 1.92309
203 1.92857
204 1.93441
205 1.95426
206 1.97357
207 1.97905
208 2.00346
209 2.00519
210 2.01217
211 2.02372
212 2.02861
213 2.03983
214 2.0444
215 2.05071
216 2.06418
217 2.08065
218 2.0859
219 2.09383
220 2.10154
221 2.10556
222 2.10809
223 2.10995
224 2.11461
225 2.11649
226 2.13505
227 2.14199
228 2.1524
229 2.16909
230 2.18213
231 2.18465
232 2.212
233 2.23768
234 2.24993
235 2.25243
236 2.25491
237 2.26367
238 2.27131
239 2.27817
240 2.28714
241 2.29108
242 2.29557
243 2.29941
244 2.30439
245 2.30652
246 2.30993
247 2.31274
248 2.32736
249 2.33986
250 2.35252
251 2.35428
252 2.3723
253 2.38602
254 2.38885
255 2.40369
256 2.4058
257 2.41269
258 2.41687
259 2.42823
260 2.43368
261 2.44253
262 2.46069
263 2.47103
264 2.47896
265 2.48465
266 2.49197
267 2.49412
268 2.49862
269 2.50102
270 2.51414
271 2.52224
272 2.52993
273 2.53822
274 2.55642
275 2.58291
276 2.58962
277 2.594
278 2.60209
279 2.604
280 2.62082
281 2.62621
282 2.63333
283 2.64824
284 2.65342
285 2.66321
286 2.66794
287 2.66987
288 2.6775
289 2.68199
290 2.69682
291 2.7041
292 2.70648
293 2.71035
294 2.72362
295 2.74247
296 2.77329
297 2.77791
298 2.78423
299 2.79828
300 2.80794
301 2.81462
302 2.818
303 2.82443
304 2.82947
305 2.83384
306 2.85078
307 2.86251
308 2.87132
309 2.88239
310 2.88974
311 2.89974
312 2.91081
313 2.91909
314 2.93361
315 2.98668
316 2.98968
