1 0.01557
2 0.02253
3 0.02712
4 0.03332
5 0.0411
6 0.0455
7 0.05114
8 0.06005
9 0.06488
10 0.06791
11 0.08642
12 0.09652
13 0.10829
14 0.116
15 0.1253
16 0.12607
17 0.1553
18 0.17077
19 0.17793
20 0.18393
21 0.19088
22 0.21052
23 0.21399
24 0.22057
25 0.228
26 0.23575
27 0.23866
28 0.25235
29 0.26803
30 0.2824
31 0.28584
32 0.29559
33 0.30148
34 0.31632
35 0.31788
36 0.33175
37 0.34215
38 0.35003
39 0.35104
40 0.36332
41 0.36724
42 0.36888
43 0.37015
44 0.37283
45 0.37572
46 0.37735
47 0.37876
48 0.38117
49 0.39811
50 0.41296
51 0.43227
52 0.44801
53 0.46
54 0.46462
55 0.48632
56 0.49553
57 0.49727
58 0.53018
59 0.53347
60 0.54516
61 0.55448
62 0.55683
63 0.57269
64 0.57424
65 0.58675
66 0.59525
67 0.60102
68 0.60423
69 0.61175
70 0.61587
71 0.63311
72 0.6367
73 0.65349
74 0.65773
75 0.71181
76 0.71512
77 0.72385
78 0.7268
79 0.73563
80 0.74919
81 0.76197
82 0.76507
83 0.77915
84 0.80343
85 0.811
86 0.8171
87 0.82023
88 0.82419
89 0.83792
90 0.84744
91 0.85185
92 0.86309
93 0.86707
94 0.87376
95 0.88794
96 0.89136
97 0.89388
98 0.90653
99 0.91355
100 0.92725
101 0.93074
102 0.93279
103 0.94171
104 0.94797
105 0.9532
106 0.96705
107 0.96895
108 0.97318
109 0.99633
110 1.00923
111 1.01366
112 1.03322
113 1.03717
114 1.04278
115 1.05404
116 1.05674
117 1.06328
118 1.06939
119 1.07136
120 1.0803
121 1.08672
122 1.0917
123 1.10761
124 1.11708
125 1.12172
126 1.13844
127 1.15369
128 1.15939
129 1.17367
130 1.18026
131 1.19166
132 1.20729
133 1.21786
134 1.2211
135 1.22817
136 1.23323
137 1.24202
138 1.24621
139 1.26015
140 1.26465
141 1.28277
142 1.30042
143 1.31207
144 1.32125
145 1.32612
146 1.3317
147 1.3416
148 1.35377
149 1.38121
150 1.39164
151 1.40568
152 1.41653
153 1.42396
154 1.425
155 1.42965
156 1.43522
157 1.43995
158 1.44721
159 1.45907
160 1.46314
161 1.46894
162 1.47749
163 1.48571
164 1.50206
165 1.52361
166 1.53093
167 1.53468
168 1.542
169 1.54404
170 1.54968
171 1.55784
172 1.56303
173 1.577
174 1.59213
175 1.59676
176 1.6035
177 1.61239
178 1.62064
179 1.63385
180 1.63777
181 1.64123
182 1.65149
183 1.65364
184 1.67087
185 1.68827
186 1.70742
187 1.71025
188 1.71617
189 1.72126
190 1.72728
191 1.75346
192 1.76146
193 1.76888
194 1.78965
195 1.79798
196 1.79993
197 1.80613
198 1.80845
199 1.8154
200 1.81992
201 1.83548
202 1.86039
203 1.87718
204 1.8953
205 1.92099
206 1.92955
207 1.93227
208 1.97203
209 1.9758
210 1.9847
211 2.01065
212 2.02394
213 2.03098
214 2.04914
215 2.06043
216 2.07856
217 2.09166
218 2.0973
219 2.11478
220 2.1171
221 2.12371
222 2.12591
223 2.16503
224 2.17151
225 2.17254
226 2.18451
227 2.19091
228 2.19525
229 2.2037
230 2.21966
231 2.22551
232 2.23667
233 2.26957
234 2.27155
235 2.27906
236 2.28487
237 2.30555
238 2.31276
239 2.31634
240 2.3221
241 2.34507
242 2.34757
243 2.35089
244 2.35759
245 2.38224
246 2.38865
247 2.40311
248 2.42552
249 2.43037
250 2.4345
251 2.4429
252 2.45232
253 2.45884
254 2.46162
255 2.47027
256 2.47692
257 2.4825
258 2.49682
259 2.50057
260 2.50755
261 2.5166
262 2.5245
263 2.52564
264 2.53422
265 2.53516
266 2.53843
267 2.54967
268 2.552
269 2.56072
270 2.56462
271 2.57072
272 2.57637
273 2.57991
274 2.58419
275 2.58793
276 2.60214
277 2.60844
278 2.61374
279 2.62176
280 2.64062
281 2.65134
282 2.65718
283 2.66336
284 2.67225
285 2.68085
286 2.68807
287 2.69666
288 2.7117
289 2.71607
290 2.72878
291 2.74517
292 2.77107
293 2.77799
294 2.78996
295 2.7926
296 2.79756
297 2.80534
298 2.80831
299 2.82842
300 2.84343
301 2.85182
302 2.86605
303 2.86997
304 2.87388
305 2.88542
306 2.89153
307 2.90126
308 2.92739
309 2.93055
310 2.95887
311 2.96406
312 2.96758
313 2.97564
314 2.98066
315 2.99129
316 2.99376
