1 0.00862
2 0.01144
3 0.03861
4 0.0479
5 0.05518
6 0.07447
7 0.07851
8 0.09884
9 0.10964
10 0.11862
11 0.12279
12 0.12808
13 0.14623
14 0.15728
15 0.16932
16 0.17268
17 0.1837
18 0.18933
19 0.1986
20 0.22441
21 0.23051
22 0.23559
23 0.24042
24 0.24988
25 0.28478
26 0.28891
27 0.30034
28 0.30499
29 0.30845
30 0.31689
31 0.3235
32 0.33089
33 0.34404
34 0.349
35 0.35319
36 0.3636
37 0.37568
38 0.38101
39 0.38563
40 0.38796
41 0.39542
42 0.42143
43 0.42824
44 0.43138
45 0.45144
46 0.46006
47 0.47208
48 0.4838
49 0.48721
50 0.49298
51 0.50343
52 0.5124
53 0.52367
54 0.53617
55 0.54132
56 0.55257
57 0.55684
58 0.5768
59 0.58338
60 0.59215
61 0.59617
62 0.6005
63 0.60603
64 0.62904
65 0.64755
66 0.65029
67 0.66636
68 0.67404
69 0.67699
70 0.68687
71 0.69642
72 0.70538
73 0.71053
74 0.717
75 0.72484
76 0.75035
77 0.76599
78 0.77584
79 0.79746
80 0.80722
81 0.81057
82 0.81451
83 0.81842
84 0.8313
85 0.83583
86 0.84995
87 0.85358
88 0.85625
89 0.86969
90 0.87999
91 0.88771
92 0.90001
93 0.90622
94 0.92479
95 0.93241
96 0.98389
97 1.0096
98 1.01503
99 1.02714
100 1.06333
101 1.07116
102 1.07868
103 1.09377
104 1.11538
105 1.11964
106 1.13179
107 1.15092
108 1.16214
109 1.17789
110 1.2105
111 1.22987
112 1.23471
113 1.24382
114 1.2538
115 1.27282
116 1.28128
117 1.30171
118 1.31775
119 1.33964
120 1.34416
121 1.3487
122 1.35235
123 1.36646
124 1.37949
125 1.38748
126 1.39102
127 1.39961
128 1.41316
129 1.41693
130 1.43272
131 1.4568
132 1.466
133 1.47287
134 1.47705
135 1.48796
136 1.49185
137 1.52799
138 1.54497
139 1.55859
140 1.57194
141 1.57842
142 1.59216
143 1.59596
144 1.60407
145 1.61906
146 1.62357
147 1.63471
148 1.65577
149 1.66598
150 1.6699
151 1.6806
152 1.692
153 1.69657
154 1.70784
155 1.73292
156 1.74774
157 1.76008
158 1.77186
159 1.77912
160 1.78272
161 1.80329
162 1.81473
163 1.81895
164 1.85178
165 1.85634
166 1.87528
167 1.8846
168 1.89618
169 1.90995
170 1.92446
171 1.93191
172 1.93884
173 1.95163
174 1.96355
175 1.97731
176 2.00174
177 2.01734
178 2.02194
179 2.02881
180 2.04506
181 2.05588
182 2.06299
183 2.07104
184 2.07552
185 2.08369
186 2.08683
187 2.08789
188 2.10038
189 2.10486
190 2.1087
191 2.11286
192 2.11822
193 2.12763
194 2.14109
195 2.16359
196 2.17104
197 2.17552
198 2.18296
199 2.24246
200 2.24847
201 2.25134
202 2.26749
203 2.27868
204 2.28932
205 2.30001
206 2.30805
207 2.31702
208 2.32818
209 2.3486
210 2.35524
211 2.3587
212 2.36302
213 2.38951
214 2.39415
215 2.40716
216 2.42661
217 2.43241
218 2.43677
219 2.44049
220 2.47131
221 2.4752
222 2.48286
223 2.49517
224 2.52382
225 2.53994
226 2.55847
227 2.56627
228 2.57427
229 2.60494
230 2.61937
231 2.62696
232 2.63179
233 2.65019
234 2.66858
235 2.67584
236 2.68284
237 2.70019
238 2.70523
239 2.70949
240 2.73705
241 2.74708
242 2.75381
243 2.76644
244 2.7747
245 2.79712
246 2.80116
247 2.80352
248 2.81196
249 2.82242
250 2.836
251 2.83937
252 2.84983
253 2.85996
254 2.86393
255 2.88453
256 2.91285
257 2.9239
258 2.92789
259 2.93422
260 2.94128
261 2.95932
262 2.96588
263 2.96964
264 2.97643
265 2.98787
