1 0.01904
2 0.02724
3 0.0356
4 0.05901
5 0.07104
6 0.07677
7 0.10062
8 0.10642
9 0.14056
10 0.16669
11 0.20829
12 0.25291
13 0.26754
14 0.28311
15 0.3163
16 0.34085
17 0.35293
18 0.36953
19 0.4158
20 0.45665
21 0.5129
22 0.53025
23 0.53764
24 0.56435
25 0.56562
26 0.5826
27 0.60697
28 0.61507
29 0.63378
30 0.65232
31 0.66155
32 0.66825
33 0.69628
34 0.74653
35 0.75268
36 0.86342
37 0.87032
38 0.87772
39 0.88315
40 0.90457
41 0.91892
42 0.92509
43 0.9306
44 0.98194
45 1.02492
46 1.03206
47 1.03801
48 1.04599
49 1.08965
50 1.09629
51 1.13829
52 1.14338
53 1.16086
54 1.17698
55 1.21812
56 1.23793
57 1.24544
58 1.28266
59 1.28378
60 1.29696
61 1.31373
62 1.3504
63 1.41465
64 1.44276
65 1.46613
66 1.48196
67 1.5195
68 1.5269
69 1.55128
70 1.55931
71 1.67148
72 1.69943
73 1.78128
74 1.79513
75 1.85596
76 1.86379
77 1.8827
78 1.88801
79 1.89941
80 1.93676
81 1.9674
82 1.98448
83 2.02064
84 2.04823
85 2.08459
86 2.09077
87 2.11147
88 2.16192
89 2.18682
90 2.28756
91 2.29873
92 2.31373
93 2.32256
94 2.37996
95 2.40937
96 2.42159
97 2.42712
98 2.4844
99 2.51315
100 2.53985
101 2.54783
102 2.56207
103 2.5686
104 2.60929
105 2.616
106 2.67992
107 2.69065
108 2.69735
109 2.70246
110 2.76754
111 2.79195
112 2.7979
113 2.83029
114 2.85382
115 2.87529
116 2.8878
117 2.90983
118 2.91675
119 2.92151
120 2.97232
