1 0.00994
2 0.02658
3 0.04027
4 0.04879
5 0.06394
6 0.11586
7 0.12306
8 0.13004
9 0.13622
10 0.15372
11 0.18472
12 0.28144
13 0.29796
14 0.32139
15 0.33215
16 0.36823
17 0.38585
18 0.43366
19 0.44755
20 0.44964
21 0.48338
22 0.49558
23 0.49991
24 0.51438
25 0.51606
26 0.52986
27 0.53813
28 0.54375
29 0.54464
30 0.54988
31 0.57059
32 0.62223
33 0.62781
34 0.64056
35 0.64592
36 0.65274
37 0.68225
38 0.68912
39 0.73739
40 0.74321
41 0.75934
42 0.76734
43 0.82158
44 0.82515
45 0.8779
46 0.89056
47 0.93153
48 0.93823
49 0.94529
50 0.98231
51 0.988
52 0.99564
53 1.01013
54 1.01847
55 1.03896
56 1.04065
57 1.04633
58 1.05226
59 1.10866
60 1.13772
61 1.16661
62 1.19554
63 1.20853
64 1.2453
65 1.27554
66 1.28226
67 1.2973
68 1.31928
69 1.33705
70 1.35887
71 1.3662
72 1.37339
73 1.37918
74 1.39401
75 1.4037
76 1.4556
77 1.48153
78 1.50526
79 1.51123
80 1.52663
81 1.53185
82 1.55147
83 1.56003
84 1.61373
85 1.69852
86 1.72872
87 1.75484
88 1.76812
89 1.77403
90 1.79404
91 1.80028
92 1.81011
93 1.84505
94 1.86435
95 1.8726
96 1.87845
97 1.89862
98 1.91783
99 1.92882
100 1.94171
101 1.96127
102 1.9753
103 1.99748
104 2.00461
105 2.03262
106 2.04104
107 2.13019
108 2.14893
109 2.1785
110 2.18631
111 2.1935
112 2.1988
113 2.22302
114 2.24438
115 2.28178
116 2.32201
117 2.34348
118 2.38075
119 2.38746
120 2.42318
121 2.44622
122 2.50027
123 2.53362
124 2.53973
125 2.54812
126 2.55533
127 2.57582
128 2.61734
129 2.62289
130 2.62999
131 2.6474
132 2.6545
133 2.72661
134 2.7446
135 2.77327
136 2.78118
137 2.79692
138 2.87757
139 2.92464
140 2.93691
141 2.95066
142 2.95757
143 2.97134
144 2.98074
145 2.99528
