1 0.00453
2 0.00945
3 0.01716
4 0.01923
5 0.02418
6 0.03041
7 0.0548
8 0.0588
9 0.0682
10 0.06944
11 0.07499
12 0.08405
13 0.09875
14 0.11333
15 0.12188
16 0.13396
17 0.13793
18 0.14033
19 0.15617
20 0.16025
21 0.16226
22 0.1666
23 0.16943
24 0.18379
25 0.1951
26 0.20284
27 0.20382
28 0.21037
29 0.22993
30 0.23522
31 0.24673
32 0.2562
33 0.25938
34 0.26437
35 0.28098
36 0.29524
37 0.30399
38 0.30908
39 0.32374
40 0.32618
41 0.3502
42 0.37216
43 0.38535
44 0.38891
45 0.40358
46 0.41564
47 0.41946
48 0.42951
49 0.43794
50 0.44301
51 0.44916
52 0.45716
53 0.46431
54 0.47632
55 0.47857
56 0.48239
57 0.48373
58 0.48751
59 0.48916
60 0.4972
61 0.50047
62 0.50457
63 0.50799
64 0.51188
65 0.51522
66 0.52075
67 0.52369
68 0.53562
69 0.54477
70 0.55784
71 0.56258
72 0.56362
73 0.56785
74 0.57403
75 0.59821
76 0.59995
77 0.60176
78 0.60499
79 0.6163
80 0.61751
81 0.63379
82 0.64785
83 0.67288
84 0.68527
85 0.68986
86 0.70408
87 0.71095
88 0.7224
89 0.72404
90 0.74167
91 0.74695
92 0.75729
93 0.76944
94 0.77194
95 0.77499
96 0.78049
97 0.78393
98 0.78716
99 0.78905
100 0.79797
101 0.81459
102 0.81839
103 0.82224
104 0.83463
105 0.84744
106 0.85365
107 0.85856
108 0.8759
109 0.88596
110 0.89066
111 0.90476
112 0.91337
113 0.9157
114 0.92287
115 0.93027
116 0.94083
117 0.94418
118 0.95962
119 0.97049
120 0.97899
121 1.00191
122 1.01958
123 1.02698
124 1.03459
125 1.04251
126 1.06334
127 1.07948
128 1.08431
129 1.09085
130 1.0996
131 1.11124
132 1.11713
133 1.12958
134 1.13248
135 1.14063
136 1.14839
137 1.16239
138 1.16545
139 1.18537
140 1.19079
141 1.20575
142 1.20966
143 1.22238
144 1.23276
145 1.24419
146 1.24665
147 1.25533
148 1.25807
149 1.26969
150 1.27525
151 1.28022
152 1.28765
153 1.29808
154 1.31082
155 1.31357
156 1.31476
157 1.31895
158 1.32698
159 1.34117
160 1.34401
161 1.35768
162 1.36436
163 1.37232
164 1.37626
165 1.38337
166 1.38679
167 1.39588
168 1.39914
169 1.40281
170 1.41379
171 1.42165
172 1.43081
173 1.43298
174 1.44382
175 1.4476
176 1.4548
177 1.46253
178 1.46777
179 1.4741
180 1.4869
181 1.50149
182 1.50844
183 1.51933
184 1.52683
185 1.53395
186 1.55422
187 1.57995
188 1.59199
189 1.59784
190 1.6064
191 1.61989
192 1.62528
193 1.62971
194 1.63654
195 1.64219
196 1.64922
197 1.65484
198 1.67053
199 1.67808
200 1.68167
201 1.68982
202 1.70074
203 1.70287
204 1.71357
205 1.73256
206 1.74293
207 1.75962
208 1.76597
209 1.78855
210 1.79232
211 1.79516
212 1.82858
213 1.85448
214 1.86035
215 1.86459
216 1.87324
217 1.87763
218 1.88411
219 1.8906
220 1.90717
221 1.91281
222 1.91647
223 1.93032
224 1.9336
225 1.93633
226 1.95824
227 1.96235
228 1.96851
229 1.97148
230 1.97373
231 2.0097
232 2.01333
233 2.01586
234 2.02092
235 2.03514
236 2.04119
237 2.043
238 2.05409
239 2.06052
240 2.08781
241 2.10702
242 2.10855
243 2.11129
244 2.12688
245 2.13345
246 2.14904
247 2.1576
248 2.1677
249 2.1733
250 2.20476
251 2.21721
252 2.22405
253 2.24231
254 2.25734
255 2.26354
256 2.27101
257 2.29347
258 2.29934
259 2.30228
260 2.33187
261 2.36064
262 2.36613
263 2.37622
264 2.38716
265 2.39541
266 2.40128
267 2.41318
268 2.42034
269 2.42309
270 2.42628
271 2.42797
272 2.43686
273 2.4508
274 2.4648
275 2.47523
276 2.49337
277 2.4969
278 2.51658
279 2.52074
280 2.52625
281 2.53285
282 2.54632
283 2.54903
284 2.55145
285 2.55501
286 2.55921
287 2.56271
288 2.57785
289 2.58282
290 2.58479
291 2.59298
292 2.59453
293 2.61701
294 2.62331
295 2.6284
296 2.63179
297 2.63476
298 2.63637
299 2.64097
300 2.64309
301 2.64591
302 2.66094
303 2.67522
304 2.68529
305 2.6951
306 2.69926
307 2.70602
308 2.71049
309 2.71861
310 2.72574
311 2.73127
312 2.74328
313 2.75566
314 2.76636
315 2.76902
316 2.77714
317 2.78213
318 2.78622
319 2.79545
320 2.79851
321 2.80615
322 2.80841
323 2.8112
324 2.81296
325 2.82089
326 2.82687
327 2.83119
328 2.84316
329 2.851
330 2.85549
331 2.86951
332 2.88095
333 2.88704
334 2.89676
335 2.90894
336 2.91137
337 2.93293
338 2.9484
339 2.95126
340 2.96276
341 2.96535
342 2.98659
