1 0.00308
2 0.00478
3 0.0174
4 0.0202
5 0.02433
6 0.02627
7 0.03109
8 0.0392
9 0.04245
10 0.04428
11 0.05431
12 0.06156
13 0.07505
14 0.08821
15 0.09359
16 0.09807
17 0.10524
18 0.11272
19 0.12686
20 0.13332
21 0.1471
22 0.1509
23 0.16113
24 0.16657
25 0.17588
26 0.17828
27 0.18815
28 0.19097
29 0.19638
30 0.20007
31 0.21827
32 0.2245
33 0.23351
34 0.23668
35 0.24163
36 0.24924
37 0.25716
38 0.25977
39 0.2615
40 0.26546
41 0.27547
42 0.2784
43 0.2856
44 0.29229
45 0.29452
46 0.30388
47 0.30963
48 0.32427
49 0.34179
50 0.34325
51 0.35227
52 0.35377
53 0.36045
54 0.36696
55 0.36949
56 0.37281
57 0.38151
58 0.38828
59 0.39485
60 0.4091
61 0.41503
62 0.42656
63 0.43141
64 0.43573
65 0.44408
66 0.4721
67 0.47803
68 0.48648
69 0.49745
70 0.5094
71 0.51381
72 0.52023
73 0.53478
74 0.54135
75 0.55188
76 0.55998
77 0.56371
78 0.58273
79 0.58974
80 0.60314
81 0.61055
82 0.61626
83 0.61915
84 0.62385
85 0.62638
86 0.63595
87 0.63906
88 0.64744
89 0.66169
90 0.6758
91 0.68085
92 0.68257
93 0.69434
94 0.69682
95 0.70858
96 0.71681
97 0.72424
98 0.73204
99 0.73614
100 0.74678
101 0.75412
102 0.76205
103 0.77502
104 0.78494
105 0.79628
106 0.80435
107 0.80863
108 0.81537
109 0.82797
110 0.83061
111 0.83833
112 0.84312
113 0.85585
114 0.85868
115 0.86491
116 0.87382
117 0.88458
118 0.88921
119 0.89389
120 0.91404
121 0.92721
122 0.92966
123 0.95103
124 0.96767
125 0.98052
126 0.98228
127 1.0133
128 1.01464
129 1.02445
130 1.03198
131 1.03718
132 1.04022
133 1.05441
134 1.08429
135 1.09511
136 1.10423
137 1.10612
138 1.10857
139 1.11483
140 1.11774
141 1.12113
142 1.13401
143 1.14613
144 1.1514
145 1.1548
146 1.15778
147 1.16574
148 1.17484
149 1.18099
150 1.18326
151 1.18589
152 1.19336
153 1.20027
154 1.21017
155 1.22112
156 1.22311
157 1.22864
158 1.2322
159 1.24428
160 1.25599
161 1.26077
162 1.26313
163 1.26487
164 1.26659
165 1.27265
166 1.28089
167 1.28735
168 1.30858
169 1.31734
170 1.34316
171 1.35582
172 1.3618
173 1.36742
174 1.37849
175 1.38389
176 1.38847
177 1.39654
178 1.42393
179 1.43703
180 1.44261
181 1.46388
182 1.46712
183 1.47331
184 1.47549
185 1.48605
186 1.48963
187 1.4938
188 1.51233
189 1.52309
190 1.52588
191 1.53807
192 1.54646
193 1.54883
194 1.55089
195 1.55319
196 1.55624
197 1.58976
198 1.61356
199 1.61746
200 1.62173
201 1.62741
202 1.63649
203 1.64177
204 1.64702
205 1.66328
206 1.67046
207 1.67904
208 1.68447
209 1.69058
210 1.69411
211 1.70172
212 1.71685
213 1.72274
214 1.72993
215 1.73678
216 1.74741
217 1.75293
218 1.7548
219 1.75674
220 1.77225
221 1.78855
222 1.79224
223 1.80444
224 1.82039
225 1.83256
226 1.84582
227 1.85042
228 1.85443
229 1.87075
230 1.87431
231 1.91197
232 1.92465
233 1.92754
234 1.92918
235 1.93266
236 1.93474
237 1.93731
238 1.96354
239 1.96769
240 1.97574
241 1.99088
242 1.9959
243 1.99801
244 2.00525
245 2.01283
246 2.03481
247 2.04321
248 2.05477
249 2.06424
250 2.08239
251 2.09526
252 2.10869
253 2.11566
254 2.14802
255 2.18486
256 2.19223
257 2.19382
258 2.1992
259 2.21623
260 2.23109
261 2.2396
262 2.25316
263 2.2579
264 2.27238
265 2.27467
266 2.27646
267 2.28734
268 2.3032
269 2.30669
270 2.30879
271 2.32305
272 2.34831
273 2.35077
274 2.35678
275 2.36723
276 2.36966
277 2.37983
278 2.39355
279 2.39955
280 2.40918
281 2.41435
282 2.41899
283 2.42382
284 2.43342
285 2.43585
286 2.43893
287 2.44107
288 2.44917
289 2.47054
290 2.48004
291 2.48387
292 2.48675
293 2.48834
294 2.49326
295 2.49558
296 2.50683
297 2.53156
298 2.5435
299 2.54671
300 2.56234
301 2.57676
302 2.58354
303 2.59123
304 2.59788
305 2.60301
306 2.62182
307 2.6324
308 2.63753
309 2.63945
310 2.67193
311 2.6755
312 2.67797
313 2.695
314 2.6983
315 2.7084
316 2.71666
317 2.71992
318 2.72233
319 2.73353
320 2.74439
321 2.74902
322 2.76556
323 2.77591
324 2.81076
325 2.81297
326 2.81583
327 2.81816
328 2.82791
329 2.84561
330 2.84789
331 2.86063
332 2.87179
333 2.87636
334 2.88396
335 2.89382
336 2.89731
337 2.92331
338 2.93349
339 2.94846
340 2.96567
341 2.96856
342 2.97666
343 2.98281
344 2.98719
345 2.98881
346 2.99256
