1 0.00419
2 0.01773
3 0.02435
4 0.03086
5 0.03658
6 0.03907
7 0.04062
8 0.04671
9 0.05054
10 0.05205
11 0.05819
12 0.06081
13 0.07297
14 0.08313
15 0.08497
16 0.08936
17 0.09874
18 0.10566
19 0.12773
20 0.13636
21 0.15222
22 0.18478
23 0.20126
24 0.2037
25 0.21022
26 0.22232
27 0.22687
28 0.24584
29 0.25772
30 0.28223
31 0.28537
32 0.28993
33 0.29169
34 0.29922
35 0.31397
36 0.32042
37 0.32769
38 0.33384
39 0.33691
40 0.35132
41 0.37113
42 0.37468
43 0.40058
44 0.40807
45 0.43154
46 0.4545
47 0.46082
48 0.46413
49 0.46921
50 0.47611
51 0.48979
52 0.52419
53 0.52839
54 0.53387
55 0.53622
56 0.54114
57 0.54227
58 0.55036
59 0.55701
60 0.56066
61 0.57813
62 0.58383
63 0.59957
64 0.61435
65 0.61648
66 0.62724
67 0.63128
68 0.64095
69 0.65624
70 0.66099
71 0.67501
72 0.68369
73 0.69269
74 0.69586
75 0.71149
76 0.72069
77 0.72617
78 0.72914
79 0.73784
80 0.74551
81 0.75979
82 0.77005
83 0.78532
84 0.78995
85 0.79299
86 0.82294
87 0.83614
88 0.84091
89 0.85486
90 0.86225
91 0.8813
92 0.89645
93 0.90985
94 0.9287
95 0.94155
96 0.94543
97 0.95841
98 0.97811
99 0.98518
100 0.99519
101 1.00092
102 1.0082
103 1.02028
104 1.02376
105 1.03819
106 1.05477
107 1.05605
108 1.06528
109 1.07864
110 1.08605
111 1.09137
112 1.09282
113 1.10722
114 1.12759
115 1.12903
116 1.13478
117 1.13894
118 1.14423
119 1.14938
120 1.18119
121 1.19041
122 1.19403
123 1.20471
124 1.20966
125 1.21418
126 1.2284
127 1.23452
128 1.24777
129 1.26115
130 1.2678
131 1.26971
132 1.28001
133 1.28278
134 1.29743
135 1.30134
136 1.31547
137 1.32523
138 1.32811
139 1.34241
140 1.34387
141 1.34687
142 1.37138
143 1.38099
144 1.38368
145 1.4043
146 1.42126
147 1.42758
148 1.43237
149 1.44463
150 1.45112
151 1.45972
152 1.46081
153 1.46436
154 1.47211
155 1.48193
156 1.48568
157 1.49114
158 1.50858
159 1.5252
160 1.53194
161 1.53886
162 1.54619
163 1.55081
164 1.57175
165 1.58038
166 1.5985
167 1.6028
168 1.61978
169 1.63469
170 1.64871
171 1.67353
172 1.69007
173 1.69979
174 1.70242
175 1.70807
176 1.71402
177 1.71961
178 1.72575
179 1.74262
180 1.74716
181 1.76102
182 1.76724
183 1.78164
184 1.78493
185 1.81905
186 1.82595
187 1.845
188 1.8528
189 1.86168
190 1.87012
191 1.88582
192 1.89446
193 1.90124
194 1.91101
195 1.91368
196 1.91783
197 1.92354
198 1.9366
199 1.9389
200 1.94525
201 1.95627
202 1.96046
203 1.96206
204 1.97253
205 2.00928
206 2.03486
207 2.05862
208 2.07142
209 2.07698
210 2.08427
211 2.09397
212 2.12786
213 2.13534
214 2.13668
215 2.15785
216 2.16409
217 2.16955
218 2.17168
219 2.18124
220 2.18714
221 2.19917
222 2.2125
223 2.21959
224 2.22514
225 2.25008
226 2.25727
227 2.27678
228 2.28645
229 2.29794
230 2.30243
231 2.30517
232 2.31688
233 2.32776
234 2.339
235 2.34859
236 2.36261
237 2.36965
238 2.38031
239 2.38298
240 2.38528
241 2.39154
242 2.39473
243 2.40208
244 2.41975
245 2.43914
246 2.4576
247 2.45927
248 2.48374
249 2.48485
250 2.51125
251 2.5225
252 2.52681
253 2.53249
254 2.5369
255 2.54486
256 2.55011
257 2.55805
258 2.56116
259 2.56764
260 2.57793
261 2.58562
262 2.58712
263 2.60165
264 2.60509
265 2.62221
266 2.62972
267 2.65286
268 2.66429
269 2.68206
270 2.69428
271 2.69744
272 2.70003
273 2.70149
274 2.70822
275 2.71544
276 2.71799
277 2.72193
278 2.72603
279 2.7337
280 2.74772
281 2.75454
282 2.77949
283 2.78148
284 2.78925
285 2.79651
286 2.81118
287 2.8304
288 2.83296
289 2.83942
290 2.84307
291 2.86221
292 2.87235
293 2.88323
294 2.88615
295 2.89649
296 2.90967
297 2.91501
298 2.92525
299 2.9284
300 2.93157
301 2.9355
302 2.93875
303 2.94124
304 2.9527
305 2.96154
306 2.96604
307 2.97107
308 2.99661
309 2.99836
