1 0.00265
2 0.00641
3 0.01851
4 0.02638
5 0.02967
6 0.03616
7 0.04594
8 0.06694
9 0.07081
10 0.07352
11 0.07581
12 0.0849
13 0.09479
14 0.09689
15 0.10131
16 0.10869
17 0.11513
18 0.12312
19 0.13378
20 0.15134
21 0.16764
22 0.17161
23 0.17268
24 0.1769
25 0.17972
26 0.19146
27 0.20715
28 0.20978
29 0.21689
30 0.22202
31 0.22452
32 0.22798
33 0.2395
34 0.25175
35 0.26698
36 0.26824
37 0.28144
38 0.29491
39 0.30819
40 0.33179
41 0.33905
42 0.34451
43 0.35606
44 0.35897
45 0.36993
46 0.40541
47 0.4185
48 0.41981
49 0.42272
50 0.42798
51 0.43428
52 0.4403
53 0.46182
54 0.46723
55 0.47144
56 0.47717
57 0.48393
58 0.48529
59 0.48669
60 0.50039
61 0.50701
62 0.51443
63 0.51838
64 0.5498
65 0.55209
66 0.55889
67 0.56081
68 0.58058
69 0.58246
70 0.58521
71 0.58739
72 0.60218
73 0.60386
74 0.61213
75 0.62181
76 0.63246
77 0.63742
78 0.64143
79 0.67185
80 0.68019
81 0.68782
82 0.69363
83 0.72048
84 0.74497
85 0.75351
86 0.77155
87 0.77479
88 0.79636
89 0.8013
90 0.81346
91 0.82017
92 0.83359
93 0.84996
94 0.85493
95 0.86154
96 0.87139
97 0.87871
98 0.88488
99 0.90648
100 0.9145
101 0.91911
102 0.93792
103 0.95785
104 0.96528
105 0.96837
106 0.97048
107 0.97761
108 0.98024
109 0.98403
110 0.99957
111 1.01404
112 1.02064
113 1.02624
114 1.04396
115 1.05133
116 1.05689
117 1.06497
118 1.09114
119 1.10512
120 1.11596
121 1.1196
122 1.12488
123 1.12668
124 1.12943
125 1.13762
126 1.14462
127 1.15979
128 1.16696
129 1.16911
130 1.17476
131 1.18032
132 1.18738
133 1.19239
134 1.19504
135 1.21036
136 1.22223
137 1.22345
138 1.22658
139 1.22834
140 1.23389
141 1.25665
142 1.26666
143 1.26851
144 1.27764
145 1.30116
146 1.32095
147 1.33161
148 1.33316
149 1.33566
150 1.34162
151 1.34986
152 1.35446
153 1.3617
154 1.37224
155 1.38442
156 1.38905
157 1.39435
158 1.4052
159 1.42155
160 1.42462
161 1.42736
162 1.43315
163 1.43711
164 1.43906
165 1.44447
166 1.45141
167 1.45614
168 1.46525
169 1.47011
170 1.47443
171 1.47879
172 1.49384
173 1.50259
174 1.51181
175 1.52688
176 1.54121
177 1.55631
178 1.57488
179 1.57984
180 1.58709
181 1.59203
182 1.59594
183 1.59746
184 1.61012
185 1.61805
186 1.62425
187 1.62916
188 1.64234
189 1.65635
190 1.66637
191 1.67086
192 1.67572
193 1.68304
194 1.68527
195 1.68949
196 1.70384
197 1.71576
198 1.72065
199 1.72818
200 1.73186
201 1.73442
202 1.74279
203 1.75379
204 1.75873
205 1.76829
206 1.77763
207 1.79151
208 1.79724
209 1.83454
210 1.83611
211 1.84373
212 1.85231
213 1.85718
214 1.87026
215 1.88501
216 1.91115
217 1.91669
218 1.92997
219 1.93951
220 1.9421
221 1.96717
222 1.97051
223 1.97277
224 1.97788
225 1.98678
226 1.98928
227 1.99093
228 2.0113
229 2.01265
230 2.02219
231 2.02841
232 2.05263
233 2.07536
234 2.08853
235 2.09661
236 2.10042
237 2.11295
238 2.12453
239 2.13313
240 2.13552
241 2.15009
242 2.15419
243 2.1623
244 2.17277
245 2.17716
246 2.18969
247 2.19213
248 2.21159
249 2.22346
250 2.2268
251 2.23722
252 2.2442
253 2.25063
254 2.25828
255 2.26101
256 2.26459
257 2.26978
258 2.27695
259 2.28198
260 2.28581
261 2.29175
262 2.30562
263 2.32283
264 2.32921
265 2.33096
266 2.34333
267 2.35055
268 2.35396
269 2.37594
270 2.38059
271 2.39489
272 2.41542
273 2.42086
274 2.43186
275 2.43648
276 2.46397
277 2.46834
278 2.4748
279 2.47946
280 2.4831
281 2.49002
282 2.49902
283 2.50551
284 2.51398
285 2.52494
286 2.54635
287 2.55077
288 2.56608
289 2.58363
290 2.59101
291 2.59764
292 2.60992
293 2.61299
294 2.61777
295 2.63367
296 2.63802
297 2.66113
298 2.67036
299 2.70224
300 2.712
301 2.71502
302 2.71703
303 2.73894
304 2.74675
305 2.76001
306 2.76127
307 2.76263
308 2.7668
309 2.77156
310 2.79734
311 2.80254
312 2.83013
313 2.83362
314 2.83781
315 2.84673
316 2.85075
317 2.85604
318 2.85968
319 2.8696
320 2.87409
321 2.88806
322 2.90116
323 2.9136
324 2.91664
325 2.93022
326 2.93799
327 2.95569
328 2.96159
329 2.96332
330 2.96608
331 2.97077
332 2.9747
333 2.97865
334 2.98812
335 2.99458
336 2.99668
