1 0.00432
2 0.0078
3 0.01344
4 0.03987
5 0.04854
6 0.0645
7 0.08346
8 0.09699
9 0.1294
10 0.13464
11 0.13975
12 0.16018
13 0.17676
14 0.20013
15 0.22719
16 0.25248
17 0.2687
18 0.27424
19 0.28164
20 0.28702
21 0.30283
22 0.30986
23 0.32135
24 0.33597
25 0.34563
26 0.35184
27 0.36184
28 0.36721
29 0.37318
30 0.38304
31 0.38497
32 0.4338
33 0.49498
34 0.52175
35 0.52314
36 0.5386
37 0.54231
38 0.54899
39 0.59348
40 0.6112
41 0.61674
42 0.62765
43 0.6332
44 0.64534
45 0.65686
46 0.69295
47 0.70188
48 0.75806
49 0.76402
50 0.77343
51 0.80901
52 0.81213
53 0.83317
54 0.86671
55 0.87644
56 0.88262
57 0.89531
58 0.90221
59 0.90668
60 0.93699
61 0.94362
62 0.9668
63 0.97317
64 1.01786
65 1.02523
66 1.03162
67 1.0363
68 1.04487
69 1.05024
70 1.09517
71 1.09968
72 1.12245
73 1.13809
74 1.14803
75 1.17482
76 1.22413
77 1.23629
78 1.27029
79 1.27611
80 1.28728
81 1.34534
82 1.35678
83 1.39376
84 1.39982
85 1.41174
86 1.43042
87 1.47091
88 1.48522
89 1.51768
90 1.51866
91 1.5301
92 1.55118
93 1.56585
94 1.59541
95 1.60514
96 1.63985
97 1.65356
98 1.68226
99 1.7729
100 1.78013
101 1.78862
102 1.78944
103 1.79917
104 1.80912
105 1.84169
106 1.84596
107 1.85881
108 1.86336
109 1.88222
110 1.88359
111 1.888
112 1.89817
113 1.90808
114 1.9803
115 1.99197
116 2.01166
117 2.02562
118 2.03231
119 2.03751
120 2.04503
121 2.04622
122 2.06456
123 2.10091
124 2.12984
125 2.14337
126 2.1799
127 2.19133
128 2.21838
129 2.22472
130 2.23131
131 2.23988
132 2.24387
133 2.26684
134 2.27332
135 2.2788
136 2.29036
137 2.34642
138 2.37305
139 2.3921
140 2.40139
141 2.40969
142 2.43781
143 2.46802
144 2.4887
145 2.49377
146 2.5121
147 2.52351
148 2.53402
149 2.5394
150 2.55435
151 2.58561
152 2.629
153 2.68456
154 2.7675
155 2.77239
156 2.78987
157 2.79552
158 2.80969
159 2.8433
160 2.87557
161 2.88145
162 2.97263
163 2.97861
164 2.98708
165 2.99935
