1 0.00454
2 0.00661
3 0.01032
4 0.02423
5 0.03168
6 0.0342
7 0.04149
8 0.04401
9 0.06157
10 0.06656
11 0.07934
12 0.09802
13 0.10066
14 0.10614
15 0.12704
16 0.12965
17 0.13665
18 0.14091
19 0.14398
20 0.14856
21 0.15101
22 0.15753
23 0.17383
24 0.18079
25 0.19667
26 0.21058
27 0.23098
28 0.23199
29 0.2384
30 0.24178
31 0.2501
32 0.26435
33 0.27707
34 0.2848
35 0.28639
36 0.28955
37 0.29962
38 0.311
39 0.31264
40 0.31591
41 0.32608
42 0.33703
43 0.34749
44 0.35085
45 0.36191
46 0.36583
47 0.37222
48 0.39238
49 0.39562
50 0.40821
51 0.4228
52 0.42551
53 0.44028
54 0.4486
55 0.45263
56 0.45484
57 0.46355
58 0.46905
59 0.47675
60 0.47983
61 0.48527
62 0.48773
63 0.49118
64 0.49703
65 0.51924
66 0.52478
67 0.53426
68 0.54252
69 0.54515
70 0.55235
71 0.55636
72 0.56661
73 0.57272
74 0.58056
75 0.59235
76 0.62123
77 0.62395
78 0.62529
79 0.63457
80 0.63593
81 0.64523
82 0.64948
83 0.65876
84 0.66672
85 0.67956
86 0.68476
87 0.69203
88 0.69725
89 0.70064
90 0.70282
91 0.70582
92 0.71162
93 0.72225
94 0.72374
95 0.73014
96 0.75189
97 0.75473
98 0.75967
99 0.76844
100 0.78751
101 0.78888
102 0.79031
103 0.79661
104 0.80145
105 0.81913
106 0.82955
107 0.84526
108 0.86436
109 0.87451
110 0.88609
111 0.89518
112 0.91073
113 0.91542
114 0.92186
115 0.92637
116 0.93588
117 0.94257
118 0.96767
119 0.97618
120 0.98284
121 0.99104
122 1.00337
123 1.02354
124 1.02773
125 1.03775
126 1.04703
127 1.05147
128 1.05785
129 1.06055
130 1.076
131 1.07779
132 1.08187
133 1.08476
134 1.09503
135 1.10202
136 1.11643
137 1.12369
138 1.12572
139 1.14925
140 1.15477
141 1.16042
142 1.17865
143 1.19691
144 1.19956
145 1.20632
146 1.23111
147 1.24656
148 1.26466
149 1.27055
150 1.28183
151 1.28872
152 1.29417
153 1.29911
154 1.31294
155 1.31643
156 1.32108
157 1.32305
158 1.32489
159 1.32668
160 1.34621
161 1.34855
162 1.35409
163 1.35983
164 1.36076
165 1.36833
166 1.37278
167 1.37486
168 1.3847
169 1.38694
170 1.40283
171 1.40446
172 1.40877
173 1.41287
174 1.41438
175 1.4321
176 1.45458
177 1.45834
178 1.46249
179 1.46584
180 1.46795
181 1.47261
182 1.47463
183 1.4929
184 1.52918
185 1.53133
186 1.53947
187 1.54391
188 1.55657
189 1.56853
190 1.57609
191 1.58331
192 1.58631
193 1.6063
194 1.61141
195 1.62223
196 1.62562
197 1.63304
198 1.63986
199 1.65753
200 1.65894
201 1.66118
202 1.66574
203 1.6698
204 1.68973
205 1.69232
206 1.71171
207 1.74351
208 1.74956
209 1.76144
210 1.76858
211 1.78143
212 1.7982
213 1.80379
214 1.80979
215 1.82027
216 1.82367
217 1.84553
218 1.85449
219 1.85873
220 1.86368
221 1.87235
222 1.87846
223 1.88042
224 1.89277
225 1.90953
226 1.92414
227 1.93743
228 1.95082
229 1.965
230 1.96923
231 1.97872
232 1.98343
233 2.00852
234 2.02501
235 2.0342
236 2.04354
237 2.0503
238 2.05451
239 2.0576
240 2.06796
241 2.07369
242 2.08851
243 2.09336
244 2.09686
245 2.10344
246 2.11224
247 2.11899
248 2.12127
249 2.1384
250 2.16031
251 2.16705
252 2.17423
253 2.18241
254 2.19392
255 2.21158
256 2.23388
257 2.24586
258 2.24924
259 2.26217
260 2.26576
261 2.28047
262 2.28918
263 2.32426
264 2.32989
265 2.33169
266 2.33366
267 2.34124
268 2.34906
269 2.36893
270 2.38317
271 2.38503
272 2.39153
273 2.39652
274 2.40423
275 2.41229
276 2.42663
277 2.43076
278 2.43655
279 2.44052
280 2.44932
281 2.46152
282 2.47661
283 2.48084
284 2.48539
285 2.48921
286 2.4954
287 2.50336
288 2.50678
289 2.50875
290 2.52216
291 2.52942
292 2.53578
293 2.54135
294 2.55218
295 2.57269
296 2.57561
297 2.58248
298 2.59444
299 2.60792
300 2.61242
301 2.61954
302 2.63178
303 2.64226
304 2.64554
305 2.65924
306 2.66665
307 2.67332
308 2.70056
309 2.71343
310 2.72785
311 2.74745
312 2.75388
313 2.75933
314 2.7685
315 2.77857
316 2.79027
317 2.81085
318 2.81441
319 2.81712
320 2.82843
321 2.84725
322 2.88237
323 2.89173
324 2.89783
325 2.90304
326 2.91548
327 2.92263
328 2.93016
329 2.95225
330 2.9537
331 2.95699
332 2.96998
333 2.99101
