1 0.01064
2 0.01874
3 0.02595
4 0.03788
5 0.04034
6 0.05276
7 0.05571
8 0.07499
9 0.07791
10 0.08478
11 0.09522
12 0.12451
13 0.12771
14 0.15553
15 0.16515
16 0.17426
17 0.18175
18 0.18655
19 0.19583
20 0.20469
21 0.21312
22 0.22629
23 0.23903
24 0.25174
25 0.25417
26 0.25767
27 0.26638
28 0.27242
29 0.27434
30 0.28023
31 0.2854
32 0.29473
33 0.31349
34 0.32303
35 0.32937
36 0.33407
37 0.33632
38 0.3494
39 0.3523
40 0.37087
41 0.38303
42 0.38516
43 0.40935
44 0.41304
45 0.41711
46 0.42374
47 0.45538
48 0.45937
49 0.46329
50 0.46896
51 0.48066
52 0.49276
53 0.50258
54 0.50884
55 0.51485
56 0.5203
57 0.52859
58 0.53148
59 0.53557
60 0.54083
61 0.55461
62 0.5692
63 0.57561
64 0.6387
65 0.65061
66 0.65864
67 0.67295
68 0.67674
69 0.67936
70 0.69673
71 0.70029
72 0.70435
73 0.70982
74 0.7129
75 0.72464
76 0.72729
77 0.72955
78 0.74878
79 0.76128
80 0.76511
81 0.76792
82 0.77394
83 0.78348
84 0.81005
85 0.82625
86 0.83029
87 0.88238
88 0.90803
89 0.92081
90 0.93889
91 0.94718
92 0.95386
93 0.96808
94 0.97146
95 0.97749
96 0.98922
97 0.99352
98 0.99834
99 1.01168
100 1.01633
101 1.02948
102 1.04034
103 1.07663
104 1.08432
105 1.10375
106 1.11179
107 1.12823
108 1.14584
109 1.15692
110 1.16768
111 1.17041
112 1.18059
113 1.18418
114 1.18774
115 1.1983
116 1.20432
117 1.21301
118 1.22059
119 1.22305
120 1.23865
121 1.24621
122 1.25559
123 1.27481
124 1.3023
125 1.31803
126 1.32875
127 1.33547
128 1.33798
129 1.35437
130 1.36287
131 1.36632
132 1.36952
133 1.37819
134 1.38079
135 1.39326
136 1.40517
137 1.42208
138 1.42556
139 1.4416
140 1.44393
141 1.45782
142 1.46563
143 1.47131
144 1.47513
145 1.47819
146 1.48314
147 1.5028
148 1.51004
149 1.51994
150 1.55632
151 1.57409
152 1.58862
153 1.59713
154 1.60333
155 1.62496
156 1.64118
157 1.67153
158 1.67793
159 1.6877
160 1.70661
161 1.71047
162 1.71399
163 1.72272
164 1.7471
165 1.75176
166 1.76553
167 1.78124
168 1.80648
169 1.82651
170 1.82943
171 1.83738
172 1.84313
173 1.84946
174 1.8768
175 1.87982
176 1.88392
177 1.88705
178 1.90574
179 1.91741
180 1.92693
181 1.94576
182 1.95991
183 1.97368
184 1.98152
185 1.98365
186 1.98562
187 1.99089
188 2.00128
189 2.00703
190 2.01263
191 2.02721
192 2.03436
193 2.0752
194 2.0785
195 2.08971
196 2.09232
197 2.12555
198 2.13531
199 2.15935
200 2.16644
201 2.17807
202 2.18871
203 2.21266
204 2.22691
205 2.22879
206 2.23611
207 2.24126
208 2.25632
209 2.2586
210 2.27635
211 2.27923
212 2.29165
213 2.31102
214 2.31942
215 2.32382
216 2.33798
217 2.34174
218 2.36672
219 2.40416
220 2.41669
221 2.42877
222 2.43175
223 2.44347
224 2.44906
225 2.45233
226 2.46385
227 2.46583
228 2.46824
229 2.47405
230 2.47687
231 2.48246
232 2.48491
233 2.50701
234 2.52314
235 2.53931
236 2.54335
237 2.5516
238 2.55841
239 2.56618
240 2.57302
241 2.57709
242 2.58165
243 2.58364
244 2.58718
245 2.58977
246 2.62313
247 2.66333
248 2.67512
249 2.67718
250 2.68372
251 2.69491
252 2.70873
253 2.71492
254 2.7202
255 2.72578
256 2.73238
257 2.75045
258 2.76562
259 2.76881
260 2.77138
261 2.7744
262 2.77849
263 2.78076
264 2.79064
265 2.82557
266 2.83494
267 2.84911
268 2.86455
269 2.87666
270 2.88299
271 2.90669
272 2.91089
273 2.91495
274 2.91946
275 2.9484
276 2.96153
277 2.9708
278 2.97529
279 2.985
280 2.99629
