1 0.00779
2 0.01006
3 0.01304
4 0.01477
5 0.03506
6 0.04928
7 0.05256
8 0.05774
9 0.05972
10 0.06345
11 0.06848
12 0.07464
13 0.08158
14 0.09303
15 0.10229
16 0.10598
17 0.10993
18 0.1159
19 0.14094
20 0.15242
21 0.15476
22 0.1627
23 0.16711
24 0.17362
25 0.17519
26 0.18449
27 0.19496
28 0.19984
29 0.20247
30 0.22059
31 0.22939
32 0.23458
33 0.23715
34 0.24601
35 0.25293
36 0.25579
37 0.26299
38 0.26765
39 0.27783
40 0.28076
41 0.28608
42 0.29208
43 0.29374
44 0.30046
45 0.31333
46 0.31536
47 0.31818
48 0.32524
49 0.32763
50 0.34141
51 0.35578
52 0.35837
53 0.36125
54 0.37844
55 0.39054
56 0.39525
57 0.40686
58 0.41119
59 0.42579
60 0.42963
61 0.43578
62 0.44016
63 0.46818
64 0.47326
65 0.48079
66 0.48556
67 0.48732
68 0.49641
69 0.50366
70 0.50907
71 0.51844
72 0.52434
73 0.53903
74 0.54825
75 0.55076
76 0.56014
77 0.56752
78 0.57499
79 0.59394
80 0.59523
81 0.60664
82 0.61046
83 0.61777
84 0.64262
85 0.65502
86 0.65614
87 0.66993
88 0.67449
89 0.68101
90 0.6894
91 0.69714
92 0.71579
93 0.71871
94 0.72683
95 0.73495
96 0.74238
97 0.75165
98 0.7543
99 0.7596
100 0.77649
101 0.77885
102 0.78901
103 0.79444
104 0.79778
105 0.79997
106 0.81135
107 0.81795
108 0.81987
109 0.83179
110 0.84693
111 0.84956
112 0.85808
113 0.86236
114 0.86859
115 0.87939
116 0.89827
117 0.90211
118 0.91201
119 0.91465
120 0.92133
121 0.95703
122 0.96446
123 0.98564
124 1.00032
125 1.00332
126 1.00919
127 1.01642
128 1.02527
129 1.03301
130 1.04123
131 1.04593
132 1.05651
133 1.06173
134 1.06495
135 1.07037
136 1.09519
137 1.10257
138 1.1089
139 1.12076
140 1.12618
141 1.13826
142 1.14019
143 1.14411
144 1.14665
145 1.15086
146 1.15386
147 1.15808
148 1.17592
149 1.18545
150 1.18749
151 1.19261
152 1.19935
153 1.20518
154 1.23798
155 1.24076
156 1.25026
157 1.25627
158 1.27836
159 1.284
160 1.29846
161 1.31539
162 1.32236
163 1.32614
164 1.35652
165 1.37314
166 1.38621
167 1.39117
168 1.39884
169 1.40104
170 1.40335
171 1.41129
172 1.42423
173 1.42964
174 1.4314
175 1.44083
176 1.44731
177 1.4493
178 1.46178
179 1.4775
180 1.48147
181 1.48588
182 1.49545
183 1.50026
184 1.50581
185 1.5138
186 1.52314
187 1.53021
188 1.53495
189 1.54674
190 1.55447
191 1.55633
192 1.57263
193 1.58189
194 1.58747
195 1.59016
196 1.60196
197 1.63638
198 1.64291
199 1.65248
200 1.65435
201 1.66371
202 1.6667
203 1.67431
204 1.68749
205 1.69612
206 1.70715
207 1.71441
208 1.7241
209 1.72553
210 1.7359
211 1.7482
212 1.75427
213 1.75744
214 1.7645
215 1.76845
216 1.77366
217 1.78194
218 1.78619
219 1.78993
220 1.80846
221 1.81038
222 1.81202
223 1.83338
224 1.83777
225 1.84583
226 1.85063
227 1.85465
228 1.89077
229 1.89765
230 1.90073
231 1.90823
232 1.91612
233 1.92632
234 1.93083
235 1.95491
236 1.96397
237 1.97371
238 1.98635
239 1.9967
240 2.00524
241 2.00842
242 2.01521
243 2.02172
244 2.03059
245 2.03545
246 2.04482
247 2.05324
248 2.05815
249 2.05989
250 2.07776
251 2.10179
252 2.11165
253 2.13585
254 2.14297
255 2.15445
256 2.1603
257 2.16741
258 2.16922
259 2.19225
260 2.19934
261 2.2066
262 2.21025
263 2.23242
264 2.23862
265 2.23985
266 2.25767
267 2.26146
268 2.26592
269 2.27189
270 2.27613
271 2.28274
272 2.28479
273 2.29275
274 2.32534
275 2.32917
276 2.34488
277 2.34823
278 2.35644
279 2.36731
280 2.37353
281 2.37802
282 2.38205
283 2.3886
284 2.40282
285 2.40933
286 2.42114
287 2.42616
288 2.43906
289 2.44791
290 2.47299
291 2.49399
292 2.50605
293 2.51213
294 2.52121
295 2.52446
296 2.52821
297 2.53499
298 2.56147
299 2.56416
300 2.57785
301 2.60269
302 2.61878
303 2.63384
304 2.63629
305 2.6741
306 2.68139
307 2.68959
308 2.71183
309 2.72492
310 2.73241
311 2.74699
312 2.74899
313 2.76048
314 2.7625
315 2.77814
316 2.78059
317 2.79848
318 2.80294
319 2.8049
320 2.81667
321 2.82476
322 2.84253
323 2.88773
324 2.89578
325 2.90251
326 2.91579
327 2.93505
328 2.9544
329 2.96451
330 2.98685
331 2.99204
332 2.99432
