1 0.00323
2 0.0063
3 0.01945
4 0.03206
5 0.03863
6 0.04568
7 0.05458
8 0.05689
9 0.06705
10 0.07056
11 0.07809
12 0.08943
13 0.09119
14 0.10322
15 0.10565
16 0.1126
17 0.12699
18 0.13616
19 0.14007
20 0.14909
21 0.16621
22 0.17166
23 0.1786
24 0.18481
25 0.19799
26 0.21323
27 0.21402
28 0.22388
29 0.23079
30 0.2338
31 0.23528
32 0.23954
33 0.24692
34 0.25263
35 0.25814
36 0.26839
37 0.28083
38 0.28539
39 0.29239
40 0.30246
41 0.30832
42 0.31647
43 0.33005
44 0.33684
45 0.34111
46 0.34382
47 0.34549
48 0.35244
49 0.35421
50 0.36876
51 0.37581
52 0.38041
53 0.38928
54 0.39054
55 0.3975
56 0.40123
57 0.40282
58 0.40591
59 0.4337
60 0.4412
61 0.44707
62 0.44997
63 0.45916
64 0.47394
65 0.48949
66 0.49458
67 0.49646
68 0.51532
69 0.52195
70 0.52838
71 0.54286
72 0.55149
73 0.55424
74 0.55819
75 0.56926
76 0.58101
77 0.59443
78 0.59546
79 0.59778
80 0.61724
81 0.62154
82 0.62654
83 0.63427
84 0.65525
85 0.65747
86 0.6661
87 0.67674
88 0.67975
89 0.68287
90 0.69982
91 0.70432
92 0.70815
93 0.72053
94 0.73314
95 0.73935
96 0.74411
97 0.7479
98 0.76789
99 0.77781
100 0.78857
101 0.80272
102 0.81441
103 0.81883
104 0.82016
105 0.83972
106 0.84136
107 0.84853
108 0.85387
109 0.85639
110 0.86637
111 0.89483
112 0.90595
113 0.92112
114 0.92696
115 0.93063
116 0.93957
117 0.95202
118 0.95571
119 0.96608
120 0.97017
121 0.97999
122 1.02237
123 1.02648
124 1.03014
125 1.03639
126 1.04081
127 1.0608
128 1.07688
129 1.10452
130 1.12249
131 1.13191
132 1.13771
133 1.14685
134 1.15585
135 1.16524
136 1.17091
137 1.17463
138 1.17596
139 1.17919
140 1.20425
141 1.22043
142 1.23009
143 1.23884
144 1.24461
145 1.24887
146 1.25011
147 1.25299
148 1.25694
149 1.259
150 1.26578
151 1.2695
152 1.29205
153 1.30043
154 1.30281
155 1.30684
156 1.31375
157 1.32253
158 1.33345
159 1.35694
160 1.36206
161 1.36468
162 1.3712
163 1.38654
164 1.39207
165 1.40432
166 1.40808
167 1.41023
168 1.41297
169 1.42205
170 1.42914
171 1.43682
172 1.43933
173 1.44788
174 1.45864
175 1.47659
176 1.48687
177 1.49172
178 1.51351
179 1.52675
180 1.52951
181 1.53109
182 1.5326
183 1.54649
184 1.54783
185 1.56177
186 1.56316
187 1.58394
188 1.60619
189 1.6078
190 1.61104
191 1.6181
192 1.62922
193 1.63478
194 1.65299
195 1.6567
196 1.66072
197 1.69092
198 1.69747
199 1.70119
200 1.71291
201 1.72089
202 1.72302
203 1.72794
204 1.74129
205 1.74335
206 1.76832
207 1.76985
208 1.77837
209 1.78102
210 1.78396
211 1.79269
212 1.80776
213 1.81104
214 1.81672
215 1.82335
216 1.82812
217 1.84866
218 1.85752
219 1.86313
220 1.87294
221 1.87994
222 1.88451
223 1.88992
224 1.90391
225 1.90711
226 1.91051
227 1.92496
228 1.92864
229 1.93691
230 1.95539
231 1.95957
232 1.96314
233 1.97584
234 1.98686
235 1.99184
236 2.00549
237 2.01012
238 2.02368
239 2.03252
240 2.0354
241 2.07282
242 2.07921
243 2.08056
244 2.10292
245 2.1118
246 2.12719
247 2.132
248 2.15443
249 2.16489
250 2.17669
251 2.18147
252 2.1835
253 2.1909
254 2.19524
255 2.21118
256 2.21824
257 2.23733
258 2.24015
259 2.24626
260 2.25072
261 2.25749
262 2.26964
263 2.27775
264 2.29513
265 2.30421
266 2.32106
267 2.32726
268 2.33045
269 2.33512
270 2.33632
271 2.35699
272 2.36658
273 2.37522
274 2.3806
275 2.38618
276 2.39482
277 2.40871
278 2.41534
279 2.42547
280 2.45179
281 2.46447
282 2.47391
283 2.47546
284 2.48256
285 2.48959
286 2.51083
287 2.51207
288 2.51858
289 2.5291
290 2.54519
291 2.55891
292 2.5693
293 2.57928
294 2.58241
295 2.59353
296 2.60481
297 2.60593
298 2.60867
299 2.61541
300 2.62845
301 2.6485
302 2.68077
303 2.68255
304 2.69077
305 2.70293
306 2.70473
307 2.70856
308 2.73056
309 2.74874
310 2.76451
311 2.77606
312 2.78642
313 2.78898
314 2.80326
315 2.80999
316 2.81527
317 2.82548
318 2.82733
319 2.83268
320 2.83446
321 2.83743
322 2.84034
323 2.85123
324 2.87918
325 2.88569
326 2.89812
327 2.9058
328 2.90807
329 2.91913
330 2.92773
331 2.93336
332 2.95097
333 2.95785
334 2.95947
