1 0.00314
2 0.00868
3 0.02065
4 0.022
5 0.03062
6 0.03307
7 0.03852
8 0.04389
9 0.04964
10 0.05802
11 0.06786
12 0.07286
13 0.07791
14 0.08584
15 0.08716
16 0.09416
17 0.09921
18 0.108
19 0.1105
20 0.11243
21 0.11824
22 0.12169
23 0.1276
24 0.1472
25 0.15662
26 0.1612
27 0.17813
28 0.18393
29 0.19396
30 0.20428
31 0.20738
32 0.21147
33 0.21385
34 0.22625
35 0.23613
36 0.24324
37 0.25271
38 0.26681
39 0.28811
40 0.30105
41 0.30499
42 0.31409
43 0.3191
44 0.32351
45 0.32622
46 0.33001
47 0.33828
48 0.35126
49 0.35409
50 0.36267
51 0.36865
52 0.37755
53 0.38776
54 0.39529
55 0.42924
56 0.43426
57 0.45215
58 0.4585
59 0.46468
60 0.47024
61 0.48487
62 0.49316
63 0.51167
64 0.52602
65 0.54735
66 0.55227
67 0.55758
68 0.56636
69 0.5699
70 0.58389
71 0.59203
72 0.59541
73 0.60195
74 0.61266
75 0.61773
76 0.62819
77 0.62966
78 0.63566
79 0.64204
80 0.64762
81 0.64963
82 0.66123
83 0.67464
84 0.68515
85 0.69657
86 0.72051
87 0.72334
88 0.72903
89 0.73397
90 0.73808
91 0.76593
92 0.77477
93 0.80207
94 0.80454
95 0.80988
96 0.83222
97 0.84787
98 0.854
99 0.87286
100 0.8803
101 0.89472
102 0.89935
103 0.90648
104 0.92142
105 0.95429
106 0.9599
107 0.9686
108 0.97918
109 0.98248
110 0.98981
111 0.99285
112 1.01503
113 1.02723
114 1.0358
115 1.04105
116 1.04518
117 1.04972
118 1.05457
119 1.05638
120 1.06594
121 1.07124
122 1.07962
123 1.0867
124 1.09767
125 1.10088
126 1.10267
127 1.10809
128 1.12862
129 1.14169
130 1.14562
131 1.15018
132 1.16289
133 1.16604
134 1.17805
135 1.19782
136 1.20172
137 1.22231
138 1.22885
139 1.23236
140 1.2432
141 1.25894
142 1.27606
143 1.27823
144 1.29913
145 1.30843
146 1.32041
147 1.33069
148 1.34068
149 1.34497
150 1.35875
151 1.36378
152 1.36517
153 1.3788
154 1.38779
155 1.40077
156 1.40427
157 1.41092
158 1.41739
159 1.44007
160 1.45364
161 1.46813
162 1.47204
163 1.4735
164 1.48452
165 1.50971
166 1.51854
167 1.5317
168 1.53782
169 1.54191
170 1.54785
171 1.56321
172 1.56801
173 1.58513
174 1.59029
175 1.59377
176 1.59576
177 1.60943
178 1.61229
179 1.61786
180 1.62101
181 1.62406
182 1.63599
183 1.6553
184 1.6562
185 1.68387
186 1.69756
187 1.70384
188 1.70649
189 1.71991
190 1.73301
191 1.74004
192 1.74837
193 1.75757
194 1.76481
195 1.77533
196 1.78837
197 1.80052
198 1.80607
199 1.81027
200 1.81598
201 1.82461
202 1.83764
203 1.85328
204 1.85596
205 1.86518
206 1.86927
207 1.88191
208 1.88741
209 1.88914
210 1.90465
211 1.91062
212 1.92177
213 1.94022
214 1.95424
215 1.9577
216 1.97293
217 1.97588
218 1.98479
219 1.99324
220 2.0062
221 2.0198
222 2.02661
223 2.0414
224 2.04535
225 2.06341
226 2.06663
227 2.07339
228 2.07921
229 2.087
230 2.10456
231 2.10893
232 2.11742
233 2.11986
234 2.12516
235 2.14181
236 2.18977
237 2.19364
238 2.20706
239 2.21576
240 2.23092
241 2.25776
242 2.27705
243 2.29371
244 2.3101
245 2.3155
246 2.32116
247 2.33683
248 2.34526
249 2.35524
250 2.38523
251 2.38746
252 2.39198
253 2.39685
254 2.40482
255 2.41105
256 2.42153
257 2.4283
258 2.44144
259 2.44873
260 2.45059
261 2.45913
262 2.4619
263 2.46456
264 2.46907
265 2.48418
266 2.50657
267 2.52086
268 2.52311
269 2.53377
270 2.556
271 2.55944
272 2.56301
273 2.56934
274 2.57141
275 2.57423
276 2.57918
277 2.58358
278 2.58901
279 2.59403
280 2.60873
281 2.62661
282 2.63479
283 2.65282
284 2.6662
285 2.69137
286 2.69606
287 2.71153
288 2.72192
289 2.72982
290 2.76408
291 2.768
292 2.77305
293 2.77568
294 2.77672
295 2.79081
296 2.80978
297 2.81395
298 2.82887
299 2.83795
300 2.84355
301 2.85126
302 2.85735
303 2.86366
304 2.87255
305 2.87422
306 2.87788
307 2.88152
308 2.88886
309 2.89314
310 2.89554
311 2.9123
312 2.92638
313 2.96076
314 2.96463
315 2.97039
316 2.97929
317 2.98023
318 2.98546
319 2.99744
