1 0.00883
2 0.05825
3 0.0649
4 0.0702
5 0.12158
6 0.14357
7 0.15246
8 0.18767
9 0.2211
10 0.24561
11 0.2628
12 0.268
13 0.27451
14 0.28039
15 0.2869
16 0.31013
17 0.31485
18 0.32784
19 0.35668
20 0.36128
21 0.4032
22 0.43725
23 0.4407
24 0.45718
25 0.46127
26 0.47009
27 0.47808
28 0.48878
29 0.49926
30 0.52254
31 0.52687
32 0.53407
33 0.55061
34 0.5619
35 0.57587
36 0.58336
37 0.59755
38 0.62767
39 0.64095
40 0.65229
41 0.65668
42 0.66558
43 0.67424
44 0.68659
45 0.70251
46 0.71118
47 0.71964
48 0.72267
49 0.74753
50 0.75081
51 0.75808
52 0.77192
53 0.77678
54 0.79785
55 0.80906
56 0.82447
57 0.83042
58 0.83216
59 0.86254
60 0.89532
61 0.91123
62 0.92305
63 0.94974
64 0.95944
65 0.96634
66 0.97208
67 0.97914
68 1.01869
69 1.0242
70 1.03197
71 1.05116
72 1.06093
73 1.06512
74 1.07037
75 1.09415
76 1.09941
77 1.10056
78 1.10529
79 1.13756
80 1.14228
81 1.16111
82 1.18429
83 1.1973
84 1.21623
85 1.224
86 1.23276
87 1.25646
88 1.26926
89 1.27605
90 1.29535
91 1.30292
92 1.31254
93 1.31937
94 1.34599
95 1.36438
96 1.38848
97 1.40166
98 1.45311
99 1.45906
100 1.46643
101 1.50109
102 1.51714
103 1.5595
104 1.56588
105 1.5733
106 1.59621
107 1.62817
108 1.66871
109 1.67528
110 1.69746
111 1.70919
112 1.72151
113 1.73497
114 1.76912
115 1.77259
116 1.77903
117 1.79371
118 1.79952
119 1.82087
120 1.83339
121 1.85438
122 1.86348
123 1.87645
124 1.87871
125 1.89787
126 1.90386
127 1.91257
128 1.9191
129 1.95415
130 1.97203
131 1.97555
132 1.97995
133 2.01148
134 2.02043
135 2.0333
136 2.0452
137 2.06789
138 2.07274
139 2.08381
140 2.10049
141 2.1055
142 2.11505
143 2.13856
144 2.154
145 2.17385
146 2.18815
147 2.21327
148 2.21817
149 2.23144
150 2.23896
151 2.24452
152 2.25671
153 2.26068
154 2.2662
155 2.27268
156 2.2785
157 2.28493
158 2.3102
159 2.35991
160 2.38799
161 2.39144
162 2.39662
163 2.40659
164 2.40973
165 2.41518
166 2.43649
167 2.46901
168 2.48332
169 2.50081
170 2.51188
171 2.57659
172 2.60774
173 2.62953
174 2.6418
175 2.65336
176 2.66402
177 2.67142
178 2.69376
179 2.72549
180 2.73102
181 2.7446
182 2.76728
183 2.78981
184 2.80923
185 2.81747
186 2.82937
187 2.85765
188 2.89261
189 2.92068
190 2.96067
191 2.97318
192 2.98662
