1 0.01645
2 0.03372
3 0.03566
4 0.03837
5 0.04815
6 0.06135
7 0.06233
8 0.06619
9 0.11396
10 0.11831
11 0.12834
12 0.1332
13 0.138
14 0.15112
15 0.1614
16 0.16597
17 0.17293
18 0.18368
19 0.18746
20 0.19051
21 0.19657
22 0.21403
23 0.21909
24 0.23596
25 0.24432
26 0.25888
27 0.26171
28 0.27491
29 0.30282
30 0.30759
31 0.3228
32 0.32756
33 0.36393
34 0.40284
35 0.40676
36 0.41417
37 0.42417
38 0.42734
39 0.43999
40 0.4781
41 0.48113
42 0.49729
43 0.51585
44 0.51957
45 0.53187
46 0.56013
47 0.57247
48 0.57978
49 0.5838
50 0.59692
51 0.61379
52 0.61891
53 0.65446
54 0.66743
55 0.68779
56 0.69108
57 0.69471
58 0.71323
59 0.73252
60 0.73573
61 0.7449
62 0.74984
63 0.7623
64 0.76619
65 0.78468
66 0.78695
67 0.79173
68 0.81362
69 0.81823
70 0.82741
71 0.84364
72 0.85774
73 0.86544
74 0.87966
75 0.88838
76 0.90926
77 0.91521
78 0.92911
79 0.93636
80 0.94773
81 0.95476
82 0.97177
83 0.97749
84 1.00538
85 1.01516
86 1.02752
87 1.0306
88 1.0495
89 1.06383
90 1.07828
91 1.09955
92 1.11595
93 1.12068
94 1.14026
95 1.1449
96 1.15183
97 1.16803
98 1.19226
99 1.19622
100 1.1993
101 1.20257
102 1.22093
103 1.23511
104 1.26362
105 1.27252
106 1.29507
107 1.30123
108 1.30684
109 1.31814
110 1.32238
111 1.32671
112 1.34289
113 1.34954
114 1.37624
115 1.37932
116 1.39184
117 1.40068
118 1.40496
119 1.41043
120 1.41979
121 1.42287
122 1.45192
123 1.47649
124 1.49187
125 1.5029
126 1.52357
127 1.542
128 1.55916
129 1.56489
130 1.56897
131 1.58254
132 1.60853
133 1.62279
134 1.65961
135 1.6662
136 1.67671
137 1.69234
138 1.69662
139 1.70359
140 1.71746
141 1.74141
142 1.75266
143 1.75602
144 1.7662
145 1.77888
146 1.78218
147 1.78557
148 1.78865
149 1.79162
150 1.80339
151 1.83003
152 1.83803
153 1.84074
154 1.85724
155 1.86634
156 1.88522
157 1.90181
158 1.90601
159 1.91404
160 1.94276
161 1.94931
162 1.96276
163 1.99539
164 2.002
165 2.01366
166 2.03242
167 2.0578
168 2.06129
169 2.07047
170 2.0796
171 2.10027
172 2.11783
173 2.1227
174 2.12723
175 2.15829
176 2.18284
177 2.18775
178 2.19555
179 2.19903
180 2.21527
181 2.23656
182 2.248
183 2.26388
184 2.27644
185 2.28247
186 2.3077
187 2.31268
188 2.3172
189 2.33231
190 2.3355
191 2.33912
192 2.35377
193 2.35807
194 2.3713
195 2.3848
196 2.3953
197 2.4001
198 2.40858
199 2.42234
200 2.43614
201 2.44044
202 2.44433
203 2.45396
204 2.47511
205 2.48031
206 2.51072
207 2.51467
208 2.51818
209 2.56665
210 2.57427
211 2.58193
212 2.60535
213 2.61535
214 2.62025
215 2.63139
216 2.64536
217 2.67122
218 2.67512
219 2.68328
220 2.68754
221 2.69134
222 2.71233
223 2.72222
224 2.73322
225 2.74268
226 2.75963
227 2.77583
228 2.7787
229 2.78619
230 2.79489
231 2.80272
232 2.8231
233 2.83972
234 2.86344
235 2.87184
236 2.88009
237 2.90695
238 2.91535
239 2.92368
240 2.92759
241 2.93122
242 2.93819
243 2.94882
244 2.9568
245 2.96905
246 2.99682
