1 0.0225
2 0.02711
3 0.03957
4 0.04131
5 0.05058
6 0.06315
7 0.06973
8 0.07367
9 0.07531
10 0.07822
11 0.09579
12 0.09792
13 0.10356
14 0.11881
15 0.1218
16 0.1268
17 0.12976
18 0.13511
19 0.16129
20 0.17016
21 0.18565
22 0.19578
23 0.20569
24 0.20826
25 0.21912
26 0.233
27 0.23443
28 0.23559
29 0.23704
30 0.24093
31 0.24907
32 0.25072
33 0.26053
34 0.26402
35 0.26909
36 0.27874
37 0.30607
38 0.31206
39 0.33298
40 0.33759
41 0.3482
42 0.36916
43 0.37622
44 0.38447
45 0.40242
46 0.40804
47 0.44522
48 0.45987
49 0.46313
50 0.46805
51 0.46984
52 0.4769
53 0.48834
54 0.48992
55 0.50224
56 0.50761
57 0.51398
58 0.52082
59 0.52528
60 0.5506
61 0.56271
62 0.57847
63 0.60263
64 0.62207
65 0.62615
66 0.62758
67 0.63218
68 0.64177
69 0.66208
70 0.67007
71 0.68032
72 0.69205
73 0.70029
74 0.71152
75 0.71324
76 0.73322
77 0.73784
78 0.7397
79 0.75425
80 0.75791
81 0.77199
82 0.77965
83 0.78913
84 0.79527
85 0.80304
86 0.81452
87 0.82531
88 0.83103
89 0.83799
90 0.85785
91 0.87793
92 0.87982
93 0.88572
94 0.88724
95 0.89249
96 0.89572
97 0.8992
98 0.91699
99 0.92347
100 0.92688
101 0.94041
102 0.94601
103 0.95081
104 0.95411
105 0.9577
106 0.96204
107 0.97045
108 0.97587
109 0.97846
110 0.9905
111 1.00559
112 1.01532
113 1.01752
114 1.0262
115 1.03148
116 1.0463
117 1.05635
118 1.06557
119 1.07332
120 1.07945
121 1.08526
122 1.08672
123 1.09006
124 1.09371
125 1.10012
126 1.11594
127 1.11783
128 1.12657
129 1.12845
130 1.13091
131 1.13521
132 1.13832
133 1.14271
134 1.14997
135 1.15198
136 1.1556
137 1.1795
138 1.19937
139 1.2054
140 1.2133
141 1.21631
142 1.22499
143 1.2376
144 1.25311
145 1.26573
146 1.26974
147 1.27166
148 1.27645
149 1.28814
150 1.29292
151 1.29735
152 1.31811
153 1.3197
154 1.32369
155 1.32853
156 1.33165
157 1.33855
158 1.34734
159 1.36166
160 1.36515
161 1.36816
162 1.37058
163 1.37392
164 1.38129
165 1.40418
166 1.41038
167 1.42217
168 1.43499
169 1.43736
170 1.45903
171 1.47166
172 1.48809
173 1.49645
174 1.5009
175 1.50351
176 1.51535
177 1.51702
178 1.52854
179 1.55106
180 1.55966
181 1.57427
182 1.58523
183 1.5929
184 1.59935
185 1.60683
186 1.61637
187 1.6273
188 1.63025
189 1.6427
190 1.64754
191 1.65915
192 1.66518
193 1.68139
194 1.6919
195 1.70624
196 1.71525
197 1.72964
198 1.73544
199 1.74788
200 1.75432
201 1.75617
202 1.80126
203 1.80709
204 1.82125
205 1.83452
206 1.84365
207 1.85762
208 1.86376
209 1.86725
210 1.87842
211 1.89261
212 1.8958
213 1.8978
214 1.90599
215 1.90942
216 1.91405
217 1.91822
218 1.92595
219 1.93088
220 1.93371
221 1.93537
222 1.94485
223 1.9542
224 1.96417
225 1.98009
226 1.98228
227 1.99104
228 1.99459
229 2.00962
230 2.0304
231 2.04169
232 2.04846
233 2.072
234 2.08627
235 2.10302
236 2.11035
237 2.11219
238 2.11692
239 2.12141
240 2.12707
241 2.13186
242 2.13468
243 2.13639
244 2.14476
245 2.15188
246 2.15355
247 2.16111
248 2.16257
249 2.16703
250 2.17019
251 2.17648
252 2.18105
253 2.18335
254 2.19212
255 2.19954
256 2.20947
257 2.22182
258 2.24331
259 2.24655
260 2.25545
261 2.27747
262 2.30308
263 2.31351
264 2.3152
265 2.3182
266 2.33474
267 2.34396
268 2.36411
269 2.36671
270 2.37479
271 2.38722
272 2.40334
273 2.41408
274 2.42016
275 2.42448
276 2.44277
277 2.45583
278 2.46573
279 2.46912
280 2.48772
281 2.49394
282 2.49628
283 2.50969
284 2.51315
285 2.5273
286 2.57005
287 2.5724
288 2.58265
289 2.58949
290 2.59897
291 2.62731
292 2.62963
293 2.6421
294 2.66054
295 2.68403
296 2.69142
297 2.69283
298 2.7005
299 2.70431
300 2.71277
301 2.72103
302 2.73397
303 2.74497
304 2.75012
305 2.75349
306 2.75516
307 2.76516
308 2.7732
309 2.78541
310 2.78985
311 2.79961
312 2.81077
313 2.84031
314 2.85221
315 2.86373
316 2.86876
317 2.89452
318 2.90535
319 2.916
320 2.91996
321 2.93903
322 2.96311
323 2.96678
