1 0.00365
2 0.00535
3 0.01149
4 0.01972
5 0.02214
6 0.02558
7 0.02901
8 0.03596
9 0.05589
10 0.06436
11 0.08182
12 0.10377
13 0.11008
14 0.11672
15 0.1323
16 0.14227
17 0.14864
18 0.15754
19 0.16431
20 0.17412
21 0.17699
22 0.18141
23 0.20564
24 0.22823
25 0.24267
26 0.25231
27 0.2601
28 0.27405
29 0.27788
30 0.28475
31 0.28722
32 0.30028
33 0.30532
34 0.31257
35 0.31457
36 0.3209
37 0.32376
38 0.32803
39 0.33008
40 0.35164
41 0.35449
42 0.37869
43 0.38011
44 0.38356
45 0.38539
46 0.40644
47 0.41258
48 0.42082
49 0.44853
50 0.45333
51 0.47194
52 0.47387
53 0.49274
54 0.50119
55 0.50936
56 0.52085
57 0.52258
58 0.52732
59 0.5378
60 0.54907
61 0.56009
62 0.58143
63 0.58465
64 0.60162
65 0.619
66 0.62042
67 0.63451
68 0.63854
69 0.64199
70 0.65063
71 0.66251
72 0.66518
73 0.66702
74 0.67835
75 0.69332
76 0.69729
77 0.70846
78 0.71368
79 0.71836
80 0.72106
81 0.72936
82 0.73984
83 0.75396
84 0.76405
85 0.77102
86 0.78128
87 0.79555
88 0.80483
89 0.82079
90 0.83571
91 0.84325
92 0.85216
93 0.85779
94 0.86255
95 0.88262
96 0.88858
97 0.90399
98 0.91077
99 0.9155
100 0.94641
101 0.95067
102 0.96634
103 0.97546
104 0.98033
105 0.99092
106 0.9964
107 1.01138
108 1.01254
109 1.01697
110 1.02417
111 1.02757
112 1.04333
113 1.04633
114 1.07326
115 1.10859
116 1.12892
117 1.14113
118 1.14438
119 1.16151
120 1.17999
121 1.2011
122 1.20379
123 1.21099
124 1.22403
125 1.23907
126 1.24589
127 1.2516
128 1.25335
129 1.25794
130 1.26759
131 1.28568
132 1.29844
133 1.30308
134 1.33513
135 1.35086
136 1.35802
137 1.37286
138 1.37832
139 1.38466
140 1.38782
141 1.39041
142 1.39719
143 1.40453
144 1.43581
145 1.44985
146 1.45642
147 1.46244
148 1.47031
149 1.4826
150 1.4886
151 1.49981
152 1.50299
153 1.50838
154 1.51264
155 1.5305
156 1.53235
157 1.55927
158 1.56273
159 1.59719
160 1.59859
161 1.60414
162 1.64686
163 1.65137
164 1.66199
165 1.67972
166 1.68676
167 1.71059
168 1.71411
169 1.72834
170 1.73335
171 1.75028
172 1.75546
173 1.76139
174 1.76616
175 1.77128
176 1.77656
177 1.77868
178 1.78108
179 1.78405
180 1.79546
181 1.80894
182 1.82811
183 1.83198
184 1.8362
185 1.86671
186 1.87326
187 1.89022
188 1.89604
189 1.89846
190 1.90476
191 1.90832
192 1.95183
193 1.96178
194 1.97529
195 1.97612
196 1.97788
197 1.98315
198 1.99601
199 2.00575
200 2.01081
201 2.01658
202 2.02325
203 2.03431
204 2.05011
205 2.05636
206 2.06225
207 2.07445
208 2.09463
209 2.097
210 2.10617
211 2.11128
212 2.13589
213 2.14633
214 2.1545
215 2.15642
216 2.16322
217 2.17322
218 2.20378
219 2.20874
220 2.21394
221 2.21973
222 2.2222
223 2.22865
224 2.23312
225 2.2428
226 2.25317
227 2.26935
228 2.27978
229 2.28156
230 2.29054
231 2.29826
232 2.30345
233 2.30935
234 2.3201
235 2.32447
236 2.34833
237 2.35373
238 2.35565
239 2.36466
240 2.39526
241 2.40919
242 2.42917
243 2.43023
244 2.44712
245 2.45527
246 2.46641
247 2.49556
248 2.5121
249 2.55306
250 2.56969
251 2.58609
252 2.60982
253 2.6365
254 2.64357
255 2.6465
256 2.65411
257 2.65757
258 2.67241
259 2.69784
260 2.70133
261 2.70336
262 2.7127
263 2.71462
264 2.72463
265 2.72869
266 2.74009
267 2.74221
268 2.75678
269 2.75947
270 2.76316
271 2.77365
272 2.77768
273 2.79275
274 2.80756
275 2.81113
276 2.87296
277 2.88287
278 2.89017
279 2.89684
280 2.90701
281 2.90979
282 2.9191
283 2.92573
284 2.94532
285 2.9591
286 2.97006
287 2.98131
288 2.99092
