1 0.00539
2 0.02073
3 0.02717
4 0.03493
5 0.04209
6 0.04606
7 0.05305
8 0.0575
9 0.07051
10 0.07226
11 0.07684
12 0.07826
13 0.08472
14 0.10344
15 0.11285
16 0.1157
17 0.12539
18 0.13155
19 0.13926
20 0.15005
21 0.15261
22 0.1569
23 0.1719
24 0.18494
25 0.20029
26 0.20957
27 0.21865
28 0.22183
29 0.23751
30 0.24629
31 0.25228
32 0.27596
33 0.29221
34 0.29855
35 0.30534
36 0.31168
37 0.33065
38 0.33745
39 0.34216
40 0.35434
41 0.36444
42 0.3865
43 0.39161
44 0.39377
45 0.40828
46 0.41181
47 0.41425
48 0.41958
49 0.42197
50 0.42821
51 0.43955
52 0.45479
53 0.4584
54 0.46857
55 0.47287
56 0.4861
57 0.49053
58 0.50189
59 0.50602
60 0.51154
61 0.52178
62 0.52619
63 0.5368
64 0.53886
65 0.54727
66 0.55324
67 0.55901
68 0.57291
69 0.5774
70 0.58048
71 0.59443
72 0.61742
73 0.62134
74 0.62849
75 0.63017
76 0.63533
77 0.65005
78 0.66391
79 0.68059
80 0.69035
81 0.70075
82 0.70344
83 0.72154
84 0.7334
85 0.74599
86 0.76989
87 0.77307
88 0.78468
89 0.79374
90 0.79753
91 0.8031
92 0.81121
93 0.83117
94 0.83706
95 0.83914
96 0.84299
97 0.84456
98 0.8666
99 0.87309
100 0.87917
101 0.90002
102 0.90713
103 0.92164
104 0.93171
105 0.93737
106 0.94107
107 0.94992
108 0.96104
109 0.96633
110 0.97236
111 0.98287
112 0.9838
113 1.00024
114 1.0045
115 1.02235
116 1.05973
117 1.071
118 1.08282
119 1.09491
120 1.10485
121 1.11353
122 1.12355
123 1.12539
124 1.12968
125 1.13666
126 1.14298
127 1.14499
128 1.15421
129 1.15701
130 1.16242
131 1.16767
132 1.17244
133 1.18575
134 1.19488
135 1.19859
136 1.21882
137 1.22184
138 1.2302
139 1.2372
140 1.25259
141 1.25793
142 1.26925
143 1.27576
144 1.27798
145 1.29756
146 1.30064
147 1.30321
148 1.31201
149 1.31385
150 1.31932
151 1.32866
152 1.33179
153 1.34242
154 1.3654
155 1.36781
156 1.38123
157 1.38453
158 1.39165
159 1.3971
160 1.40346
161 1.40703
162 1.40982
163 1.41861
164 1.42389
165 1.43547
166 1.44251
167 1.45049
168 1.46244
169 1.47044
170 1.47554
171 1.48176
172 1.48357
173 1.49143
174 1.5051
175 1.51075
176 1.52104
177 1.52469
178 1.52571
179 1.53382
180 1.54045
181 1.54748
182 1.56177
183 1.57251
184 1.57777
185 1.59042
186 1.60025
187 1.61997
188 1.62481
189 1.63025
190 1.65063
191 1.68369
192 1.6943
193 1.696
194 1.7196
195 1.7274
196 1.73257
197 1.74017
198 1.75044
199 1.77128
200 1.78871
201 1.80191
202 1.82555
203 1.83943
204 1.84728
205 1.85352
206 1.85959
207 1.8646
208 1.88636
209 1.89345
210 1.89846
211 1.90412
212 1.91373
213 1.92218
214 1.93605
215 1.954
216 1.95953
217 1.96721
218 1.98243
219 1.98738
220 1.99079
221 1.99456
222 1.99921
223 2.00154
224 2.00841
225 2.0106
226 2.0175
227 2.02128
228 2.03676
229 2.04179
230 2.05573
231 2.06411
232 2.06795
233 2.07457
234 2.08537
235 2.08767
236 2.0962
237 2.1015
238 2.1177
239 2.12339
240 2.13491
241 2.13824
242 2.15116
243 2.16918
244 2.18076
245 2.19213
246 2.20215
247 2.22792
248 2.2372
249 2.2587
250 2.26726
251 2.27963
252 2.2896
253 2.29581
254 2.31401
255 2.32434
256 2.34992
257 2.35473
258 2.35834
259 2.36881
260 2.38184
261 2.3871
262 2.39102
263 2.3966
264 2.40361
265 2.40732
266 2.43271
267 2.43742
268 2.46807
269 2.4838
270 2.48806
271 2.48982
272 2.49771
273 2.51071
274 2.51807
275 2.53741
276 2.53956
277 2.56628
278 2.56887
279 2.58479
280 2.58841
281 2.59208
282 2.59624
283 2.59855
284 2.60222
285 2.60517
286 2.60886
287 2.6205
288 2.63327
289 2.64238
290 2.64554
291 2.65032
292 2.65248
293 2.66465
294 2.68039
295 2.68765
296 2.69082
297 2.69827
298 2.7041
299 2.70805
300 2.71466
301 2.72549
302 2.74173
303 2.74725
304 2.74973
305 2.7584
306 2.76066
307 2.77075
308 2.79197
309 2.80578
310 2.81267
311 2.8144
312 2.81723
313 2.82271
314 2.82493
315 2.8284
316 2.83379
317 2.84498
318 2.8605
319 2.86339
320 2.8754
321 2.88017
322 2.89688
323 2.90056
324 2.90537
325 2.91075
326 2.91749
327 2.92796
328 2.93655
329 2.95809
330 2.96411
331 2.97485
332 2.97666
