1 0.00364
2 0.00884
3 0.01141
4 0.03134
5 0.04006
6 0.05252
7 0.07254
8 0.07434
9 0.07644
10 0.07843
11 0.1101
12 0.12347
13 0.13265
14 0.1479
15 0.15402
16 0.15749
17 0.15876
18 0.17788
19 0.19097
20 0.19292
21 0.19975
22 0.20641
23 0.21184
24 0.21392
25 0.22843
26 0.25589
27 0.27264
28 0.28635
29 0.29559
30 0.30042
31 0.31087
32 0.31354
33 0.32347
34 0.33144
35 0.33466
36 0.34089
37 0.34471
38 0.35773
39 0.36565
40 0.37522
41 0.38516
42 0.39027
43 0.39372
44 0.39693
45 0.4008
46 0.40772
47 0.41649
48 0.42098
49 0.42912
50 0.43427
51 0.44011
52 0.44484
53 0.45098
54 0.47156
55 0.48503
56 0.49219
57 0.50152
58 0.51312
59 0.5176
60 0.5352
61 0.54915
62 0.56841
63 0.57574
64 0.58474
65 0.59629
66 0.59793
67 0.60557
68 0.63425
69 0.63693
70 0.64963
71 0.65642
72 0.66956
73 0.6769
74 0.68868
75 0.69065
76 0.69537
77 0.70664
78 0.71042
79 0.71472
80 0.73058
81 0.73805
82 0.74413
83 0.75632
84 0.76875
85 0.77808
86 0.78875
87 0.79175
88 0.79376
89 0.80065
90 0.80279
91 0.80363
92 0.80709
93 0.81372
94 0.81628
95 0.83094
96 0.83309
97 0.83535
98 0.83783
99 0.847
100 0.8496
101 0.86092
102 0.87211
103 0.89098
104 0.90026
105 0.90204
106 0.90891
107 0.92309
108 0.92616
109 0.93918
110 0.94219
111 0.95711
112 0.9729
113 0.97648
114 0.98502
115 0.98875
116 0.99974
117 1.00518
118 1.01447
119 1.01762
120 1.02913
121 1.03445
122 1.04207
123 1.06484
124 1.06992
125 1.07441
126 1.08029
127 1.0835
128 1.08777
129 1.09446
130 1.10064
131 1.10754
132 1.11681
133 1.12139
134 1.13546
135 1.14363
136 1.15057
137 1.15556
138 1.15798
139 1.16411
140 1.17708
141 1.18889
142 1.19795
143 1.19999
144 1.20248
145 1.20678
146 1.21384
147 1.22729
148 1.24029
149 1.24596
150 1.2511
151 1.26062
152 1.28708
153 1.28818
154 1.29121
155 1.29818
156 1.32599
157 1.34207
158 1.34697
159 1.35823
160 1.37324
161 1.37879
162 1.38795
163 1.39212
164 1.4015
165 1.41264
166 1.41642
167 1.4453
168 1.44858
169 1.46012
170 1.46501
171 1.46882
172 1.47466
173 1.49382
174 1.51398
175 1.52512
176 1.53899
177 1.54322
178 1.54902
179 1.57564
180 1.58826
181 1.59116
182 1.5951
183 1.59662
184 1.61223
185 1.63144
186 1.64074
187 1.64843
188 1.6605
189 1.67413
190 1.69113
191 1.69751
192 1.69993
193 1.71148
194 1.72166
195 1.74807
196 1.75312
197 1.76138
198 1.77904
199 1.79383
200 1.79806
201 1.80215
202 1.81308
203 1.82036
204 1.82745
205 1.82924
206 1.83136
207 1.83943
208 1.84076
209 1.85102
210 1.87513
211 1.88463
212 1.8904
213 1.8954
214 1.90491
215 1.9109
216 1.93193
217 1.94102
218 1.95616
219 1.9591
220 1.96422
221 1.97256
222 1.98597
223 1.9929
224 2.01486
225 2.02211
226 2.03828
227 2.04258
228 2.04701
229 2.0606
230 2.07851
231 2.08581
232 2.08951
233 2.09674
234 2.09972
235 2.10195
236 2.11977
237 2.13416
238 2.14154
239 2.15446
240 2.15622
241 2.15966
242 2.16467
243 2.17308
244 2.17806
245 2.18098
246 2.19097
247 2.2008
248 2.21336
249 2.22813
250 2.24325
251 2.25045
252 2.25653
253 2.26683
254 2.28162
255 2.28314
256 2.29051
257 2.29926
258 2.31375
259 2.31703
260 2.3191
261 2.32562
262 2.33018
263 2.35251
264 2.35523
265 2.37902
266 2.38134
267 2.39185
268 2.40432
269 2.40847
270 2.4106
271 2.4266
272 2.42831
273 2.43876
274 2.44643
275 2.4498
276 2.45873
277 2.48076
278 2.48376
279 2.50098
280 2.50395
281 2.50782
282 2.51052
283 2.52039
284 2.52424
285 2.53873
286 2.55022
287 2.55424
288 2.57557
289 2.57934
290 2.586
291 2.58838
292 2.60665
293 2.62312
294 2.62526
295 2.6341
296 2.6414
297 2.64626
298 2.65115
299 2.65902
300 2.66189
301 2.66898
302 2.68909
303 2.69112
304 2.69276
305 2.69545
306 2.7028
307 2.7131
308 2.73701
309 2.74193
310 2.74806
311 2.77837
312 2.79222
313 2.79662
314 2.81039
315 2.81955
316 2.8275
317 2.8307
318 2.83371
319 2.84237
320 2.85146
321 2.88903
322 2.89563
323 2.90449
324 2.90806
325 2.91042
326 2.91183
327 2.91506
328 2.91707
329 2.9344
330 2.93874
331 2.94978
332 2.95724
333 2.98938
334 2.99393
