1 0.00336
2 0.00434
3 0.01639
4 0.02158
5 0.02295
6 0.02512
7 0.03325
8 0.04062
9 0.04313
10 0.04989
11 0.07997
12 0.08935
13 0.10218
14 0.1146
15 0.11711
16 0.12449
17 0.14741
18 0.15192
19 0.16083
20 0.16415
21 0.17903
22 0.19977
23 0.21283
24 0.2192
25 0.22211
26 0.22383
27 0.23039
28 0.23641
29 0.24153
30 0.25048
31 0.25563
32 0.26295
33 0.27011
34 0.2784
35 0.28596
36 0.29016
37 0.29905
38 0.3052
39 0.31912
40 0.32163
41 0.33698
42 0.34308
43 0.34553
44 0.36163
45 0.37818
46 0.38151
47 0.40272
48 0.41396
49 0.42098
50 0.42232
51 0.43298
52 0.44204
53 0.44521
54 0.45235
55 0.47896
56 0.48306
57 0.49351
58 0.50005
59 0.52126
60 0.52425
61 0.52796
62 0.545
63 0.55636
64 0.56698
65 0.57353
66 0.57954
67 0.59534
68 0.60517
69 0.61448
70 0.63439
71 0.64105
72 0.64856
73 0.65643
74 0.66115
75 0.67456
76 0.67762
77 0.68879
78 0.69582
79 0.71017
80 0.71805
81 0.72329
82 0.73593
83 0.74164
84 0.74786
85 0.75579
86 0.75834
87 0.76701
88 0.77318
89 0.77637
90 0.79085
91 0.7934
92 0.80864
93 0.82972
94 0.84396
95 0.8508
96 0.87305
97 0.88533
98 0.89511
99 0.9064
100 0.92081
101 0.93255
102 0.93668
103 0.94189
104 0.96942
105 0.98061
106 0.98533
107 0.99607
108 1.02343
109 1.03234
110 1.03968
111 1.0419
112 1.04735
113 1.05701
114 1.0651
115 1.06899
116 1.07311
117 1.08877
118 1.09702
119 1.11614
120 1.12601
121 1.13878
122 1.14641
123 1.1537
124 1.1672
125 1.16902
126 1.17744
127 1.18263
128 1.19017
129 1.19411
130 1.19874
131 1.20174
132 1.20834
133 1.21254
134 1.22177
135 1.22951
136 1.2428
137 1.24884
138 1.25747
139 1.28396
140 1.29455
141 1.30518
142 1.30804
143 1.32471
144 1.32748
145 1.33862
146 1.35053
147 1.35631
148 1.36917
149 1.37149
150 1.37713
151 1.38084
152 1.38803
153 1.3938
154 1.39773
155 1.40401
156 1.41013
157 1.42296
158 1.4323
159 1.44324
160 1.44874
161 1.45564
162 1.46431
163 1.46752
164 1.47079
165 1.48079
166 1.5029
167 1.50618
168 1.51491
169 1.52654
170 1.54319
171 1.55026
172 1.5617
173 1.56537
174 1.57372
175 1.58288
176 1.59626
177 1.59851
178 1.60597
179 1.61338
180 1.61556
181 1.61939
182 1.6253
183 1.63111
184 1.63721
185 1.64031
186 1.6534
187 1.66178
188 1.67664
189 1.67838
190 1.68422
191 1.69684
192 1.70366
193 1.70942
194 1.71522
195 1.72857
196 1.73962
197 1.74339
198 1.7582
199 1.77195
200 1.77477
201 1.80251
202 1.80677
203 1.81558
204 1.82078
205 1.82866
206 1.83929
207 1.84273
208 1.84861
209 1.85711
210 1.86131
211 1.86813
212 1.87412
213 1.87644
214 1.8791
215 1.89048
216 1.89357
217 1.90359
218 1.90536
219 1.90697
220 1.93609
221 1.93906
222 1.94814
223 1.95464
224 1.97001
225 1.97239
226 1.9825
227 1.99152
228 2.02585
229 2.02928
230 2.03668
231 2.05127
232 2.06133
233 2.0675
234 2.08489
235 2.09527
236 2.09897
237 2.11319
238 2.12624
239 2.12953
240 2.13276
241 2.16817
242 2.17858
243 2.18587
244 2.19001
245 2.19947
246 2.20081
247 2.20874
248 2.22088
249 2.23691
250 2.2511
251 2.25763
252 2.26402
253 2.26797
254 2.2721
255 2.2812
256 2.28248
257 2.28939
258 2.29995
259 2.30688
260 2.30883
261 2.31222
262 2.31465
263 2.31627
264 2.31908
265 2.33297
266 2.33773
267 2.34712
268 2.36496
269 2.37273
270 2.37446
271 2.37684
272 2.38491
273 2.39244
274 2.39369
275 2.41291
276 2.43927
277 2.44371
278 2.45943
279 2.46859
280 2.47376
281 2.48346
282 2.48842
283 2.49529
284 2.50554
285 2.5089
286 2.51719
287 2.52395
288 2.5306
289 2.53584
290 2.54696
291 2.55131
292 2.55705
293 2.56003
294 2.57401
295 2.57928
296 2.59492
297 2.59932
298 2.60284
299 2.61636
300 2.63402
301 2.6415
302 2.65357
303 2.65602
304 2.6698
305 2.67742
306 2.68678
307 2.68964
308 2.70275
309 2.71219
310 2.7221
311 2.7321
312 2.73369
313 2.73735
314 2.74181
315 2.74809
316 2.76155
317 2.76459
318 2.77492
319 2.77969
320 2.79718
321 2.81369
322 2.81807
323 2.82573
324 2.83159
325 2.84054
326 2.85758
327 2.85948
328 2.89414
329 2.90346
330 2.91972
331 2.92459
332 2.92875
333 2.93698
334 2.93959
335 2.94115
336 2.94956
337 2.96464
338 2.96823
339 2.97107
340 2.97537
341 2.97855
342 2.98563
343 2.99016
344 2.99843
