1 0.02109
2 0.02352
3 0.03259
4 0.0348
5 0.03746
6 0.04071
7 0.05108
8 0.06447
9 0.0668
10 0.07898
11 0.08497
12 0.08706
13 0.09836
14 0.1014
15 0.11377
16 0.125
17 0.12794
18 0.16046
19 0.16479
20 0.17483
21 0.21239
22 0.2284
23 0.25455
24 0.26113
25 0.2744
26 0.27783
27 0.29138
28 0.30712
29 0.31572
30 0.31962
31 0.3227
32 0.3438
33 0.34963
34 0.35841
35 0.3745
36 0.40654
37 0.41677
38 0.42048
39 0.42638
40 0.43858
41 0.47564
42 0.48664
43 0.48942
44 0.49757
45 0.50249
46 0.51696
47 0.52582
48 0.53155
49 0.53528
50 0.53781
51 0.54055
52 0.54336
53 0.56867
54 0.5724
55 0.57483
56 0.58713
57 0.59044
58 0.59519
59 0.60175
60 0.61318
61 0.61956
62 0.64848
63 0.66025
64 0.66252
65 0.67321
66 0.6872
67 0.68987
68 0.70888
69 0.71776
70 0.72303
71 0.72991
72 0.73222
73 0.74879
74 0.77111
75 0.77735
76 0.78851
77 0.81337
78 0.81627
79 0.83007
80 0.83737
81 0.84006
82 0.85166
83 0.85962
84 0.87428
85 0.87878
86 0.91093
87 0.92414
88 0.92739
89 0.93492
90 0.93893
91 0.94156
92 0.95001
93 0.96672
94 0.98371
95 0.9863
96 0.99349
97 1.00065
98 1.03176
99 1.03439
100 1.03807
101 1.04619
102 1.053
103 1.06274
104 1.07448
105 1.08387
106 1.0887
107 1.10391
108 1.10948
109 1.11479
110 1.11962
111 1.13109
112 1.15871
113 1.17027
114 1.18012
115 1.18377
116 1.23269
117 1.24602
118 1.24969
119 1.26757
120 1.27285
121 1.27929
122 1.28432
123 1.30057
124 1.31788
125 1.32158
126 1.32933
127 1.33731
128 1.3424
129 1.36297
130 1.38152
131 1.39495
132 1.40933
133 1.41245
134 1.41861
135 1.42251
136 1.42901
137 1.4313
138 1.44767
139 1.48726
140 1.51989
141 1.53275
142 1.54132
143 1.54673
144 1.54957
145 1.55808
146 1.56334
147 1.57737
148 1.58518
149 1.5885
150 1.59177
151 1.59454
152 1.59737
153 1.60278
154 1.61123
155 1.6141
156 1.62247
157 1.63801
158 1.64873
159 1.65974
160 1.66587
161 1.67319
162 1.67516
163 1.6915
164 1.73277
165 1.74007
166 1.74267
167 1.74709
168 1.77329
169 1.78727
170 1.80024
171 1.80533
172 1.82199
173 1.82388
174 1.82657
175 1.84281
176 1.8547
177 1.86786
178 1.8738
179 1.88081
180 1.89778
181 1.90319
182 1.91265
183 1.92301
184 1.93746
185 1.9484
186 1.95183
187 1.98135
188 2.00111
189 2.0245
190 2.02737
191 2.03658
192 2.03958
193 2.04455
194 2.05176
195 2.0552
196 2.06882
197 2.07514
198 2.07851
199 2.08682
200 2.10772
201 2.12674
202 2.13889
203 2.15669
204 2.15892
205 2.17776
206 2.18312
207 2.18925
208 2.22455
209 2.23277
210 2.27906
211 2.28199
212 2.29625
213 2.29862
214 2.30222
215 2.31987
216 2.32307
217 2.32783
218 2.33094
219 2.33519
220 2.3445
221 2.35501
222 2.37063
223 2.39854
224 2.40455
225 2.41958
226 2.45719
227 2.48547
228 2.50173
229 2.51282
230 2.52346
231 2.53654
232 2.53849
233 2.54933
234 2.55722
235 2.56902
236 2.5766
237 2.58433
238 2.59867
239 2.60483
240 2.60876
241 2.61098
242 2.62658
243 2.64522
244 2.65143
245 2.65687
246 2.66078
247 2.66591
248 2.67427
249 2.70417
250 2.73548
251 2.74751
252 2.75579
253 2.7588
254 2.78094
255 2.78836
256 2.79097
257 2.82253
258 2.83031
259 2.83217
260 2.83595
261 2.84117
262 2.86475
263 2.86822
264 2.879
265 2.8968
266 2.90311
267 2.9072
268 2.91908
269 2.92681
270 2.93347
271 2.93995
272 2.94347
273 2.94833
274 2.97788
275 2.9799
276 2.9828
277 2.98776
278 2.99658
