1 0.00526
2 0.00646
3 0.00894
4 0.01064
5 0.01509
6 0.01798
7 0.02499
8 0.03286
9 0.04547
10 0.04763
11 0.05486
12 0.06271
13 0.06762
14 0.07549
15 0.07757
16 0.09315
17 0.10067
18 0.11105
19 0.11465
20 0.1278
21 0.13871
22 0.15744
23 0.16425
24 0.16982
25 0.17512
26 0.17671
27 0.18132
28 0.18377
29 0.18737
30 0.19338
31 0.20152
32 0.2036
33 0.21518
34 0.21734
35 0.22253
36 0.24451
37 0.25532
38 0.26027
39 0.2649
40 0.26634
41 0.27735
42 0.28371
43 0.28778
44 0.29449
45 0.30732
46 0.32313
47 0.34784
48 0.36257
49 0.3691
50 0.37017
51 0.37841
52 0.3814
53 0.38511
54 0.3861
55 0.42237
56 0.4379
57 0.44146
58 0.45164
59 0.45933
60 0.46582
61 0.47113
62 0.47571
63 0.4892
64 0.49104
65 0.50598
66 0.51637
67 0.53204
68 0.53485
69 0.54471
70 0.5647
71 0.58833
72 0.59408
73 0.60485
74 0.61761
75 0.62599
76 0.63636
77 0.64777
78 0.65328
79 0.66872
80 0.68918
81 0.69694
82 0.69816
83 0.70092
84 0.70982
85 0.71301
86 0.71687
87 0.71999
88 0.73822
89 0.7553
90 0.77325
91 0.80081
92 0.8153
93 0.82594
94 0.82922
95 0.85198
96 0.86766
97 0.87619
98 0.87752
99 0.88691
100 0.88891
101 0.88999
102 0.89242
103 0.89931
104 0.91575
105 0.91888
106 0.92733
107 0.93678
108 0.95035
109 0.95416
110 0.96312
111 0.96822
112 0.97818
113 0.98093
114 0.98857
115 0.99314
116 0.99971
117 1.01445
118 1.01643
119 1.01964
120 1.03534
121 1.04132
122 1.05315
123 1.065
124 1.07441
125 1.07794
126 1.09894
127 1.10487
128 1.11552
129 1.11976
130 1.13709
131 1.14633
132 1.15917
133 1.16556
134 1.17829
135 1.18526
136 1.20576
137 1.22007
138 1.22997
139 1.24304
140 1.24574
141 1.25606
142 1.26033
143 1.26607
144 1.27119
145 1.27742
146 1.27963
147 1.2812
148 1.28241
149 1.29052
150 1.29997
151 1.31341
152 1.32412
153 1.3267
154 1.33308
155 1.33532
156 1.34025
157 1.34809
158 1.35269
159 1.36375
160 1.38767
161 1.39146
162 1.39837
163 1.41
164 1.42117
165 1.4271
166 1.43947
167 1.44521
168 1.45224
169 1.46952
170 1.47045
171 1.47643
172 1.48033
173 1.49165
174 1.51625
175 1.52354
176 1.52582
177 1.53526
178 1.54225
179 1.55272
180 1.55946
181 1.56998
182 1.57499
183 1.58484
184 1.58698
185 1.58992
186 1.59881
187 1.60244
188 1.63332
189 1.63777
190 1.64098
191 1.64726
192 1.65587
193 1.66322
194 1.67116
195 1.68472
196 1.69326
197 1.72152
198 1.74503
199 1.76063
200 1.7697
201 1.77927
202 1.78569
203 1.79327
204 1.79825
205 1.81399
206 1.81913
207 1.83029
208 1.8335
209 1.84108
210 1.8473
211 1.84878
212 1.85208
213 1.86849
214 1.87039
215 1.88067
216 1.88725
217 1.89636
218 1.92127
219 1.92516
220 1.92821
221 1.93217
222 1.95227
223 1.96406
224 1.9721
225 1.99836
226 1.99983
227 2.00728
228 2.01336
229 2.02592
230 2.02914
231 2.03842
232 2.04111
233 2.04306
234 2.04594
235 2.06359
236 2.07458
237 2.09325
238 2.10148
239 2.11535
240 2.1453
241 2.15305
242 2.16327
243 2.16557
244 2.17344
245 2.18189
246 2.19339
247 2.19536
248 2.20107
249 2.20327
250 2.20965
251 2.22194
252 2.23449
253 2.24544
254 2.26351
255 2.27481
256 2.2799
257 2.29142
258 2.29597
259 2.29698
260 2.30625
261 2.30982
262 2.32824
263 2.33407
264 2.33813
265 2.34756
266 2.34967
267 2.37354
268 2.37763
269 2.37937
270 2.40205
271 2.41447
272 2.42807
273 2.46516
274 2.4693
275 2.48757
276 2.49137
277 2.49268
278 2.50192
279 2.51038
280 2.51284
281 2.52739
282 2.53032
283 2.53378
284 2.53799
285 2.53886
286 2.54027
287 2.5481
288 2.55509
289 2.55978
290 2.57251
291 2.57886
292 2.59791
293 2.61735
294 2.63682
295 2.64455
296 2.66454
297 2.66614
298 2.66937
299 2.68728
300 2.69415
301 2.69808
302 2.70997
303 2.73622
304 2.73949
305 2.75627
306 2.75851
307 2.77174
308 2.78358
309 2.7955
310 2.80071
311 2.82196
312 2.83038
313 2.83687
314 2.84471
315 2.86373
316 2.86839
317 2.87518
318 2.87917
319 2.88787
320 2.89308
321 2.90093
322 2.91662
323 2.91967
324 2.92862
325 2.93691
326 2.96554
327 2.97598
