1 0.00257
2 0.0036
3 0.01865
4 0.02647
5 0.03573
6 0.03824
7 0.05724
8 0.07054
9 0.0746
10 0.07903
11 0.08455
12 0.09321
13 0.09463
14 0.0981
15 0.10543
16 0.11394
17 0.11773
18 0.12694
19 0.14439
20 0.14762
21 0.15682
22 0.1643
23 0.17195
24 0.17509
25 0.18086
26 0.18591
27 0.18744
28 0.19512
29 0.20635
30 0.21424
31 0.21642
32 0.23353
33 0.24471
34 0.25309
35 0.2587
36 0.26142
37 0.2798
38 0.29874
39 0.30056
40 0.31257
41 0.33076
42 0.35077
43 0.35242
44 0.37246
45 0.37433
46 0.37777
47 0.38452
48 0.39302
49 0.39461
50 0.40534
51 0.41569
52 0.42488
53 0.43614
54 0.44935
55 0.45171
56 0.45551
57 0.46578
58 0.47204
59 0.48706
60 0.49782
61 0.50463
62 0.5181
63 0.52434
64 0.53577
65 0.54517
66 0.55391
67 0.55692
68 0.56935
69 0.58417
70 0.60231
71 0.62379
72 0.62608
73 0.63276
74 0.63921
75 0.64384
76 0.65227
77 0.65871
78 0.66424
79 0.66933
80 0.67995
81 0.68151
82 0.68786
83 0.694
84 0.71598
85 0.72438
86 0.72628
87 0.74145
88 0.74963
89 0.78568
90 0.78659
91 0.79036
92 0.79311
93 0.81214
94 0.82433
95 0.84654
96 0.85861
97 0.87026
98 0.87546
99 0.90971
100 0.91352
101 0.92015
102 0.93344
103 0.9386
104 0.95069
105 0.95885
106 0.96184
107 0.9676
108 0.983
109 0.99014
110 0.99656
111 1.01455
112 1.02031
113 1.02433
114 1.03282
115 1.04951
116 1.05508
117 1.05889
118 1.07075
119 1.08279
120 1.09062
121 1.09587
122 1.11041
123 1.14044
124 1.14536
125 1.15731
126 1.16234
127 1.19261
128 1.20259
129 1.21815
130 1.22174
131 1.23201
132 1.24213
133 1.25352
134 1.26713
135 1.28365
136 1.28849
137 1.29249
138 1.3065
139 1.31101
140 1.31379
141 1.31648
142 1.32482
143 1.34023
144 1.34733
145 1.36261
146 1.37359
147 1.39035
148 1.39441
149 1.40617
150 1.42415
151 1.43056
152 1.43386
153 1.44074
154 1.4491
155 1.45213
156 1.46037
157 1.46774
158 1.47037
159 1.49138
160 1.49294
161 1.50058
162 1.50437
163 1.52796
164 1.53234
165 1.54243
166 1.55217
167 1.56757
168 1.58151
169 1.58546
170 1.60503
171 1.62001
172 1.62296
173 1.65249
174 1.65722
175 1.65921
176 1.66659
177 1.68031
178 1.68977
179 1.71005
180 1.72185
181 1.7262
182 1.75189
183 1.76147
184 1.77035
185 1.79055
186 1.79464
187 1.80653
188 1.8116
189 1.82929
190 1.84667
191 1.85381
192 1.85834
193 1.86266
194 1.903
195 1.91271
196 1.92495
197 1.92835
198 1.93168
199 1.94139
200 1.94851
201 1.95487
202 1.95826
203 1.96931
204 1.97697
205 1.97898
206 1.9893
207 2.00657
208 2.02229
209 2.0325
210 2.04504
211 2.05551
212 2.06122
213 2.064
214 2.07537
215 2.0771
216 2.08753
217 2.0886
218 2.09176
219 2.11399
220 2.12103
221 2.12838
222 2.136
223 2.15351
224 2.16956
225 2.18806
226 2.19156
227 2.19717
228 2.21021
229 2.21141
230 2.21532
231 2.22313
232 2.23118
233 2.25022
234 2.25319
235 2.25661
236 2.26302
237 2.2694
238 2.28463
239 2.30516
240 2.30771
241 2.31131
242 2.31431
243 2.32344
244 2.32629
245 2.34758
246 2.35922
247 2.36182
248 2.3681
249 2.3721
250 2.37477
251 2.39293
252 2.39817
253 2.40333
254 2.40678
255 2.41514
256 2.42543
257 2.43446
258 2.44681
259 2.47348
260 2.47549
261 2.48722
262 2.49246
263 2.5034
264 2.51045
265 2.51617
266 2.51993
267 2.54399
268 2.5503
269 2.58322
270 2.60513
271 2.61768
272 2.62869
273 2.63267
274 2.65058
275 2.66253
276 2.67793
277 2.68811
278 2.71148
279 2.71557
280 2.72056
281 2.72265
282 2.72651
283 2.73862
284 2.74568
285 2.77071
286 2.79023
287 2.79868
288 2.81076
289 2.8127
290 2.81962
291 2.83013
292 2.83691
293 2.841
294 2.84387
295 2.84611
296 2.8505
297 2.8614
298 2.86855
299 2.87017
300 2.87446
301 2.88838
302 2.8902
303 2.89317
304 2.90283
305 2.90532
306 2.91135
307 2.91559
308 2.94386
309 2.95218
310 2.95435
311 2.96302
312 2.96854
313 2.98152
