1 0.00546
2 0.02269
3 0.02558
4 0.02784
5 0.03188
6 0.04205
7 0.04662
8 0.06094
9 0.08232
10 0.08621
11 0.09478
12 0.09747
13 0.12213
14 0.12431
15 0.1387
16 0.15594
17 0.16456
18 0.16886
19 0.17079
20 0.18141
21 0.19441
22 0.2
23 0.20414
24 0.20864
25 0.2127
26 0.21807
27 0.25712
28 0.26587
29 0.26948
30 0.27379
31 0.27934
32 0.30898
33 0.32148
34 0.33847
35 0.34885
36 0.35202
37 0.35382
38 0.38653
39 0.39063
40 0.39699
41 0.4054
42 0.41335
43 0.42042
44 0.42873
45 0.43635
46 0.45089
47 0.45755
48 0.45951
49 0.46348
50 0.46836
51 0.47062
52 0.48853
53 0.50805
54 0.51447
55 0.52753
56 0.53092
57 0.54022
58 0.56079
59 0.56859
60 0.58226
61 0.59869
62 0.62194
63 0.62358
64 0.62836
65 0.64883
66 0.65441
67 0.65739
68 0.66207
69 0.66403
70 0.66864
71 0.67595
72 0.68042
73 0.68672
74 0.68916
75 0.69342
76 0.72023
77 0.72231
78 0.74867
79 0.76168
80 0.76737
81 0.77986
82 0.78987
83 0.79658
84 0.80756
85 0.82575
86 0.82963
87 0.8365
88 0.8536
89 0.85879
90 0.86573
91 0.87004
92 0.8961
93 0.90453
94 0.92172
95 0.92589
96 0.92825
97 0.93643
98 0.94366
99 0.95358
100 0.9558
101 0.96242
102 0.96401
103 0.97316
104 0.97484
105 1.00749
106 1.02668
107 1.03087
108 1.03378
109 1.06287
110 1.06834
111 1.07376
112 1.07806
113 1.10078
114 1.10337
115 1.10557
116 1.11149
117 1.114
118 1.12743
119 1.13176
120 1.1499
121 1.15757
122 1.16496
123 1.16919
124 1.19143
125 1.20305
126 1.20755
127 1.2132
128 1.22183
129 1.23415
130 1.25829
131 1.26683
132 1.27209
133 1.2898
134 1.29762
135 1.3048
136 1.31198
137 1.31688
138 1.32116
139 1.33082
140 1.3365
141 1.34466
142 1.35976
143 1.36219
144 1.3663
145 1.36817
146 1.37282
147 1.38616
148 1.39772
149 1.40961
150 1.41828
151 1.42526
152 1.42714
153 1.43517
154 1.45212
155 1.45994
156 1.46518
157 1.48184
158 1.49054
159 1.50681
160 1.50963
161 1.51579
162 1.52104
163 1.52391
164 1.52734
165 1.53707
166 1.55367
167 1.55796
168 1.56008
169 1.56453
170 1.5771
171 1.58823
172 1.59955
173 1.61655
174 1.61889
175 1.6228
176 1.63406
177 1.64127
178 1.64311
179 1.65935
180 1.66408
181 1.66741
182 1.67051
183 1.67439
184 1.70305
185 1.70498
186 1.71576
187 1.73193
188 1.74219
189 1.74635
190 1.7517
191 1.75488
192 1.76982
193 1.79022
194 1.79684
195 1.80148
196 1.81865
197 1.82372
198 1.83271
199 1.86423
200 1.87101
201 1.87738
202 1.88968
203 1.89881
204 1.91447
205 1.93385
206 1.94003
207 1.94731
208 1.95215
209 1.95622
210 1.96428
211 1.97715
212 1.98064
213 1.99345
214 2.01517
215 2.02369
216 2.03324
217 2.03625
218 2.0444
219 2.06137
220 2.07496
221 2.07956
222 2.08569
223 2.09197
224 2.11449
225 2.12313
226 2.12503
227 2.12708
228 2.13172
229 2.15237
230 2.15881
231 2.17273
232 2.18157
233 2.19001
234 2.20073
235 2.21667
236 2.22107
237 2.2406
238 2.25786
239 2.26123
240 2.2807
241 2.29144
242 2.31017
243 2.31578
244 2.3411
245 2.35453
246 2.35677
247 2.40337
248 2.40606
249 2.41854
250 2.42719
251 2.43357
252 2.45698
253 2.46929
254 2.47677
255 2.4903
256 2.4965
257 2.4986
258 2.50508
259 2.51512
260 2.54276
261 2.54943
262 2.55198
263 2.55659
264 2.58029
265 2.59177
266 2.59476
267 2.61342
268 2.62303
269 2.64325
270 2.64619
271 2.65097
272 2.67037
273 2.67381
274 2.70632
275 2.72343
276 2.72557
277 2.72744
278 2.74581
279 2.74698
280 2.76233
281 2.76545
282 2.77339
283 2.77974
284 2.78807
285 2.79046
286 2.81155
287 2.82488
288 2.82712
289 2.83862
290 2.84052
291 2.85822
292 2.86403
293 2.87595
294 2.87826
295 2.89703
296 2.90672
297 2.90886
298 2.91888
299 2.92029
300 2.93666
301 2.94245
302 2.94765
303 2.96388
304 2.96975
305 2.97957
