1 0.00893
2 0.02549
3 0.05803
4 0.06436
5 0.07194
6 0.08964
7 0.13524
8 0.15976
9 0.1945
10 0.21576
11 0.22232
12 0.22922
13 0.24661
14 0.26299
15 0.27607
16 0.31649
17 0.34853
18 0.36132
19 0.37784
20 0.38451
21 0.42201
22 0.44131
23 0.46261
24 0.47239
25 0.48464
26 0.51437
27 0.57152
28 0.59482
29 0.6167
30 0.65809
31 0.66862
32 0.6747
33 0.68148
34 0.68952
35 0.70312
36 0.71362
37 0.72844
38 0.73634
39 0.7521
40 0.76
41 0.81929
42 0.83368
43 0.93168
44 0.98169
45 1.0032
46 1.01934
47 1.09217
48 1.12281
49 1.17708
50 1.21851
51 1.2517
52 1.27086
53 1.32101
54 1.32729
55 1.33646
56 1.36438
57 1.39418
58 1.39519
59 1.42601
60 1.4366
61 1.46023
62 1.4666
63 1.48168
64 1.50525
65 1.51154
66 1.58063
67 1.66284
68 1.67108
69 1.68412
70 1.71014
71 1.72204
72 1.73131
73 1.75002
74 1.75473
75 1.81633
76 1.87222
77 1.9062
78 1.92066
79 1.93707
80 1.9474
81 1.95462
82 1.95558
83 1.9672
84 1.98134
85 1.99211
86 2.06268
87 2.07772
88 2.09087
89 2.1618
90 2.16863
91 2.18028
92 2.18612
93 2.18727
94 2.19383
95 2.28411
96 2.31368
97 2.32954
98 2.41043
99 2.41576
100 2.42528
101 2.43292
102 2.43945
103 2.47431
104 2.51384
105 2.55385
106 2.56972
107 2.57145
108 2.57615
109 2.58246
110 2.60889
111 2.61654
112 2.62963
113 2.67151
114 2.68517
115 2.70373
116 2.70727
117 2.74996
118 2.75795
119 2.76495
120 2.76846
121 2.81143
122 2.82002
123 2.87032
124 2.90834
125 2.91506
126 2.92157
127 2.92393
128 2.92886
129 2.96352
130 2.97328
131 2.98924
