1 0.0053
2 0.01081
3 0.02562
4 0.03243
5 0.0386
6 0.04222
7 0.04752
8 0.05395
9 0.07429
10 0.08244
11 0.08477
12 0.10156
13 0.12739
14 0.14319
15 0.15415
16 0.15689
17 0.16906
18 0.17134
19 0.17456
20 0.18251
21 0.19115
22 0.1984
23 0.20022
24 0.20524
25 0.22034
26 0.2235
27 0.23614
28 0.24279
29 0.24515
30 0.24966
31 0.2547
32 0.26415
33 0.26709
34 0.27462
35 0.29138
36 0.29442
37 0.29669
38 0.30752
39 0.32218
40 0.32498
41 0.33296
42 0.33898
43 0.35203
44 0.35848
45 0.37027
46 0.37255
47 0.3828
48 0.39282
49 0.40131
50 0.40387
51 0.40682
52 0.41995
53 0.42342
54 0.43044
55 0.43466
56 0.45408
57 0.4581
58 0.46344
59 0.46936
60 0.47448
61 0.481
62 0.4966
63 0.50616
64 0.52819
65 0.53183
66 0.53548
67 0.54713
68 0.556
69 0.57923
70 0.58724
71 0.58981
72 0.59592
73 0.61325
74 0.62851
75 0.6416
76 0.64421
77 0.64921
78 0.66225
79 0.6658
80 0.66958
81 0.67951
82 0.71269
83 0.72941
84 0.73182
85 0.73965
86 0.75158
87 0.76546
88 0.78903
89 0.79314
90 0.80351
91 0.81357
92 0.8267
93 0.84822
94 0.87081
95 0.87321
96 0.89015
97 0.90521
98 0.90788
99 0.91038
100 0.91367
101 0.9207
102 0.93191
103 0.9352
104 0.9389
105 0.94878
106 0.95386
107 0.96472
108 0.96792
109 0.97986
110 0.99585
111 1.008
112 1.01165
113 1.01693
114 1.03502
115 1.04288
116 1.05339
117 1.05934
118 1.06244
119 1.06653
120 1.08434
121 1.097
122 1.10376
123 1.11442
124 1.1232
125 1.12779
126 1.13943
127 1.14316
128 1.16162
129 1.1674
130 1.17056
131 1.18721
132 1.20398
133 1.20694
134 1.22089
135 1.22355
136 1.2262
137 1.22887
138 1.25245
139 1.25871
140 1.27204
141 1.28442
142 1.28782
143 1.30093
144 1.30753
145 1.31683
146 1.32129
147 1.3353
148 1.34681
149 1.35231
150 1.36555
151 1.36976
152 1.37317
153 1.38083
154 1.38643
155 1.39104
156 1.39898
157 1.40172
158 1.42265
159 1.42914
160 1.44437
161 1.4508
162 1.45303
163 1.45855
164 1.4785
165 1.49399
166 1.50747
167 1.52726
168 1.54387
169 1.55026
170 1.5577
171 1.56354
172 1.58535
173 1.59436
174 1.6073
175 1.62888
176 1.64374
177 1.65276
178 1.66206
179 1.67162
180 1.6849
181 1.69109
182 1.69587
183 1.70185
184 1.70952
185 1.71415
186 1.73239
187 1.74057
188 1.74696
189 1.75879
190 1.76808
191 1.79136
192 1.80852
193 1.81375
194 1.82232
195 1.82928
196 1.83339
197 1.84021
198 1.8432
199 1.86288
200 1.87387
201 1.8843
202 1.90935
203 1.9272
204 1.9346
205 1.94235
206 1.9454
207 1.95689
208 1.96192
209 1.98804
210 1.99551
211 2.0017
212 2.00997
213 2.01322
214 2.01625
215 2.02757
216 2.03176
217 2.04235
218 2.04782
219 2.07145
220 2.07492
221 2.08611
222 2.09866
223 2.10808
224 2.13028
225 2.13558
226 2.14593
227 2.14808
228 2.15634
229 2.16575
230 2.18255
231 2.18866
232 2.20756
233 2.21271
234 2.22397
235 2.22662
236 2.23235
237 2.23879
238 2.25108
239 2.25876
240 2.2669
241 2.26975
242 2.29185
243 2.30408
244 2.30685
245 2.31069
246 2.31934
247 2.32305
248 2.3357
249 2.34108
250 2.35091
251 2.37465
252 2.38409
253 2.38917
254 2.41475
255 2.42228
256 2.42825
257 2.43566
258 2.44381
259 2.46411
260 2.47718
261 2.48821
262 2.49976
263 2.51817
264 2.55669
265 2.56902
266 2.57381
267 2.57722
268 2.59006
269 2.62568
270 2.63362
271 2.63835
272 2.65648
273 2.66344
274 2.6686
275 2.67144
276 2.67398
277 2.69976
278 2.72625
279 2.72939
280 2.74659
281 2.75566
282 2.76569
283 2.77402
284 2.81447
285 2.8304
286 2.83503
287 2.85855
288 2.8628
289 2.87921
290 2.88414
291 2.8925
292 2.89497
293 2.89751
294 2.90721
295 2.9126
296 2.94036
297 2.95354
298 2.96185
299 2.97543
300 2.97978
301 2.99062
302 2.99206
