1 0.00245
2 0.00699
3 0.00854
4 0.01693
5 0.01855
6 0.0241
7 0.03303
8 0.05015
9 0.05151
10 0.05406
11 0.05832
12 0.06797
13 0.07657
14 0.08255
15 0.08601
16 0.08822
17 0.10397
18 0.10751
19 0.11758
20 0.12706
21 0.13425
22 0.14408
23 0.14909
24 0.15134
25 0.1567
26 0.16351
27 0.16637
28 0.18008
29 0.18197
30 0.18881
31 0.19366
32 0.20142
33 0.21659
34 0.22315
35 0.22698
36 0.23191
37 0.24461
38 0.25039
39 0.25353
40 0.2548
41 0.25899
42 0.26348
43 0.29324
44 0.31259
45 0.31723
46 0.32891
47 0.34073
48 0.34527
49 0.35052
50 0.36298
51 0.37788
52 0.3954
53 0.39757
54 0.41865
55 0.41991
56 0.4219
57 0.43102
58 0.43543
59 0.44365
60 0.46269
61 0.46839
62 0.48519
63 0.49051
64 0.49969
65 0.50413
66 0.50682
67 0.50915
68 0.51541
69 0.5293
70 0.55153
71 0.55363
72 0.56389
73 0.56591
74 0.57733
75 0.58801
76 0.59254
77 0.60395
78 0.6211
79 0.62526
80 0.62848
81 0.63167
82 0.63284
83 0.64482
84 0.65672
85 0.66488
86 0.66995
87 0.674
88 0.68649
89 0.69256
90 0.69825
91 0.70327
92 0.71761
93 0.72255
94 0.72442
95 0.72795
96 0.73588
97 0.73774
98 0.74551
99 0.75276
100 0.76535
101 0.78319
102 0.78673
103 0.80204
104 0.80335
105 0.80719
106 0.81139
107 0.82184
108 0.82688
109 0.83311
110 0.8431
111 0.84538
112 0.85208
113 0.8561
114 0.86212
115 0.88077
116 0.88426
117 0.88856
118 0.8963
119 0.91203
120 0.9193
121 0.92695
122 0.93222
123 0.936
124 0.95258
125 0.96563
126 0.97257
127 0.98201
128 0.98505
129 0.99554
130 1.00511
131 1.01148
132 1.0271
133 1.04549
134 1.05618
135 1.06137
136 1.07703
137 1.07846
138 1.08498
139 1.08948
140 1.10316
141 1.1144
142 1.12965
143 1.13364
144 1.13845
145 1.14464
146 1.14687
147 1.14766
148 1.1637
149 1.1698
150 1.1764
151 1.17833
152 1.18919
153 1.1905
154 1.19858
155 1.20844
156 1.21452
157 1.22496
158 1.22905
159 1.23379
160 1.24106
161 1.24657
162 1.24884
163 1.25681
164 1.26452
165 1.2662
166 1.27299
167 1.29306
168 1.3005
169 1.31268
170 1.31518
171 1.32129
172 1.34863
173 1.35908
174 1.36808
175 1.38043
176 1.38769
177 1.39355
178 1.40856
179 1.41365
180 1.41963
181 1.42716
182 1.43651
183 1.43983
184 1.44409
185 1.44725
186 1.45446
187 1.46267
188 1.46588
189 1.46876
190 1.48229
191 1.48395
192 1.50067
193 1.50718
194 1.51552
195 1.5179
196 1.52682
197 1.53356
198 1.54124
199 1.55585
200 1.559
201 1.56264
202 1.57901
203 1.58353
204 1.5869
205 1.60675
206 1.61532
207 1.61819
208 1.62816
209 1.63169
210 1.64001
211 1.64147
212 1.64914
213 1.65707
214 1.66225
215 1.6667
216 1.67348
217 1.70145
218 1.70445
219 1.70893
220 1.71487
221 1.72165
222 1.73704
223 1.74271
224 1.74649
225 1.75082
226 1.75442
227 1.76523
228 1.76933
229 1.78091
230 1.78411
231 1.78514
232 1.78714
233 1.78946
234 1.80459
235 1.81109
236 1.81822
237 1.83633
238 1.83829
239 1.86246
240 1.86641
241 1.86886
242 1.87103
243 1.87734
244 1.88209
245 1.88866
246 1.89533
247 1.89861
248 1.9183
249 1.93111
250 1.93687
251 1.93887
252 1.95384
253 1.96333
254 1.96489
255 1.97434
256 1.98558
257 1.99098
258 1.99715
259 2.00081
260 2.00679
261 2.02048
262 2.02501
263 2.02672
264 2.03867
265 2.0435
266 2.0508
267 2.07519
268 2.08454
269 2.10161
270 2.12187
271 2.12987
272 2.13391
273 2.13964
274 2.14763
275 2.15388
276 2.15952
277 2.17748
278 2.18368
279 2.18502
280 2.20097
281 2.21379
282 2.22307
283 2.24728
284 2.25124
285 2.25493
286 2.26767
287 2.27068
288 2.27393
289 2.27894
290 2.28261
291 2.28737
292 2.29376
293 2.29755
294 2.31151
295 2.31923
296 2.33038
297 2.36645
298 2.37083
299 2.38
300 2.38569
301 2.39253
302 2.39652
303 2.39916
304 2.40096
305 2.40327
306 2.42103
307 2.4243
308 2.42658
309 2.4287
310 2.43091
311 2.4431
312 2.45507
313 2.46404
314 2.47165
315 2.47772
316 2.48025
317 2.49029
318 2.49353
319 2.49631
320 2.50614
321 2.5142
322 2.52036
323 2.53345
324 2.55566
325 2.56672
326 2.58139
327 2.58979
328 2.59788
329 2.61395
330 2.61921
331 2.62672
332 2.63101
333 2.63465
334 2.63642
335 2.6427
336 2.65401
337 2.66187
338 2.66503
339 2.67063
340 2.67465
341 2.68053
342 2.69035
343 2.71018
344 2.72456
345 2.72609
346 2.73548
347 2.73785
348 2.75203
349 2.76854
350 2.77557
351 2.78214
352 2.78571
353 2.79933
354 2.80597
355 2.80708
356 2.82062
357 2.82208
358 2.83255
359 2.84667
360 2.85266
361 2.85719
362 2.86938
363 2.87994
364 2.9044
365 2.91057
366 2.92728
367 2.93052
368 2.94743
369 2.95028
370 2.96283
371 2.96601
372 2.96814
373 2.9716
374 2.99452
