1 0.00265
2 0.00415
3 0.00806
4 0.02025
5 0.03862
6 0.04256
7 0.0444
8 0.05799
9 0.06371
10 0.06844
11 0.07179
12 0.08084
13 0.08249
14 0.0866
15 0.09557
16 0.09901
17 0.10507
18 0.11458
19 0.11976
20 0.12772
21 0.13182
22 0.13838
23 0.14524
24 0.1497
25 0.15407
26 0.17408
27 0.17688
28 0.21202
29 0.21974
30 0.24118
31 0.2502
32 0.26171
33 0.26463
34 0.28005
35 0.29361
36 0.29774
37 0.3083
38 0.3277
39 0.33923
40 0.36028
41 0.37057
42 0.37468
43 0.38412
44 0.39047
45 0.39355
46 0.40464
47 0.41154
48 0.41936
49 0.42626
50 0.43405
51 0.44694
52 0.45357
53 0.45575
54 0.45849
55 0.46132
56 0.46295
57 0.47084
58 0.47909
59 0.49011
60 0.50788
61 0.53382
62 0.54219
63 0.54789
64 0.55136
65 0.5554
66 0.55928
67 0.56162
68 0.56906
69 0.58121
70 0.58413
71 0.59282
72 0.60058
73 0.60654
74 0.6177
75 0.62959
76 0.63426
77 0.64026
78 0.66488
79 0.67746
80 0.69498
81 0.7032
82 0.71344
83 0.73819
84 0.75077
85 0.75357
86 0.76304
87 0.76783
88 0.76947
89 0.77279
90 0.77712
91 0.80446
92 0.81139
93 0.83396
94 0.83676
95 0.84054
96 0.84644
97 0.84851
98 0.85816
99 0.87412
100 0.88029
101 0.88757
102 0.90539
103 0.91316
104 0.9275
105 0.93275
106 0.9415
107 0.95773
108 0.98872
109 0.99329
110 0.99455
111 1.00057
112 1.00221
113 1.00911
114 1.01269
115 1.03236
116 1.03889
117 1.04375
118 1.04847
119 1.05722
120 1.06957
121 1.08553
122 1.10188
123 1.10468
124 1.1117
125 1.11521
126 1.11871
127 1.12844
128 1.13852
129 1.14709
130 1.15075
131 1.16329
132 1.18126
133 1.19658
134 1.21306
135 1.21659
136 1.22521
137 1.24379
138 1.24927
139 1.25148
140 1.2538
141 1.26507
142 1.27028
143 1.28067
144 1.28225
145 1.28505
146 1.30412
147 1.31999
148 1.33262
149 1.33575
150 1.34973
151 1.356
152 1.36382
153 1.37181
154 1.3826
155 1.39887
156 1.40363
157 1.41628
158 1.42369
159 1.44299
160 1.44617
161 1.4518
162 1.45629
163 1.45761
164 1.4761
165 1.47798
166 1.48841
167 1.49181
168 1.49758
169 1.49929
170 1.51588
171 1.5218
172 1.53208
173 1.53499
174 1.53655
175 1.53772
176 1.54361
177 1.54699
178 1.54999
179 1.55779
180 1.56493
181 1.57476
182 1.59008
183 1.59897
184 1.60287
185 1.60954
186 1.6189
187 1.62617
188 1.63334
189 1.6387
190 1.64626
191 1.66603
192 1.67369
193 1.6787
194 1.6837
195 1.69554
196 1.70066
197 1.71323
198 1.71676
199 1.72083
200 1.73128
201 1.74322
202 1.74771
203 1.75773
204 1.7631
205 1.77218
206 1.77632
207 1.7792
208 1.7817
209 1.78754
210 1.79424
211 1.79761
212 1.81878
213 1.83052
214 1.83202
215 1.84958
216 1.8511
217 1.85403
218 1.86206
219 1.86766
220 1.8747
221 1.87747
222 1.88491
223 1.89038
224 1.90388
225 1.9195
226 1.93306
227 1.94833
228 1.95236
229 1.95919
230 1.98444
231 2.01742
232 2.02368
233 2.03038
234 2.03248
235 2.04405
236 2.08952
237 2.09581
238 2.11041
239 2.13315
240 2.14538
241 2.14768
242 2.15504
243 2.1716
244 2.18337
245 2.18864
246 2.20783
247 2.20895
248 2.21764
249 2.23515
250 2.2417
251 2.24496
252 2.25479
253 2.25696
254 2.26396
255 2.27848
256 2.28929
257 2.30074
258 2.31779
259 2.32305
260 2.32939
261 2.33053
262 2.33698
263 2.34123
264 2.35261
265 2.36438
266 2.36644
267 2.38297
268 2.38686
269 2.39126
270 2.39754
271 2.4015
272 2.40697
273 2.41925
274 2.42132
275 2.45493
276 2.45853
277 2.46579
278 2.46975
279 2.47806
280 2.48205
281 2.5065
282 2.51086
283 2.51629
284 2.52166
285 2.52921
286 2.5344
287 2.54911
288 2.55486
289 2.55806
290 2.56018
291 2.56295
292 2.56681
293 2.58107
294 2.58514
295 2.59903
296 2.60194
297 2.6068
298 2.61922
299 2.62873
300 2.62993
301 2.63215
302 2.63408
303 2.64213
304 2.64846
305 2.65596
306 2.66557
307 2.66972
308 2.68071
309 2.68374
310 2.69185
311 2.71724
312 2.72422
313 2.72604
314 2.73673
315 2.74209
316 2.75015
317 2.75816
318 2.76471
319 2.7745
320 2.77983
321 2.78649
322 2.79217
323 2.79576
324 2.80132
325 2.80333
326 2.82003
327 2.8271
328 2.83955
329 2.84126
330 2.84431
331 2.84817
332 2.85583
333 2.8671
334 2.87412
335 2.9011
336 2.90801
337 2.91652
338 2.92174
339 2.9243
340 2.95276
341 2.95728
342 2.96527
343 2.99144
