1 0.00393
2 0.00605
3 0.01281
4 0.01499
5 0.01893
6 0.02562
7 0.02951
8 0.03135
9 0.04011
10 0.04583
11 0.05147
12 0.05433
13 0.05888
14 0.06834
15 0.07282
16 0.08498
17 0.09701
18 0.10067
19 0.11078
20 0.11345
21 0.1229
22 0.1329
23 0.14125
24 0.15296
25 0.15788
26 0.17145
27 0.18224
28 0.18994
29 0.20312
30 0.21089
31 0.21592
32 0.21908
33 0.22343
34 0.23198
35 0.23486
36 0.23796
37 0.24533
38 0.27059
39 0.27615
40 0.2967
41 0.29992
42 0.30596
43 0.30773
44 0.31807
45 0.31981
46 0.32698
47 0.33255
48 0.33498
49 0.35768
50 0.36143
51 0.36314
52 0.36639
53 0.37095
54 0.37932
55 0.39431
56 0.39975
57 0.40411
58 0.40696
59 0.41939
60 0.43011
61 0.4475
62 0.45401
63 0.45835
64 0.47881
65 0.48206
66 0.50905
67 0.52961
68 0.53714
69 0.54767
70 0.55477
71 0.55733
72 0.5716
73 0.58027
74 0.58185
75 0.58696
76 0.59807
77 0.60021
78 0.60503
79 0.6267
80 0.63751
81 0.65174
82 0.66079
83 0.66966
84 0.68027
85 0.68736
86 0.69215
87 0.70133
88 0.70737
89 0.71184
90 0.71557
91 0.71776
92 0.72885
93 0.73203
94 0.75767
95 0.77253
96 0.78436
97 0.80166
98 0.81529
99 0.82125
100 0.83268
101 0.84245
102 0.85983
103 0.862
104 0.89126
105 0.89713
106 0.91652
107 0.93102
108 0.93888
109 0.95686
110 0.98034
111 0.99583
112 1.01101
113 1.01516
114 1.02472
115 1.03921
116 1.05027
117 1.05666
118 1.06578
119 1.0729
120 1.07834
121 1.08709
122 1.0922
123 1.09553
124 1.09671
125 1.11856
126 1.13425
127 1.14002
128 1.14884
129 1.16681
130 1.17013
131 1.20647
132 1.24811
133 1.24941
134 1.25049
135 1.26068
136 1.26563
137 1.27602
138 1.27929
139 1.28127
140 1.28252
141 1.29479
142 1.29896
143 1.31597
144 1.33932
145 1.36201
146 1.37653
147 1.40818
148 1.42412
149 1.44054
150 1.46716
151 1.46935
152 1.47909
153 1.48924
154 1.49061
155 1.50115
156 1.51289
157 1.52613
158 1.52842
159 1.53566
160 1.56616
161 1.57019
162 1.57734
163 1.57943
164 1.58331
165 1.59328
166 1.60437
167 1.60658
168 1.60974
169 1.62611
170 1.64726
171 1.65296
172 1.65473
173 1.65782
174 1.66162
175 1.67005
176 1.68937
177 1.6924
178 1.69838
179 1.70154
180 1.72133
181 1.73381
182 1.76054
183 1.7618
184 1.76427
185 1.76687
186 1.77714
187 1.81192
188 1.83193
189 1.83755
190 1.8502
191 1.86007
192 1.86421
193 1.87284
194 1.89732
195 1.90874
196 1.91422
197 1.92244
198 1.92388
199 1.92793
200 1.93044
201 1.93291
202 1.94021
203 1.95886
204 1.96964
205 1.98796
206 2.01739
207 2.02545
208 2.03285
209 2.03497
210 2.05499
211 2.06266
212 2.06812
213 2.09085
214 2.10744
215 2.10978
216 2.1144
217 2.11641
218 2.13376
219 2.1431
220 2.14425
221 2.17195
222 2.18455
223 2.18625
224 2.19071
225 2.19424
226 2.1966
227 2.21081
228 2.22343
229 2.22911
230 2.25332
231 2.25821
232 2.26141
233 2.27167
234 2.282
235 2.30193
236 2.30972
237 2.31739
238 2.32943
239 2.3327
240 2.33763
241 2.34932
242 2.35682
243 2.36152
244 2.36589
245 2.39216
246 2.41286
247 2.42852
248 2.43826
249 2.43923
250 2.44735
251 2.45075
252 2.45364
253 2.45916
254 2.4646
255 2.46861
256 2.47078
257 2.48685
258 2.49566
259 2.50714
260 2.51672
261 2.52365
262 2.52996
263 2.54354
264 2.55084
265 2.5667
266 2.57756
267 2.58255
268 2.59184
269 2.59328
270 2.59552
271 2.60568
272 2.61017
273 2.63176
274 2.64417
275 2.6646
276 2.67386
277 2.68078
278 2.69984
279 2.70626
280 2.71165
281 2.72105
282 2.72315
283 2.74275
284 2.7498
285 2.7544
286 2.76447
287 2.76669
288 2.77626
289 2.78678
290 2.79071
291 2.81039
292 2.81311
293 2.82621
294 2.82782
295 2.83411
296 2.84629
297 2.84978
298 2.86276
299 2.86593
300 2.87214
301 2.87892
302 2.88564
303 2.90169
304 2.90985
305 2.91133
306 2.93076
307 2.94676
308 2.95139
309 2.9547
310 2.96444
311 2.97148
312 2.99623
