1 0.0022
2 0.02117
3 0.02496
4 0.03
5 0.03188
6 0.04615
7 0.05831
8 0.06299
9 0.07276
10 0.07457
11 0.09498
12 0.10342
13 0.10537
14 0.11029
15 0.12276
16 0.12938
17 0.13914
18 0.14681
19 0.15467
20 0.15871
21 0.17426
22 0.19747
23 0.20085
24 0.20777
25 0.21709
26 0.22311
27 0.22475
28 0.23317
29 0.24032
30 0.24835
31 0.2564
32 0.2627
33 0.26678
34 0.26841
35 0.27433
36 0.28233
37 0.28941
38 0.29321
39 0.30194
40 0.30766
41 0.31574
42 0.32108
43 0.32393
44 0.33596
45 0.3407
46 0.35459
47 0.3563
48 0.38752
49 0.39111
50 0.39803
51 0.40763
52 0.41304
53 0.41611
54 0.42477
55 0.42851
56 0.43012
57 0.44155
58 0.44838
59 0.46289
60 0.46418
61 0.47305
62 0.48708
63 0.49253
64 0.50063
65 0.50833
66 0.51914
67 0.52535
68 0.53434
69 0.53622
70 0.55697
71 0.56371
72 0.57102
73 0.5777
74 0.58679
75 0.58852
76 0.59866
77 0.60835
78 0.61743
79 0.6252
80 0.64272
81 0.65173
82 0.65478
83 0.65604
84 0.66055
85 0.66375
86 0.66632
87 0.68784
88 0.69304
89 0.69964
90 0.71576
91 0.7285
92 0.73241
93 0.73451
94 0.75223
95 0.76097
96 0.76625
97 0.77458
98 0.78187
99 0.79652
100 0.80759
101 0.81362
102 0.82683
103 0.84382
104 0.84562
105 0.84804
106 0.85255
107 0.86253
108 0.88646
109 0.89185
110 0.89476
111 0.90136
112 0.90761
113 0.9125
114 0.9156
115 0.91931
116 0.9375
117 0.94603
118 0.95205
119 0.96645
120 0.97231
121 0.98874
122 1.00344
123 1.01174
124 1.03728
125 1.05067
126 1.05459
127 1.06094
128 1.07164
129 1.08661
130 1.09076
131 1.09565
132 1.10543
133 1.11355
134 1.11596
135 1.12673
136 1.12979
137 1.1359
138 1.13882
139 1.15566
140 1.16251
141 1.17163
142 1.18399
143 1.18842
144 1.19959
145 1.22058
146 1.23558
147 1.25352
148 1.27077
149 1.27505
150 1.28815
151 1.30492
152 1.31932
153 1.32136
154 1.32518
155 1.33711
156 1.33864
157 1.34698
158 1.38868
159 1.39914
160 1.40329
161 1.40735
162 1.4306
163 1.43357
164 1.44289
165 1.44891
166 1.45164
167 1.46842
168 1.47742
169 1.48191
170 1.49985
171 1.51194
172 1.51541
173 1.52111
174 1.52275
175 1.53021
176 1.53231
177 1.54359
178 1.57918
179 1.58508
180 1.61111
181 1.61347
182 1.61779
183 1.62225
184 1.64387
185 1.65397
186 1.66694
187 1.67022
188 1.67634
189 1.68039
190 1.69477
191 1.70119
192 1.70341
193 1.70982
194 1.71606
195 1.72752
196 1.73029
197 1.73556
198 1.75273
199 1.76577
200 1.76958
201 1.7748
202 1.77752
203 1.78418
204 1.79044
205 1.7981
206 1.80704
207 1.81708
208 1.82397
209 1.84734
210 1.85339
211 1.86848
212 1.87246
213 1.89302
214 1.90122
215 1.90911
216 1.92424
217 1.93336
218 1.9432
219 1.94653
220 1.95678
221 1.96809
222 1.97792
223 1.9828
224 1.99342
225 2.00549
226 2.00966
227 2.0196
228 2.0292
229 2.03749
230 2.05163
231 2.05434
232 2.05835
233 2.07099
234 2.07655
235 2.0835
236 2.08894
237 2.09727
238 2.10279
239 2.10804
240 2.10957
241 2.11515
242 2.12569
243 2.13007
244 2.1405
245 2.14399
246 2.14625
247 2.15156
248 2.15263
249 2.16127
250 2.17095
251 2.17244
252 2.17933
253 2.19071
254 2.20542
255 2.20722
256 2.21275
257 2.21568
258 2.22432
259 2.22951
260 2.23457
261 2.23885
262 2.24346
263 2.25974
264 2.27166
265 2.28084
266 2.29111
267 2.30194
268 2.31906
269 2.32378
270 2.32875
271 2.35181
272 2.35323
273 2.36104
274 2.36964
275 2.37235
276 2.37547
277 2.37958
278 2.38749
279 2.39555
280 2.40271
281 2.40766
282 2.40888
283 2.41486
284 2.42173
285 2.42939
286 2.43122
287 2.43766
288 2.44693
289 2.44991
290 2.45596
291 2.45865
292 2.46502
293 2.48425
294 2.48759
295 2.50776
296 2.51431
297 2.51569
298 2.52388
299 2.52802
300 2.53079
301 2.54195
302 2.54844
303 2.5734
304 2.58397
305 2.59774
306 2.60591
307 2.62095
308 2.62685
309 2.64425
310 2.65147
311 2.65998
312 2.66185
313 2.66923
314 2.6705
315 2.67547
316 2.69016
317 2.699
318 2.7015
319 2.70849
320 2.71071
321 2.7308
322 2.73308
323 2.75117
324 2.75846
325 2.76456
326 2.77
327 2.78082
328 2.78592
329 2.79225
330 2.79756
331 2.80936
332 2.81221
333 2.83299
334 2.84722
335 2.85277
336 2.85372
337 2.86055
338 2.8666
339 2.87367
340 2.89139
341 2.90605
342 2.91502
343 2.91737
344 2.92318
345 2.95446
346 2.95723
347 2.96362
348 2.97005
349 2.97643
350 2.99142
