1 0.01421
2 0.02775
3 0.05837
4 0.10376
5 0.1293
6 0.13968
7 0.15406
8 0.19441
9 0.21534
10 0.22203
11 0.26358
12 0.26885
13 0.2763
14 0.30491
15 0.30592
16 0.32106
17 0.32747
18 0.3377
19 0.36287
20 0.37281
21 0.38351
22 0.43475
23 0.45477
24 0.46159
25 0.47416
26 0.49038
27 0.49468
28 0.51772
29 0.5226
30 0.55091
31 0.56727
32 0.59239
33 0.62192
34 0.64622
35 0.65247
36 0.65851
37 0.66912
38 0.67529
39 0.68375
40 0.68939
41 0.72387
42 0.73735
43 0.74222
44 0.77228
45 0.80905
46 0.82442
47 0.83936
48 0.87343
49 0.87853
50 0.91698
51 0.9311
52 0.96922
53 1.01162
54 1.01889
55 1.01979
56 1.02609
57 1.04033
58 1.04606
59 1.08786
60 1.10088
61 1.11781
62 1.12363
63 1.17009
64 1.26407
65 1.30318
66 1.34376
67 1.35814
68 1.41616
69 1.4211
70 1.42638
71 1.45985
72 1.51191
73 1.51853
74 1.55272
75 1.5596
76 1.5765
77 1.58164
78 1.67753
79 1.6897
80 1.72209
81 1.75699
82 1.79519
83 1.81575
84 1.84219
85 1.88421
86 1.89355
87 1.89946
88 1.91469
89 1.9356
90 1.94811
91 1.96708
92 2.01501
93 2.02027
94 2.03306
95 2.06834
96 2.09812
97 2.14415
98 2.1483
99 2.18493
100 2.19958
101 2.20555
102 2.2119
103 2.26787
104 2.27331
105 2.32084
106 2.3477
107 2.35433
108 2.38759
109 2.42438
110 2.43214
111 2.44681
112 2.46114
113 2.46888
114 2.50148
115 2.57118
116 2.57688
117 2.61349
118 2.63256
119 2.64731
120 2.67063
121 2.68066
122 2.70712
123 2.75806
124 2.82482
125 2.83666
126 2.85997
127 2.90329
128 2.92289
129 2.92865
130 2.95078
131 2.99513
