1 0.00576
2 0.00847
3 0.02098
4 0.02559
5 0.03217
6 0.03568
7 0.04031
8 0.04385
9 0.055
10 0.06395
11 0.0662
12 0.07031
13 0.08043
14 0.0868
15 0.10037
16 0.11059
17 0.12139
18 0.12296
19 0.12578
20 0.13931
21 0.14695
22 0.15446
23 0.16369
24 0.1698
25 0.1801
26 0.18484
27 0.18736
28 0.18986
29 0.19154
30 0.19507
31 0.19783
32 0.20042
33 0.21294
34 0.21792
35 0.22091
36 0.26347
37 0.27293
38 0.28324
39 0.3206
40 0.33652
41 0.34315
42 0.35362
43 0.35765
44 0.37328
45 0.37886
46 0.38214
47 0.39953
48 0.41559
49 0.42018
50 0.42351
51 0.42902
52 0.43517
53 0.43803
54 0.44419
55 0.45087
56 0.46535
57 0.48231
58 0.49278
59 0.49854
60 0.50492
61 0.51805
62 0.51944
63 0.52373
64 0.53126
65 0.5369
66 0.5447
67 0.54941
68 0.55345
69 0.5647
70 0.57993
71 0.59481
72 0.60716
73 0.62134
74 0.64405
75 0.6499
76 0.659
77 0.66776
78 0.67338
79 0.67937
80 0.68267
81 0.69233
82 0.69616
83 0.69786
84 0.70235
85 0.71732
86 0.74621
87 0.75048
88 0.76079
89 0.76558
90 0.77473
91 0.77758
92 0.78439
93 0.78993
94 0.81674
95 0.82453
96 0.82772
97 0.84404
98 0.84713
99 0.86957
100 0.89696
101 0.8985
102 0.91145
103 0.93585
104 0.94937
105 0.9576
106 0.96261
107 0.96472
108 0.9711
109 0.98579
110 0.99342
111 0.99783
112 1.00198
113 1.00749
114 1.01181
115 1.01902
116 1.03163
117 1.03435
118 1.05712
119 1.05997
120 1.07508
121 1.08095
122 1.08427
123 1.08822
124 1.09633
125 1.10145
126 1.11568
127 1.12291
128 1.14368
129 1.14983
130 1.15268
131 1.15559
132 1.16194
133 1.16358
134 1.17295
135 1.17692
136 1.17935
137 1.19301
138 1.19742
139 1.2139
140 1.218
141 1.2328
142 1.24419
143 1.25595
144 1.25724
145 1.26662
146 1.26913
147 1.2785
148 1.28183
149 1.28735
150 1.293
151 1.30026
152 1.30955
153 1.31407
154 1.31836
155 1.33421
156 1.34262
157 1.34624
158 1.35148
159 1.367
160 1.38149
161 1.39629
162 1.40196
163 1.40997
164 1.42506
165 1.43421
166 1.44262
167 1.45655
168 1.46372
169 1.46483
170 1.46842
171 1.4707
172 1.47322
173 1.48662
174 1.50007
175 1.51234
176 1.53058
177 1.54172
178 1.54969
179 1.56694
180 1.56958
181 1.57141
182 1.57393
183 1.58134
184 1.5844
185 1.5859
186 1.59185
187 1.59435
188 1.60441
189 1.62469
190 1.6473
191 1.65263
192 1.65836
193 1.66266
194 1.68128
195 1.68453
196 1.69241
197 1.7121
198 1.72089
199 1.73678
200 1.74811
201 1.75737
202 1.76561
203 1.76966
204 1.77799
205 1.78565
206 1.7948
207 1.79824
208 1.81167
209 1.8199
210 1.82239
211 1.82854
212 1.83512
213 1.84084
214 1.8659
215 1.87368
216 1.88455
217 1.91336
218 1.92066
219 1.93271
220 1.93632
221 1.94145
222 1.94399
223 1.94628
224 1.96091
225 1.97237
226 1.98987
227 2.01123
228 2.01953
229 2.0258
230 2.03285
231 2.04817
232 2.05493
233 2.06488
234 2.07097
235 2.08009
236 2.08839
237 2.09248
238 2.10525
239 2.11442
240 2.1189
241 2.12418
242 2.1531
243 2.15816
244 2.1656
245 2.1687
246 2.16995
247 2.1763
248 2.1843
249 2.19327
250 2.1999
251 2.21124
252 2.21959
253 2.24205
254 2.25721
255 2.26366
256 2.26924
257 2.27875
258 2.27982
259 2.28304
260 2.28729
261 2.29032
262 2.3052
263 2.32144
264 2.33025
265 2.33448
266 2.34655
267 2.36595
268 2.37847
269 2.39105
270 2.4029
271 2.40851
272 2.41524
273 2.41908
274 2.43627
275 2.44157
276 2.45835
277 2.4653
278 2.4884
279 2.50611
280 2.51661
281 2.52324
282 2.53978
283 2.54243
284 2.56481
285 2.57308
286 2.57769
287 2.60018
288 2.60819
289 2.62748
290 2.63965
291 2.64823
292 2.65548
293 2.67196
294 2.67527
295 2.67859
296 2.68039
297 2.68659
298 2.69615
299 2.71295
300 2.73641
301 2.76638
302 2.77634
303 2.7953
304 2.80449
305 2.81287
306 2.84038
307 2.85826
308 2.87195
309 2.89873
310 2.91292
311 2.92071
312 2.93239
313 2.93871
314 2.93949
315 2.9413
316 2.9459
317 2.94882
318 2.95349
319 2.96382
320 2.9689
321 2.99634
