1 0.00714
2 0.02692
3 0.03358
4 0.03744
5 0.03989
6 0.0466
7 0.05251
8 0.06565
9 0.06977
10 0.07392
11 0.07794
12 0.0872
13 0.11421
14 0.11768
15 0.13258
16 0.13806
17 0.15727
18 0.16373
19 0.17292
20 0.18528
21 0.19422
22 0.19746
23 0.21084
24 0.21195
25 0.2212
26 0.23114
27 0.23891
28 0.24073
29 0.25026
30 0.25656
31 0.26247
32 0.27692
33 0.28274
34 0.28607
35 0.29739
36 0.31413
37 0.32138
38 0.32364
39 0.33736
40 0.34162
41 0.34788
42 0.35749
43 0.37178
44 0.3803
45 0.38357
46 0.38599
47 0.40079
48 0.40265
49 0.4221
50 0.42477
51 0.43768
52 0.44563
53 0.44806
54 0.45818
55 0.46001
56 0.46294
57 0.49797
58 0.49988
59 0.50543
60 0.5193
61 0.523
62 0.53078
63 0.53436
64 0.54364
65 0.54762
66 0.55299
67 0.55493
68 0.55671
69 0.56263
70 0.56738
71 0.58664
72 0.59586
73 0.60116
74 0.60792
75 0.61296
76 0.62053
77 0.62469
78 0.62916
79 0.64139
80 0.64718
81 0.65264
82 0.6552
83 0.6568
84 0.66149
85 0.66376
86 0.68273
87 0.68844
88 0.69754
89 0.70907
90 0.71705
91 0.7222
92 0.73801
93 0.76136
94 0.76666
95 0.77187
96 0.77565
97 0.77938
98 0.79175
99 0.8046
100 0.8085
101 0.81988
102 0.82651
103 0.83495
104 0.85118
105 0.86026
106 0.8672
107 0.87292
108 0.87846
109 0.87997
110 0.88306
111 0.88582
112 0.88916
113 0.91115
114 0.91359
115 0.92572
116 0.9371
117 0.94762
118 0.95275
119 0.95766
120 0.96217
121 0.96897
122 0.99048
123 1.00126
124 1.00692
125 1.01923
126 1.048
127 1.0618
128 1.06789
129 1.07316
130 1.0896
131 1.09778
132 1.10731
133 1.11306
134 1.1294
135 1.14092
136 1.14633
137 1.16382
138 1.18337
139 1.18626
140 1.19784
141 1.2025
142 1.2056
143 1.2148
144 1.21951
145 1.22824
146 1.23546
147 1.26588
148 1.28017
149 1.28361
150 1.29302
151 1.2951
152 1.3052
153 1.32237
154 1.32368
155 1.33877
156 1.34443
157 1.34771
158 1.3554
159 1.35917
160 1.36929
161 1.40214
162 1.41314
163 1.41565
164 1.43759
165 1.44501
166 1.44993
167 1.4544
168 1.45909
169 1.46028
170 1.47529
171 1.48476
172 1.49273
173 1.49873
174 1.50787
175 1.5096
176 1.5237
177 1.56013
178 1.56574
179 1.57664
180 1.59331
181 1.62313
182 1.6302
183 1.64286
184 1.64575
185 1.65381
186 1.66349
187 1.68603
188 1.69212
189 1.70474
190 1.72321
191 1.74751
192 1.75746
193 1.76752
194 1.78301
195 1.78505
196 1.7978
197 1.80547
198 1.81379
199 1.81842
200 1.82524
201 1.82949
202 1.84217
203 1.85751
204 1.8635
205 1.873
206 1.88278
207 1.89242
208 1.90015
209 1.9074
210 1.91804
211 1.92362
212 1.94606
213 1.96262
214 1.96562
215 1.97522
216 1.97669
217 1.9786
218 1.98647
219 1.9943
220 2.00477
221 2.01151
222 2.03382
223 2.037
224 2.04313
225 2.06467
226 2.08487
227 2.10121
228 2.11358
229 2.1213
230 2.13162
231 2.13605
232 2.14097
233 2.1481
234 2.1746
235 2.18752
236 2.18937
237 2.19997
238 2.20115
239 2.21154
240 2.22186
241 2.2324
242 2.24523
243 2.26063
244 2.26888
245 2.30963
246 2.31151
247 2.32213
248 2.33227
249 2.3479
250 2.36111
251 2.36986
252 2.37486
253 2.39285
254 2.39689
255 2.41386
256 2.45236
257 2.45698
258 2.47083
259 2.47624
260 2.48125
261 2.48376
262 2.49821
263 2.50245
264 2.50774
265 2.51632
266 2.52464
267 2.53484
268 2.55818
269 2.56644
270 2.5747
271 2.57998
272 2.58452
273 2.58781
274 2.60144
275 2.60538
276 2.63018
277 2.63301
278 2.63893
279 2.64736
280 2.64954
281 2.66024
282 2.66731
283 2.67151
284 2.68437
285 2.69167
286 2.69426
287 2.70316
288 2.70848
289 2.71983
290 2.72283
291 2.7283
292 2.73396
293 2.73953
294 2.74651
295 2.74819
296 2.75223
297 2.75486
298 2.75965
299 2.77465
300 2.78558
301 2.79605
302 2.80663
303 2.82035
304 2.82619
305 2.83492
306 2.83773
307 2.84329
308 2.85254
309 2.86401
310 2.86641
311 2.87299
312 2.88517
313 2.90789
314 2.92013
315 2.94346
316 2.95175
317 2.96511
318 2.97015
319 2.97917
320 2.99728
