1 0.01866
2 0.02287
3 0.03248
4 0.05815
5 0.06293
6 0.09615
7 0.10643
8 0.12057
9 0.12728
10 0.12852
11 0.13387
12 0.14142
13 0.15899
14 0.18519
15 0.2068
16 0.22099
17 0.23232
18 0.23762
19 0.23898
20 0.24535
21 0.28222
22 0.32101
23 0.34104
24 0.34577
25 0.35146
26 0.38447
27 0.40355
28 0.42184
29 0.44756
30 0.4612
31 0.47791
32 0.48344
33 0.49543
34 0.4992
35 0.52137
36 0.54268
37 0.54922
38 0.57642
39 0.59238
40 0.59785
41 0.60288
42 0.61162
43 0.63443
44 0.64444
45 0.65319
46 0.67247
47 0.7071
48 0.72103
49 0.74746
50 0.75956
51 0.78203
52 0.82564
53 0.83289
54 0.83853
55 0.89502
56 0.91695
57 0.92305
58 0.93085
59 0.94447
60 0.98005
61 0.98683
62 1.01333
63 1.01951
64 1.03633
65 1.04964
66 1.06462
67 1.08557
68 1.09483
69 1.10139
70 1.10586
71 1.11358
72 1.1353
73 1.1595
74 1.16916
75 1.17568
76 1.19352
77 1.20848
78 1.23711
79 1.25035
80 1.26387
81 1.27579
82 1.29623
83 1.3123
84 1.31815
85 1.33742
86 1.34566
87 1.34973
88 1.35554
89 1.3788
90 1.39423
91 1.4081
92 1.4211
93 1.42419
94 1.45904
95 1.46432
96 1.47175
97 1.49387
98 1.51705
99 1.55911
100 1.5658
101 1.60066
102 1.606
103 1.61266
104 1.65332
105 1.66935
106 1.68667
107 1.69718
108 1.72161
109 1.76058
110 1.76846
111 1.77407
112 1.78879
113 1.80389
114 1.83366
115 1.84656
116 1.85909
117 1.86907
118 1.87615
119 1.88835
120 1.89237
121 1.90767
122 1.92765
123 2.01966
124 2.02651
125 2.03761
126 2.04609
127 2.06044
128 2.08448
129 2.08961
130 2.10056
131 2.10501
132 2.11018
133 2.14318
134 2.17891
135 2.19138
136 2.19281
137 2.21192
138 2.23088
139 2.26064
140 2.27445
141 2.27889
142 2.29017
143 2.30966
144 2.31302
145 2.34725
146 2.36544
147 2.37964
148 2.38513
149 2.41498
150 2.41644
151 2.42394
152 2.43054
153 2.43274
154 2.43924
155 2.45429
156 2.45972
157 2.46836
158 2.47353
159 2.51885
160 2.52343
161 2.54746
162 2.58175
163 2.59129
164 2.59637
165 2.60658
166 2.62433
167 2.65289
168 2.66378
169 2.66944
170 2.67683
171 2.69065
172 2.756
173 2.76739
174 2.77719
175 2.80962
176 2.82388
177 2.84358
178 2.8529
179 2.87446
180 2.90897
181 2.92113
182 2.93615
183 2.95008
184 2.95531
185 2.96341
186 2.97335
187 2.99318
