1 0.00502
2 0.02207
3 0.02597
4 0.03864
5 0.05156
6 0.0553
7 0.05797
8 0.06693
9 0.07573
10 0.07829
11 0.08382
12 0.09857
13 0.10772
14 0.12378
15 0.12741
16 0.13019
17 0.13547
18 0.14481
19 0.15394
20 0.17128
21 0.18236
22 0.19093
23 0.19324
24 0.20344
25 0.21111
26 0.21921
27 0.23171
28 0.23467
29 0.24671
30 0.25248
31 0.26133
32 0.2851
33 0.28765
34 0.30185
35 0.3112
36 0.31575
37 0.32003
38 0.33
39 0.33325
40 0.34077
41 0.34219
42 0.34818
43 0.36104
44 0.38065
45 0.38392
46 0.40205
47 0.42006
48 0.43103
49 0.43262
50 0.44614
51 0.47566
52 0.48189
53 0.50445
54 0.50641
55 0.51122
56 0.52196
57 0.52744
58 0.53616
59 0.54786
60 0.55453
61 0.5566
62 0.56676
63 0.5718
64 0.581
65 0.59479
66 0.61622
67 0.62243
68 0.62635
69 0.63308
70 0.64802
71 0.65375
72 0.66328
73 0.66537
74 0.6976
75 0.69946
76 0.72402
77 0.73092
78 0.7397
79 0.75524
80 0.76036
81 0.79171
82 0.79523
83 0.82392
84 0.82578
85 0.82926
86 0.83413
87 0.84043
88 0.85089
89 0.86473
90 0.86606
91 0.8736
92 0.88394
93 0.915
94 0.91776
95 0.9267
96 0.93382
97 0.94127
98 0.95276
99 0.96993
100 0.97282
101 0.97889
102 0.98234
103 0.98408
104 0.9881
105 1.00287
106 1.00509
107 1.01082
108 1.01474
109 1.01854
110 1.02562
111 1.03489
112 1.03816
113 1.06125
114 1.07262
115 1.08207
116 1.0862
117 1.09686
118 1.10507
119 1.13538
120 1.14002
121 1.14866
122 1.16086
123 1.18343
124 1.18709
125 1.20895
126 1.21234
127 1.2138
128 1.2398
129 1.24727
130 1.25198
131 1.26064
132 1.28375
133 1.29055
134 1.29186
135 1.30198
136 1.30599
137 1.32167
138 1.32787
139 1.33328
140 1.33908
141 1.34492
142 1.35675
143 1.36818
144 1.3756
145 1.38873
146 1.38968
147 1.39498
148 1.43918
149 1.44403
150 1.44856
151 1.45775
152 1.46414
153 1.47509
154 1.49322
155 1.49841
156 1.50227
157 1.51264
158 1.51805
159 1.52316
160 1.53751
161 1.54071
162 1.54476
163 1.54934
164 1.553
165 1.55974
166 1.57002
167 1.57543
168 1.57728
169 1.58559
170 1.5945
171 1.60557
172 1.61541
173 1.62143
174 1.63054
175 1.63813
176 1.64149
177 1.65092
178 1.65765
179 1.66417
180 1.66905
181 1.68773
182 1.69398
183 1.70296
184 1.70997
185 1.71811
186 1.73779
187 1.74787
188 1.75222
189 1.76987
190 1.77185
191 1.78641
192 1.79396
193 1.80359
194 1.80781
195 1.81525
196 1.82873
197 1.83664
198 1.85212
199 1.85507
200 1.85884
201 1.86774
202 1.87177
203 1.8747
204 1.87576
205 1.87692
206 1.884
207 1.89005
208 1.90472
209 1.90858
210 1.92722
211 1.93032
212 1.94168
213 1.94518
214 1.97215
215 1.97489
216 1.9849
217 1.99229
218 1.995
219 2.00088
220 2.02778
221 2.03396
222 2.03969
223 2.04644
224 2.05389
225 2.06604
226 2.06984
227 2.07601
228 2.08263
229 2.08562
230 2.09193
231 2.10211
232 2.11743
233 2.12472
234 2.13096
235 2.13619
236 2.14211
237 2.14679
238 2.1617
239 2.16577
240 2.1736
241 2.18109
242 2.18385
243 2.18955
244 2.20261
245 2.21211
246 2.22475
247 2.22829
248 2.23155
249 2.23888
250 2.24712
251 2.24845
252 2.25828
253 2.27151
254 2.28016
255 2.29301
256 2.29409
257 2.29874
258 2.30586
259 2.31571
260 2.31835
261 2.33022
262 2.3466
263 2.35681
264 2.35957
265 2.38127
266 2.38335
267 2.40539
268 2.41257
269 2.41722
270 2.42085
271 2.42908
272 2.45479
273 2.46084
274 2.46272
275 2.47045
276 2.48099
277 2.48448
278 2.49216
279 2.496
280 2.52228
281 2.53673
282 2.54512
283 2.55103
284 2.55639
285 2.57
286 2.57284
287 2.57908
288 2.58695
289 2.59555
290 2.61278
291 2.62191
292 2.62457
293 2.64491
294 2.66154
295 2.67299
296 2.68441
297 2.69192
298 2.70463
299 2.70932
300 2.71886
301 2.72305
302 2.72687
303 2.73188
304 2.73444
305 2.74619
306 2.76304
307 2.7744
308 2.78459
309 2.7887
310 2.79815
311 2.8047
312 2.80803
313 2.81648
314 2.82094
315 2.83263
316 2.83623
317 2.84414
318 2.84633
319 2.87508
320 2.88167
321 2.89061
322 2.89229
323 2.90101
324 2.93667
325 2.94007
326 2.94556
327 2.95359
328 2.95952
329 2.96573
330 2.96936
331 2.97723
332 2.98734
