1 0.00808
2 0.01337
3 0.02937
4 0.03241
5 0.04992
6 0.05101
7 0.0572
8 0.06194
9 0.06453
10 0.07075
11 0.08228
12 0.08773
13 0.09154
14 0.10418
15 0.12733
16 0.13359
17 0.13822
18 0.14284
19 0.14794
20 0.15657
21 0.16268
22 0.19121
23 0.1984
24 0.2047
25 0.22041
26 0.22355
27 0.24
28 0.25444
29 0.26401
30 0.28043
31 0.29197
32 0.29636
33 0.30038
34 0.3095
35 0.31603
36 0.34741
37 0.36021
38 0.36454
39 0.37292
40 0.375
41 0.37993
42 0.38952
43 0.40403
44 0.40895
45 0.41289
46 0.42678
47 0.4582
48 0.46268
49 0.46897
50 0.4782
51 0.48343
52 0.48712
53 0.49662
54 0.5236
55 0.52855
56 0.5518
57 0.55857
58 0.57599
59 0.59519
60 0.59881
61 0.61359
62 0.62437
63 0.62869
64 0.63715
65 0.64172
66 0.64981
67 0.65574
68 0.65773
69 0.66031
70 0.66291
71 0.67255
72 0.67641
73 0.6833
74 0.69414
75 0.69942
76 0.70987
77 0.72428
78 0.73481
79 0.74411
80 0.74941
81 0.75192
82 0.75488
83 0.76461
84 0.77099
85 0.78041
86 0.79122
87 0.81004
88 0.81314
89 0.82273
90 0.83716
91 0.86379
92 0.87133
93 0.87374
94 0.88091
95 0.88555
96 0.89976
97 0.90209
98 0.90523
99 0.91046
100 0.91347
101 0.91834
102 0.92374
103 0.93181
104 0.94227
105 0.94659
106 0.95172
107 0.9543
108 0.96527
109 0.96812
110 0.97381
111 0.9802
112 0.99559
113 1.02731
114 1.04268
115 1.05376
116 1.05671
117 1.05951
118 1.06251
119 1.07746
120 1.11885
121 1.12327
122 1.13476
123 1.13708
124 1.14302
125 1.14603
126 1.15334
127 1.15806
128 1.16523
129 1.1676
130 1.17074
131 1.1844
132 1.19449
133 1.20106
134 1.20434
135 1.21308
136 1.2207
137 1.22557
138 1.23503
139 1.25555
140 1.26127
141 1.2646
142 1.26942
143 1.27539
144 1.28417
145 1.28856
146 1.29426
147 1.30043
148 1.31696
149 1.32129
150 1.32507
151 1.329
152 1.3331
153 1.33498
154 1.33794
155 1.34857
156 1.37305
157 1.37904
158 1.38614
159 1.39598
160 1.40156
161 1.41216
162 1.42233
163 1.42867
164 1.44469
165 1.45609
166 1.46098
167 1.46329
168 1.46544
169 1.4788
170 1.48898
171 1.50005
172 1.51429
173 1.52283
174 1.54001
175 1.58172
176 1.58867
177 1.59216
178 1.61904
179 1.62875
180 1.64137
181 1.65291
182 1.6653
183 1.68812
184 1.6952
185 1.71682
186 1.72881
187 1.73631
188 1.75603
189 1.77823
190 1.80827
191 1.81484
192 1.82215
193 1.83292
194 1.83787
195 1.85534
196 1.86958
197 1.88185
198 1.88428
199 1.89608
200 1.91256
201 1.91987
202 1.92718
203 1.94227
204 1.95685
205 1.959
206 1.9692
207 1.97757
208 1.98845
209 1.99596
210 2.00182
211 2.00997
212 2.01285
213 2.01616
214 2.01855
215 2.02463
216 2.02726
217 2.05476
218 2.06212
219 2.06541
220 2.07859
221 2.08283
222 2.09928
223 2.10264
224 2.12616
225 2.13292
226 2.14321
227 2.1484
228 2.15089
229 2.15652
230 2.15962
231 2.19302
232 2.20102
233 2.21007
234 2.21715
235 2.22415
236 2.22965
237 2.23323
238 2.24106
239 2.25404
240 2.25657
241 2.26199
242 2.26436
243 2.27322
244 2.2816
245 2.29958
246 2.30478
247 2.31057
248 2.31628
249 2.31928
250 2.33524
251 2.33846
252 2.34458
253 2.3513
254 2.35749
255 2.38397
256 2.40373
257 2.40622
258 2.41153
259 2.42524
260 2.43453
261 2.43866
262 2.45594
263 2.47104
264 2.47493
265 2.47672
266 2.48195
267 2.48531
268 2.5264
269 2.55244
270 2.57412
271 2.58108
272 2.58408
273 2.6089
274 2.62549
275 2.62873
276 2.63103
277 2.63603
278 2.64983
279 2.66103
280 2.67164
281 2.67492
282 2.67794
283 2.6863
284 2.70517
285 2.7122
286 2.72033
287 2.73895
288 2.75312
289 2.75593
290 2.7654
291 2.77822
292 2.82171
293 2.82546
294 2.83906
295 2.84115
296 2.8456
297 2.86302
298 2.86706
299 2.9011
300 2.9191
301 2.92633
302 2.94042
303 2.95628
304 2.95911
305 2.96434
306 2.968
307 2.97535
308 2.98301
309 2.9904
