1 0.00819
2 0.01246
3 0.01752
4 0.02384
5 0.03407
6 0.05514
7 0.06114
8 0.07418
9 0.07665
10 0.07944
11 0.08416
12 0.08651
13 0.09403
14 0.10319
15 0.11343
16 0.12596
17 0.12991
18 0.1344
19 0.14519
20 0.14852
21 0.15005
22 0.15467
23 0.17956
24 0.19797
25 0.20239
26 0.20865
27 0.21037
28 0.21597
29 0.21845
30 0.22472
31 0.22879
32 0.2376
33 0.25422
34 0.26003
35 0.26353
36 0.28402
37 0.29473
38 0.31782
39 0.32061
40 0.33456
41 0.34289
42 0.35165
43 0.35573
44 0.35895
45 0.37381
46 0.37731
47 0.38629
48 0.38919
49 0.40969
50 0.41261
51 0.42375
52 0.42704
53 0.42911
54 0.43394
55 0.44742
56 0.46357
57 0.46539
58 0.46698
59 0.47641
60 0.51041
61 0.51654
62 0.54891
63 0.55614
64 0.55896
65 0.56857
66 0.59444
67 0.60134
68 0.61458
69 0.62058
70 0.63792
71 0.64865
72 0.6521
73 0.66585
74 0.67235
75 0.67848
76 0.68106
77 0.69971
78 0.70098
79 0.70919
80 0.71666
81 0.72156
82 0.74679
83 0.76064
84 0.76741
85 0.79595
86 0.80567
87 0.81648
88 0.82596
89 0.84449
90 0.84768
91 0.85209
92 0.86652
93 0.87257
94 0.8937
95 0.90103
96 0.90352
97 0.90705
98 0.91041
99 0.93566
100 0.95825
101 0.96587
102 0.97645
103 1.00497
104 1.01555
105 1.04116
106 1.04482
107 1.04625
108 1.06938
109 1.07951
110 1.08665
111 1.09219
112 1.0952
113 1.10357
114 1.1063
115 1.11447
116 1.12792
117 1.14638
118 1.15312
119 1.15735
120 1.16516
121 1.17115
122 1.17718
123 1.18953
124 1.20271
125 1.20602
126 1.20733
127 1.20942
128 1.21699
129 1.22087
130 1.22801
131 1.24565
132 1.25886
133 1.26199
134 1.28359
135 1.3045
136 1.31161
137 1.31653
138 1.32043
139 1.33816
140 1.34109
141 1.34272
142 1.34906
143 1.35108
144 1.3666
145 1.38642
146 1.39033
147 1.40246
148 1.40949
149 1.4148
150 1.42184
151 1.43101
152 1.44548
153 1.45308
154 1.45581
155 1.4578
156 1.46343
157 1.46676
158 1.48333
159 1.4953
160 1.50246
161 1.50462
162 1.53691
163 1.54666
164 1.54937
165 1.55241
166 1.57898
167 1.58735
168 1.59136
169 1.60637
170 1.61281
171 1.61835
172 1.62989
173 1.64621
174 1.65939
175 1.66693
176 1.6701
177 1.67684
178 1.68262
179 1.68527
180 1.68629
181 1.70099
182 1.70504
183 1.70992
184 1.71851
185 1.73549
186 1.75099
187 1.75533
188 1.75881
189 1.76405
190 1.78034
191 1.78401
192 1.78694
193 1.78906
194 1.79193
195 1.79736
196 1.82593
197 1.84696
198 1.85337
199 1.85889
200 1.86702
201 1.87443
202 1.88139
203 1.88802
204 1.90496
205 1.92198
206 1.9268
207 1.93023
208 1.93252
209 1.95003
210 1.95431
211 1.96664
212 1.97701
213 1.98107
214 1.99919
215 2.00583
216 2.01132
217 2.05551
218 2.06401
219 2.07414
220 2.07999
221 2.08804
222 2.09379
223 2.09812
224 2.10695
225 2.1126
226 2.12226
227 2.13824
228 2.14758
229 2.16586
230 2.16906
231 2.17107
232 2.17265
233 2.19808
234 2.2045
235 2.21282
236 2.21673
237 2.2486
238 2.25814
239 2.27481
240 2.28348
241 2.29455
242 2.31357
243 2.31597
244 2.31826
245 2.33296
246 2.33908
247 2.35043
248 2.35319
249 2.35866
250 2.37395
251 2.38454
252 2.40209
253 2.41064
254 2.42327
255 2.42461
256 2.43739
257 2.44614
258 2.4507
259 2.45856
260 2.46234
261 2.46759
262 2.47975
263 2.49307
264 2.49818
265 2.50658
266 2.51306
267 2.54098
268 2.56465
269 2.56668
270 2.56782
271 2.56982
272 2.57216
273 2.57419
274 2.58242
275 2.58664
276 2.58799
277 2.59305
278 2.61442
279 2.63852
280 2.64854
281 2.67495
282 2.67842
283 2.68435
284 2.70109
285 2.71368
286 2.71774
287 2.72368
288 2.75252
289 2.75989
290 2.7712
291 2.78435
292 2.79634
293 2.80511
294 2.80807
295 2.826
296 2.83299
297 2.83905
298 2.84829
299 2.85322
300 2.88136
301 2.89202
302 2.90459
303 2.90679
304 2.90955
305 2.91147
306 2.9178
307 2.92242
308 2.92613
309 2.93045
310 2.95787
311 2.9661
312 2.97421
