1 0.01507
2 0.03998
3 0.05798
4 0.07155
5 0.0972
6 0.12314
7 0.13672
8 0.14448
9 0.15948
10 0.16898
11 0.18411
12 0.20162
13 0.20765
14 0.21818
15 0.24065
16 0.27064
17 0.27543
18 0.28282
19 0.29806
20 0.34665
21 0.35201
22 0.36212
23 0.37713
24 0.38498
25 0.41121
26 0.41621
27 0.43452
28 0.44037
29 0.44799
30 0.47194
31 0.479
32 0.48506
33 0.49535
34 0.50505
35 0.51734
36 0.5227
37 0.53764
38 0.54357
39 0.57075
40 0.59363
41 0.6047
42 0.62194
43 0.63716
44 0.64539
45 0.65728
46 0.67527
47 0.68067
48 0.69686
49 0.70692
50 0.71221
51 0.74534
52 0.76423
53 0.7727
54 0.78208
55 0.7928
56 0.81554
57 0.82709
58 0.83283
59 0.88423
60 0.91731
61 0.92423
62 0.93193
63 0.93762
64 0.94516
65 0.95985
66 0.97482
67 0.98023
68 0.99491
69 1.00314
70 1.03197
71 1.03951
72 1.05605
73 1.06534
74 1.08265
75 1.08671
76 1.10249
77 1.10676
78 1.11767
79 1.12274
80 1.12972
81 1.13159
82 1.13759
83 1.14705
84 1.17082
85 1.19499
86 1.23247
87 1.24457
88 1.26047
89 1.27603
90 1.29809
91 1.32599
92 1.3504
93 1.36534
94 1.372
95 1.37917
96 1.40788
97 1.42078
98 1.42627
99 1.43164
100 1.44971
101 1.4586
102 1.50559
103 1.52438
104 1.53829
105 1.55176
106 1.56592
107 1.56718
108 1.61423
109 1.64649
110 1.65354
111 1.66395
112 1.68294
113 1.73088
114 1.77505
115 1.78027
116 1.78885
117 1.81042
118 1.8222
119 1.83588
120 1.84095
121 1.86348
122 1.86517
123 1.87934
124 1.91319
125 1.92598
126 1.94203
127 1.97572
128 2.02037
129 2.02647
130 2.09067
131 2.09584
132 2.11702
133 2.13061
134 2.14358
135 2.16857
136 2.174
137 2.18635
138 2.20097
139 2.2134
140 2.21936
141 2.23983
142 2.24469
143 2.26608
144 2.274
145 2.2798
146 2.2873
147 2.29871
148 2.29965
149 2.32731
150 2.34702
151 2.37315
152 2.4213
153 2.43309
154 2.44002
155 2.44157
156 2.454
157 2.4842
158 2.50867
159 2.51953
160 2.56143
161 2.56448
162 2.56998
163 2.57595
164 2.59171
165 2.63333
166 2.66985
167 2.73039
168 2.79111
169 2.83819
170 2.93515
171 2.9428
172 2.98769
