1 0.0057
2 0.01849
3 0.02463
4 0.03372
5 0.04646
6 0.06014
7 0.06418
8 0.0685
9 0.07339
10 0.08652
11 0.10394
12 0.10582
13 0.11908
14 0.12816
15 0.16836
16 0.1733
17 0.18138
18 0.18766
19 0.19834
20 0.20167
21 0.20527
22 0.2192
23 0.2233
24 0.22991
25 0.23381
26 0.24081
27 0.25451
28 0.26198
29 0.26401
30 0.28063
31 0.28302
32 0.28424
33 0.30701
34 0.31397
35 0.31794
36 0.32165
37 0.32528
38 0.33007
39 0.34924
40 0.36835
41 0.38727
42 0.39081
43 0.39629
44 0.41077
45 0.41794
46 0.42625
47 0.43414
48 0.44644
49 0.45457
50 0.48609
51 0.49195
52 0.49531
53 0.50249
54 0.50652
55 0.51463
56 0.51914
57 0.52882
58 0.53519
59 0.54214
60 0.548
61 0.55207
62 0.55742
63 0.56345
64 0.57834
65 0.58519
66 0.59978
67 0.60465
68 0.60991
69 0.61186
70 0.62209
71 0.62701
72 0.63514
73 0.64702
74 0.64875
75 0.66069
76 0.66351
77 0.67269
78 0.68645
79 0.69393
80 0.70198
81 0.72196
82 0.73429
83 0.73753
84 0.76307
85 0.76508
86 0.77351
87 0.77938
88 0.79127
89 0.79767
90 0.8204
91 0.83106
92 0.85175
93 0.86811
94 0.8721
95 0.88669
96 0.89857
97 0.90673
98 0.91326
99 0.91811
100 0.92127
101 0.93538
102 0.95056
103 0.95403
104 0.96729
105 0.97589
106 0.98755
107 0.99103
108 0.99287
109 0.99561
110 1.00567
111 1.00775
112 1.01496
113 1.03015
114 1.03428
115 1.04914
116 1.06023
117 1.07977
118 1.08233
119 1.08539
120 1.09532
121 1.10592
122 1.10736
123 1.11208
124 1.11718
125 1.12232
126 1.12904
127 1.13315
128 1.15795
129 1.16864
130 1.17606
131 1.17733
132 1.19754
133 1.20198
134 1.2165
135 1.22137
136 1.24338
137 1.25626
138 1.25833
139 1.26122
140 1.26637
141 1.26818
142 1.27357
143 1.27759
144 1.28339
145 1.28885
146 1.30676
147 1.31584
148 1.32186
149 1.32999
150 1.33253
151 1.33867
152 1.34132
153 1.3433
154 1.35258
155 1.36002
156 1.36166
157 1.36694
158 1.37089
159 1.38037
160 1.39235
161 1.40733
162 1.40879
163 1.41223
164 1.41882
165 1.42134
166 1.42875
167 1.43103
168 1.44167
169 1.44445
170 1.46754
171 1.47557
172 1.494
173 1.51118
174 1.52343
175 1.52812
176 1.53196
177 1.53714
178 1.54773
179 1.55399
180 1.5597
181 1.58416
182 1.58649
183 1.60669
184 1.63028
185 1.63845
186 1.64524
187 1.66665
188 1.67082
189 1.67985
190 1.69579
191 1.71121
192 1.7249
193 1.73228
194 1.73745
195 1.74347
196 1.74549
197 1.76883
198 1.77136
199 1.77459
200 1.78264
201 1.78743
202 1.79631
203 1.80006
204 1.80352
205 1.80612
206 1.80857
207 1.81572
208 1.82165
209 1.82604
210 1.83052
211 1.83435
212 1.83771
213 1.84899
214 1.85547
215 1.86335
216 1.8703
217 1.87844
218 1.88327
219 1.89034
220 1.90977
221 1.91365
222 1.91814
223 1.92553
224 1.93452
225 1.93938
226 1.94694
227 1.95842
228 1.96226
229 1.96688
230 1.96991
231 2.00554
232 2.02042
233 2.02287
234 2.02871
235 2.04465
236 2.05976
237 2.08055
238 2.08646
239 2.09506
240 2.09927
241 2.10708
242 2.11933
243 2.13084
244 2.13603
245 2.15051
246 2.15421
247 2.16065
248 2.16775
249 2.16909
250 2.17886
251 2.18351
252 2.19376
253 2.22185
254 2.2327
255 2.24295
256 2.25704
257 2.25984
258 2.26515
259 2.27696
260 2.29813
261 2.30141
262 2.30477
263 2.31247
264 2.31771
265 2.32187
266 2.32695
267 2.33974
268 2.34511
269 2.34882
270 2.35439
271 2.364
272 2.37037
273 2.38387
274 2.3909
275 2.39804
276 2.40567
277 2.40991
278 2.41604
279 2.41739
280 2.43153
281 2.45367
282 2.46188
283 2.46614
284 2.46971
285 2.48309
286 2.48921
287 2.49555
288 2.50054
289 2.50926
290 2.51648
291 2.53113
292 2.54168
293 2.56596
294 2.57602
295 2.59027
296 2.59764
297 2.6163
298 2.62308
299 2.63244
300 2.63909
301 2.64501
302 2.64628
303 2.65318
304 2.67516
305 2.68064
306 2.69615
307 2.70202
308 2.71231
309 2.71429
310 2.71964
311 2.73804
312 2.7511
313 2.76473
314 2.77669
315 2.81
316 2.81933
317 2.84181
318 2.85187
319 2.86526
320 2.86765
321 2.87141
322 2.88482
323 2.88937
324 2.90675
325 2.91529
326 2.92118
327 2.93335
328 2.95178
329 2.95762
330 2.96258
331 2.9675
332 2.97112
333 2.97352
334 2.97887
335 2.98109
336 2.99324
