1 0.00486
2 0.01073
3 0.02032
4 0.03106
5 0.03759
6 0.03905
7 0.04554
8 0.04989
9 0.05699
10 0.05946
11 0.06265
12 0.06984
13 0.09509
14 0.10296
15 0.11589
16 0.12296
17 0.12685
18 0.13085
19 0.14552
20 0.15139
21 0.16076
22 0.16381
23 0.18118
24 0.18908
25 0.19817
26 0.20367
27 0.21291
28 0.21889
29 0.22502
30 0.23412
31 0.23574
32 0.2571
33 0.25973
34 0.2645
35 0.27802
36 0.28779
37 0.29201
38 0.29791
39 0.3072
40 0.31499
41 0.3372
42 0.34902
43 0.35443
44 0.35559
45 0.35746
46 0.36093
47 0.39378
48 0.39711
49 0.40284
50 0.42637
51 0.44773
52 0.45179
53 0.45614
54 0.46019
55 0.47752
56 0.48037
57 0.48545
58 0.49121
59 0.5043
60 0.51504
61 0.52642
62 0.53462
63 0.54467
64 0.5469
65 0.55379
66 0.55622
67 0.57814
68 0.58904
69 0.5945
70 0.60253
71 0.60776
72 0.62071
73 0.62249
74 0.63187
75 0.64003
76 0.64219
77 0.64815
78 0.66191
79 0.66537
80 0.66973
81 0.67832
82 0.685
83 0.70954
84 0.71426
85 0.72296
86 0.72495
87 0.73202
88 0.73426
89 0.74179
90 0.7774
91 0.78832
92 0.80175
93 0.8047
94 0.80813
95 0.8141
96 0.81634
97 0.83273
98 0.84328
99 0.85536
100 0.86384
101 0.86635
102 0.86898
103 0.87228
104 0.87594
105 0.88729
106 0.89182
107 0.9091
108 0.92564
109 0.93337
110 0.95809
111 0.96579
112 0.96824
113 0.9789
114 0.98299
115 0.98698
116 0.98956
117 0.99352
118 1.00818
119 1.01694
120 1.02271
121 1.03534
122 1.04885
123 1.05247
124 1.05965
125 1.06172
126 1.06392
127 1.07254
128 1.07806
129 1.08071
130 1.09666
131 1.10825
132 1.11417
133 1.12475
134 1.13456
135 1.13689
136 1.14527
137 1.14988
138 1.15297
139 1.17713
140 1.1843
141 1.19336
142 1.19706
143 1.19985
144 1.2033
145 1.21264
146 1.22249
147 1.22785
148 1.24229
149 1.24412
150 1.25055
151 1.26225
152 1.27067
153 1.28168
154 1.28772
155 1.29435
156 1.30403
157 1.31241
158 1.33314
159 1.33524
160 1.34296
161 1.35532
162 1.3634
163 1.36444
164 1.36788
165 1.37912
166 1.38548
167 1.4016
168 1.4218
169 1.45371
170 1.46319
171 1.46717
172 1.47518
173 1.47779
174 1.4821
175 1.48588
176 1.4944
177 1.5016
178 1.5099
179 1.53249
180 1.54038
181 1.54334
182 1.54773
183 1.55223
184 1.55832
185 1.56345
186 1.58364
187 1.5855
188 1.59279
189 1.60206
190 1.60915
191 1.61214
192 1.62322
193 1.63479
194 1.6504
195 1.67848
196 1.68968
197 1.69624
198 1.69792
199 1.70165
200 1.7089
201 1.7123
202 1.71712
203 1.72044
204 1.72267
205 1.73404
206 1.74537
207 1.76209
208 1.76442
209 1.78019
210 1.78873
211 1.79601
212 1.8014
213 1.80599
214 1.81122
215 1.82313
216 1.82585
217 1.83078
218 1.85437
219 1.87069
220 1.88174
221 1.8857
222 1.88757
223 1.88943
224 1.89386
225 1.90422
226 1.91066
227 1.9293
228 1.93546
229 1.93921
230 1.94636
231 1.95196
232 1.95952
233 1.96775
234 1.96957
235 1.98166
236 1.99096
237 1.99466
238 2.00753
239 2.01025
240 2.0208
241 2.04299
242 2.04797
243 2.05762
244 2.07043
245 2.08622
246 2.10004
247 2.10174
248 2.109
249 2.11401
250 2.12329
251 2.12855
252 2.13508
253 2.14957
254 2.15478
255 2.1595
256 2.16766
257 2.16973
258 2.19392
259 2.20606
260 2.2101
261 2.21909
262 2.22453
263 2.22714
264 2.23183
265 2.24385
266 2.25034
267 2.29591
268 2.30481
269 2.3076
270 2.31242
271 2.31558
272 2.33001
273 2.33932
274 2.34479
275 2.3469
276 2.35128
277 2.35301
278 2.35779
279 2.36035
280 2.36891
281 2.37381
282 2.37768
283 2.3845
284 2.38827
285 2.40186
286 2.4084
287 2.41789
288 2.41965
289 2.44202
290 2.45171
291 2.45456
292 2.45878
293 2.47522
294 2.48456
295 2.49225
296 2.50012
297 2.51357
298 2.53904
299 2.54068
300 2.54922
301 2.55313
302 2.55502
303 2.55649
304 2.56444
305 2.59375
306 2.60104
307 2.60832
308 2.61569
309 2.63071
310 2.63564
311 2.64153
312 2.64691
313 2.66439
314 2.67786
315 2.68234
316 2.6839
317 2.69317
318 2.70923
319 2.71922
320 2.72159
321 2.73195
322 2.73589
323 2.73886
324 2.74382
325 2.74531
326 2.76163
327 2.78022
328 2.79132
329 2.79387
330 2.79908
331 2.8067
332 2.81073
333 2.83756
334 2.84019
335 2.84252
336 2.85748
337 2.85945
338 2.86752
339 2.8709
340 2.88401
341 2.88711
342 2.89173
343 2.89683
344 2.91461
345 2.92346
346 2.92495
347 2.93549
348 2.95158
349 2.95611
350 2.96025
351 2.97016
352 2.98434
353 2.99061
354 2.9964
