1 0.00661
2 0.00952
3 0.01958
4 0.03356
5 0.04326
6 0.04575
7 0.05045
8 0.05213
9 0.05901
10 0.06337
11 0.06979
12 0.07339
13 0.08381
14 0.08976
15 0.10351
16 0.11771
17 0.12029
18 0.13931
19 0.14798
20 0.16435
21 0.16972
22 0.19025
23 0.19897
24 0.23814
25 0.2414
26 0.25065
27 0.25643
28 0.27885
29 0.28479
30 0.29053
31 0.29512
32 0.29755
33 0.29898
34 0.30112
35 0.31233
36 0.32645
37 0.33109
38 0.33305
39 0.33973
40 0.34473
41 0.36324
42 0.37627
43 0.38616
44 0.39145
45 0.4141
46 0.42
47 0.44077
48 0.44299
49 0.4455
50 0.44973
51 0.46181
52 0.46441
53 0.48256
54 0.50371
55 0.51404
56 0.5251
57 0.52714
58 0.53278
59 0.5363
60 0.54315
61 0.54736
62 0.55495
63 0.55833
64 0.57537
65 0.58023
66 0.62721
67 0.63541
68 0.63809
69 0.64553
70 0.64916
71 0.65037
72 0.65699
73 0.69298
74 0.69648
75 0.69841
76 0.71708
77 0.71857
78 0.73294
79 0.7383
80 0.74291
81 0.74531
82 0.76502
83 0.78752
84 0.79179
85 0.79377
86 0.81043
87 0.81604
88 0.8224
89 0.83604
90 0.84313
91 0.85771
92 0.86744
93 0.88873
94 0.89558
95 0.90415
96 0.90853
97 0.91388
98 0.92431
99 0.93504
100 0.94764
101 0.96543
102 0.97926
103 1.01527
104 1.01784
105 1.02838
106 1.04626
107 1.04776
108 1.05435
109 1.0578
110 1.06582
111 1.07184
112 1.07918
113 1.0833
114 1.11033
115 1.11909
116 1.129
117 1.13116
118 1.14457
119 1.15177
120 1.15736
121 1.16152
122 1.17146
123 1.1948
124 1.21092
125 1.21759
126 1.23095
127 1.24657
128 1.2514
129 1.2592
130 1.27613
131 1.28836
132 1.28997
133 1.29287
134 1.3115
135 1.32205
136 1.32552
137 1.3321
138 1.33586
139 1.34605
140 1.3489
141 1.36168
142 1.37552
143 1.37958
144 1.39445
145 1.39848
146 1.40713
147 1.4167
148 1.4326
149 1.45151
150 1.46638
151 1.47124
152 1.50342
153 1.52118
154 1.52879
155 1.5421
156 1.54517
157 1.55122
158 1.55295
159 1.57023
160 1.57227
161 1.57435
162 1.57945
163 1.59523
164 1.61374
165 1.62584
166 1.64252
167 1.65121
168 1.66332
169 1.66508
170 1.69035
171 1.69846
172 1.70452
173 1.7115
174 1.72716
175 1.73935
176 1.74565
177 1.75125
178 1.76734
179 1.77993
180 1.79937
181 1.80496
182 1.81616
183 1.82125
184 1.8281
185 1.84251
186 1.84556
187 1.8563
188 1.86609
189 1.88101
190 1.88287
191 1.89396
192 1.8979
193 1.9
194 1.90399
195 1.92336
196 1.92875
197 1.93387
198 1.94135
199 1.94412
200 1.96393
201 1.98935
202 1.99646
203 1.99973
204 2.00493
205 2.03279
206 2.04111
207 2.05866
208 2.06344
209 2.07585
210 2.09324
211 2.11198
212 2.13615
213 2.14455
214 2.14738
215 2.14975
216 2.16114
217 2.16272
218 2.17714
219 2.18281
220 2.18949
221 2.19786
222 2.20375
223 2.20736
224 2.22868
225 2.23222
226 2.2376
227 2.25013
228 2.26057
229 2.26828
230 2.27428
231 2.28251
232 2.2991
233 2.31348
234 2.31552
235 2.33323
236 2.33511
237 2.36325
238 2.39304
239 2.39906
240 2.40868
241 2.41169
242 2.4467
243 2.44842
244 2.45248
245 2.45979
246 2.46585
247 2.48138
248 2.49554
249 2.49774
250 2.51333
251 2.522
252 2.53324
253 2.5515
254 2.56034
255 2.57035
256 2.59928
257 2.61008
258 2.61504
259 2.62555
260 2.64391
261 2.65285
262 2.65781
263 2.68191
264 2.69591
265 2.70366
266 2.70958
267 2.72552
268 2.72941
269 2.73981
270 2.74811
271 2.75666
272 2.77946
273 2.78343
274 2.78977
275 2.79785
276 2.80603
277 2.81262
278 2.8152
279 2.82649
280 2.83343
281 2.83859
282 2.8413
283 2.86613
284 2.86995
285 2.89453
286 2.89959
287 2.91233
288 2.91919
289 2.92607
290 2.93559
291 2.94691
292 2.95033
293 2.9591
294 2.96334
295 2.97041
296 2.99528
