1 0.02764
2 0.03551
3 0.04089
4 0.06362
5 0.07761
6 0.15318
7 0.17058
8 0.18562
9 0.20885
10 0.23913
11 0.24561
12 0.2687
13 0.27575
14 0.29736
15 0.31122
16 0.32101
17 0.3377
18 0.36928
19 0.37716
20 0.37858
21 0.38553
22 0.43241
23 0.44819
24 0.45721
25 0.46199
26 0.52163
27 0.52998
28 0.53889
29 0.54393
30 0.57781
31 0.64008
32 0.64598
33 0.65768
34 0.68118
35 0.68963
36 0.72806
37 0.75346
38 0.75919
39 0.79189
40 0.82064
41 0.87908
42 0.88478
43 0.93182
44 0.96664
45 0.98175
46 0.98909
47 1.00994
48 1.02578
49 1.03213
50 1.04574
51 1.05584
52 1.05718
53 1.10866
54 1.11619
55 1.12387
56 1.13816
57 1.14251
58 1.18809
59 1.19548
60 1.2265
61 1.24421
62 1.2521
63 1.27664
64 1.29037
65 1.30462
66 1.35876
67 1.38896
68 1.40308
69 1.41797
70 1.44264
71 1.46013
72 1.4823
73 1.50548
74 1.52052
75 1.55205
76 1.62105
77 1.62345
78 1.63717
79 1.64937
80 1.69378
81 1.74378
82 1.7741
83 1.78914
84 1.79387
85 1.80981
86 1.85034
87 1.88852
88 1.89375
89 1.91785
90 1.928
91 1.94119
92 1.94747
93 1.97552
94 1.99099
95 1.99223
96 2.01127
97 2.02603
98 2.07351
99 2.12481
100 2.13008
101 2.19175
102 2.19431
103 2.19857
104 2.21588
105 2.25079
106 2.25804
107 2.26844
108 2.27411
109 2.28125
110 2.3309
111 2.40211
112 2.43175
113 2.44003
114 2.50716
115 2.51279
116 2.5396
117 2.56902
118 2.5707
119 2.58268
120 2.5884
121 2.61749
122 2.62271
123 2.67859
124 2.69635
125 2.7023
126 2.75084
127 2.75729
128 2.78041
129 2.78182
130 2.83357
131 2.85729
132 2.89292
133 2.90952
134 2.93637
135 2.94389
136 2.9505
137 2.98056
138 2.99533
