1 0.00436
2 0.01639
3 0.02793
4 0.03799
5 0.05552
6 0.06099
7 0.07505
8 0.10942
9 0.14808
10 0.15685
11 0.16239
12 0.1693
13 0.17516
14 0.19428
15 0.21264
16 0.22202
17 0.22384
18 0.22695
19 0.22888
20 0.23408
21 0.24447
22 0.26316
23 0.26677
24 0.27788
25 0.2838
26 0.28835
27 0.29283
28 0.31322
29 0.32055
30 0.32312
31 0.32469
32 0.33881
33 0.34753
34 0.36026
35 0.37114
36 0.37333
37 0.3874
38 0.39266
39 0.40242
40 0.40427
41 0.41517
42 0.42588
43 0.46912
44 0.47255
45 0.48109
46 0.50321
47 0.50823
48 0.52004
49 0.52513
50 0.5322
51 0.54257
52 0.55946
53 0.56207
54 0.56696
55 0.57465
56 0.57934
57 0.60223
58 0.62399
59 0.64205
60 0.64861
61 0.65093
62 0.65395
63 0.6688
64 0.68191
65 0.69079
66 0.69235
67 0.70647
68 0.72346
69 0.73759
70 0.74541
71 0.76089
72 0.7698
73 0.77896
74 0.78968
75 0.7985
76 0.81286
77 0.81821
78 0.82324
79 0.82482
80 0.83034
81 0.86342
82 0.86979
83 0.8735
84 0.90914
85 0.91216
86 0.93889
87 0.96162
88 0.96806
89 0.9751
90 0.97812
91 0.98075
92 1.00805
93 1.02041
94 1.02809
95 1.02968
96 1.03116
97 1.03687
98 1.03954
99 1.04556
100 1.05953
101 1.06077
102 1.06179
103 1.06495
104 1.08415
105 1.11393
106 1.13131
107 1.15163
108 1.16141
109 1.16383
110 1.17629
111 1.18651
112 1.20921
113 1.22641
114 1.24162
115 1.25507
116 1.26001
117 1.26256
118 1.27128
119 1.27788
120 1.29852
121 1.31916
122 1.32183
123 1.32824
124 1.33839
125 1.35273
126 1.36149
127 1.37117
128 1.39522
129 1.39787
130 1.40545
131 1.41023
132 1.41272
133 1.41937
134 1.43383
135 1.4365
136 1.43791
137 1.46128
138 1.46459
139 1.47186
140 1.47337
141 1.48079
142 1.49614
143 1.50172
144 1.51045
145 1.5229
146 1.53598
147 1.54457
148 1.55213
149 1.55891
150 1.57227
151 1.57866
152 1.59606
153 1.60288
154 1.61194
155 1.6173
156 1.61961
157 1.64573
158 1.64747
159 1.65511
160 1.66014
161 1.66467
162 1.67184
163 1.71121
164 1.71645
165 1.71934
166 1.72689
167 1.73927
168 1.7472
169 1.76085
170 1.76251
171 1.76594
172 1.77585
173 1.77738
174 1.78929
175 1.81421
176 1.83009
177 1.83573
178 1.83867
179 1.85382
180 1.88156
181 1.89591
182 1.90365
183 1.90891
184 1.91174
185 1.91577
186 1.91879
187 1.92325
188 1.93878
189 1.97627
190 1.97952
191 1.99178
192 2.00923
193 2.01874
194 2.0561
195 2.05823
196 2.06444
197 2.07175
198 2.09889
199 2.1116
200 2.1181
201 2.15156
202 2.15536
203 2.16107
204 2.16402
205 2.17391
206 2.18495
207 2.20582
208 2.23815
209 2.23961
210 2.25341
211 2.25484
212 2.2632
213 2.2785
214 2.2834
215 2.28555
216 2.30271
217 2.30802
218 2.32324
219 2.3375
220 2.36509
221 2.37092
222 2.39157
223 2.39476
224 2.40551
225 2.41289
226 2.4175
227 2.44303
228 2.45418
229 2.45883
230 2.46202
231 2.47102
232 2.47728
233 2.48057
234 2.4861
235 2.49102
236 2.49514
237 2.50049
238 2.50222
239 2.5076
240 2.5209
241 2.52696
242 2.53422
243 2.53833
244 2.56017
245 2.56617
246 2.56833
247 2.5698
248 2.5872
249 2.60491
250 2.60904
251 2.61058
252 2.61302
253 2.61956
254 2.64553
255 2.65332
256 2.65699
257 2.65841
258 2.66474
259 2.6732
260 2.67472
261 2.67737
262 2.71646
263 2.73734
264 2.74938
265 2.75919
266 2.77045
267 2.77857
268 2.78097
269 2.78905
270 2.79236
271 2.79728
272 2.81206
273 2.81338
274 2.81701
275 2.83067
276 2.84798
277 2.85322
278 2.86542
279 2.87265
280 2.89254
281 2.89434
282 2.89741
283 2.90476
284 2.90903
285 2.91196
286 2.91566
287 2.91747
288 2.9213
289 2.9711
290 2.97243
291 2.98013
292 2.99295
