1 0.00185
2 0.0137
3 0.01968
4 0.02578
5 0.03023
6 0.0392
7 0.04589
8 0.05201
9 0.05755
10 0.06517
11 0.07438
12 0.08044
13 0.08385
14 0.09875
15 0.10654
16 0.1094
17 0.11537
18 0.11716
19 0.1182
20 0.13386
21 0.14724
22 0.1542
23 0.15942
24 0.16195
25 0.16719
26 0.17734
27 0.17924
28 0.18211
29 0.18395
30 0.19084
31 0.19296
32 0.20028
33 0.20218
34 0.20607
35 0.20785
36 0.20891
37 0.21613
38 0.22181
39 0.22355
40 0.22753
41 0.23735
42 0.24432
43 0.25072
44 0.26598
45 0.26738
46 0.27796
47 0.28087
48 0.28784
49 0.29409
50 0.30097
51 0.30347
52 0.31616
53 0.32025
54 0.32409
55 0.34641
56 0.36771
57 0.37189
58 0.37359
59 0.37861
60 0.38058
61 0.39806
62 0.401
63 0.40517
64 0.41746
65 0.42162
66 0.43537
67 0.44291
68 0.45826
69 0.46634
70 0.47118
71 0.47247
72 0.47393
73 0.47502
74 0.48104
75 0.48976
76 0.49186
77 0.49476
78 0.52679
79 0.53001
80 0.53387
81 0.54442
82 0.55152
83 0.56194
84 0.56591
85 0.5821
86 0.59028
87 0.61403
88 0.61662
89 0.62156
90 0.62475
91 0.63063
92 0.65448
93 0.65774
94 0.65985
95 0.66301
96 0.66455
97 0.67103
98 0.67385
99 0.69144
100 0.69918
101 0.70421
102 0.70536
103 0.71462
104 0.72372
105 0.72638
106 0.74109
107 0.74913
108 0.77502
109 0.78555
110 0.79457
111 0.80113
112 0.81297
113 0.81726
114 0.82388
115 0.83811
116 0.8492
117 0.85769
118 0.86923
119 0.88377
120 0.89144
121 0.89778
122 0.90903
123 0.92088
124 0.93782
125 0.9493
126 0.95636
127 0.96771
128 0.97824
129 0.98036
130 1.01009
131 1.02364
132 1.03015
133 1.03494
134 1.05694
135 1.06451
136 1.06551
137 1.06931
138 1.07384
139 1.07517
140 1.08796
141 1.09728
142 1.11128
143 1.12011
144 1.12898
145 1.14357
146 1.15088
147 1.15403
148 1.15632
149 1.15802
150 1.16623
151 1.17703
152 1.18449
153 1.18953
154 1.1913
155 1.19797
156 1.20361
157 1.22367
158 1.2285
159 1.23086
160 1.24013
161 1.24318
162 1.25743
163 1.27063
164 1.27186
165 1.28289
166 1.30915
167 1.31926
168 1.32328
169 1.34098
170 1.36057
171 1.37454
172 1.38249
173 1.39823
174 1.40994
175 1.41717
176 1.42482
177 1.43017
178 1.43555
179 1.44515
180 1.44988
181 1.45579
182 1.47424
183 1.47773
184 1.48214
185 1.49371
186 1.51403
187 1.52273
188 1.52789
189 1.53201
190 1.53455
191 1.5371
192 1.54328
193 1.54961
194 1.56689
195 1.57444
196 1.57873
197 1.59238
198 1.61313
199 1.61571
200 1.62306
201 1.634
202 1.65051
203 1.65908
204 1.66208
205 1.66612
206 1.66978
207 1.67322
208 1.688
209 1.69658
210 1.69919
211 1.7033
212 1.714
213 1.72565
214 1.72991
215 1.75278
216 1.7637
217 1.77165
218 1.77415
219 1.7752
220 1.78004
221 1.78499
222 1.78659
223 1.79421
224 1.80058
225 1.81972
226 1.82134
227 1.85302
228 1.86765
229 1.87782
230 1.8947
231 1.90883
232 1.91655
233 1.9313
234 1.93401
235 1.94653
236 1.95287
237 1.97206
238 1.97723
239 1.98767
240 1.99618
241 2.00526
242 2.0084
243 2.01357
244 2.01709
245 2.02667
246 2.03106
247 2.03423
248 2.03854
249 2.05595
250 2.06298
251 2.07297
252 2.07845
253 2.08112
254 2.10154
255 2.11481
256 2.11732
257 2.12134
258 2.13511
259 2.15171
260 2.15574
261 2.16535
262 2.17601
263 2.18523
264 2.19812
265 2.21011
266 2.21671
267 2.2295
268 2.23384
269 2.23621
270 2.24365
271 2.24499
272 2.24676
273 2.26624
274 2.26935
275 2.27904
276 2.28164
277 2.30594
278 2.31376
279 2.31591
280 2.35521
281 2.36514
282 2.37297
283 2.3784
284 2.40438
285 2.41094
286 2.41648
287 2.42684
288 2.43483
289 2.44258
290 2.44696
291 2.45685
292 2.46027
293 2.4764
294 2.47888
295 2.48232
296 2.48551
297 2.51624
298 2.52103
299 2.52529
300 2.53194
301 2.53848
302 2.55169
303 2.5594
304 2.56369
305 2.57126
306 2.57992
307 2.5878
308 2.60032
309 2.60404
310 2.61376
311 2.63509
312 2.64423
313 2.6467
314 2.6516
315 2.66351
316 2.666
317 2.67422
318 2.70557
319 2.71538
320 2.72341
321 2.73113
322 2.76853
323 2.77167
324 2.78656
325 2.79221
326 2.80181
327 2.81648
328 2.81856
329 2.82758
330 2.83916
331 2.85441
332 2.85916
333 2.88428
334 2.88732
335 2.89656
336 2.9025
337 2.90909
338 2.91789
339 2.92596
340 2.93822
341 2.95242
342 2.95413
343 2.97307
344 2.97728
345 2.98261
346 2.98755
347 2.99349
