1 0.00453
2 0.00585
3 0.00791
4 0.02942
5 0.03685
6 0.04293
7 0.04666
8 0.05712
9 0.06205
10 0.06831
11 0.07242
12 0.09376
13 0.10694
14 0.11016
15 0.11854
16 0.13156
17 0.13477
18 0.14674
19 0.15564
20 0.15746
21 0.16049
22 0.16269
23 0.16436
24 0.16588
25 0.18034
26 0.19279
27 0.21576
28 0.22449
29 0.22644
30 0.24994
31 0.25936
32 0.26694
33 0.27563
34 0.28791
35 0.29295
36 0.30023
37 0.3057
38 0.31615
39 0.31801
40 0.32503
41 0.32976
42 0.3396
43 0.34412
44 0.35378
45 0.36455
46 0.38049
47 0.38648
48 0.39467
49 0.39975
50 0.40344
51 0.40697
52 0.41627
53 0.41847
54 0.42034
55 0.44088
56 0.45459
57 0.46968
58 0.47683
59 0.47803
60 0.48224
61 0.49731
62 0.5034
63 0.51084
64 0.52075
65 0.52864
66 0.53414
67 0.54531
68 0.55132
69 0.56617
70 0.60097
71 0.60556
72 0.61611
73 0.62391
74 0.62887
75 0.63392
76 0.6351
77 0.63912
78 0.64989
79 0.65271
80 0.67223
81 0.69332
82 0.69662
83 0.69995
84 0.70809
85 0.71424
86 0.722
87 0.73134
88 0.7402
89 0.75488
90 0.76922
91 0.77491
92 0.78717
93 0.79823
94 0.80605
95 0.81328
96 0.8169
97 0.81851
98 0.82599
99 0.83148
100 0.84037
101 0.84796
102 0.8579
103 0.86094
104 0.88255
105 0.89835
106 0.90312
107 0.91494
108 0.92464
109 0.92883
110 0.94239
111 0.9458
112 0.95464
113 0.95594
114 0.96057
115 0.96475
116 0.96938
117 0.97535
118 0.98192
119 0.99838
120 1.00053
121 1.00903
122 1.02132
123 1.03719
124 1.04956
125 1.05863
126 1.06383
127 1.07386
128 1.07515
129 1.08049
130 1.08213
131 1.08691
132 1.09122
133 1.09788
134 1.10127
135 1.1038
136 1.11054
137 1.12914
138 1.13512
139 1.14358
140 1.15128
141 1.15485
142 1.16825
143 1.1776
144 1.18791
145 1.19923
146 1.20321
147 1.21244
148 1.21499
149 1.2174
150 1.21896
151 1.23851
152 1.26488
153 1.27278
154 1.27851
155 1.28576
156 1.29365
157 1.29878
158 1.32409
159 1.33468
160 1.33845
161 1.34086
162 1.34521
163 1.34804
164 1.35895
165 1.36354
166 1.37444
167 1.37686
168 1.38436
169 1.38956
170 1.40628
171 1.41125
172 1.41527
173 1.42105
174 1.4371
175 1.44275
176 1.4483
177 1.4549
178 1.46101
179 1.46769
180 1.47597
181 1.47985
182 1.48653
183 1.49368
184 1.49549
185 1.50556
186 1.50934
187 1.51231
188 1.51833
189 1.53348
190 1.53869
191 1.55277
192 1.55633
193 1.55812
194 1.55929
195 1.56147
196 1.56354
197 1.57137
198 1.57789
199 1.57926
200 1.60129
201 1.60974
202 1.62382
203 1.63233
204 1.63706
205 1.64126
206 1.64862
207 1.65
208 1.66183
209 1.6807
210 1.68308
211 1.69463
212 1.70087
213 1.70895
214 1.71698
215 1.73353
216 1.74118
217 1.7447
218 1.75948
219 1.76213
220 1.77432
221 1.78569
222 1.7916
223 1.7966
224 1.79784
225 1.79971
226 1.81065
227 1.8179
228 1.82153
229 1.83037
230 1.85117
231 1.85499
232 1.86525
233 1.87528
234 1.88041
235 1.8848
236 1.88925
237 1.90011
238 1.91357
239 1.92268
240 1.92836
241 1.93138
242 1.94638
243 1.94931
244 1.95691
245 1.9695
246 1.98387
247 1.98772
248 1.99146
249 2.00586
250 2.00921
251 2.01285
252 2.01867
253 2.03791
254 2.0425
255 2.05463
256 2.05814
257 2.06184
258 2.07174
259 2.07601
260 2.08353
261 2.08787
262 2.08889
263 2.10612
264 2.12701
265 2.13133
266 2.1413
267 2.14736
268 2.15053
269 2.16108
270 2.17134
271 2.18445
272 2.19002
273 2.19307
274 2.21891
275 2.22191
276 2.23181
277 2.26195
278 2.2686
279 2.27647
280 2.27924
281 2.28563
282 2.29343
283 2.29707
284 2.30042
285 2.31208
286 2.31507
287 2.3175
288 2.31872
289 2.32354
290 2.32534
291 2.33007
292 2.33799
293 2.35723
294 2.36196
295 2.36479
296 2.36767
297 2.37329
298 2.38151
299 2.39936
300 2.4012
301 2.40244
302 2.40664
303 2.40969
304 2.42436
305 2.43245
306 2.43847
307 2.44527
308 2.45527
309 2.47626
310 2.48329
311 2.48729
312 2.49123
313 2.4975
314 2.50732
315 2.51773
316 2.52032
317 2.52382
318 2.52805
319 2.53707
320 2.55082
321 2.55319
322 2.55439
323 2.56199
324 2.5649
325 2.56875
326 2.57294
327 2.57706
328 2.58397
329 2.58781
330 2.60093
331 2.61107
332 2.61576
333 2.62573
334 2.63517
335 2.63817
336 2.64778
337 2.65732
338 2.66538
339 2.67357
340 2.68483
341 2.68664
342 2.69297
343 2.69778
344 2.70769
345 2.72186
346 2.72486
347 2.72807
348 2.73634
349 2.7419
350 2.7431
351 2.74906
352 2.75801
353 2.76743
354 2.77535
355 2.79275
356 2.79845
357 2.8011
358 2.80372
359 2.806
360 2.80899
361 2.819
362 2.84473
363 2.84604
364 2.85039
365 2.85413
366 2.86181
367 2.88031
368 2.88772
369 2.89913
370 2.91288
371 2.92593
372 2.92734
373 2.93602
374 2.93786
375 2.95109
376 2.96093
377 2.97094
378 2.97549
379 2.9796
380 2.98491
381 2.98697
