1 0.00352
2 0.01645
3 0.02088
4 0.02479
5 0.03495
6 0.03655
7 0.04346
8 0.05218
9 0.05849
10 0.0696
11 0.07836
12 0.08531
13 0.0878
14 0.10349
15 0.10911
16 0.12113
17 0.12955
18 0.13677
19 0.13992
20 0.14242
21 0.14954
22 0.15838
23 0.1631
24 0.16998
25 0.17409
26 0.17584
27 0.17864
28 0.19054
29 0.19233
30 0.21671
31 0.22785
32 0.24184
33 0.2539
34 0.26121
35 0.26942
36 0.27053
37 0.28107
38 0.29732
39 0.29959
40 0.3034
41 0.30525
42 0.3072
43 0.31103
44 0.32726
45 0.33358
46 0.35804
47 0.37263
48 0.38547
49 0.39477
50 0.40174
51 0.42159
52 0.43039
53 0.43858
54 0.44168
55 0.4456
56 0.45873
57 0.48281
58 0.49548
59 0.50414
60 0.50607
61 0.51321
62 0.51935
63 0.54517
64 0.54844
65 0.55517
66 0.57023
67 0.57113
68 0.58152
69 0.59736
70 0.59996
71 0.60147
72 0.61575
73 0.63758
74 0.63948
75 0.64197
76 0.66687
77 0.67003
78 0.68792
79 0.69535
80 0.69913
81 0.70792
82 0.71745
83 0.73227
84 0.75872
85 0.76313
86 0.77417
87 0.7868
88 0.80014
89 0.80458
90 0.82087
91 0.82418
92 0.83717
93 0.84186
94 0.84449
95 0.84872
96 0.85692
97 0.85939
98 0.86883
99 0.87466
100 0.87844
101 0.88337
102 0.88729
103 0.89358
104 0.89584
105 0.89968
106 0.91221
107 0.91537
108 0.91707
109 0.92162
110 0.92739
111 0.9381
112 0.9434
113 0.96725
114 0.97143
115 0.98877
116 1.00012
117 1.00878
118 1.01447
119 1.02032
120 1.03071
121 1.03616
122 1.03883
123 1.04708
124 1.05333
125 1.05874
126 1.06435
127 1.06941
128 1.08348
129 1.09229
130 1.09403
131 1.09708
132 1.10132
133 1.11694
134 1.12734
135 1.1368
136 1.1435
137 1.15056
138 1.1705
139 1.17337
140 1.17479
141 1.18046
142 1.19096
143 1.19967
144 1.2075
145 1.21622
146 1.22859
147 1.23078
148 1.24285
149 1.26454
150 1.26917
151 1.27799
152 1.27992
153 1.28837
154 1.28927
155 1.29843
156 1.30808
157 1.31454
158 1.33045
159 1.33537
160 1.34498
161 1.37172
162 1.38298
163 1.41922
164 1.42317
165 1.42763
166 1.43639
167 1.43991
168 1.44246
169 1.44743
170 1.45606
171 1.46152
172 1.46529
173 1.47461
174 1.49994
175 1.50756
176 1.52457
177 1.52978
178 1.53317
179 1.53593
180 1.55139
181 1.55674
182 1.5594
183 1.56267
184 1.56756
185 1.57697
186 1.58555
187 1.59414
188 1.61847
189 1.65738
190 1.67321
191 1.67767
192 1.67966
193 1.6829
194 1.70252
195 1.70878
196 1.71027
197 1.71295
198 1.71573
199 1.72122
200 1.72356
201 1.74958
202 1.751
203 1.75732
204 1.76857
205 1.77661
206 1.78301
207 1.78974
208 1.80042
209 1.80646
210 1.80893
211 1.81172
212 1.8284
213 1.83509
214 1.8412
215 1.84452
216 1.86735
217 1.87033
218 1.88534
219 1.91095
220 1.91572
221 1.93626
222 1.9415
223 1.95172
224 1.96084
225 1.96636
226 1.98332
227 1.99099
228 2.00075
229 2.00961
230 2.01658
231 2.01942
232 2.02033
233 2.0264
234 2.05024
235 2.0527
236 2.05848
237 2.06497
238 2.06671
239 2.08629
240 2.09259
241 2.09897
242 2.10785
243 2.11937
244 2.13537
245 2.1394
246 2.16027
247 2.16627
248 2.17627
249 2.1806
250 2.18308
251 2.19998
252 2.20689
253 2.20794
254 2.2405
255 2.25036
256 2.26116
257 2.27335
258 2.27726
259 2.28358
260 2.28977
261 2.29831
262 2.3114
263 2.31527
264 2.32218
265 2.33258
266 2.35086
267 2.35653
268 2.35819
269 2.38321
270 2.40005
271 2.40606
272 2.42524
273 2.43278
274 2.43567
275 2.44537
276 2.45695
277 2.47017
278 2.48665
279 2.49977
280 2.50802
281 2.51736
282 2.52593
283 2.53745
284 2.54121
285 2.54481
286 2.54937
287 2.55334
288 2.56505
289 2.56625
290 2.56883
291 2.57058
292 2.58741
293 2.59388
294 2.60206
295 2.61575
296 2.62889
297 2.63578
298 2.64785
299 2.67498
300 2.68151
301 2.7059
302 2.70896
303 2.71207
304 2.71384
305 2.71841
306 2.72243
307 2.74324
308 2.75031
309 2.75849
310 2.76402
311 2.76738
312 2.78092
313 2.7911
314 2.79347
315 2.79549
316 2.79802
317 2.80762
318 2.81628
319 2.82345
320 2.8283
321 2.83114
322 2.83999
323 2.85466
324 2.88639
325 2.8978
326 2.90277
327 2.90543
328 2.92515
329 2.92936
330 2.94153
331 2.94689
332 2.95198
333 2.95705
334 2.97779
335 2.98958
336 2.99704
