1 0.00625
2 0.01934
3 0.02065
4 0.02326
5 0.03727
6 0.04323
7 0.04634
8 0.0603
9 0.06178
10 0.06499
11 0.06784
12 0.07669
13 0.08491
14 0.09297
15 0.09692
16 0.09968
17 0.10583
18 0.11455
19 0.12398
20 0.1294
21 0.13655
22 0.14028
23 0.14204
24 0.14605
25 0.16213
26 0.17547
27 0.17984
28 0.1878
29 0.19696
30 0.21329
31 0.21554
32 0.22674
33 0.25768
34 0.2733
35 0.27495
36 0.28147
37 0.28694
38 0.30701
39 0.30825
40 0.3141
41 0.32693
42 0.33013
43 0.33918
44 0.3405
45 0.3421
46 0.34982
47 0.35122
48 0.36074
49 0.37123
50 0.37455
51 0.38778
52 0.39674
53 0.4172
54 0.42787
55 0.44967
56 0.46032
57 0.46878
58 0.491
59 0.51035
60 0.51738
61 0.51909
62 0.52408
63 0.52728
64 0.54232
65 0.5587
66 0.56042
67 0.56627
68 0.57343
69 0.59047
70 0.59321
71 0.60268
72 0.6051
73 0.6282
74 0.63078
75 0.63414
76 0.64738
77 0.66285
78 0.66553
79 0.67248
80 0.68289
81 0.68827
82 0.69596
83 0.69676
84 0.7121
85 0.71808
86 0.72481
87 0.72694
88 0.73867
89 0.74324
90 0.75489
91 0.76167
92 0.77207
93 0.78269
94 0.79651
95 0.79993
96 0.81447
97 0.82322
98 0.83015
99 0.83986
100 0.84502
101 0.84932
102 0.85256
103 0.8547
104 0.85717
105 0.86484
106 0.87182
107 0.89064
108 0.89887
109 0.90169
110 0.91114
111 0.92039
112 0.93466
113 0.93931
114 0.94965
115 0.95676
116 0.96723
117 0.98077
118 0.99065
119 1.0189
120 1.02726
121 1.03372
122 1.04104
123 1.04745
124 1.05406
125 1.07378
126 1.08888
127 1.09702
128 1.10663
129 1.11101
130 1.11838
131 1.13018
132 1.13335
133 1.13992
134 1.16598
135 1.17078
136 1.17459
137 1.1779
138 1.18375
139 1.18912
140 1.1922
141 1.19447
142 1.19737
143 1.20083
144 1.20248
145 1.20896
146 1.21065
147 1.21599
148 1.22094
149 1.22624
150 1.23372
151 1.24258
152 1.26006
153 1.26697
154 1.27766
155 1.28874
156 1.29902
157 1.30352
158 1.3356
159 1.34189
160 1.35049
161 1.35455
162 1.36504
163 1.3749
164 1.38181
165 1.38452
166 1.391
167 1.402
168 1.40597
169 1.41029
170 1.41154
171 1.41818
172 1.42272
173 1.42492
174 1.44516
175 1.45111
176 1.47368
177 1.48999
178 1.50979
179 1.51378
180 1.51602
181 1.52296
182 1.53279
183 1.53412
184 1.56323
185 1.57052
186 1.57624
187 1.58396
188 1.59749
189 1.60224
190 1.60688
191 1.61282
192 1.63686
193 1.64045
194 1.64826
195 1.66472
196 1.6659
197 1.67991
198 1.68268
199 1.68584
200 1.69542
201 1.71321
202 1.73993
203 1.76531
204 1.76877
205 1.7807
206 1.7914
207 1.79767
208 1.81672
209 1.82801
210 1.83125
211 1.83834
212 1.84015
213 1.86435
214 1.86612
215 1.87279
216 1.90222
217 1.90927
218 1.91251
219 1.92558
220 1.93231
221 1.94095
222 1.95229
223 1.96038
224 1.97001
225 1.9728
226 1.98894
227 2.00435
228 2.02952
229 2.03832
230 2.05728
231 2.06098
232 2.06991
233 2.09441
234 2.09723
235 2.10654
236 2.11173
237 2.13917
238 2.1611
239 2.16649
240 2.17089
241 2.1805
242 2.18885
243 2.20764
244 2.2188
245 2.22753
246 2.23267
247 2.25702
248 2.28089
249 2.28729
250 2.28945
251 2.29438
252 2.30945
253 2.3128
254 2.33045
255 2.33634
256 2.3519
257 2.35799
258 2.37193
259 2.39165
260 2.39378
261 2.4194
262 2.43078
263 2.43829
264 2.45552
265 2.45992
266 2.47229
267 2.47619
268 2.48493
269 2.49147
270 2.49502
271 2.50102
272 2.50789
273 2.51108
274 2.51638
275 2.51777
276 2.51914
277 2.52746
278 2.5393
279 2.54787
280 2.55119
281 2.56035
282 2.57277
283 2.58133
284 2.59907
285 2.60262
286 2.60866
287 2.61209
288 2.61838
289 2.62764
290 2.63787
291 2.64729
292 2.65841
293 2.67375
294 2.67881
295 2.70372
296 2.71652
297 2.72515
298 2.72709
299 2.73308
300 2.75008
301 2.75554
302 2.76034
303 2.77211
304 2.79299
305 2.80457
306 2.80697
307 2.81199
308 2.82073
309 2.82465
310 2.83439
311 2.85251
312 2.85414
313 2.86431
314 2.87331
315 2.89835
316 2.91238
317 2.92378
318 2.93456
319 2.94635
320 2.98234
321 2.98985
322 2.99589
