1 0.00849
2 0.01799
3 0.02739
4 0.04066
5 0.04771
6 0.05672
7 0.06259
8 0.07639
9 0.10214
10 0.12923
11 0.14048
12 0.14592
13 0.1914
14 0.21493
15 0.22213
16 0.2277
17 0.23799
18 0.25801
19 0.27379
20 0.28174
21 0.30306
22 0.30977
23 0.32024
24 0.3281
25 0.34181
26 0.35632
27 0.36097
28 0.36763
29 0.38365
30 0.40396
31 0.41134
32 0.42904
33 0.4373
34 0.45479
35 0.47624
36 0.48299
37 0.48862
38 0.49421
39 0.50426
40 0.53447
41 0.54903
42 0.55652
43 0.5623
44 0.59784
45 0.61103
46 0.62115
47 0.64471
48 0.65103
49 0.65695
50 0.67978
51 0.68392
52 0.69874
53 0.71488
54 0.72779
55 0.75185
56 0.75822
57 0.76468
58 0.79092
59 0.7978
60 0.81994
61 0.83857
62 0.84529
63 0.8669
64 0.87171
65 0.8828
66 0.89461
67 0.93338
68 0.95197
69 1.00819
70 1.05035
71 1.07596
72 1.09378
73 1.10056
74 1.10554
75 1.10663
76 1.11637
77 1.12334
78 1.1417
79 1.14286
80 1.15921
81 1.18933
82 1.19747
83 1.21556
84 1.2366
85 1.25096
86 1.28861
87 1.28965
88 1.29681
89 1.30274
90 1.30854
91 1.31394
92 1.31921
93 1.32811
94 1.35679
95 1.36419
96 1.37714
97 1.40679
98 1.41216
99 1.42031
100 1.44264
101 1.46413
102 1.49405
103 1.50983
104 1.5169
105 1.54448
106 1.55149
107 1.56627
108 1.57091
109 1.60516
110 1.6366
111 1.65377
112 1.66357
113 1.67791
114 1.69328
115 1.69718
116 1.70168
117 1.74848
118 1.76825
119 1.8246
120 1.83884
121 1.84825
122 1.85789
123 1.86835
124 1.89286
125 1.90382
126 1.93597
127 1.94988
128 1.96715
129 2.00322
130 2.01517
131 2.03833
132 2.069
133 2.07306
134 2.10197
135 2.11014
136 2.12936
137 2.14193
138 2.16925
139 2.19491
140 2.1961
141 2.20542
142 2.2318
143 2.28753
144 2.29211
145 2.32578
146 2.33685
147 2.34714
148 2.39634
149 2.40668
150 2.41033
151 2.46844
152 2.50092
153 2.54007
154 2.56017
155 2.59753
156 2.60278
157 2.62247
158 2.64701
159 2.6521
160 2.65764
161 2.68037
162 2.7029
163 2.71818
164 2.72531
165 2.74951
166 2.77276
167 2.78827
168 2.79699
169 2.80379
170 2.82473
171 2.82868
172 2.8375
173 2.86505
174 2.87461
175 2.88732
176 2.89845
177 2.90351
178 2.90985
179 2.91421
180 2.91784
181 2.92539
182 2.93914
183 2.95223
184 2.95741
185 2.96672
186 2.97331
187 2.98619
188 2.99915
