1 0.00948
2 0.01194
3 0.02162
4 0.02843
5 0.0334
6 0.04033
7 0.08324
8 0.1073
9 0.11062
10 0.11318
11 0.12412
12 0.12686
13 0.14023
14 0.1425
15 0.14421
16 0.14679
17 0.15792
18 0.1638
19 0.17197
20 0.17986
21 0.19451
22 0.19962
23 0.20425
24 0.21259
25 0.23563
26 0.23941
27 0.24184
28 0.25149
29 0.26716
30 0.27834
31 0.32223
32 0.33505
33 0.35439
34 0.36222
35 0.36965
36 0.37736
37 0.3844
38 0.39425
39 0.42779
40 0.44686
41 0.45516
42 0.48619
43 0.49632
44 0.52892
45 0.5662
46 0.58136
47 0.58991
48 0.59735
49 0.60488
50 0.60808
51 0.61928
52 0.62188
53 0.62555
54 0.63822
55 0.64578
56 0.64826
57 0.65769
58 0.67934
59 0.68919
60 0.69591
61 0.69919
62 0.73385
63 0.74356
64 0.74865
65 0.7627
66 0.79031
67 0.83774
68 0.8425
69 0.85883
70 0.88005
71 0.89178
72 0.89478
73 0.92515
74 0.93062
75 0.9361
76 0.93867
77 0.94289
78 0.95355
79 0.97181
80 0.98543
81 0.99299
82 1.01461
83 1.02735
84 1.04533
85 1.06672
86 1.09182
87 1.09948
88 1.11633
89 1.11855
90 1.14184
91 1.14998
92 1.16854
93 1.18716
94 1.1982
95 1.23647
96 1.24318
97 1.24972
98 1.27295
99 1.2998
100 1.30987
101 1.33558
102 1.34023
103 1.34533
104 1.34773
105 1.35591
106 1.36023
107 1.3688
108 1.38027
109 1.38334
110 1.39503
111 1.40055
112 1.40926
113 1.42328
114 1.43172
115 1.43832
116 1.44043
117 1.48805
118 1.49092
119 1.49333
120 1.5067
121 1.51523
122 1.5251
123 1.53082
124 1.53266
125 1.53512
126 1.56225
127 1.59298
128 1.6093
129 1.61634
130 1.61846
131 1.63379
132 1.65009
133 1.66622
134 1.68012
135 1.69126
136 1.73544
137 1.74442
138 1.7464
139 1.77905
140 1.79025
141 1.83839
142 1.84045
143 1.8625
144 1.86902
145 1.87113
146 1.87713
147 1.879
148 1.88169
149 1.89489
150 1.90457
151 1.92784
152 1.93982
153 1.9418
154 1.97912
155 1.98515
156 2.01154
157 2.02542
158 2.08927
159 2.1125
160 2.11452
161 2.13243
162 2.13706
163 2.14197
164 2.15863
165 2.17019
166 2.20049
167 2.2067
168 2.21244
169 2.24754
170 2.2676
171 2.27909
172 2.28423
173 2.31607
174 2.3183
175 2.34549
176 2.35112
177 2.35936
178 2.36136
179 2.37576
180 2.38591
181 2.39324
182 2.4
183 2.41983
184 2.43727
185 2.44953
186 2.47443
187 2.48407
188 2.49027
189 2.49414
190 2.49643
191 2.50306
192 2.57313
193 2.61016
194 2.61991
195 2.62276
196 2.62798
197 2.64879
198 2.65359
199 2.66294
200 2.66923
201 2.67169
202 2.67508
203 2.68723
204 2.69021
205 2.69726
206 2.70433
207 2.72645
208 2.73982
209 2.74636
210 2.75069
211 2.75532
212 2.7694
213 2.77124
214 2.78795
215 2.79296
216 2.80936
217 2.82703
218 2.84159
219 2.85806
220 2.87076
221 2.87811
222 2.88557
223 2.89177
224 2.89414
225 2.89711
226 2.90416
227 2.9062
228 2.91136
229 2.93996
230 2.94216
231 2.95004
232 2.95804
233 2.96125
234 2.97347
235 2.99414
236 2.99576
