1 0.00273
2 0.00726
3 0.01144
4 0.01391
5 0.01753
6 0.01847
7 0.02747
8 0.03646
9 0.03848
10 0.05413
11 0.06166
12 0.06508
13 0.06678
14 0.06844
15 0.07166
16 0.07514
17 0.07731
18 0.08142
19 0.09912
20 0.10786
21 0.11032
22 0.11525
23 0.12657
24 0.13652
25 0.14681
26 0.15287
27 0.16028
28 0.16295
29 0.17048
30 0.17863
31 0.18905
32 0.21234
33 0.22801
34 0.23052
35 0.25723
36 0.26489
37 0.27184
38 0.27447
39 0.28586
40 0.28772
41 0.29764
42 0.30194
43 0.30771
44 0.31129
45 0.3197
46 0.32849
47 0.33141
48 0.33294
49 0.33407
50 0.33495
51 0.34008
52 0.35513
53 0.3567
54 0.36255
55 0.39747
56 0.40263
57 0.41385
58 0.41938
59 0.43421
60 0.45045
61 0.45749
62 0.4603
63 0.46215
64 0.47344
65 0.48035
66 0.48678
67 0.48828
68 0.49437
69 0.51683
70 0.52395
71 0.53006
72 0.53213
73 0.5363
74 0.53796
75 0.53997
76 0.55496
77 0.55744
78 0.57057
79 0.58411
80 0.593
81 0.60301
82 0.60645
83 0.61703
84 0.61897
85 0.62031
86 0.62348
87 0.63363
88 0.63885
89 0.64071
90 0.65302
91 0.65534
92 0.66014
93 0.66206
94 0.67189
95 0.67512
96 0.67795
97 0.70025
98 0.70941
99 0.7241
100 0.74022
101 0.7446
102 0.75276
103 0.77461
104 0.77621
105 0.78031
106 0.79014
107 0.79555
108 0.81269
109 0.81477
110 0.816
111 0.82142
112 0.82386
113 0.85557
114 0.85877
115 0.86509
116 0.87063
117 0.88423
118 0.89011
119 0.9041
120 0.90718
121 0.9274
122 0.93589
123 0.95918
124 0.97301
125 0.98328
126 0.99187
127 1.00025
128 1.01202
129 1.01556
130 1.01889
131 1.0275
132 1.03638
133 1.04234
134 1.05493
135 1.05913
136 1.06142
137 1.06986
138 1.07119
139 1.0757
140 1.09071
141 1.11304
142 1.11468
143 1.11753
144 1.12787
145 1.13918
146 1.1414
147 1.15255
148 1.15444
149 1.15991
150 1.1672
151 1.17845
152 1.18595
153 1.20251
154 1.22017
155 1.22467
156 1.23418
157 1.23779
158 1.24268
159 1.24729
160 1.24972
161 1.26245
162 1.26938
163 1.27188
164 1.27465
165 1.28326
166 1.28906
167 1.29459
168 1.30139
169 1.32117
170 1.32875
171 1.33556
172 1.34276
173 1.35058
174 1.3542
175 1.36266
176 1.37005
177 1.37585
178 1.40068
179 1.40663
180 1.41032
181 1.41971
182 1.42667
183 1.42923
184 1.4366
185 1.4586
186 1.46708
187 1.4724
188 1.47938
189 1.4861
190 1.48983
191 1.51614
192 1.51926
193 1.52983
194 1.54432
195 1.55115
196 1.56175
197 1.58671
198 1.60214
199 1.61586
200 1.63697
201 1.64807
202 1.65353
203 1.67066
204 1.67639
205 1.68272
206 1.68444
207 1.70537
208 1.7336
209 1.76412
210 1.78075
211 1.78345
212 1.80799
213 1.8116
214 1.81652
215 1.82678
216 1.83556
217 1.85001
218 1.86232
219 1.86926
220 1.87735
221 1.8995
222 1.90609
223 1.91082
224 1.91742
225 1.92113
226 1.93104
227 1.93552
228 1.94451
229 1.95824
230 1.97437
231 1.98375
232 2.00368
233 2.0251
234 2.02917
235 2.03826
236 2.04293
237 2.06403
238 2.06708
239 2.08201
240 2.08372
241 2.09821
242 2.11223
243 2.12388
244 2.13053
245 2.1639
246 2.19982
247 2.207
248 2.22397
249 2.22953
250 2.23399
251 2.23654
252 2.24627
253 2.26437
254 2.26866
255 2.27392
256 2.28176
257 2.28322
258 2.29066
259 2.305
260 2.31416
261 2.31784
262 2.33927
263 2.34209
264 2.34458
265 2.35823
266 2.36199
267 2.37128
268 2.37541
269 2.3985
270 2.40637
271 2.41679
272 2.42158
273 2.42773
274 2.42994
275 2.44374
276 2.45436
277 2.46951
278 2.47214
279 2.48018
280 2.48518
281 2.50449
282 2.51488
283 2.52083
284 2.53984
285 2.5426
286 2.55433
287 2.55795
288 2.55884
289 2.5632
290 2.56867
291 2.57462
292 2.59447
293 2.62147
294 2.63417
295 2.64141
296 2.64808
297 2.65402
298 2.65791
299 2.6595
300 2.66083
301 2.66587
302 2.67619
303 2.68398
304 2.71038
305 2.71271
306 2.72749
307 2.73447
308 2.7525
309 2.75943
310 2.76429
311 2.76622
312 2.77289
313 2.778
314 2.78266
315 2.78898
316 2.79174
317 2.79714
318 2.80544
319 2.82143
320 2.82612
321 2.83219
322 2.86013
323 2.86518
324 2.86852
325 2.86996
326 2.88076
327 2.89823
328 2.90172
329 2.9125
330 2.91949
331 2.93841
332 2.95109
333 2.9637
334 2.97115
335 2.97426
336 2.97775
