1 0.00295
2 0.00574
3 0.0109
4 0.01191
5 0.01746
6 0.02126
7 0.02383
8 0.03027
9 0.03872
10 0.04349
11 0.05395
12 0.0553
13 0.06316
14 0.07441
15 0.08263
16 0.08479
17 0.08799
18 0.08903
19 0.09183
20 0.10782
21 0.11771
22 0.13552
23 0.14689
24 0.16581
25 0.17016
26 0.17429
27 0.17776
28 0.2041
29 0.22455
30 0.22622
31 0.23815
32 0.25032
33 0.27651
34 0.29004
35 0.3021
36 0.30705
37 0.3169
38 0.31933
39 0.32642
40 0.32962
41 0.33641
42 0.35222
43 0.35871
44 0.36115
45 0.37181
46 0.38698
47 0.39433
48 0.39702
49 0.40203
50 0.40683
51 0.42238
52 0.44282
53 0.4447
54 0.4573
55 0.46448
56 0.47255
57 0.4866
58 0.49718
59 0.49993
60 0.52376
61 0.54053
62 0.54541
63 0.56
64 0.57127
65 0.5755
66 0.57651
67 0.58383
68 0.59617
69 0.60942
70 0.62857
71 0.63739
72 0.66033
73 0.68001
74 0.69267
75 0.69565
76 0.707
77 0.71256
78 0.72304
79 0.72563
80 0.75515
81 0.76349
82 0.77552
83 0.78268
84 0.80257
85 0.81929
86 0.828
87 0.83003
88 0.83948
89 0.8643
90 0.87485
91 0.88092
92 0.88481
93 0.89488
94 0.90377
95 0.90613
96 0.92806
97 0.94503
98 0.95451
99 0.95822
100 0.96999
101 0.97384
102 0.97904
103 0.98442
104 0.98563
105 0.99128
106 0.99336
107 0.99465
108 1.0172
109 1.02636
110 1.03179
111 1.03904
112 1.04133
113 1.04386
114 1.05665
115 1.06267
116 1.0651
117 1.0734
118 1.07589
119 1.08875
120 1.09397
121 1.10788
122 1.14396
123 1.14782
124 1.15004
125 1.16085
126 1.16697
127 1.17174
128 1.17472
129 1.17899
130 1.18427
131 1.18703
132 1.19386
133 1.19548
134 1.19812
135 1.20135
136 1.20431
137 1.21401
138 1.22635
139 1.24254
140 1.26068
141 1.27181
142 1.28736
143 1.29898
144 1.30749
145 1.321
146 1.33293
147 1.34328
148 1.35502
149 1.36218
150 1.38524
151 1.39086
152 1.3919
153 1.40231
154 1.40992
155 1.41247
156 1.42201
157 1.43468
158 1.43763
159 1.44594
160 1.45321
161 1.46286
162 1.47277
163 1.4852
164 1.49443
165 1.5002
166 1.50528
167 1.51923
168 1.52338
169 1.55014
170 1.55408
171 1.55704
172 1.55958
173 1.56082
174 1.57329
175 1.57998
176 1.58381
177 1.59083
178 1.59983
179 1.61524
180 1.62152
181 1.62702
182 1.64028
183 1.64262
184 1.65292
185 1.66928
186 1.68268
187 1.69091
188 1.69807
189 1.70927
190 1.72175
191 1.72595
192 1.72762
193 1.75664
194 1.77894
195 1.79843
196 1.80008
197 1.8069
198 1.81264
199 1.81873
200 1.83783
201 1.84139
202 1.84522
203 1.87542
204 1.87767
205 1.88198
206 1.8891
207 1.90193
208 1.91206
209 1.94195
210 1.95702
211 1.97454
212 1.98187
213 1.99411
214 2.00108
215 2.01798
216 2.02092
217 2.0252
218 2.05061
219 2.06374
220 2.06513
221 2.07604
222 2.08157
223 2.10534
224 2.11377
225 2.11976
226 2.13079
227 2.13508
228 2.15288
229 2.16162
230 2.16418
231 2.17567
232 2.18086
233 2.1881
234 2.19514
235 2.19676
236 2.1997
237 2.20065
238 2.20347
239 2.20641
240 2.2207
241 2.22319
242 2.23151
243 2.23908
244 2.25561
245 2.28473
246 2.28625
247 2.2997
248 2.30324
249 2.31474
250 2.32782
251 2.33408
252 2.35587
253 2.35873
254 2.37264
255 2.38554
256 2.39115
257 2.42305
258 2.43221
259 2.43591
260 2.4467
261 2.49026
262 2.49472
263 2.51632
264 2.52651
265 2.54013
266 2.55083
267 2.56149
268 2.57111
269 2.57498
270 2.57788
271 2.5799
272 2.58204
273 2.58513
274 2.58789
275 2.59075
276 2.60557
277 2.61241
278 2.63949
279 2.65788
280 2.66666
281 2.68129
282 2.68623
283 2.71211
284 2.72595
285 2.73305
286 2.74877
287 2.75412
288 2.75727
289 2.7628
290 2.76865
291 2.78481
292 2.79927
293 2.81171
294 2.8129
295 2.84059
296 2.84739
297 2.85125
298 2.87196
299 2.87675
300 2.91735
301 2.92951
302 2.94305
303 2.94742
304 2.95667
305 2.96914
306 2.97806
307 2.99909
