1 0.00383
2 0.00536
3 0.00888
4 0.03304
5 0.04131
6 0.04701
7 0.05734
8 0.06518
9 0.07006
10 0.07232
11 0.07703
12 0.09876
13 0.1006
14 0.10483
15 0.11011
16 0.11443
17 0.12177
18 0.12468
19 0.13987
20 0.14604
21 0.15399
22 0.15533
23 0.15728
24 0.16639
25 0.18377
26 0.18685
27 0.20019
28 0.2017
29 0.21492
30 0.21935
31 0.22781
32 0.23918
33 0.24346
34 0.26251
35 0.27412
36 0.28737
37 0.28936
38 0.29389
39 0.29546
40 0.30247
41 0.30972
42 0.3118
43 0.31867
44 0.3297
45 0.34644
46 0.36573
47 0.37175
48 0.38471
49 0.38737
50 0.39472
51 0.39803
52 0.40474
53 0.41312
54 0.42232
55 0.43434
56 0.44037
57 0.4475
58 0.45196
59 0.4552
60 0.46212
61 0.47521
62 0.4792
63 0.49673
64 0.49979
65 0.54205
66 0.55145
67 0.55441
68 0.56163
69 0.56372
70 0.57238
71 0.57593
72 0.59598
73 0.60266
74 0.60377
75 0.60711
76 0.61682
77 0.62146
78 0.64602
79 0.65134
80 0.67266
81 0.68265
82 0.68881
83 0.69691
84 0.70334
85 0.70729
86 0.72934
87 0.73973
88 0.74146
89 0.77805
90 0.78112
91 0.79069
92 0.7975
93 0.80838
94 0.81306
95 0.81726
96 0.81886
97 0.8274
98 0.84963
99 0.8569
100 0.87309
101 0.88968
102 0.90058
103 0.90244
104 0.90725
105 0.92029
106 0.9225
107 0.94211
108 0.94904
109 0.95118
110 0.95454
111 0.96876
112 0.98425
113 0.98892
114 0.99564
115 1.01489
116 1.03145
117 1.03554
118 1.04285
119 1.04821
120 1.05393
121 1.06108
122 1.07328
123 1.07748
124 1.10338
125 1.10657
126 1.13475
127 1.14723
128 1.15443
129 1.16028
130 1.16769
131 1.17585
132 1.18166
133 1.18659
134 1.19506
135 1.19756
136 1.21215
137 1.23272
138 1.24098
139 1.24504
140 1.25193
141 1.27297
142 1.28205
143 1.3018
144 1.30471
145 1.3093
146 1.31206
147 1.31668
148 1.34922
149 1.36606
150 1.3734
151 1.37624
152 1.37944
153 1.39146
154 1.39968
155 1.40224
156 1.40378
157 1.41252
158 1.41599
159 1.41776
160 1.43474
161 1.45934
162 1.47893
163 1.48563
164 1.49194
165 1.50222
166 1.52866
167 1.54228
168 1.54361
169 1.55331
170 1.55457
171 1.55749
172 1.56698
173 1.57716
174 1.58751
175 1.61009
176 1.62153
177 1.6249
178 1.63191
179 1.63792
180 1.65035
181 1.65615
182 1.66145
183 1.66795
184 1.68269
185 1.68799
186 1.69032
187 1.69976
188 1.71623
189 1.72724
190 1.73968
191 1.75122
192 1.78402
193 1.79531
194 1.79676
195 1.80898
196 1.82283
197 1.84163
198 1.85755
199 1.86333
200 1.86503
201 1.86785
202 1.8722
203 1.87826
204 1.88151
205 1.88473
206 1.89711
207 1.9084
208 1.92288
209 1.93096
210 1.93615
211 1.95066
212 1.95513
213 1.99482
214 2.00367
215 2.01646
216 2.03236
217 2.03737
218 2.04195
219 2.04475
220 2.05764
221 2.06296
222 2.06502
223 2.06976
224 2.07297
225 2.0785
226 2.09685
227 2.11011
228 2.11425
229 2.12639
230 2.13973
231 2.1453
232 2.14946
233 2.15162
234 2.15382
235 2.17603
236 2.18867
237 2.19373
238 2.19891
239 2.23013
240 2.24766
241 2.29036
242 2.29774
243 2.30825
244 2.31604
245 2.31853
246 2.32176
247 2.34805
248 2.36068
249 2.36427
250 2.37199
251 2.38258
252 2.38851
253 2.39394
254 2.39499
255 2.4143
256 2.42263
257 2.42476
258 2.42999
259 2.43467
260 2.44412
261 2.45046
262 2.45265
263 2.47513
264 2.48972
265 2.49836
266 2.53002
267 2.53596
268 2.54529
269 2.5558
270 2.5643
271 2.57074
272 2.58188
273 2.59616
274 2.60192
275 2.61261
276 2.61897
277 2.63771
278 2.63991
279 2.65214
280 2.66354
281 2.66852
282 2.67496
283 2.68379
284 2.68542
285 2.69295
286 2.69776
287 2.71051
288 2.71641
289 2.72725
290 2.73018
291 2.73315
292 2.73659
293 2.74155
294 2.74394
295 2.74874
296 2.77218
297 2.77541
298 2.78383
299 2.78938
300 2.79392
301 2.79791
302 2.80021
303 2.80794
304 2.81782
305 2.82191
306 2.8255
307 2.8524
308 2.86624
309 2.8838
310 2.89447
311 2.90279
312 2.9045
313 2.90765
314 2.91298
315 2.92154
316 2.93049
317 2.9353
318 2.94902
319 2.97356
320 2.9833
321 2.98789
322 2.99256
