1 0.0038
2 0.01584
3 0.02065
4 0.02742
5 0.03075
6 0.04332
7 0.05498
8 0.06968
9 0.0739
10 0.08121
11 0.08451
12 0.08996
13 0.10894
14 0.11482
15 0.12443
16 0.12957
17 0.13857
18 0.1441
19 0.15236
20 0.16318
21 0.16639
22 0.16971
23 0.17296
24 0.17847
25 0.18749
26 0.19674
27 0.20698
28 0.22189
29 0.22394
30 0.26232
31 0.28636
32 0.29338
33 0.30368
34 0.30819
35 0.3118
36 0.3153
37 0.32242
38 0.33332
39 0.36191
40 0.3653
41 0.36923
42 0.37873
43 0.38495
44 0.41422
45 0.42576
46 0.43039
47 0.44242
48 0.46671
49 0.48378
50 0.49269
51 0.4947
52 0.51073
53 0.51254
54 0.5416
55 0.54612
56 0.55415
57 0.56063
58 0.5772
59 0.57869
60 0.58568
61 0.59232
62 0.59436
63 0.61412
64 0.6221
65 0.6324
66 0.63535
67 0.64113
68 0.64781
69 0.66402
70 0.66923
71 0.67501
72 0.6777
73 0.68059
74 0.6826
75 0.69542
76 0.70475
77 0.71476
78 0.72153
79 0.72639
80 0.73338
81 0.736
82 0.74304
83 0.75994
84 0.77074
85 0.77309
86 0.77528
87 0.79283
88 0.79474
89 0.80014
90 0.80864
91 0.82169
92 0.83463
93 0.84197
94 0.85367
95 0.85508
96 0.85768
97 0.88416
98 0.89197
99 0.92089
100 0.93174
101 0.93585
102 0.94188
103 0.94627
104 0.95065
105 0.95964
106 0.97625
107 0.98199
108 0.99972
109 1.01143
110 1.03866
111 1.05344
112 1.06056
113 1.07073
114 1.07322
115 1.08904
116 1.10394
117 1.10666
118 1.11528
119 1.1358
120 1.13739
121 1.14199
122 1.1453
123 1.16544
124 1.17131
125 1.17638
126 1.17837
127 1.20205
128 1.2062
129 1.21686
130 1.22923
131 1.2392
132 1.24655
133 1.25436
134 1.25712
135 1.27068
136 1.27258
137 1.2892
138 1.29443
139 1.30636
140 1.31281
141 1.32641
142 1.32941
143 1.33879
144 1.34091
145 1.34514
146 1.35632
147 1.36063
148 1.37578
149 1.39627
150 1.40932
151 1.4144
152 1.42367
153 1.42911
154 1.43356
155 1.45327
156 1.45722
157 1.46471
158 1.47114
159 1.47989
160 1.48162
161 1.49292
162 1.49826
163 1.50077
164 1.50538
165 1.51154
166 1.52113
167 1.53149
168 1.53937
169 1.5413
170 1.55661
171 1.5617
172 1.57429
173 1.58151
174 1.58763
175 1.5926
176 1.59627
177 1.60984
178 1.61576
179 1.62579
180 1.63274
181 1.64141
182 1.65497
183 1.66051
184 1.6619
185 1.67874
186 1.68856
187 1.69671
188 1.70546
189 1.71156
190 1.72825
191 1.73596
192 1.73862
193 1.74618
194 1.7777
195 1.78787
196 1.80326
197 1.80735
198 1.81472
199 1.81705
200 1.82941
201 1.83732
202 1.84164
203 1.84452
204 1.85183
205 1.86277
206 1.87034
207 1.87395
208 1.88871
209 1.89824
210 1.90211
211 1.90483
212 1.91039
213 1.92988
214 1.93269
215 1.95108
216 1.95263
217 1.96085
218 1.9673
219 1.97089
220 1.97552
221 1.97804
222 1.98404
223 1.98826
224 1.99238
225 2.00384
226 2.00962
227 2.01658
228 2.02513
229 2.04367
230 2.05199
231 2.05455
232 2.05755
233 2.05927
234 2.06305
235 2.06697
236 2.07036
237 2.08743
238 2.09392
239 2.09787
240 2.10055
241 2.10504
242 2.11222
243 2.12582
244 2.15553
245 2.16256
246 2.1661
247 2.18656
248 2.20877
249 2.22866
250 2.24668
251 2.25055
252 2.26198
253 2.27138
254 2.29766
255 2.30854
256 2.31671
257 2.33244
258 2.35487
259 2.3664
260 2.38585
261 2.39731
262 2.42175
263 2.42744
264 2.43277
265 2.4492
266 2.46222
267 2.46705
268 2.46924
269 2.47368
270 2.47647
271 2.47998
272 2.48635
273 2.5034
274 2.51614
275 2.5222
276 2.52769
277 2.5303
278 2.55235
279 2.56119
280 2.56977
281 2.57544
282 2.5986
283 2.60442
284 2.61244
285 2.62144
286 2.63245
287 2.66307
288 2.67069
289 2.68662
290 2.69381
291 2.70259
292 2.72156
293 2.73938
294 2.77491
295 2.78014
296 2.78926
297 2.79879
298 2.80784
299 2.81629
300 2.84209
301 2.86145
302 2.86843
303 2.87542
304 2.88028
305 2.88831
306 2.89664
307 2.90533
308 2.90994
309 2.92793
310 2.93719
311 2.94688
312 2.9599
313 2.96707
314 2.98506
