1 0.01348
2 0.01547
3 0.01645
4 0.0299
5 0.03826
6 0.05344
7 0.05459
8 0.06877
9 0.07404
10 0.0981
11 0.11002
12 0.11666
13 0.12748
14 0.13202
15 0.15507
16 0.15694
17 0.16461
18 0.17436
19 0.18823
20 0.19668
21 0.20551
22 0.21679
23 0.22484
24 0.2408
25 0.25401
26 0.25491
27 0.27207
28 0.27797
29 0.29107
30 0.29603
31 0.29803
32 0.30287
33 0.31644
34 0.31967
35 0.32177
36 0.32388
37 0.32888
38 0.33509
39 0.33973
40 0.34324
41 0.35287
42 0.36378
43 0.37377
44 0.37503
45 0.38364
46 0.39556
47 0.41248
48 0.41712
49 0.44159
50 0.44655
51 0.46344
52 0.46928
53 0.47282
54 0.47409
55 0.47637
56 0.48617
57 0.49184
58 0.51587
59 0.52616
60 0.53007
61 0.53707
62 0.56758
63 0.56946
64 0.57478
65 0.58062
66 0.59299
67 0.59575
68 0.60959
69 0.61817
70 0.62197
71 0.62943
72 0.63935
73 0.64388
74 0.65403
75 0.66461
76 0.67136
77 0.68588
78 0.69121
79 0.69542
80 0.70854
81 0.71135
82 0.73037
83 0.73466
84 0.75043
85 0.75204
86 0.76484
87 0.77081
88 0.78053
89 0.81097
90 0.82178
91 0.82449
92 0.83043
93 0.83327
94 0.83521
95 0.83786
96 0.84105
97 0.86657
98 0.87014
99 0.87431
100 0.88347
101 0.89664
102 0.90431
103 0.94202
104 0.94978
105 0.96404
106 0.97325
107 0.97526
108 0.98383
109 0.99417
110 1.01956
111 1.0252
112 1.03353
113 1.05303
114 1.05744
115 1.06339
116 1.06623
117 1.06982
118 1.08214
119 1.09089
120 1.09248
121 1.09646
122 1.10228
123 1.11191
124 1.11943
125 1.13103
126 1.13393
127 1.14666
128 1.14872
129 1.15849
130 1.16303
131 1.16772
132 1.17023
133 1.19506
134 1.20045
135 1.20569
136 1.22474
137 1.23187
138 1.23543
139 1.23714
140 1.25317
141 1.25646
142 1.27661
143 1.30607
144 1.30813
145 1.32024
146 1.32299
147 1.32749
148 1.33205
149 1.3418
150 1.35717
151 1.38474
152 1.3881
153 1.40421
154 1.40845
155 1.41205
156 1.41666
157 1.42886
158 1.44541
159 1.44648
160 1.45611
161 1.4637
162 1.48865
163 1.50137
164 1.50653
165 1.51819
166 1.52305
167 1.52777
168 1.54373
169 1.55035
170 1.55947
171 1.56763
172 1.57682
173 1.58529
174 1.60265
175 1.61491
176 1.62219
177 1.62662
178 1.63092
179 1.65417
180 1.65831
181 1.67321
182 1.69586
183 1.7068
184 1.71666
185 1.72931
186 1.73438
187 1.73934
188 1.75178
189 1.75549
190 1.75805
191 1.76353
192 1.76866
193 1.77342
194 1.77598
195 1.78782
196 1.79665
197 1.79839
198 1.82024
199 1.84189
200 1.84835
201 1.8535
202 1.86389
203 1.8731
204 1.88539
205 1.90562
206 1.9081
207 1.91657
208 1.94376
209 1.95616
210 1.96641
211 1.97516
212 1.98764
213 2.0075
214 2.01132
215 2.01507
216 2.02551
217 2.03425
218 2.05104
219 2.08004
220 2.08309
221 2.09143
222 2.09526
223 2.12094
224 2.12608
225 2.14187
226 2.15644
227 2.17399
228 2.17961
229 2.18881
230 2.19646
231 2.19753
232 2.21759
233 2.22687
234 2.23481
235 2.2486
236 2.25258
237 2.25668
238 2.2662
239 2.27633
240 2.28071
241 2.28822
242 2.29223
243 2.3152
244 2.31731
245 2.32986
246 2.33991
247 2.34902
248 2.35338
249 2.35569
250 2.35815
251 2.37015
252 2.39297
253 2.39906
254 2.40841
255 2.43257
256 2.43455
257 2.43646
258 2.45125
259 2.46806
260 2.47367
261 2.47645
262 2.4786
263 2.48092
264 2.51356
265 2.52856
266 2.53886
267 2.54641
268 2.55574
269 2.56649
270 2.57443
271 2.58237
272 2.58567
273 2.60379
274 2.6109
275 2.62184
276 2.64033
277 2.64794
278 2.66603
279 2.67128
280 2.67338
281 2.68843
282 2.69588
283 2.70142
284 2.71841
285 2.72364
286 2.73029
287 2.73133
288 2.73782
289 2.74574
290 2.76236
291 2.76976
292 2.78036
293 2.78771
294 2.80686
295 2.81802
296 2.82743
297 2.83013
298 2.83738
299 2.85091
300 2.8633
301 2.86606
302 2.88547
303 2.88813
304 2.8985
305 2.90811
306 2.91219
307 2.91647
308 2.93515
309 2.95057
310 2.95766
311 2.97676
312 2.97879
