1 0.00558
2 0.01735
3 0.02083
4 0.02968
5 0.03187
6 0.03653
7 0.05326
8 0.05604
9 0.06095
10 0.06821
11 0.07839
12 0.08096
13 0.08411
14 0.08972
15 0.09446
16 0.10123
17 0.11282
18 0.12401
19 0.14036
20 0.14719
21 0.15799
22 0.15996
23 0.16416
24 0.16909
25 0.17125
26 0.18379
27 0.18639
28 0.18885
29 0.19209
30 0.20421
31 0.20842
32 0.21282
33 0.21858
34 0.22052
35 0.22824
36 0.23343
37 0.23627
38 0.23911
39 0.24204
40 0.25137
41 0.26109
42 0.26974
43 0.28753
44 0.29611
45 0.313
46 0.31914
47 0.33353
48 0.33609
49 0.34665
50 0.35126
51 0.36655
52 0.36955
53 0.37437
54 0.37765
55 0.38159
56 0.38462
57 0.40514
58 0.40869
59 0.41589
60 0.42256
61 0.42852
62 0.44149
63 0.4592
64 0.46379
65 0.46676
66 0.46847
67 0.47295
68 0.50806
69 0.50966
70 0.52142
71 0.52785
72 0.53049
73 0.53303
74 0.53524
75 0.55348
76 0.5578
77 0.56306
78 0.56609
79 0.58209
80 0.59805
81 0.60088
82 0.60582
83 0.61005
84 0.61917
85 0.6247
86 0.6355
87 0.65407
88 0.66421
89 0.67614
90 0.68686
91 0.70603
92 0.71398
93 0.72655
94 0.72865
95 0.73614
96 0.75508
97 0.75694
98 0.76568
99 0.77434
100 0.78292
101 0.78578
102 0.7923
103 0.79685
104 0.80329
105 0.80727
106 0.81821
107 0.82292
108 0.82917
109 0.84571
110 0.85416
111 0.85603
112 0.86139
113 0.87841
114 0.90725
115 0.92613
116 0.92953
117 0.93851
118 0.94353
119 0.95662
120 0.96763
121 0.97271
122 0.97479
123 0.97705
124 0.9791
125 0.98504
126 0.99237
127 1.00402
128 1.0141
129 1.016
130 1.02659
131 1.04495
132 1.0527
133 1.06632
134 1.07194
135 1.08361
136 1.09848
137 1.10545
138 1.11129
139 1.11362
140 1.13113
141 1.15401
142 1.16667
143 1.17608
144 1.17994
145 1.18676
146 1.18991
147 1.19545
148 1.20323
149 1.20937
150 1.21305
151 1.21977
152 1.23825
153 1.24263
154 1.24563
155 1.24947
156 1.26666
157 1.28337
158 1.29026
159 1.31047
160 1.3227
161 1.32565
162 1.33897
163 1.34857
164 1.35238
165 1.35955
166 1.36183
167 1.36886
168 1.37132
169 1.38611
170 1.38919
171 1.40041
172 1.41169
173 1.41385
174 1.42049
175 1.42839
176 1.43092
177 1.4335
178 1.43525
179 1.43788
180 1.45666
181 1.46385
182 1.49565
183 1.50652
184 1.52237
185 1.52442
186 1.53171
187 1.53442
188 1.54852
189 1.55184
190 1.55703
191 1.56024
192 1.58794
193 1.59995
194 1.60449
195 1.61665
196 1.61849
197 1.62466
198 1.63785
199 1.64667
200 1.65424
201 1.6561
202 1.66109
203 1.66789
204 1.67247
205 1.67944
206 1.70929
207 1.7178
208 1.72273
209 1.73548
210 1.73973
211 1.76021
212 1.76795
213 1.77011
214 1.77352
215 1.77578
216 1.79006
217 1.79958
218 1.80205
219 1.80734
220 1.81028
221 1.8218
222 1.82389
223 1.83514
224 1.84452
225 1.86004
226 1.8677
227 1.8835
228 1.8851
229 1.89147
230 1.90271
231 1.90469
232 1.91004
233 1.91658
234 1.92688
235 1.93137
236 1.934
237 1.94206
238 1.96431
239 1.96858
240 1.97888
241 1.98495
242 1.98759
243 1.9933
244 2.00391
245 2.0058
246 2.00972
247 2.01614
248 2.02637
249 2.03082
250 2.05508
251 2.06108
252 2.07463
253 2.07817
254 2.08629
255 2.0985
256 2.10771
257 2.11203
258 2.1251
259 2.14006
260 2.14521
261 2.16156
262 2.16528
263 2.17083
264 2.1795
265 2.18593
266 2.19526
267 2.20276
268 2.21018
269 2.21242
270 2.2211
271 2.23762
272 2.2544
273 2.26692
274 2.28629
275 2.29107
276 2.31066
277 2.32499
278 2.32794
279 2.3371
280 2.35264
281 2.36366
282 2.37402
283 2.38873
284 2.39604
285 2.40581
286 2.4125
287 2.41868
288 2.42105
289 2.42282
290 2.43377
291 2.43964
292 2.44246
293 2.46239
294 2.46957
295 2.48967
296 2.49822
297 2.50886
298 2.51674
299 2.51895
300 2.52464
301 2.52756
302 2.54061
303 2.55237
304 2.58103
305 2.58838
306 2.59969
307 2.63336
308 2.64435
309 2.65006
310 2.66121
311 2.66294
312 2.67405
313 2.68333
314 2.70841
315 2.72326
316 2.73125
317 2.74593
318 2.74908
319 2.76233
320 2.77351
321 2.78219
322 2.79027
323 2.79665
324 2.80442
325 2.80661
326 2.81629
327 2.8183
328 2.82075
329 2.82515
330 2.82931
331 2.84039
332 2.86396
333 2.86681
334 2.8821
335 2.89363
336 2.93923
337 2.94721
338 2.96404
339 2.96581
340 2.9767
341 2.9847
342 2.99606
