1 0.01485
2 0.08048
3 0.12944
4 0.16836
5 0.20113
6 0.20248
7 0.20833
8 0.24581
9 0.3063
10 0.31151
11 0.32216
12 0.34269
13 0.34984
14 0.3572
15 0.39997
16 0.41983
17 0.44776
18 0.48486
19 0.55018
20 0.59207
21 0.61146
22 0.65317
23 0.66712
24 0.70776
25 0.74327
26 0.75337
27 0.82455
28 0.8332
29 0.86719
30 0.933
31 0.9385
32 0.96788
33 0.97336
34 1.01889
35 1.02555
36 1.05169
37 1.11259
38 1.12875
39 1.13911
40 1.15499
41 1.17065
42 1.21973
43 1.22504
44 1.25256
45 1.25771
46 1.26486
47 1.27213
48 1.28276
49 1.28779
50 1.2982
51 1.32021
52 1.35298
53 1.40236
54 1.41764
55 1.42123
56 1.43503
57 1.46044
58 1.48908
59 1.57671
60 1.67809
61 1.76216
62 1.76803
63 1.78987
64 1.80438
65 1.81095
66 1.82539
67 1.83427
68 1.84074
69 1.84813
70 1.87325
71 1.88346
72 1.91428
73 1.92058
74 1.9353
75 1.9493
76 1.96051
77 1.96246
78 2.09758
79 2.11152
80 2.14832
81 2.16969
82 2.17867
83 2.19236
84 2.20555
85 2.21309
86 2.27363
87 2.27954
88 2.31552
89 2.34168
90 2.35505
91 2.36055
92 2.36295
93 2.37254
94 2.38835
95 2.41832
96 2.42432
97 2.43911
98 2.46849
99 2.50087
100 2.52029
101 2.55457
102 2.57076
103 2.57715
104 2.60376
105 2.61791
106 2.63314
107 2.64726
108 2.68001
109 2.69844
110 2.75753
111 2.77509
112 2.77992
113 2.78111
114 2.79081
115 2.81407
116 2.82382
117 2.84406
118 2.89329
119 2.90411
120 2.90947
121 2.92253
122 2.98379
123 2.98951
