1 0.01383
2 0.02713
3 0.0486
4 0.06324
5 0.09715
6 0.10594
7 0.1275
8 0.13926
9 0.14752
10 0.15277
11 0.16448
12 0.18264
13 0.19342
14 0.20641
15 0.22097
16 0.23793
17 0.24138
18 0.257
19 0.27374
20 0.28098
21 0.28918
22 0.29433
23 0.32076
24 0.33179
25 0.34594
26 0.35622
27 0.36212
28 0.37259
29 0.38406
30 0.39762
31 0.42804
32 0.44026
33 0.45353
34 0.4656
35 0.48899
36 0.49954
37 0.50407
38 0.52903
39 0.54244
40 0.59395
41 0.59809
42 0.61576
43 0.6215
44 0.64485
45 0.66821
46 0.70662
47 0.71151
48 0.72692
49 0.73619
50 0.74331
51 0.75842
52 0.77206
53 0.77333
54 0.78168
55 0.81579
56 0.83272
57 0.86137
58 0.86712
59 0.89512
60 0.91206
61 0.92362
62 0.93664
63 0.97364
64 0.97953
65 0.98085
66 1.01697
67 1.02393
68 1.03253
69 1.04119
70 1.04936
71 1.06526
72 1.07047
73 1.09489
74 1.09962
75 1.10505
76 1.1169
77 1.1233
78 1.13439
79 1.14606
80 1.15951
81 1.16055
82 1.16466
83 1.17037
84 1.18947
85 1.19417
86 1.23156
87 1.24139
88 1.26297
89 1.26424
90 1.26976
91 1.27521
92 1.28791
93 1.31356
94 1.3191
95 1.32532
96 1.33149
97 1.38163
98 1.38806
99 1.39516
100 1.43648
101 1.4598
102 1.46402
103 1.47822
104 1.50448
105 1.54267
106 1.58943
107 1.6055
108 1.60705
109 1.61158
110 1.63969
111 1.68215
112 1.70892
113 1.722
114 1.73505
115 1.7385
116 1.76063
117 1.77208
118 1.78014
119 1.78947
120 1.8045
121 1.8639
122 1.87654
123 1.883
124 1.89185
125 1.90322
126 1.9196
127 1.92565
128 1.93616
129 1.9414
130 1.96078
131 1.97174
132 1.98038
133 2.01889
134 2.02508
135 2.0321
136 2.0395
137 2.04628
138 2.07301
139 2.07884
140 2.0967
141 2.10145
142 2.14258
143 2.14773
144 2.16802
145 2.17437
146 2.18052
147 2.19243
148 2.20413
149 2.24941
150 2.27277
151 2.29417
152 2.30952
153 2.31552
154 2.32068
155 2.37305
156 2.38029
157 2.38759
158 2.39514
159 2.40219
160 2.42105
161 2.43099
162 2.43722
163 2.45555
164 2.49297
165 2.50611
166 2.51234
167 2.52464
168 2.54675
169 2.55298
170 2.5913
171 2.59275
172 2.60169
173 2.61244
174 2.62358
175 2.63404
176 2.65376
177 2.66241
178 2.68464
179 2.70193
180 2.70695
181 2.71357
182 2.7243
183 2.768
184 2.79513
185 2.79596
186 2.7999
187 2.81848
188 2.8237
189 2.8445
190 2.85701
191 2.8812
192 2.88584
193 2.90142
194 2.92809
195 2.9349
196 2.96614
197 2.98601
198 2.99352
