1 0.00202
2 0.00562
3 0.01999
4 0.04077
5 0.05095
6 0.0543
7 0.06784
8 0.07552
9 0.08387
10 0.0891
11 0.09884
12 0.10136
13 0.10545
14 0.10815
15 0.11162
16 0.11451
17 0.12306
18 0.12419
19 0.12883
20 0.13232
21 0.1362
22 0.14709
23 0.15731
24 0.18494
25 0.18775
26 0.19497
27 0.21443
28 0.22454
29 0.2402
30 0.24809
31 0.28777
32 0.2942
33 0.29848
34 0.30009
35 0.3183
36 0.32452
37 0.34144
38 0.35291
39 0.36251
40 0.36609
41 0.37352
42 0.3797
43 0.38701
44 0.38959
45 0.39964
46 0.40415
47 0.40909
48 0.4159
49 0.43872
50 0.44782
51 0.4563
52 0.46625
53 0.46857
54 0.47767
55 0.48525
56 0.48978
57 0.50187
58 0.5229
59 0.5347
60 0.54084
61 0.55107
62 0.57495
63 0.57896
64 0.58881
65 0.60556
66 0.61114
67 0.61379
68 0.62928
69 0.63326
70 0.64141
71 0.65006
72 0.67551
73 0.6792
74 0.70223
75 0.70742
76 0.71565
77 0.71694
78 0.72751
79 0.73575
80 0.74278
81 0.7456
82 0.75426
83 0.75973
84 0.77697
85 0.79148
86 0.79303
87 0.79781
88 0.81704
89 0.82227
90 0.82715
91 0.85017
92 0.85901
93 0.86241
94 0.86575
95 0.86861
96 0.87051
97 0.87301
98 0.87726
99 0.88429
100 0.88753
101 0.89077
102 0.89598
103 0.89947
104 0.90085
105 0.90169
106 0.90549
107 0.91459
108 0.91566
109 0.92477
110 0.94264
111 0.9454
112 0.9485
113 0.95608
114 0.9648
115 0.9766
116 0.98134
117 0.98538
118 0.9882
119 0.99529
120 1.00287
121 1.0246
122 1.03303
123 1.03482
124 1.03906
125 1.05741
126 1.065
127 1.07391
128 1.08008
129 1.08207
130 1.11863
131 1.12804
132 1.14056
133 1.1533
134 1.15512
135 1.15723
136 1.15936
137 1.17546
138 1.1803
139 1.18977
140 1.19439
141 1.19683
142 1.20798
143 1.21412
144 1.22225
145 1.22618
146 1.2402
147 1.24595
148 1.24747
149 1.28308
150 1.29697
151 1.33145
152 1.34156
153 1.36032
154 1.36702
155 1.36816
156 1.37066
157 1.37418
158 1.37746
159 1.37978
160 1.38076
161 1.38543
162 1.38852
163 1.393
164 1.39448
165 1.41545
166 1.4309
167 1.45129
168 1.4557
169 1.46385
170 1.46908
171 1.47565
172 1.49054
173 1.49642
174 1.5089
175 1.53712
176 1.54384
177 1.54945
178 1.55438
179 1.56295
180 1.56873
181 1.57639
182 1.59215
183 1.60175
184 1.60903
185 1.61363
186 1.62725
187 1.62826
188 1.63834
189 1.64589
190 1.64986
191 1.66075
192 1.66187
193 1.67274
194 1.6783
195 1.68563
196 1.69104
197 1.71815
198 1.73779
199 1.7416
200 1.74873
201 1.76054
202 1.79797
203 1.80041
204 1.81028
205 1.81585
206 1.82279
207 1.82796
208 1.83384
209 1.84028
210 1.86024
211 1.87419
212 1.87529
213 1.87906
214 1.89149
215 1.89474
216 1.9008
217 1.91065
218 1.92935
219 1.95069
220 1.95827
221 1.96704
222 1.96988
223 1.98408
224 1.99556
225 2.00808
226 2.02426
227 2.03564
228 2.04263
229 2.05071
230 2.06244
231 2.06783
232 2.08196
233 2.0848
234 2.08901
235 2.10611
236 2.11169
237 2.11431
238 2.11771
239 2.12354
240 2.12884
241 2.1388
242 2.14412
243 2.16307
244 2.17093
245 2.17477
246 2.18472
247 2.19523
248 2.19986
249 2.2102
250 2.21693
251 2.22602
252 2.23307
253 2.23724
254 2.24246
255 2.24518
256 2.28162
257 2.31258
258 2.31622
259 2.31961
260 2.3255
261 2.34824
262 2.35511
263 2.36489
264 2.36975
265 2.37641
266 2.38185
267 2.38477
268 2.4009
269 2.41045
270 2.41384
271 2.42543
272 2.43078
273 2.43572
274 2.44071
275 2.44162
276 2.44636
277 2.45812
278 2.46169
279 2.47291
280 2.49223
281 2.49494
282 2.49699
283 2.53448
284 2.53978
285 2.54598
286 2.55016
287 2.55125
288 2.57183
289 2.57616
290 2.58847
291 2.60306
292 2.61216
293 2.62196
294 2.62696
295 2.6317
296 2.63685
297 2.65109
298 2.66336
299 2.67032
300 2.69139
301 2.69245
302 2.6976
303 2.70297
304 2.70559
305 2.71812
306 2.74807
307 2.75466
308 2.76071
309 2.78695
310 2.81821
311 2.82664
312 2.83089
313 2.83669
314 2.84061
315 2.85527
316 2.8658
317 2.86886
318 2.87879
319 2.88515
320 2.89645
321 2.90178
322 2.9346
323 2.94455
324 2.95466
325 2.9638
326 2.98727
327 2.99168
