1 0.01857
2 0.0433
3 0.05184
4 0.05773
5 0.06187
6 0.06924
7 0.07625
8 0.08089
9 0.09605
10 0.1058
11 0.13356
12 0.14306
13 0.16342
14 0.17014
15 0.17657
16 0.19041
17 0.20569
18 0.2069
19 0.25259
20 0.26739
21 0.27981
22 0.32013
23 0.34012
24 0.34434
25 0.35042
26 0.36534
27 0.39254
28 0.39632
29 0.40763
30 0.41555
31 0.4329
32 0.44647
33 0.46979
34 0.50389
35 0.50754
36 0.50861
37 0.52109
38 0.52196
39 0.52687
40 0.53309
41 0.53773
42 0.54196
43 0.56157
44 0.58053
45 0.59243
46 0.63735
47 0.64451
48 0.65085
49 0.67803
50 0.68411
51 0.68786
52 0.70661
53 0.71124
54 0.72619
55 0.74712
56 0.7588
57 0.76268
58 0.77188
59 0.77618
60 0.78554
61 0.79523
62 0.81157
63 0.82308
64 0.86006
65 0.89432
66 0.90259
67 0.91655
68 0.93693
69 0.94788
70 0.95936
71 0.96535
72 0.97841
73 1.01219
74 1.0397
75 1.04455
76 1.04863
77 1.05497
78 1.06894
79 1.07907
80 1.08499
81 1.094
82 1.11037
83 1.13735
84 1.16568
85 1.17772
86 1.18169
87 1.18624
88 1.19241
89 1.216
90 1.23576
91 1.24443
92 1.2632
93 1.28024
94 1.28656
95 1.29671
96 1.30292
97 1.31111
98 1.32324
99 1.34928
100 1.35616
101 1.36364
102 1.38841
103 1.39941
104 1.40539
105 1.42029
106 1.44169
107 1.44269
108 1.44566
109 1.45787
110 1.46251
111 1.48531
112 1.48938
113 1.51621
114 1.55826
115 1.55904
116 1.57142
117 1.61063
118 1.6121
119 1.62338
120 1.63191
121 1.63922
122 1.66951
123 1.6813
124 1.68543
125 1.69003
126 1.6963
127 1.70889
128 1.7578
129 1.78362
130 1.78874
131 1.79398
132 1.79869
133 1.80263
134 1.80869
135 1.81486
136 1.81958
137 1.84551
138 1.87516
139 1.89129
140 1.89728
141 1.92546
142 1.94047
143 1.95214
144 1.95418
145 1.95925
146 1.97096
147 1.98653
148 1.99901
149 2.01101
150 2.01802
151 2.04533
152 2.05403
153 2.06666
154 2.08878
155 2.10551
156 2.11468
157 2.13422
158 2.15171
159 2.15447
160 2.16758
161 2.17208
162 2.18394
163 2.20819
164 2.25272
165 2.25721
166 2.26149
167 2.26515
168 2.27782
169 2.28439
170 2.29043
171 2.30371
172 2.30897
173 2.31328
174 2.37157
175 2.37953
176 2.39048
177 2.40037
178 2.40175
179 2.41308
180 2.4231
181 2.43277
182 2.44445
183 2.45858
184 2.48361
185 2.51185
186 2.51628
187 2.53324
188 2.55186
189 2.56749
190 2.56836
191 2.57359
192 2.59077
193 2.61474
194 2.62915
195 2.64143
196 2.67271
197 2.68028
198 2.68833
199 2.6894
200 2.69305
201 2.70692
202 2.73346
203 2.74865
204 2.76654
205 2.77599
206 2.77965
207 2.78426
208 2.79482
209 2.79832
210 2.82824
211 2.83697
212 2.86283
213 2.87733
214 2.89633
215 2.91689
216 2.92839
217 2.94177
218 2.95492
219 2.98593
