1 0.00711
2 0.00897
3 0.02133
4 0.02948
5 0.04014
6 0.05257
7 0.05635
8 0.06907
9 0.07499
10 0.0861
11 0.09456
12 0.10148
13 0.10384
14 0.10948
15 0.11443
16 0.13864
17 0.15084
18 0.15996
19 0.16359
20 0.16706
21 0.17239
22 0.17591
23 0.1792
24 0.18438
25 0.21033
26 0.21161
27 0.21558
28 0.22574
29 0.24667
30 0.25102
31 0.25808
32 0.2655
33 0.27881
34 0.28313
35 0.2883
36 0.29487
37 0.29942
38 0.33718
39 0.34526
40 0.35044
41 0.35288
42 0.35851
43 0.36619
44 0.37571
45 0.39139
46 0.39422
47 0.39813
48 0.40147
49 0.40857
50 0.41678
51 0.42158
52 0.42557
53 0.4354
54 0.45134
55 0.48975
56 0.51894
57 0.52727
58 0.53161
59 0.54261
60 0.54636
61 0.55533
62 0.57546
63 0.58128
64 0.58605
65 0.59796
66 0.60283
67 0.6137
68 0.6249
69 0.64658
70 0.65046
71 0.65345
72 0.6595
73 0.6608
74 0.67087
75 0.67701
76 0.70206
77 0.71426
78 0.73946
79 0.74284
80 0.74648
81 0.77623
82 0.7792
83 0.79195
84 0.8034
85 0.81174
86 0.81631
87 0.81862
88 0.8577
89 0.86602
90 0.86919
91 0.87348
92 0.88342
93 0.89129
94 0.89382
95 0.90224
96 0.91916
97 0.92749
98 0.9396
99 0.94434
100 0.95451
101 0.97962
102 0.98104
103 0.98612
104 0.99118
105 1.00202
106 1.01439
107 1.02536
108 1.03306
109 1.03659
110 1.04197
111 1.04733
112 1.06753
113 1.0814
114 1.09275
115 1.10213
116 1.11516
117 1.11679
118 1.12089
119 1.132
120 1.1499
121 1.1541
122 1.1587
123 1.16559
124 1.16891
125 1.17557
126 1.18876
127 1.19342
128 1.19756
129 1.19931
130 1.21169
131 1.21885
132 1.24185
133 1.26066
134 1.27524
135 1.28254
136 1.29869
137 1.30697
138 1.3116
139 1.31382
140 1.31658
141 1.32199
142 1.32787
143 1.34092
144 1.362
145 1.37088
146 1.37347
147 1.39462
148 1.40791
149 1.44067
150 1.4447
151 1.44932
152 1.45561
153 1.46025
154 1.47748
155 1.50365
156 1.51238
157 1.52861
158 1.5354
159 1.54456
160 1.56592
161 1.57332
162 1.57998
163 1.58392
164 1.59113
165 1.59212
166 1.60422
167 1.62523
168 1.63696
169 1.6458
170 1.65787
171 1.66113
172 1.66326
173 1.66627
174 1.66977
175 1.6805
176 1.68834
177 1.69631
178 1.71528
179 1.73693
180 1.74067
181 1.75
182 1.75185
183 1.76164
184 1.76481
185 1.76892
186 1.77933
187 1.78223
188 1.78641
189 1.78974
190 1.79521
191 1.8039
192 1.81845
193 1.82362
194 1.84638
195 1.86637
196 1.87493
197 1.89099
198 1.90077
199 1.91349
200 1.9182
201 1.92284
202 1.92865
203 1.9321
204 1.94602
205 1.95496
206 1.9593
207 1.96088
208 1.96365
209 1.96793
210 1.98601
211 2.02108
212 2.03079
213 2.03272
214 2.04689
215 2.05993
216 2.06365
217 2.06883
218 2.08166
219 2.08505
220 2.09363
221 2.10462
222 2.10606
223 2.11402
224 2.11979
225 2.13417
226 2.14252
227 2.14398
228 2.15071
229 2.1541
230 2.16503
231 2.17148
232 2.19724
233 2.20087
234 2.21044
235 2.22103
236 2.25374
237 2.26932
238 2.27476
239 2.28519
240 2.30559
241 2.31362
242 2.32558
243 2.33007
244 2.3354
245 2.34793
246 2.35357
247 2.36374
248 2.37313
249 2.38758
250 2.39472
251 2.404
252 2.40791
253 2.42236
254 2.4416
255 2.44397
256 2.45087
257 2.45961
258 2.46808
259 2.49649
260 2.50366
261 2.50624
262 2.52447
263 2.52996
264 2.5319
265 2.54002
266 2.57809
267 2.58784
268 2.59226
269 2.59981
270 2.60163
271 2.60901
272 2.64225
273 2.649
274 2.68359
275 2.68918
276 2.70378
277 2.70681
278 2.72559
279 2.72994
280 2.76256
281 2.77637
282 2.78857
283 2.80084
284 2.80293
285 2.82532
286 2.83616
287 2.84446
288 2.85586
289 2.85956
290 2.86516
291 2.86914
292 2.88547
293 2.89313
294 2.89491
295 2.89853
296 2.90613
297 2.90845
298 2.91035
299 2.91516
300 2.91647
301 2.91771
302 2.92643
303 2.94622
304 2.98768
