1 0.01158
2 0.01652
3 0.02528
4 0.03324
5 0.03817
6 0.05195
7 0.07028
8 0.07586
9 0.07902
10 0.0962
11 0.10211
12 0.10515
13 0.10909
14 0.13335
15 0.13856
16 0.14977
17 0.15735
18 0.16152
19 0.16614
20 0.17607
21 0.18009
22 0.19389
23 0.19928
24 0.2054
25 0.21419
26 0.21876
27 0.23998
28 0.24696
29 0.26208
30 0.28391
31 0.30029
32 0.31574
33 0.32728
34 0.3309
35 0.33454
36 0.3506
37 0.35357
38 0.35874
39 0.36805
40 0.37612
41 0.38329
42 0.40707
43 0.41367
44 0.42429
45 0.43164
46 0.44547
47 0.44967
48 0.45375
49 0.4608
50 0.46356
51 0.47248
52 0.50318
53 0.51243
54 0.52046
55 0.5244
56 0.53212
57 0.53349
58 0.55958
59 0.5648
60 0.58015
61 0.5901
62 0.59362
63 0.59636
64 0.60925
65 0.6219
66 0.63269
67 0.64334
68 0.65114
69 0.65538
70 0.65854
71 0.66298
72 0.66674
73 0.67042
74 0.68147
75 0.6877
76 0.69789
77 0.71127
78 0.71961
79 0.72978
80 0.74522
81 0.7497
82 0.76238
83 0.77434
84 0.78462
85 0.78903
86 0.8035
87 0.81137
88 0.81505
89 0.82756
90 0.84209
91 0.84649
92 0.86457
93 0.86702
94 0.87616
95 0.87923
96 0.89708
97 0.90611
98 0.9155
99 0.92083
100 0.929
101 0.93562
102 0.94328
103 0.95144
104 0.96173
105 0.96549
106 0.97178
107 0.98745
108 0.99164
109 1.00945
110 1.01528
111 1.03078
112 1.03576
113 1.04377
114 1.04743
115 1.06748
116 1.08156
117 1.09479
118 1.09838
119 1.12795
120 1.13625
121 1.14087
122 1.15928
123 1.17488
124 1.18106
125 1.18543
126 1.18825
127 1.19898
128 1.21149
129 1.23044
130 1.23989
131 1.24372
132 1.26759
133 1.27304
134 1.27564
135 1.28021
136 1.29327
137 1.30879
138 1.31867
139 1.32944
140 1.33653
141 1.3533
142 1.35808
143 1.36128
144 1.39901
145 1.40999
146 1.4168
147 1.42673
148 1.43563
149 1.45158
150 1.4696
151 1.47868
152 1.48441
153 1.48767
154 1.49259
155 1.49884
156 1.52337
157 1.53118
158 1.53566
159 1.54077
160 1.55013
161 1.58272
162 1.58881
163 1.59784
164 1.62714
165 1.63101
166 1.64579
167 1.66626
168 1.68568
169 1.69246
170 1.69648
171 1.70089
172 1.71032
173 1.71787
174 1.72858
175 1.74487
176 1.75287
177 1.76877
178 1.77174
179 1.78285
180 1.81127
181 1.81522
182 1.81953
183 1.82353
184 1.83032
185 1.84083
186 1.86132
187 1.87476
188 1.88221
189 1.88541
190 1.90263
191 1.90581
192 1.91032
193 1.91817
194 1.93624
195 1.93916
196 1.94288
197 1.94565
198 1.97429
199 1.97781
200 1.98299
201 1.99089
202 2.00763
203 2.01387
204 2.03101
205 2.05386
206 2.05783
207 2.06643
208 2.08414
209 2.08796
210 2.09309
211 2.10436
212 2.10912
213 2.12148
214 2.13352
215 2.14603
216 2.15983
217 2.17789
218 2.18314
219 2.19838
220 2.20127
221 2.20765
222 2.23385
223 2.23698
224 2.25221
225 2.25625
226 2.26005
227 2.27354
228 2.28483
229 2.28978
230 2.31548
231 2.32026
232 2.32492
233 2.3355
234 2.34225
235 2.35509
236 2.36362
237 2.37051
238 2.3791
239 2.3866
240 2.3904
241 2.40424
242 2.41888
243 2.42243
244 2.43027
245 2.43983
246 2.44439
247 2.48625
248 2.49553
249 2.52391
250 2.53698
251 2.55043
252 2.57416
253 2.58412
254 2.58879
255 2.59461
256 2.59908
257 2.60015
258 2.60555
259 2.62453
260 2.64494
261 2.66207
262 2.67204
263 2.68214
264 2.70715
265 2.7155
266 2.72223
267 2.73296
268 2.7389
269 2.75746
270 2.77886
271 2.7887
272 2.80779
273 2.81936
274 2.82332
275 2.82651
276 2.83708
277 2.86788
278 2.87235
279 2.87686
280 2.89083
281 2.90751
282 2.91569
283 2.91966
284 2.92348
285 2.92756
286 2.94484
287 2.94908
288 2.95181
289 2.96649
290 2.97176
291 2.9926
292 2.9967
