1 0.01827
2 0.0462
3 0.05852
4 0.06434
5 0.07054
6 0.07869
7 0.08579
8 0.1218
9 0.13152
10 0.15266
11 0.16049
12 0.20039
13 0.23365
14 0.24124
15 0.25305
16 0.28675
17 0.28853
18 0.29479
19 0.29897
20 0.30986
21 0.32365
22 0.33634
23 0.34241
24 0.37596
25 0.3843
26 0.47239
27 0.47895
28 0.48411
29 0.49507
30 0.5134
31 0.53899
32 0.55049
33 0.56479
34 0.57114
35 0.60524
36 0.63039
37 0.64694
38 0.65253
39 0.67433
40 0.68274
41 0.68895
42 0.72288
43 0.72852
44 0.75952
45 0.82672
46 0.86299
47 0.87026
48 0.88388
49 0.9026
50 0.91831
51 0.94592
52 0.96012
53 0.97921
54 1.02739
55 1.03867
56 1.05159
57 1.05757
58 1.07916
59 1.10184
60 1.12276
61 1.1378
62 1.14863
63 1.15442
64 1.17442
65 1.18998
66 1.19534
67 1.21816
68 1.23728
69 1.25146
70 1.26567
71 1.28253
72 1.2923
73 1.29747
74 1.30373
75 1.31391
76 1.32124
77 1.34285
78 1.35787
79 1.37206
80 1.3801
81 1.40194
82 1.44968
83 1.45834
84 1.46454
85 1.49455
86 1.50402
87 1.51103
88 1.55275
89 1.55947
90 1.56717
91 1.57322
92 1.59693
93 1.61298
94 1.6223
95 1.63801
96 1.66421
97 1.66915
98 1.67612
99 1.72712
100 1.77511
101 1.78003
102 1.80464
103 1.81066
104 1.81626
105 1.83421
106 1.84232
107 1.84912
108 1.85852
109 1.87829
110 1.92036
111 1.93645
112 1.97656
113 1.99263
114 2.04611
115 2.09658
116 2.13054
117 2.16229
118 2.18634
119 2.1917
120 2.24978
121 2.28571
122 2.30576
123 2.33446
124 2.37933
125 2.38769
126 2.41568
127 2.41718
128 2.42439
129 2.43183
130 2.46455
131 2.46989
132 2.47413
133 2.50143
134 2.50869
135 2.53483
136 2.54281
137 2.56165
138 2.58549
139 2.60197
140 2.61628
141 2.62329
142 2.63149
143 2.63296
144 2.63952
145 2.64792
146 2.66537
147 2.68565
148 2.71255
149 2.72492
150 2.75087
151 2.76713
152 2.78477
153 2.7916
154 2.79851
155 2.80287
156 2.81836
157 2.83292
158 2.85792
159 2.86602
160 2.90383
161 2.911
162 2.92401
163 2.93634
164 2.97827
165 2.99003
