1 0.01438
2 0.02162
3 0.03455
4 0.04532
5 0.05035
6 0.05232
7 0.0568
8 0.06864
9 0.08097
10 0.08298
11 0.09065
12 0.09211
13 0.1218
14 0.12625
15 0.14926
16 0.15199
17 0.16504
18 0.16724
19 0.18043
20 0.18483
21 0.19051
22 0.19226
23 0.20516
24 0.22383
25 0.22916
26 0.2354
27 0.24026
28 0.24416
29 0.27017
30 0.28574
31 0.29297
32 0.2972
33 0.30047
34 0.32186
35 0.32911
36 0.33366
37 0.33685
38 0.33934
39 0.34238
40 0.35271
41 0.36989
42 0.37131
43 0.3734
44 0.37967
45 0.38873
46 0.39109
47 0.40159
48 0.41818
49 0.42268
50 0.43182
51 0.44352
52 0.4454
53 0.44767
54 0.45442
55 0.46126
56 0.47594
57 0.48264
58 0.491
59 0.50334
60 0.51274
61 0.5243
62 0.5337
63 0.54128
64 0.55032
65 0.55483
66 0.56683
67 0.5735
68 0.57957
69 0.58246
70 0.58619
71 0.58814
72 0.5952
73 0.60885
74 0.6178
75 0.62845
76 0.63477
77 0.63922
78 0.64973
79 0.65961
80 0.66316
81 0.6692
82 0.68357
83 0.69131
84 0.69285
85 0.69798
86 0.73229
87 0.74296
88 0.74821
89 0.75714
90 0.76288
91 0.77325
92 0.79094
93 0.81188
94 0.83589
95 0.84244
96 0.84685
97 0.8599
98 0.86852
99 0.87372
100 0.88102
101 0.88684
102 0.90789
103 0.91322
104 0.91583
105 0.9214
106 0.92712
107 0.92848
108 0.93532
109 0.94174
110 0.9503
111 0.96292
112 0.99631
113 1.00645
114 1.02045
115 1.04568
116 1.04919
117 1.06888
118 1.09737
119 1.11002
120 1.11398
121 1.12145
122 1.12787
123 1.13039
124 1.15692
125 1.16107
126 1.16847
127 1.1804
128 1.199
129 1.20669
130 1.21705
131 1.22817
132 1.2369
133 1.24192
134 1.24411
135 1.25491
136 1.27793
137 1.28435
138 1.28776
139 1.29694
140 1.30006
141 1.32825
142 1.34577
143 1.34719
144 1.35879
145 1.36885
146 1.37723
147 1.38559
148 1.38773
149 1.41647
150 1.42431
151 1.42589
152 1.4344
153 1.43726
154 1.4584
155 1.47424
156 1.49118
157 1.49487
158 1.50276
159 1.51003
160 1.53873
161 1.5508
162 1.57053
163 1.59244
164 1.61325
165 1.63598
166 1.64704
167 1.65336
168 1.65542
169 1.65792
170 1.66147
171 1.6628
172 1.66466
173 1.66803
174 1.66933
175 1.67492
176 1.68386
177 1.69001
178 1.69799
179 1.70601
180 1.71114
181 1.7176
182 1.73025
183 1.73127
184 1.73841
185 1.74863
186 1.7572
187 1.75829
188 1.79075
189 1.79259
190 1.79919
191 1.83015
192 1.84185
193 1.85832
194 1.86284
195 1.86993
196 1.8751
197 1.89901
198 1.90904
199 1.92022
200 1.93922
201 1.94089
202 1.94682
203 1.95311
204 1.95887
205 1.96529
206 1.98527
207 1.99039
208 1.99771
209 2.00435
210 2.02573
211 2.02945
212 2.0353
213 2.04296
214 2.0612
215 2.06765
216 2.08112
217 2.0858
218 2.103
219 2.12516
220 2.12811
221 2.14053
222 2.16089
223 2.16798
224 2.17009
225 2.174
226 2.17868
227 2.19145
228 2.19301
229 2.19581
230 2.20904
231 2.23205
232 2.23538
233 2.24138
234 2.24598
235 2.26323
236 2.28135
237 2.29537
238 2.32205
239 2.3314
240 2.33456
241 2.34178
242 2.35357
243 2.36968
244 2.38396
245 2.39705
246 2.40649
247 2.41287
248 2.41752
249 2.43896
250 2.45913
251 2.47619
252 2.49515
253 2.49908
254 2.5092
255 2.51312
256 2.52395
257 2.52569
258 2.53711
259 2.55548
260 2.57233
261 2.5993
262 2.613
263 2.63212
264 2.65732
265 2.67312
266 2.67432
267 2.68243
268 2.68668
269 2.70323
270 2.71096
271 2.73095
272 2.74773
273 2.75135
274 2.77459
275 2.7808
276 2.79556
277 2.83068
278 2.83949
279 2.84429
280 2.86093
281 2.87529
282 2.87981
283 2.88621
284 2.89881
285 2.90346
286 2.91304
287 2.91951
288 2.92881
289 2.93384
290 2.93566
291 2.94987
292 2.95166
293 2.95684
294 2.96467
295 2.97844
296 2.98126
297 2.98663
298 2.99006
299 2.99297
300 2.99647
301 2.99977
