1 0.00788
2 0.01727
3 0.02533
4 0.03244
5 0.03414
6 0.04666
7 0.05569
8 0.06373
9 0.07005
10 0.07403
11 0.07812
12 0.08606
13 0.09832
14 0.10332
15 0.11278
16 0.13103
17 0.14
18 0.14237
19 0.14481
20 0.15103
21 0.16454
22 0.18148
23 0.18556
24 0.19276
25 0.20678
26 0.20899
27 0.21825
28 0.23972
29 0.25334
30 0.25876
31 0.26075
32 0.27157
33 0.29976
34 0.31574
35 0.33173
36 0.34892
37 0.35201
38 0.36593
39 0.36988
40 0.3766
41 0.40308
42 0.41614
43 0.42835
44 0.44384
45 0.45568
46 0.46507
47 0.4739
48 0.48023
49 0.48605
50 0.50455
51 0.51408
52 0.5197
53 0.52779
54 0.53729
55 0.54574
56 0.55214
57 0.55524
58 0.55927
59 0.57211
60 0.59581
61 0.59984
62 0.61535
63 0.62199
64 0.62829
65 0.63041
66 0.65502
67 0.65784
68 0.65962
69 0.66236
70 0.66464
71 0.67606
72 0.68091
73 0.68636
74 0.69634
75 0.70119
76 0.7174
77 0.72076
78 0.73121
79 0.73354
80 0.74861
81 0.7534
82 0.75893
83 0.77407
84 0.78814
85 0.79033
86 0.79448
87 0.80561
88 0.80737
89 0.80933
90 0.8191
91 0.82305
92 0.83674
93 0.84846
94 0.8678
95 0.87474
96 0.8916
97 0.90294
98 0.91043
99 0.91729
100 0.92804
101 0.93815
102 0.9456
103 0.95296
104 0.95789
105 0.96458
106 0.97653
107 0.98273
108 0.98763
109 1.01256
110 1.01601
111 1.02271
112 1.031
113 1.04713
114 1.05311
115 1.06221
116 1.06997
117 1.07435
118 1.07876
119 1.08874
120 1.10327
121 1.11101
122 1.12539
123 1.12758
124 1.13578
125 1.15042
126 1.15952
127 1.16226
128 1.16489
129 1.16996
130 1.17212
131 1.18052
132 1.19839
133 1.20313
134 1.2058
135 1.23242
136 1.23414
137 1.27249
138 1.27709
139 1.28143
140 1.29785
141 1.31848
142 1.32548
143 1.33231
144 1.35424
145 1.35621
146 1.35983
147 1.37408
148 1.38002
149 1.39021
150 1.40076
151 1.41132
152 1.44048
153 1.46861
154 1.47775
155 1.49307
156 1.49558
157 1.49723
158 1.50403
159 1.50996
160 1.51285
161 1.51566
162 1.5488
163 1.55176
164 1.55999
165 1.5626
166 1.57053
167 1.57527
168 1.5812
169 1.59968
170 1.61859
171 1.63389
172 1.64062
173 1.64968
174 1.66102
175 1.67228
176 1.69094
177 1.69549
178 1.71372
179 1.72664
180 1.73226
181 1.73533
182 1.75652
183 1.77141
184 1.80189
185 1.80375
186 1.80758
187 1.81898
188 1.83293
189 1.85331
190 1.86046
191 1.86182
192 1.86745
193 1.87961
194 1.88563
195 1.89819
196 1.90659
197 1.91208
198 1.94429
199 1.9611
200 1.96825
201 1.97342
202 1.9808
203 1.9986
204 2.00344
205 2.00923
206 2.02048
207 2.03327
208 2.03969
209 2.05697
210 2.06114
211 2.07798
212 2.08638
213 2.09823
214 2.10193
215 2.12263
216 2.13205
217 2.14206
218 2.14451
219 2.14768
220 2.169
221 2.17656
222 2.19672
223 2.21407
224 2.22052
225 2.22629
226 2.24086
227 2.24722
228 2.26499
229 2.26695
230 2.26911
231 2.27281
232 2.28056
233 2.2847
234 2.28728
235 2.29591
236 2.29779
237 2.31565
238 2.32996
239 2.34055
240 2.37241
241 2.37432
242 2.38355
243 2.39195
244 2.39529
245 2.41355
246 2.42692
247 2.4379
248 2.44179
249 2.47351
250 2.47689
251 2.48413
252 2.48972
253 2.4923
254 2.5036
255 2.52499
256 2.54313
257 2.54489
258 2.54881
259 2.55442
260 2.56909
261 2.58094
262 2.59162
263 2.60783
264 2.63324
265 2.63781
266 2.64397
267 2.65118
268 2.66093
269 2.66764
270 2.68285
271 2.69443
272 2.69928
273 2.70398
274 2.71181
275 2.71361
276 2.72345
277 2.72546
278 2.73809
279 2.74596
280 2.75532
281 2.77372
282 2.77631
283 2.77803
284 2.78214
285 2.79626
286 2.80206
287 2.8142
288 2.82515
289 2.82919
290 2.83863
291 2.85865
292 2.86646
293 2.8732
294 2.88002
295 2.89374
296 2.91551
297 2.92084
298 2.9402
299 2.94728
300 2.9502
301 2.95843
302 2.96921
303 2.98942
304 2.99558
305 2.99754
