1 0.00592
2 0.02288
3 0.02907
4 0.03238
5 0.03871
6 0.04128
7 0.04675
8 0.04885
9 0.06919
10 0.07523
11 0.07926
12 0.09456
13 0.10135
14 0.11723
15 0.12242
16 0.12505
17 0.12922
18 0.14536
19 0.16112
20 0.1659
21 0.16844
22 0.17065
23 0.17415
24 0.18175
25 0.18452
26 0.19662
27 0.20606
28 0.21175
29 0.22286
30 0.23032
31 0.23466
32 0.24492
33 0.25056
34 0.2594
35 0.26073
36 0.26251
37 0.27194
38 0.27365
39 0.27708
40 0.28366
41 0.29011
42 0.29914
43 0.30583
44 0.31288
45 0.31469
46 0.33492
47 0.33748
48 0.33855
49 0.3457
50 0.35596
51 0.35874
52 0.37114
53 0.37538
54 0.37937
55 0.3843
56 0.39975
57 0.41426
58 0.41778
59 0.42264
60 0.42542
61 0.43431
62 0.45152
63 0.45937
64 0.46742
65 0.47527
66 0.48154
67 0.48696
68 0.4953
69 0.49645
70 0.5005
71 0.50368
72 0.52127
73 0.5386
74 0.54169
75 0.5459
76 0.54925
77 0.55639
78 0.56447
79 0.57751
80 0.58201
81 0.5877
82 0.59137
83 0.59455
84 0.59754
85 0.60247
86 0.60722
87 0.64696
88 0.65367
89 0.65733
90 0.66182
91 0.67498
92 0.67901
93 0.69205
94 0.69934
95 0.70354
96 0.70732
97 0.7189
98 0.72427
99 0.73553
100 0.75018
101 0.77327
102 0.78119
103 0.79756
104 0.80764
105 0.80929
106 0.8162
107 0.81839
108 0.82399
109 0.83605
110 0.84287
111 0.85813
112 0.87316
113 0.90049
114 0.90443
115 0.90732
116 0.91084
117 0.93388
118 0.93704
119 0.95416
120 0.95934
121 0.96171
122 0.96561
123 0.96936
124 0.9747
125 0.97947
126 0.98077
127 0.99365
128 1.01478
129 1.02628
130 1.03726
131 1.03929
132 1.04291
133 1.05781
134 1.06243
135 1.06669
136 1.07109
137 1.08023
138 1.09533
139 1.10612
140 1.12438
141 1.13135
142 1.13456
143 1.1513
144 1.15564
145 1.16408
146 1.19509
147 1.20348
148 1.20508
149 1.21208
150 1.22584
151 1.23377
152 1.23933
153 1.2408
154 1.24465
155 1.25364
156 1.2562
157 1.2758
158 1.29056
159 1.29397
160 1.29979
161 1.3021
162 1.30545
163 1.31983
164 1.32571
165 1.33035
166 1.34753
167 1.35392
168 1.36027
169 1.36244
170 1.36597
171 1.37361
172 1.38731
173 1.38972
174 1.41526
175 1.43323
176 1.43884
177 1.44245
178 1.44596
179 1.46275
180 1.46608
181 1.46874
182 1.47308
183 1.47502
184 1.47776
185 1.48144
186 1.48598
187 1.49244
188 1.50211
189 1.50623
190 1.5146
191 1.51787
192 1.52428
193 1.5401
194 1.56769
195 1.57301
196 1.57502
197 1.58393
198 1.59572
199 1.59913
200 1.60367
201 1.61387
202 1.62546
203 1.65526
204 1.65861
205 1.67169
206 1.68245
207 1.68749
208 1.695
209 1.72249
210 1.72987
211 1.73475
212 1.74646
213 1.75182
214 1.76502
215 1.78304
216 1.79937
217 1.82156
218 1.82296
219 1.83489
220 1.85743
221 1.87129
222 1.87388
223 1.89489
224 1.90612
225 1.92381
226 1.92977
227 1.93159
228 1.93802
229 1.94172
230 1.94699
231 1.95292
232 1.96312
233 1.96796
234 1.98113
235 1.98766
236 1.98975
237 2.00543
238 2.02171
239 2.02455
240 2.02956
241 2.03449
242 2.03933
243 2.047
244 2.06037
245 2.07336
246 2.08015
247 2.08729
248 2.09118
249 2.10442
250 2.11768
251 2.12415
252 2.12869
253 2.14282
254 2.17635
255 2.18672
256 2.18834
257 2.19085
258 2.2024
259 2.20827
260 2.2241
261 2.2283
262 2.23361
263 2.23801
264 2.2428
265 2.24847
266 2.2548
267 2.25952
268 2.27819
269 2.28152
270 2.28928
271 2.2963
272 2.2987
273 2.31039
274 2.31799
275 2.32561
276 2.33841
277 2.3524
278 2.36085
279 2.36343
280 2.3674
281 2.39714
282 2.40478
283 2.40964
284 2.41249
285 2.42517
286 2.42852
287 2.43154
288 2.4343
289 2.43537
290 2.43978
291 2.45017
292 2.46151
293 2.46803
294 2.47488
295 2.48742
296 2.49275
297 2.50285
298 2.52626
299 2.5331
300 2.53438
301 2.53715
302 2.5434
303 2.55043
304 2.55229
305 2.55481
306 2.56522
307 2.5688
308 2.57108
309 2.57946
310 2.58159
311 2.59411
312 2.59524
313 2.60997
314 2.61316
315 2.62258
316 2.63073
317 2.63501
318 2.64913
319 2.65873
320 2.66824
321 2.67085
322 2.67716
323 2.68803
324 2.69733
325 2.7073
326 2.71385
327 2.72015
328 2.73577
329 2.73997
330 2.75869
331 2.77111
332 2.77887
333 2.78997
334 2.79496
335 2.79755
336 2.81713
337 2.84633
338 2.86895
339 2.88153
340 2.88441
341 2.90608
342 2.91158
343 2.91551
344 2.92422
345 2.9277
346 2.94947
347 2.95384
348 2.9709
349 2.97482
350 2.99294
351 2.99484
