1 0.00786
2 0.02108
3 0.03363
4 0.03468
5 0.04124
6 0.05819
7 0.06393
8 0.07761
9 0.08601
10 0.11515
11 0.12933
12 0.1358
13 0.14093
14 0.14773
15 0.15269
16 0.15479
17 0.15924
18 0.17868
19 0.20886
20 0.2152
21 0.23906
22 0.24558
23 0.2639
24 0.27556
25 0.31549
26 0.35139
27 0.38981
28 0.39931
29 0.40507
30 0.44898
31 0.46172
32 0.47038
33 0.48928
34 0.51715
35 0.5231
36 0.53073
37 0.53687
38 0.57794
39 0.67566
40 0.71204
41 0.72002
42 0.73754
43 0.76703
44 0.77281
45 0.82673
46 0.83275
47 0.8395
48 0.88349
49 0.91782
50 0.94428
51 0.96776
52 0.97395
53 1.01925
54 1.0405
55 1.05044
56 1.13097
57 1.13847
58 1.2707
59 1.27669
60 1.30495
61 1.31979
62 1.32155
63 1.32696
64 1.33374
65 1.33626
66 1.35152
67 1.36557
68 1.37334
69 1.40188
70 1.41727
71 1.43697
72 1.44254
73 1.4721
74 1.48197
75 1.51105
76 1.51309
77 1.51898
78 1.66305
79 1.66959
80 1.694
81 1.70932
82 1.73169
83 1.73985
84 1.75478
85 1.78832
86 1.80031
87 1.80436
88 1.84094
89 1.85046
90 1.87805
91 1.88777
92 1.92158
93 1.94951
94 1.99782
95 2.01953
96 2.0214
97 2.02624
98 2.03307
99 2.06345
100 2.07751
101 2.16132
102 2.16994
103 2.19232
104 2.19993
105 2.20534
106 2.25743
107 2.26742
108 2.27381
109 2.28083
110 2.28637
111 2.32913
112 2.4026
113 2.4101
114 2.4165
115 2.43218
116 2.45528
117 2.46325
118 2.48387
119 2.50826
120 2.51884
121 2.54893
122 2.56964
123 2.58608
124 2.59357
125 2.62439
126 2.63277
127 2.65274
128 2.6852
129 2.74549
130 2.8052
131 2.82469
132 2.85327
133 2.88658
134 2.90886
135 2.91613
136 2.91721
137 2.94299
138 2.95661
