1 0.00811
2 0.03129
3 0.04787
4 0.05081
5 0.05474
6 0.06158
7 0.07496
8 0.07904
9 0.08256
10 0.09152
11 0.09871
12 0.10536
13 0.11832
14 0.1319
15 0.1459
16 0.15253
17 0.15825
18 0.16544
19 0.16906
20 0.20991
21 0.21401
22 0.22128
23 0.24162
24 0.25265
25 0.25876
26 0.26834
27 0.29598
28 0.30431
29 0.31733
30 0.32287
31 0.32686
32 0.33103
33 0.34216
34 0.35276
35 0.37056
36 0.37528
37 0.3955
38 0.39943
39 0.40177
40 0.41062
41 0.41433
42 0.41847
43 0.42505
44 0.44603
45 0.45158
46 0.46373
47 0.46728
48 0.47833
49 0.50265
50 0.50766
51 0.51531
52 0.5205
53 0.53646
54 0.54102
55 0.5487
56 0.56367
57 0.57286
58 0.58343
59 0.59646
60 0.62019
61 0.63662
62 0.64771
63 0.65106
64 0.65485
65 0.66274
66 0.66709
67 0.67456
68 0.67751
69 0.6926
70 0.7002
71 0.70103
72 0.70439
73 0.70957
74 0.71381
75 0.72282
76 0.72784
77 0.73283
78 0.74902
79 0.75802
80 0.77984
81 0.78795
82 0.80363
83 0.82722
84 0.83181
85 0.84062
86 0.84592
87 0.85287
88 0.8602
89 0.87502
90 0.87651
91 0.87962
92 0.90124
93 0.90528
94 0.91112
95 0.91874
96 0.94102
97 0.94843
98 0.95769
99 0.97536
100 1.00954
101 1.02301
102 1.03968
103 1.04816
104 1.05272
105 1.05719
106 1.06315
107 1.07136
108 1.07795
109 1.08425
110 1.10423
111 1.12121
112 1.14468
113 1.158
114 1.17095
115 1.18371
116 1.21061
117 1.22094
118 1.23547
119 1.26733
120 1.27949
121 1.28579
122 1.29426
123 1.30217
124 1.31187
125 1.31749
126 1.32212
127 1.32655
128 1.32993
129 1.34283
130 1.36996
131 1.41955
132 1.43697
133 1.45285
134 1.45795
135 1.469
136 1.47295
137 1.50274
138 1.5361
139 1.54151
140 1.55362
141 1.55829
142 1.57524
143 1.57862
144 1.5861
145 1.58933
146 1.59247
147 1.65183
148 1.6626
149 1.66908
150 1.69044
151 1.70437
152 1.70719
153 1.73094
154 1.75657
155 1.77761
156 1.78759
157 1.79211
158 1.80706
159 1.8146
160 1.81877
161 1.82303
162 1.83415
163 1.83875
164 1.84097
165 1.88091
166 1.89704
167 1.903
168 1.93043
169 1.96683
170 1.97749
171 1.98384
172 2.01331
173 2.02323
174 2.03082
175 2.04077
176 2.06272
177 2.11143
178 2.14644
179 2.15035
180 2.15448
181 2.15674
182 2.16031
183 2.18524
184 2.18877
185 2.21067
186 2.24339
187 2.2472
188 2.25957
189 2.27208
190 2.2773
191 2.28413
192 2.2885
193 2.29677
194 2.30836
195 2.32407
196 2.32774
197 2.32891
198 2.33239
199 2.3395
200 2.34553
201 2.34921
202 2.37556
203 2.39015
204 2.39378
205 2.40475
206 2.40792
207 2.41495
208 2.41985
209 2.42582
210 2.45339
211 2.47514
212 2.49539
213 2.49932
214 2.50411
215 2.52201
216 2.53189
217 2.53564
218 2.54587
219 2.55037
220 2.55737
221 2.57857
222 2.59396
223 2.61165
224 2.63191
225 2.65451
226 2.65769
227 2.67509
228 2.68448
229 2.69311
230 2.70938
231 2.73894
232 2.76687
233 2.78906
234 2.79348
235 2.80074
236 2.80426
237 2.82221
238 2.82698
239 2.83659
240 2.84664
241 2.86555
242 2.87993
243 2.88402
244 2.89082
245 2.89568
246 2.90867
247 2.9157
248 2.94902
249 2.95322
250 2.97383
