1 0.00564
2 0.01623
3 0.02324
4 0.03406
5 0.03837
6 0.04551
7 0.04783
8 0.05735
9 0.08457
10 0.09138
11 0.10758
12 0.13207
13 0.13507
14 0.14659
15 0.15125
16 0.16803
17 0.17189
18 0.175
19 0.18491
20 0.19769
21 0.2004
22 0.20298
23 0.2237
24 0.22824
25 0.23228
26 0.23558
27 0.24902
28 0.25656
29 0.27298
30 0.28488
31 0.28728
32 0.29952
33 0.31004
34 0.32404
35 0.32738
36 0.33882
37 0.34217
38 0.3448
39 0.35177
40 0.37387
41 0.37607
42 0.38737
43 0.39835
44 0.40728
45 0.41115
46 0.41405
47 0.42562
48 0.43056
49 0.43853
50 0.44657
51 0.45001
52 0.46431
53 0.46656
54 0.47537
55 0.48606
56 0.48907
57 0.49154
58 0.49543
59 0.51252
60 0.52634
61 0.53435
62 0.5426
63 0.54509
64 0.5508
65 0.58044
66 0.58843
67 0.6158
68 0.62509
69 0.63695
70 0.6448
71 0.65578
72 0.66317
73 0.67075
74 0.69017
75 0.69803
76 0.70006
77 0.72596
78 0.73565
79 0.74563
80 0.75811
81 0.76138
82 0.76918
83 0.77165
84 0.78053
85 0.79045
86 0.80479
87 0.81916
88 0.82751
89 0.83132
90 0.83538
91 0.85051
92 0.85291
93 0.86733
94 0.87003
95 0.87907
96 0.88256
97 0.89582
98 0.92168
99 0.93193
100 0.93497
101 0.93957
102 0.94453
103 0.95485
104 0.96108
105 0.98159
106 0.98378
107 1.00355
108 1.00526
109 1.00941
110 1.01629
111 1.02141
112 1.02624
113 1.03625
114 1.04706
115 1.05501
116 1.06288
117 1.06515
118 1.07236
119 1.08278
120 1.0971
121 1.10768
122 1.11645
123 1.1204
124 1.12458
125 1.12668
126 1.14332
127 1.14659
128 1.15373
129 1.15753
130 1.17122
131 1.19413
132 1.19756
133 1.20866
134 1.21172
135 1.21342
136 1.21687
137 1.22396
138 1.23809
139 1.24677
140 1.25158
141 1.25732
142 1.26463
143 1.27255
144 1.28088
145 1.28421
146 1.28558
147 1.2916
148 1.29425
149 1.30073
150 1.3391
151 1.34531
152 1.36283
153 1.36831
154 1.38102
155 1.39047
156 1.39358
157 1.41205
158 1.42243
159 1.43003
160 1.43744
161 1.44076
162 1.45456
163 1.45821
164 1.47313
165 1.48364
166 1.48477
167 1.49148
168 1.50061
169 1.5074
170 1.51469
171 1.54103
172 1.54738
173 1.58223
174 1.58629
175 1.6146
176 1.62329
177 1.62481
178 1.64004
179 1.64494
180 1.65818
181 1.66504
182 1.67109
183 1.68018
184 1.68752
185 1.73853
186 1.75727
187 1.76512
188 1.7749
189 1.78292
190 1.78781
191 1.79077
192 1.80297
193 1.80862
194 1.82811
195 1.84567
196 1.87619
197 1.88045
198 1.89065
199 1.91036
200 1.92318
201 1.93739
202 1.94148
203 1.94492
204 1.95827
205 1.96557
206 1.97546
207 1.9808
208 1.98981
209 2.00894
210 2.01055
211 2.02247
212 2.02553
213 2.03572
214 2.04856
215 2.06147
216 2.06697
217 2.07474
218 2.08324
219 2.09065
220 2.10087
221 2.11461
222 2.12186
223 2.13838
224 2.15353
225 2.16967
226 2.19462
227 2.20592
228 2.2189
229 2.22194
230 2.23004
231 2.2387
232 2.24767
233 2.2587
234 2.26472
235 2.2773
236 2.28826
237 2.30181
238 2.31391
239 2.33073
240 2.3489
241 2.35982
242 2.37632
243 2.38765
244 2.39179
245 2.39796
246 2.40245
247 2.40431
248 2.40686
249 2.41443
250 2.42969
251 2.45434
252 2.45979
253 2.46787
254 2.47031
255 2.4956
256 2.53206
257 2.53515
258 2.53879
259 2.55988
260 2.56508
261 2.57071
262 2.57761
263 2.58643
264 2.58826
265 2.59674
266 2.60686
267 2.6108
268 2.61962
269 2.6256
270 2.62885
271 2.63093
272 2.64149
273 2.64479
274 2.64635
275 2.66648
276 2.67181
277 2.67803
278 2.68563
279 2.69614
280 2.74204
281 2.75396
282 2.77573
283 2.77866
284 2.7819
285 2.78801
286 2.79034
287 2.79351
288 2.80826
289 2.81583
290 2.83361
291 2.84794
292 2.87463
293 2.87636
294 2.88458
295 2.8882
296 2.89198
297 2.89678
298 2.90896
299 2.91977
300 2.92883
301 2.93646
302 2.96516
303 2.96627
304 2.96916
305 2.97785
306 2.99622
