1 0.00432
2 0.00767
3 0.01162
4 0.04093
5 0.04196
6 0.05108
7 0.06564
8 0.08219
9 0.08777
10 0.08983
11 0.09353
12 0.10236
13 0.11656
14 0.13318
15 0.14067
16 0.14529
17 0.15108
18 0.16262
19 0.18369
20 0.19101
21 0.19649
22 0.2026
23 0.21078
24 0.22111
25 0.22383
26 0.24055
27 0.2568
28 0.26008
29 0.27054
30 0.28983
31 0.3016
32 0.31115
33 0.31864
34 0.33962
35 0.34237
36 0.34812
37 0.3575
38 0.36588
39 0.39379
40 0.40527
41 0.41313
42 0.4163
43 0.42459
44 0.45141
45 0.46504
46 0.46667
47 0.48626
48 0.50582
49 0.51506
50 0.5245
51 0.52852
52 0.55432
53 0.56492
54 0.56752
55 0.57139
56 0.58038
57 0.58527
58 0.59029
59 0.59659
60 0.60766
61 0.6169
62 0.61902
63 0.62143
64 0.63098
65 0.63247
66 0.65209
67 0.66129
68 0.66608
69 0.66939
70 0.67506
71 0.67779
72 0.67992
73 0.68142
74 0.68539
75 0.69779
76 0.69936
77 0.70658
78 0.72749
79 0.73047
80 0.75046
81 0.75469
82 0.76993
83 0.77888
84 0.80125
85 0.81309
86 0.82235
87 0.82438
88 0.82972
89 0.84885
90 0.85059
91 0.86658
92 0.87401
93 0.87725
94 0.88435
95 0.90213
96 0.91094
97 0.91253
98 0.91453
99 0.92078
100 0.92448
101 0.93011
102 0.93425
103 0.9587
104 0.97068
105 0.97252
106 0.99662
107 1.00104
108 1.00951
109 1.02351
110 1.02785
111 1.03918
112 1.05498
113 1.05725
114 1.06672
115 1.08264
116 1.09727
117 1.10221
118 1.10319
119 1.10586
120 1.10863
121 1.1096
122 1.11537
123 1.13235
124 1.14356
125 1.14741
126 1.15259
127 1.17216
128 1.17958
129 1.18333
130 1.19273
131 1.21345
132 1.22474
133 1.23472
134 1.26838
135 1.27454
136 1.28244
137 1.29396
138 1.30547
139 1.31945
140 1.33767
141 1.34609
142 1.35713
143 1.36172
144 1.36768
145 1.37519
146 1.38474
147 1.39643
148 1.40182
149 1.40781
150 1.41442
151 1.41861
152 1.42386
153 1.42775
154 1.43467
155 1.43641
156 1.44069
157 1.45317
158 1.47031
159 1.47455
160 1.48578
161 1.48946
162 1.50066
163 1.50297
164 1.51351
165 1.53084
166 1.54062
167 1.55118
168 1.57786
169 1.58858
170 1.59519
171 1.59658
172 1.60717
173 1.62673
174 1.6445
175 1.65448
176 1.65737
177 1.66288
178 1.67949
179 1.68371
180 1.69219
181 1.7066
182 1.70777
183 1.71042
184 1.71309
185 1.72382
186 1.74237
187 1.75178
188 1.75889
189 1.7636
190 1.7718
191 1.81986
192 1.82657
193 1.83959
194 1.84561
195 1.85347
196 1.86564
197 1.87249
198 1.88236
199 1.90266
200 1.90813
201 1.91576
202 1.92982
203 1.93543
204 1.9617
205 1.98655
206 2.00168
207 2.00337
208 2.00566
209 2.00893
210 2.01045
211 2.01576
212 2.0202
213 2.0239
214 2.03056
215 2.0343
216 2.04553
217 2.06251
218 2.06354
219 2.06683
220 2.07461
221 2.08946
222 2.09969
223 2.11205
224 2.1144
225 2.13103
226 2.13338
227 2.14652
228 2.15618
229 2.16239
230 2.17214
231 2.17311
232 2.1784
233 2.18182
234 2.19715
235 2.20586
236 2.20882
237 2.22872
238 2.23719
239 2.25535
240 2.26322
241 2.27364
242 2.28923
243 2.29221
244 2.32338
245 2.32992
246 2.33253
247 2.346
248 2.3486
249 2.35
250 2.36387
251 2.37325
252 2.38747
253 2.39809
254 2.40227
255 2.40323
256 2.41014
257 2.42106
258 2.42635
259 2.44118
260 2.45342
261 2.46222
262 2.46415
263 2.46937
264 2.47742
265 2.4998
266 2.50883
267 2.515
268 2.52939
269 2.54447
270 2.55315
271 2.57058
272 2.57343
273 2.58463
274 2.59771
275 2.61512
276 2.63107
277 2.63904
278 2.65984
279 2.66827
280 2.66996
281 2.67504
282 2.68245
283 2.70042
284 2.70889
285 2.71347
286 2.71849
287 2.72561
288 2.7392
289 2.75205
290 2.75847
291 2.76224
292 2.76908
293 2.7757
294 2.81014
295 2.81899
296 2.82864
297 2.83229
298 2.83987
299 2.85273
300 2.87295
301 2.90533
302 2.91141
303 2.91346
304 2.96002
305 2.96456
306 2.98449
307 2.99399
308 2.99896
