1 0.00356
2 0.00787
3 0.00974
4 0.02112
5 0.02319
6 0.02562
7 0.02928
8 0.04653
9 0.05149
10 0.06138
11 0.07424
12 0.08605
13 0.09465
14 0.09831
15 0.10687
16 0.11783
17 0.12383
18 0.13077
19 0.14216
20 0.15625
21 0.17091
22 0.18854
23 0.19786
24 0.20677
25 0.22014
26 0.23798
27 0.2451
28 0.25378
29 0.26633
30 0.27422
31 0.2822
32 0.30849
33 0.31534
34 0.33627
35 0.34896
36 0.35189
37 0.35391
38 0.37204
39 0.39084
40 0.40266
41 0.4084
42 0.42251
43 0.42587
44 0.43822
45 0.44659
46 0.44867
47 0.45379
48 0.45863
49 0.46869
50 0.48652
51 0.50806
52 0.51678
53 0.53097
54 0.535
55 0.53712
56 0.54861
57 0.55363
58 0.55866
59 0.5722
60 0.57743
61 0.59858
62 0.62566
63 0.62769
64 0.63194
65 0.6384
66 0.64391
67 0.64958
68 0.65979
69 0.66454
70 0.67835
71 0.68891
72 0.69911
73 0.7095
74 0.73124
75 0.75353
76 0.76205
77 0.77263
78 0.78611
79 0.79651
80 0.80974
81 0.81267
82 0.81722
83 0.82943
84 0.83332
85 0.85399
86 0.85595
87 0.86817
88 0.87257
89 0.87419
90 0.88961
91 0.9177
92 0.92968
93 0.94116
94 0.95795
95 0.96451
96 0.97022
97 0.97688
98 0.97933
99 0.98322
100 1.01376
101 1.01785
102 1.0289
103 1.05262
104 1.06424
105 1.0685
106 1.07806
107 1.0835
108 1.08856
109 1.10977
110 1.13147
111 1.13927
112 1.15459
113 1.16025
114 1.17757
115 1.18694
116 1.19521
117 1.1979
118 1.20072
119 1.20569
120 1.22261
121 1.23002
122 1.23829
123 1.25156
124 1.2669
125 1.29536
126 1.29771
127 1.30775
128 1.32086
129 1.32888
130 1.33083
131 1.33692
132 1.34479
133 1.35608
134 1.36184
135 1.36848
136 1.37064
137 1.376
138 1.39258
139 1.40895
140 1.42267
141 1.4272
142 1.44991
143 1.46251
144 1.47769
145 1.48001
146 1.49547
147 1.4991
148 1.50106
149 1.50678
150 1.51637
151 1.52668
152 1.53436
153 1.55736
154 1.56637
155 1.5707
156 1.57723
157 1.58179
158 1.58374
159 1.58541
160 1.60254
161 1.60981
162 1.61401
163 1.62066
164 1.62222
165 1.62845
166 1.65657
167 1.65916
168 1.66123
169 1.66434
170 1.66736
171 1.67479
172 1.67968
173 1.68692
174 1.70569
175 1.71887
176 1.73594
177 1.74813
178 1.74963
179 1.7624
180 1.76542
181 1.77013
182 1.773
183 1.77795
184 1.79035
185 1.8018
186 1.80773
187 1.82565
188 1.83669
189 1.83964
190 1.87324
191 1.87761
192 1.87936
193 1.90057
194 1.90258
195 1.91144
196 1.92661
197 1.93083
198 1.93415
199 1.95238
200 1.96428
201 1.96636
202 1.96816
203 1.97643
204 1.98043
205 1.98317
206 2.00041
207 2.00891
208 2.02426
209 2.02915
210 2.04885
211 2.05146
212 2.05738
213 2.06816
214 2.07448
215 2.09374
216 2.10784
217 2.11457
218 2.1229
219 2.1451
220 2.16565
221 2.17665
222 2.17951
223 2.19435
224 2.21171
225 2.21398
226 2.21896
227 2.24075
228 2.2457
229 2.24749
230 2.25845
231 2.26362
232 2.27078
233 2.29549
234 2.30447
235 2.31374
236 2.3228
237 2.33065
238 2.33556
239 2.3499
240 2.35239
241 2.37383
242 2.38333
243 2.38937
244 2.39795
245 2.40318
246 2.41666
247 2.42184
248 2.43559
249 2.44212
250 2.44551
251 2.46503
252 2.47617
253 2.48212
254 2.51676
255 2.53397
256 2.5544
257 2.55909
258 2.57266
259 2.57696
260 2.57921
261 2.58334
262 2.58995
263 2.62297
264 2.62464
265 2.63345
266 2.64302
267 2.6515
268 2.68302
269 2.68576
270 2.69705
271 2.70434
272 2.71465
273 2.72118
274 2.72752
275 2.73131
276 2.74211
277 2.74561
278 2.74911
279 2.75255
280 2.76458
281 2.78213
282 2.78823
283 2.79019
284 2.80663
285 2.8185
286 2.8408
287 2.85294
288 2.86048
289 2.86685
290 2.88002
291 2.90702
292 2.9231
293 2.93662
294 2.94229
295 2.94764
296 2.95228
297 2.95793
298 2.96972
299 2.97489
300 2.99765
