1 0.0042
2 0.01402
3 0.0184
4 0.0251
5 0.02772
6 0.03247
7 0.03659
8 0.03941
9 0.05027
10 0.05484
11 0.06024
12 0.06232
13 0.06785
14 0.07572
15 0.09546
16 0.09674
17 0.09841
18 0.11033
19 0.11704
20 0.12551
21 0.13275
22 0.14128
23 0.15469
24 0.15645
25 0.16213
26 0.16494
27 0.17471
28 0.17901
29 0.18059
30 0.18709
31 0.19631
32 0.19922
33 0.20772
34 0.21916
35 0.22798
36 0.23097
37 0.23962
38 0.24572
39 0.24824
40 0.25436
41 0.27279
42 0.27957
43 0.28717
44 0.30128
45 0.30781
46 0.32086
47 0.32943
48 0.33214
49 0.34505
50 0.35334
51 0.36085
52 0.36271
53 0.37125
54 0.37412
55 0.38406
56 0.38885
57 0.40377
58 0.40509
59 0.40858
60 0.42004
61 0.44376
62 0.44975
63 0.45489
64 0.46004
65 0.46463
66 0.46725
67 0.47069
68 0.47613
69 0.48194
70 0.48594
71 0.48773
72 0.49167
73 0.50014
74 0.51069
75 0.51379
76 0.5278
77 0.5366
78 0.54718
79 0.55079
80 0.55276
81 0.59065
82 0.60342
83 0.61084
84 0.62511
85 0.62983
86 0.63253
87 0.64859
88 0.65433
89 0.65523
90 0.65793
91 0.66277
92 0.6717
93 0.67461
94 0.68519
95 0.69291
96 0.70531
97 0.70906
98 0.71186
99 0.7222
100 0.72601
101 0.73304
102 0.74605
103 0.75085
104 0.75574
105 0.75941
106 0.76614
107 0.76782
108 0.77906
109 0.78683
110 0.79119
111 0.8069
112 0.82014
113 0.82321
114 0.82736
115 0.83827
116 0.84918
117 0.85549
118 0.86143
119 0.87697
120 0.8786
121 0.90724
122 0.90882
123 0.92509
124 0.93067
125 0.94151
126 0.95436
127 0.95765
128 0.96075
129 0.96714
130 0.97202
131 0.97856
132 0.98328
133 0.98799
134 0.98925
135 0.99234
136 1.00066
137 1.00764
138 1.01017
139 1.01498
140 1.02891
141 1.03628
142 1.04104
143 1.04311
144 1.05204
145 1.05837
146 1.06531
147 1.06844
148 1.07128
149 1.07958
150 1.08562
151 1.08902
152 1.11387
153 1.12263
154 1.12427
155 1.1287
156 1.13356
157 1.1452
158 1.14923
159 1.15585
160 1.16268
161 1.17079
162 1.1745
163 1.17947
164 1.19131
165 1.19471
166 1.20303
167 1.21873
168 1.22462
169 1.22824
170 1.23498
171 1.25292
172 1.26176
173 1.27248
174 1.27353
175 1.27872
176 1.28278
177 1.29025
178 1.3021
179 1.30481
180 1.3077
181 1.31329
182 1.33412
183 1.34287
184 1.35067
185 1.3587
186 1.36657
187 1.37317
188 1.38183
189 1.39525
190 1.40501
191 1.40746
192 1.41423
193 1.41742
194 1.42489
195 1.44127
196 1.45096
197 1.46401
198 1.4762
199 1.48356
200 1.48998
201 1.4948
202 1.50483
203 1.50865
204 1.53515
205 1.54197
206 1.54547
207 1.54992
208 1.55455
209 1.56313
210 1.56984
211 1.57195
212 1.5783
213 1.5851
214 1.59009
215 1.6022
216 1.60552
217 1.6181
218 1.62046
219 1.62478
220 1.64958
221 1.65472
222 1.65928
223 1.66479
224 1.66619
225 1.67847
226 1.68064
227 1.68587
228 1.68869
229 1.69323
230 1.70221
231 1.7184
232 1.7322
233 1.74058
234 1.74851
235 1.75066
236 1.75389
237 1.75708
238 1.76414
239 1.76912
240 1.77361
241 1.80002
242 1.80121
243 1.80611
244 1.81589
245 1.82241
246 1.82884
247 1.83761
248 1.84348
249 1.85811
250 1.86993
251 1.87524
252 1.88842
253 1.89326
254 1.90515
255 1.90997
256 1.91371
257 1.92969
258 1.95435
259 1.97581
260 1.9785
261 1.98618
262 1.99728
263 2.00042
264 2.01808
265 2.03435
266 2.03634
267 2.04137
268 2.07276
269 2.08438
270 2.09865
271 2.10466
272 2.10807
273 2.12958
274 2.1452
275 2.14885
276 2.15371
277 2.17184
278 2.17668
279 2.18296
280 2.18683
281 2.18969
282 2.19684
283 2.19957
284 2.21926
285 2.22541
286 2.24478
287 2.24646
288 2.25069
289 2.27071
290 2.28826
291 2.29132
292 2.29623
293 2.30011
294 2.30594
295 2.31036
296 2.31421
297 2.322
298 2.32565
299 2.34406
300 2.35099
301 2.35761
302 2.36513
303 2.37502
304 2.37594
305 2.38713
306 2.39982
307 2.41008
308 2.41297
309 2.43079
310 2.44145
311 2.44504
312 2.45645
313 2.46657
314 2.48251
315 2.49661
316 2.50602
317 2.51479
318 2.5185
319 2.55019
320 2.55822
321 2.57151
322 2.57675
323 2.58126
324 2.58357
325 2.5933
326 2.59473
327 2.59633
328 2.59819
329 2.60394
330 2.61215
331 2.61606
332 2.62221
333 2.62672
334 2.63928
335 2.64134
336 2.64395
337 2.65648
338 2.66764
339 2.6729
340 2.69887
341 2.70387
342 2.70877
343 2.72113
344 2.73245
345 2.74882
346 2.7538
347 2.75971
348 2.76361
349 2.76678
350 2.77855
351 2.78285
352 2.78399
353 2.80074
354 2.8053
355 2.81277
356 2.82816
357 2.83285
358 2.83793
359 2.84502
360 2.85533
361 2.85765
362 2.87438
363 2.88308
364 2.89376
365 2.90551
366 2.91772
367 2.9193
368 2.92638
369 2.93541
370 2.93632
371 2.93932
372 2.94899
373 2.95181
374 2.95565
375 2.96298
376 2.96563
377 2.96822
378 2.97866
379 2.98182
380 2.98558
381 2.98869
382 2.9968
