1 0.00654
2 0.01149
3 0.03045
4 0.03443
5 0.03831
6 0.0528
7 0.05797
8 0.07237
9 0.07675
10 0.07836
11 0.08039
12 0.08708
13 0.09602
14 0.10654
15 0.10897
16 0.11408
17 0.11562
18 0.11832
19 0.14003
20 0.14607
21 0.15942
22 0.16796
23 0.17178
24 0.1779
25 0.18421
26 0.18581
27 0.19104
28 0.20657
29 0.21941
30 0.22583
31 0.24685
32 0.2511
33 0.25517
34 0.25959
35 0.27865
36 0.28623
37 0.28905
38 0.29454
39 0.29826
40 0.32489
41 0.3308
42 0.33671
43 0.33919
44 0.35071
45 0.35216
46 0.36387
47 0.37433
48 0.37772
49 0.38761
50 0.40763
51 0.41621
52 0.4186
53 0.42142
54 0.42497
55 0.43275
56 0.43543
57 0.44613
58 0.45088
59 0.46604
60 0.47422
61 0.48495
62 0.49429
63 0.49666
64 0.52465
65 0.54208
66 0.54587
67 0.54764
68 0.5533
69 0.55538
70 0.57462
71 0.58458
72 0.6067
73 0.61097
74 0.61642
75 0.62621
76 0.63914
77 0.64037
78 0.67698
79 0.68217
80 0.6947
81 0.70064
82 0.70449
83 0.70903
84 0.74248
85 0.74877
86 0.77508
87 0.79419
88 0.79694
89 0.80093
90 0.8062
91 0.82917
92 0.83264
93 0.83821
94 0.84212
95 0.849
96 0.86901
97 0.88711
98 0.9208
99 0.92756
100 0.93738
101 0.94154
102 0.9541
103 0.95707
104 0.96373
105 0.97652
106 0.99249
107 1.00498
108 1.04137
109 1.04393
110 1.04739
111 1.05526
112 1.0649
113 1.0775
114 1.0878
115 1.1076
116 1.11147
117 1.11516
118 1.11813
119 1.13667
120 1.13976
121 1.16637
122 1.17693
123 1.18159
124 1.19124
125 1.19431
126 1.20331
127 1.21574
128 1.24094
129 1.25632
130 1.28025
131 1.29862
132 1.32604
133 1.32761
134 1.33662
135 1.34297
136 1.35348
137 1.36027
138 1.36425
139 1.37053
140 1.37792
141 1.38025
142 1.38202
143 1.41777
144 1.42404
145 1.42689
146 1.42953
147 1.43697
148 1.4514
149 1.46829
150 1.46979
151 1.50039
152 1.50608
153 1.5258
154 1.5307
155 1.54139
156 1.57689
157 1.57942
158 1.58064
159 1.59532
160 1.62401
161 1.62814
162 1.63458
163 1.65301
164 1.67277
165 1.67473
166 1.67684
167 1.6884
168 1.69902
169 1.70249
170 1.70603
171 1.73742
172 1.74075
173 1.74994
174 1.76465
175 1.7736
176 1.7791
177 1.7851
178 1.79108
179 1.80177
180 1.81244
181 1.82888
182 1.83308
183 1.83585
184 1.84587
185 1.84682
186 1.85483
187 1.86586
188 1.87363
189 1.87567
190 1.88758
191 1.89111
192 1.90972
193 1.92289
194 1.92939
195 1.93234
196 1.94809
197 1.95927
198 1.96712
199 1.98565
200 1.99886
201 2.03655
202 2.04694
203 2.05386
204 2.07632
205 2.08083
206 2.09214
207 2.09981
208 2.10568
209 2.11784
210 2.1359
211 2.13998
212 2.16918
213 2.17581
214 2.19033
215 2.19988
216 2.21126
217 2.23116
218 2.24751
219 2.25118
220 2.27727
221 2.29074
222 2.29523
223 2.30855
224 2.32588
225 2.32833
226 2.33009
227 2.33933
228 2.34389
229 2.34848
230 2.35423
231 2.35718
232 2.36433
233 2.378
234 2.39563
235 2.40948
236 2.42518
237 2.42824
238 2.43439
239 2.43804
240 2.44293
241 2.44799
242 2.45117
243 2.45663
244 2.45817
245 2.45956
246 2.48597
247 2.49362
248 2.49791
249 2.51222
250 2.52496
251 2.54519
252 2.55302
253 2.57163
254 2.57624
255 2.58365
256 2.58804
257 2.59188
258 2.60011
259 2.6134
260 2.62248
261 2.63199
262 2.64091
263 2.66385
264 2.67202
265 2.67785
266 2.69212
267 2.70683
268 2.73671
269 2.74677
270 2.76163
271 2.77589
272 2.77864
273 2.78859
274 2.7897
275 2.7918
276 2.79627
277 2.79799
278 2.83932
279 2.84266
280 2.84571
281 2.8493
282 2.8647
283 2.86874
284 2.91654
285 2.92476
286 2.92632
287 2.93237
288 2.9352
289 2.9646
290 2.98523
291 2.98732
292 2.99127
293 2.99758
