1 0.0119
2 0.02193
3 0.02471
4 0.03888
5 0.04243
6 0.04558
7 0.04784
8 0.0542
9 0.05543
10 0.05815
11 0.06111
12 0.06229
13 0.06899
14 0.07567
15 0.07955
16 0.08341
17 0.08754
18 0.09554
19 0.09886
20 0.11883
21 0.12819
22 0.1338
23 0.15605
24 0.16199
25 0.18457
26 0.19867
27 0.21016
28 0.22707
29 0.24285
30 0.26458
31 0.26832
32 0.27563
33 0.28163
34 0.30134
35 0.30769
36 0.31376
37 0.31622
38 0.32345
39 0.33503
40 0.33896
41 0.36057
42 0.37507
43 0.38542
44 0.39852
45 0.40267
46 0.40607
47 0.4148
48 0.41778
49 0.42688
50 0.4394
51 0.44546
52 0.45526
53 0.45939
54 0.46427
55 0.46917
56 0.4755
57 0.48171
58 0.48764
59 0.51053
60 0.51495
61 0.52031
62 0.52651
63 0.53523
64 0.54103
65 0.56013
66 0.5674
67 0.58804
68 0.59253
69 0.59666
70 0.60961
71 0.61362
72 0.61782
73 0.63777
74 0.65408
75 0.66273
76 0.68279
77 0.68787
78 0.69098
79 0.696
80 0.70537
81 0.71957
82 0.74991
83 0.76565
84 0.77162
85 0.7746
86 0.77802
87 0.78504
88 0.79713
89 0.80747
90 0.81905
91 0.82321
92 0.83081
93 0.84902
94 0.85693
95 0.85998
96 0.86911
97 0.87946
98 0.90827
99 0.91505
100 0.92087
101 0.94742
102 0.95179
103 0.96332
104 0.96864
105 0.97771
106 1.00699
107 1.01432
108 1.04703
109 1.06092
110 1.06736
111 1.07481
112 1.08216
113 1.08536
114 1.08977
115 1.10391
116 1.11614
117 1.12002
118 1.13197
119 1.13523
120 1.14364
121 1.15148
122 1.15857
123 1.17629
124 1.17727
125 1.1995
126 1.22072
127 1.22455
128 1.22664
129 1.23682
130 1.25029
131 1.2543
132 1.27966
133 1.28518
134 1.3021
135 1.30866
136 1.31089
137 1.31522
138 1.32213
139 1.32973
140 1.33421
141 1.33846
142 1.34819
143 1.35695
144 1.37902
145 1.38476
146 1.38776
147 1.3906
148 1.39876
149 1.40566
150 1.42319
151 1.42815
152 1.43627
153 1.44203
154 1.44866
155 1.45321
156 1.4609
157 1.47503
158 1.4918
159 1.49592
160 1.52001
161 1.53055
162 1.54404
163 1.5482
164 1.56247
165 1.60362
166 1.61583
167 1.64524
168 1.64859
169 1.65264
170 1.66262
171 1.67325
172 1.67604
173 1.68064
174 1.69174
175 1.71581
176 1.72014
177 1.72354
178 1.73656
179 1.74818
180 1.79902
181 1.8021
182 1.81337
183 1.81919
184 1.82289
185 1.83081
186 1.85226
187 1.86971
188 1.87453
189 1.88456
190 1.89132
191 1.8939
192 1.90695
193 1.91436
194 1.91778
195 1.93218
196 1.93899
197 1.94349
198 1.95708
199 1.96878
200 1.97753
201 1.98062
202 1.99557
203 2.00505
204 2.01326
205 2.02295
206 2.02812
207 2.04262
208 2.04925
209 2.05268
210 2.06289
211 2.07625
212 2.08425
213 2.09965
214 2.10428
215 2.11334
216 2.11917
217 2.13321
218 2.14745
219 2.15361
220 2.16341
221 2.16772
222 2.17527
223 2.19927
224 2.20181
225 2.21629
226 2.22822
227 2.24833
228 2.25631
229 2.27726
230 2.28908
231 2.29279
232 2.30022
233 2.30845
234 2.31633
235 2.32063
236 2.32369
237 2.34528
238 2.34892
239 2.36267
240 2.37101
241 2.37967
242 2.3975
243 2.40083
244 2.41161
245 2.42226
246 2.42787
247 2.44345
248 2.45284
249 2.46652
250 2.472
251 2.47498
252 2.51019
253 2.51615
254 2.52054
255 2.5268
256 2.53615
257 2.53948
258 2.5473
259 2.56998
260 2.57444
261 2.58527
262 2.60608
263 2.6239
264 2.63177
265 2.66125
266 2.72709
267 2.73884
268 2.7566
269 2.76601
270 2.77193
271 2.77833
272 2.79486
273 2.80073
274 2.8046
275 2.80835
276 2.81888
277 2.82656
278 2.84607
279 2.85577
280 2.86039
281 2.86493
282 2.86789
283 2.87229
284 2.8761
285 2.88559
286 2.90118
287 2.91179
288 2.92434
289 2.92739
290 2.94064
291 2.96246
292 2.97607
