1 0.00451
2 0.00806
3 0.01695
4 0.03946
5 0.04364
6 0.04863
7 0.07582
8 0.08415
9 0.08858
10 0.09363
11 0.10574
12 0.11477
13 0.12015
14 0.12953
15 0.13396
16 0.13867
17 0.14401
18 0.15717
19 0.16671
20 0.16941
21 0.17654
22 0.19338
23 0.19933
24 0.20516
25 0.22098
26 0.23677
27 0.24454
28 0.24904
29 0.25277
30 0.27367
31 0.29781
32 0.30549
33 0.32443
34 0.32705
35 0.33448
36 0.34029
37 0.35042
38 0.35486
39 0.35964
40 0.36558
41 0.38275
42 0.40799
43 0.41343
44 0.42115
45 0.43979
46 0.45335
47 0.46096
48 0.46467
49 0.48201
50 0.48428
51 0.49772
52 0.50303
53 0.51258
54 0.51706
55 0.52094
56 0.5362
57 0.5421
58 0.54532
59 0.56124
60 0.57348
61 0.5765
62 0.58011
63 0.58482
64 0.59367
65 0.59773
66 0.60294
67 0.60993
68 0.62688
69 0.64455
70 0.64976
71 0.6653
72 0.67234
73 0.67794
74 0.68348
75 0.69267
76 0.70532
77 0.71115
78 0.72252
79 0.72616
80 0.7455
81 0.74656
82 0.75026
83 0.76246
84 0.77616
85 0.80456
86 0.81193
87 0.81949
88 0.82492
89 0.82816
90 0.83646
91 0.855
92 0.86673
93 0.88708
94 0.91574
95 0.92971
96 0.9375
97 0.94362
98 0.98412
99 0.99168
100 1.01135
101 1.02391
102 1.04492
103 1.04841
104 1.05445
105 1.07492
106 1.07921
107 1.08564
108 1.09387
109 1.09548
110 1.09919
111 1.10485
112 1.11054
113 1.13239
114 1.13711
115 1.14185
116 1.15351
117 1.15873
118 1.18238
119 1.19678
120 1.20868
121 1.21627
122 1.23169
123 1.23587
124 1.25586
125 1.26418
126 1.26974
127 1.27437
128 1.28892
129 1.31206
130 1.31942
131 1.32704
132 1.33118
133 1.34499
134 1.34957
135 1.36351
136 1.36782
137 1.37052
138 1.38503
139 1.39991
140 1.40586
141 1.42375
142 1.43007
143 1.44286
144 1.457
145 1.48473
146 1.4888
147 1.50441
148 1.50886
149 1.52303
150 1.55125
151 1.58028
152 1.5867
153 1.60003
154 1.61021
155 1.6209
156 1.62367
157 1.63098
158 1.63512
159 1.64817
160 1.6729
161 1.68166
162 1.68667
163 1.69658
164 1.70777
165 1.73844
166 1.7525
167 1.75722
168 1.77176
169 1.79219
170 1.79836
171 1.81536
172 1.82509
173 1.83124
174 1.84531
175 1.84951
176 1.85332
177 1.85729
178 1.87588
179 1.89694
180 1.91162
181 1.92498
182 1.965
183 2.02402
184 2.03036
185 2.05339
186 2.07211
187 2.07635
188 2.08806
189 2.09469
190 2.09955
191 2.10494
192 2.11551
193 2.12055
194 2.124
195 2.12837
196 2.15131
197 2.16008
198 2.17875
199 2.18415
200 2.19072
201 2.21535
202 2.22771
203 2.24879
204 2.25604
205 2.26517
206 2.2716
207 2.27805
208 2.28536
209 2.30054
210 2.30494
211 2.3092
212 2.31287
213 2.32923
214 2.34615
215 2.36017
216 2.37955
217 2.38729
218 2.39501
219 2.40149
220 2.41337
221 2.42977
222 2.43716
223 2.44447
224 2.46692
225 2.47201
226 2.48342
227 2.49251
228 2.50058
229 2.51196
230 2.52252
231 2.54756
232 2.55169
233 2.55846
234 2.56347
235 2.56782
236 2.57553
237 2.5906
238 2.59571
239 2.60734
240 2.61631
241 2.62852
242 2.64074
243 2.64491
244 2.66258
245 2.67938
246 2.68383
247 2.68483
248 2.71008
249 2.7183
250 2.75273
251 2.75702
252 2.76661
253 2.77164
254 2.77723
255 2.79857
256 2.82382
257 2.84336
258 2.85732
259 2.86069
260 2.88127
261 2.88545
262 2.89104
263 2.89623
264 2.90782
265 2.91288
266 2.9201
267 2.92726
268 2.95974
269 2.98044
270 2.99294
271 2.99797
