1 0.00276
2 0.00967
3 0.01164
4 0.01692
5 0.0249
6 0.03414
7 0.04626
8 0.04863
9 0.05111
10 0.05342
11 0.06268
12 0.06756
13 0.08012
14 0.09264
15 0.10612
16 0.11858
17 0.13222
18 0.13523
19 0.13964
20 0.1552
21 0.16545
22 0.16876
23 0.17214
24 0.17938
25 0.18824
26 0.19146
27 0.19425
28 0.19906
29 0.23547
30 0.24453
31 0.26211
32 0.28044
33 0.28472
34 0.29126
35 0.29864
36 0.30438
37 0.31862
38 0.34333
39 0.36194
40 0.38442
41 0.39844
42 0.3999
43 0.42083
44 0.43344
45 0.43696
46 0.44045
47 0.44933
48 0.45169
49 0.47298
50 0.48037
51 0.48468
52 0.49001
53 0.49345
54 0.49688
55 0.5194
56 0.52239
57 0.54162
58 0.55713
59 0.55848
60 0.56761
61 0.57934
62 0.58251
63 0.58514
64 0.59985
65 0.62203
66 0.62627
67 0.6303
68 0.63271
69 0.6381
70 0.65139
71 0.65595
72 0.66231
73 0.67235
74 0.70271
75 0.70646
76 0.71375
77 0.72596
78 0.74349
79 0.74645
80 0.74743
81 0.75113
82 0.75724
83 0.7829
84 0.78667
85 0.79835
86 0.81836
87 0.83995
88 0.85059
89 0.85838
90 0.86669
91 0.87322
92 0.88857
93 0.92098
94 0.93718
95 0.93972
96 0.94912
97 0.95404
98 0.95944
99 0.96363
100 0.96976
101 0.98113
102 0.98589
103 0.99421
104 1.00866
105 1.01221
106 1.01454
107 1.01759
108 1.02051
109 1.02611
110 1.03872
111 1.04944
112 1.06127
113 1.07331
114 1.0817
115 1.08832
116 1.09098
117 1.10848
118 1.11425
119 1.1308
120 1.13874
121 1.14257
122 1.14654
123 1.15546
124 1.16329
125 1.17834
126 1.18792
127 1.19959
128 1.20202
129 1.21592
130 1.23489
131 1.23806
132 1.24103
133 1.24565
134 1.25743
135 1.26212
136 1.26454
137 1.26994
138 1.28175
139 1.30095
140 1.30875
141 1.31957
142 1.32229
143 1.32654
144 1.33376
145 1.34693
146 1.35912
147 1.36686
148 1.3736
149 1.38307
150 1.39134
151 1.40341
152 1.41383
153 1.41779
154 1.43567
155 1.45644
156 1.46773
157 1.47116
158 1.47384
159 1.48277
160 1.49223
161 1.5065
162 1.52039
163 1.5247
164 1.53615
165 1.54218
166 1.55122
167 1.5606
168 1.56349
169 1.57077
170 1.58958
171 1.59333
172 1.5978
173 1.60032
174 1.60178
175 1.60413
176 1.61353
177 1.61567
178 1.62237
179 1.62457
180 1.62672
181 1.62882
182 1.6459
183 1.65242
184 1.66214
185 1.67877
186 1.69444
187 1.71894
188 1.72113
189 1.73345
190 1.745
191 1.75361
192 1.75528
193 1.76179
194 1.76771
195 1.77244
196 1.78924
197 1.80647
198 1.81071
199 1.82131
200 1.85352
201 1.87158
202 1.87423
203 1.8763
204 1.87904
205 1.89153
206 1.89264
207 1.91283
208 1.93357
209 1.97004
210 1.97779
211 1.98563
212 2.0025
213 2.01224
214 2.01413
215 2.03122
216 2.04109
217 2.05356
218 2.07176
219 2.07458
220 2.08001
221 2.08115
222 2.0939
223 2.10482
224 2.13062
225 2.14066
226 2.14478
227 2.15537
228 2.15727
229 2.16047
230 2.16214
231 2.17479
232 2.18076
233 2.18938
234 2.19648
235 2.1983
236 2.21749
237 2.22659
238 2.25129
239 2.25431
240 2.25938
241 2.26417
242 2.27257
243 2.29305
244 2.29745
245 2.30688
246 2.32223
247 2.33082
248 2.33255
249 2.34535
250 2.35561
251 2.37104
252 2.37795
253 2.38312
254 2.38742
255 2.39628
256 2.40333
257 2.41958
258 2.43673
259 2.44192
260 2.45501
261 2.46143
262 2.47256
263 2.48146
264 2.49541
265 2.50958
266 2.51283
267 2.52063
268 2.52709
269 2.5515
270 2.55309
271 2.57247
272 2.57646
273 2.5904
274 2.59614
275 2.60444
276 2.61101
277 2.61849
278 2.62339
279 2.63942
280 2.64146
281 2.65073
282 2.66401
283 2.67083
284 2.68179
285 2.6858
286 2.69928
287 2.70488
288 2.71381
289 2.71731
290 2.72067
291 2.72553
292 2.7294
293 2.73155
294 2.76002
295 2.79198
296 2.81238
297 2.81489
298 2.8236
299 2.84014
300 2.84697
301 2.85444
302 2.86738
303 2.87546
304 2.89975
305 2.91071
306 2.91658
307 2.92142
308 2.92612
309 2.92942
310 2.93633
311 2.94674
312 2.96352
313 2.97066
314 2.97784
315 2.99612
