1 0.00429
2 0.0279
3 0.03486
4 0.06377
5 0.06995
6 0.07093
7 0.08394
8 0.08498
9 0.12334
10 0.12974
11 0.1473
12 0.16874
13 0.18559
14 0.21681
15 0.2299
16 0.23378
17 0.25292
18 0.28912
19 0.29086
20 0.32205
21 0.34662
22 0.4245
23 0.45722
24 0.4617
25 0.4705
26 0.4945
27 0.51317
28 0.52374
29 0.52947
30 0.55804
31 0.5642
32 0.59957
33 0.62282
34 0.64019
35 0.65715
36 0.66753
37 0.67402
38 0.68938
39 0.69835
40 0.70762
41 0.71289
42 0.72061
43 0.76849
44 0.78292
45 0.80025
46 0.81291
47 0.81977
48 0.82554
49 0.85405
50 0.88994
51 0.91244
52 0.94431
53 0.97348
54 0.99758
55 1.01818
56 1.02547
57 1.03174
58 1.04573
59 1.09181
60 1.09598
61 1.10872
62 1.11836
63 1.12945
64 1.14369
65 1.16077
66 1.16524
67 1.18936
68 1.21662
69 1.23923
70 1.24685
71 1.26576
72 1.27613
73 1.28398
74 1.298
75 1.3048
76 1.31234
77 1.32588
78 1.33735
79 1.39601
80 1.40265
81 1.4112
82 1.42611
83 1.44966
84 1.46457
85 1.46626
86 1.47304
87 1.48231
88 1.49938
89 1.51126
90 1.55876
91 1.56631
92 1.57304
93 1.65415
94 1.67668
95 1.68336
96 1.70333
97 1.72122
98 1.76419
99 1.77947
100 1.79501
101 1.79616
102 1.80478
103 1.81718
104 1.84919
105 1.8576
106 1.88846
107 1.89379
108 1.9043
109 1.91437
110 1.94179
111 1.9488
112 1.9857
113 1.99151
114 2.02024
115 2.02734
116 2.03486
117 2.04694
118 2.05488
119 2.07874
120 2.09014
121 2.11086
122 2.11841
123 2.12379
124 2.14872
125 2.192
126 2.24563
127 2.25595
128 2.25776
129 2.28201
130 2.31282
131 2.32684
132 2.35552
133 2.36884
134 2.40329
135 2.41542
136 2.42663
137 2.43947
138 2.46372
139 2.46891
140 2.47955
141 2.54163
142 2.5474
143 2.5628
144 2.5685
145 2.57621
146 2.6025
147 2.60927
148 2.6356
149 2.64167
150 2.66996
151 2.70173
152 2.70807
153 2.71963
154 2.75795
155 2.78159
156 2.80536
157 2.86614
158 2.86991
159 2.88223
160 2.88821
161 2.89458
162 2.91446
163 2.92894
164 2.93567
165 2.943
166 2.96534
167 2.97365
168 2.98716
169 2.99482
