1 0.00451
2 0.01355
3 0.01712
4 0.03186
5 0.03622
6 0.0437
7 0.04543
8 0.05108
9 0.06977
10 0.08346
11 0.08867
12 0.09415
13 0.1007
14 0.10541
15 0.11429
16 0.12005
17 0.12235
18 0.13151
19 0.1373
20 0.15023
21 0.16695
22 0.17901
23 0.18682
24 0.18857
25 0.20838
26 0.21911
27 0.2233
28 0.22428
29 0.23154
30 0.23694
31 0.24846
32 0.25336
33 0.271
34 0.27488
35 0.28876
36 0.30708
37 0.31435
38 0.33521
39 0.33879
40 0.34486
41 0.35602
42 0.36404
43 0.36954
44 0.37281
45 0.38062
46 0.38895
47 0.39426
48 0.39819
49 0.40986
50 0.42369
51 0.43221
52 0.44055
53 0.45143
54 0.47681
55 0.481
56 0.48397
57 0.49335
58 0.50003
59 0.51106
60 0.51679
61 0.51981
62 0.55954
63 0.5714
64 0.57287
65 0.58461
66 0.58775
67 0.60004
68 0.60557
69 0.614
70 0.61748
71 0.61854
72 0.63027
73 0.63503
74 0.63705
75 0.63976
76 0.64871
77 0.66739
78 0.67309
79 0.67414
80 0.67654
81 0.69041
82 0.69678
83 0.70118
84 0.72842
85 0.73479
86 0.74489
87 0.75589
88 0.77801
89 0.79106
90 0.79804
91 0.81475
92 0.82597
93 0.83594
94 0.83906
95 0.84163
96 0.85207
97 0.86268
98 0.86909
99 0.8852
100 0.88868
101 0.89029
102 0.89171
103 0.89449
104 0.9204
105 0.92636
106 0.95343
107 0.9622
108 0.98772
109 0.9959
110 1.01054
111 1.02115
112 1.02318
113 1.04179
114 1.06437
115 1.08615
116 1.10544
117 1.12111
118 1.12301
119 1.12891
120 1.13581
121 1.15121
122 1.15484
123 1.1733
124 1.17892
125 1.18143
126 1.18955
127 1.19689
128 1.21225
129 1.23329
130 1.23884
131 1.24345
132 1.25579
133 1.26563
134 1.27283
135 1.28033
136 1.29168
137 1.31239
138 1.31765
139 1.31901
140 1.32259
141 1.33575
142 1.33765
143 1.35081
144 1.35277
145 1.36457
146 1.36944
147 1.37964
148 1.38159
149 1.38795
150 1.38958
151 1.39296
152 1.40119
153 1.42146
154 1.43588
155 1.43844
156 1.44218
157 1.44439
158 1.45664
159 1.48317
160 1.49001
161 1.49219
162 1.49625
163 1.49996
164 1.51906
165 1.52611
166 1.53988
167 1.55329
168 1.56458
169 1.56876
170 1.59006
171 1.59262
172 1.60253
173 1.60742
174 1.61453
175 1.63593
176 1.64448
177 1.65376
178 1.65675
179 1.68556
180 1.69282
181 1.69521
182 1.69827
183 1.7018
184 1.70413
185 1.7191
186 1.73631
187 1.74426
188 1.74692
189 1.76759
190 1.7856
191 1.79641
192 1.80132
193 1.80606
194 1.82216
195 1.83538
196 1.84442
197 1.85504
198 1.86043
199 1.86397
200 1.86723
201 1.87429
202 1.8927
203 1.90207
204 1.92164
205 1.9234
206 1.9311
207 1.93969
208 1.94286
209 1.94681
210 1.94866
211 1.95273
212 1.95674
213 1.9722
214 1.97387
215 1.97873
216 1.99105
217 1.99856
218 2.00063
219 2.00643
220 2.00796
221 2.01603
222 2.04
223 2.05688
224 2.06367
225 2.0703
226 2.07302
227 2.08299
228 2.1125
229 2.11508
230 2.11885
231 2.12534
232 2.14134
233 2.14326
234 2.1449
235 2.15052
236 2.16036
237 2.16243
238 2.17163
239 2.17356
240 2.17738
241 2.1901
242 2.19375
243 2.19661
244 2.20421
245 2.2074
246 2.23113
247 2.23772
248 2.23916
249 2.26411
250 2.2654
251 2.27498
252 2.28989
253 2.29862
254 2.31561
255 2.31988
256 2.33055
257 2.33888
258 2.35211
259 2.36037
260 2.39391
261 2.40184
262 2.41018
263 2.41599
264 2.4206
265 2.44097
266 2.4473
267 2.45671
268 2.46086
269 2.46357
270 2.4651
271 2.48019
272 2.48135
273 2.48737
274 2.49348
275 2.49571
276 2.50358
277 2.51096
278 2.52557
279 2.5271
280 2.53816
281 2.55248
282 2.56489
283 2.58466
284 2.59136
285 2.60834
286 2.61242
287 2.62274
288 2.63121
289 2.63266
290 2.63881
291 2.64412
292 2.65103
293 2.65875
294 2.66893
295 2.67104
296 2.67756
297 2.67989
298 2.68849
299 2.70007
300 2.70421
301 2.70664
302 2.71893
303 2.72912
304 2.73495
305 2.74172
306 2.74848
307 2.75099
308 2.766
309 2.77087
310 2.79852
311 2.80228
312 2.80359
313 2.83872
314 2.84809
315 2.85301
316 2.85683
317 2.87142
318 2.88675
319 2.89162
320 2.90456
321 2.91953
322 2.92772
323 2.92967
324 2.93638
325 2.94484
326 2.95072
327 2.95231
328 2.96418
329 2.97282
330 2.98529
331 2.99
