1 0.00197
2 0.01838
3 0.02568
4 0.03033
5 0.03557
6 0.04005
7 0.04334
8 0.04518
9 0.04882
10 0.05083
11 0.07792
12 0.08857
13 0.09097
14 0.09334
15 0.09691
16 0.10831
17 0.11784
18 0.12723
19 0.13514
20 0.1753
21 0.18323
22 0.19107
23 0.19962
24 0.21125
25 0.23619
26 0.24161
27 0.25085
28 0.27552
29 0.28568
30 0.29184
31 0.29374
32 0.30404
33 0.32404
34 0.33687
35 0.33964
36 0.34666
37 0.36615
38 0.37757
39 0.3823
40 0.38519
41 0.3909
42 0.40528
43 0.41755
44 0.43559
45 0.43639
46 0.43913
47 0.44425
48 0.46817
49 0.47143
50 0.47827
51 0.49217
52 0.54175
53 0.54459
54 0.54635
55 0.55102
56 0.58071
57 0.58985
58 0.594
59 0.60881
60 0.62073
61 0.62326
62 0.63097
63 0.64232
64 0.66868
65 0.67553
66 0.6817
67 0.6997
68 0.70593
69 0.71229
70 0.72474
71 0.74178
72 0.74866
73 0.7548
74 0.75772
75 0.77469
76 0.79017
77 0.79181
78 0.8034
79 0.83331
80 0.83578
81 0.83807
82 0.84621
83 0.86607
84 0.8692
85 0.88342
86 0.89594
87 0.91676
88 0.92231
89 0.92969
90 0.93677
91 0.94305
92 0.94567
93 0.94982
94 0.96148
95 0.97293
96 0.98065
97 0.99243
98 1.00344
99 1.02442
100 1.04911
101 1.05718
102 1.07849
103 1.08357
104 1.0937
105 1.11731
106 1.12419
107 1.14356
108 1.16826
109 1.17738
110 1.18453
111 1.18981
112 1.20838
113 1.22612
114 1.23786
115 1.24707
116 1.27127
117 1.29152
118 1.30273
119 1.32939
120 1.33335
121 1.34085
122 1.34557
123 1.35166
124 1.35612
125 1.3621
126 1.42427
127 1.42554
128 1.42955
129 1.43077
130 1.43187
131 1.43617
132 1.44038
133 1.44951
134 1.45324
135 1.45563
136 1.46477
137 1.46861
138 1.49076
139 1.50311
140 1.50883
141 1.52574
142 1.52855
143 1.53939
144 1.54248
145 1.54906
146 1.57349
147 1.57845
148 1.58365
149 1.59454
150 1.62051
151 1.63389
152 1.67427
153 1.68578
154 1.68736
155 1.69984
156 1.72992
157 1.73704
158 1.74062
159 1.74884
160 1.76649
161 1.77486
162 1.78958
163 1.81203
164 1.83688
165 1.84852
166 1.85312
167 1.8615
168 1.86358
169 1.87199
170 1.87934
171 1.88353
172 1.88568
173 1.88926
174 1.89115
175 1.91075
176 1.91669
177 1.92245
178 1.92458
179 1.9307
180 1.93436
181 1.94137
182 1.94312
183 1.96535
184 1.97262
185 1.99876
186 2.02204
187 2.02483
188 2.02712
189 2.03903
190 2.04255
191 2.05204
192 2.07596
193 2.0816
194 2.08949
195 2.09333
196 2.09788
197 2.1156
198 2.12008
199 2.12928
200 2.19109
201 2.19414
202 2.20674
203 2.21134
204 2.23724
205 2.23998
206 2.25578
207 2.27018
208 2.27776
209 2.28686
210 2.2899
211 2.29641
212 2.30116
213 2.32143
214 2.32676
215 2.34405
216 2.35238
217 2.36413
218 2.37155
219 2.38517
220 2.38989
221 2.39592
222 2.40859
223 2.41873
224 2.42406
225 2.42731
226 2.43385
227 2.43476
228 2.4427
229 2.4464
230 2.44814
231 2.44957
232 2.4581
233 2.46508
234 2.49267
235 2.50194
236 2.53451
237 2.53899
238 2.54948
239 2.55392
240 2.55613
241 2.57623
242 2.58588
243 2.59248
244 2.59542
245 2.60236
246 2.61255
247 2.61747
248 2.62408
249 2.62749
250 2.63536
251 2.63933
252 2.64233
253 2.6594
254 2.67035
255 2.67773
256 2.6805
257 2.68317
258 2.68956
259 2.69718
260 2.7184
261 2.72892
262 2.74707
263 2.74822
264 2.74997
265 2.7554
266 2.75947
267 2.78989
268 2.8271
269 2.83034
270 2.83406
271 2.83599
272 2.84618
273 2.84889
274 2.85368
275 2.85787
276 2.86629
277 2.87419
278 2.91836
279 2.92681
280 2.93446
281 2.93841
282 2.94132
283 2.9467
284 2.95235
285 2.96459
286 2.98296
287 2.98764
288 2.98995
289 2.99198
290 2.99837
