1 0.00455
2 0.00734
3 0.00881
4 0.01635
5 0.02806
6 0.03107
7 0.03805
8 0.03924
9 0.05077
10 0.06092
11 0.07164
12 0.07781
13 0.0811
14 0.08328
15 0.08669
16 0.09537
17 0.10406
18 0.10835
19 0.11699
20 0.13602
21 0.17176
22 0.18182
23 0.19383
24 0.22895
25 0.23537
26 0.24561
27 0.26293
28 0.27016
29 0.27649
30 0.28381
31 0.29314
32 0.29819
33 0.3116
34 0.31485
35 0.32881
36 0.33505
37 0.33693
38 0.35
39 0.35364
40 0.3551
41 0.36175
42 0.36635
43 0.37582
44 0.38855
45 0.39107
46 0.40131
47 0.40437
48 0.43187
49 0.433
50 0.44223
51 0.45255
52 0.45796
53 0.49118
54 0.50499
55 0.50836
56 0.52126
57 0.53546
58 0.55678
59 0.57616
60 0.57811
61 0.58604
62 0.60037
63 0.61978
64 0.6309
65 0.63786
66 0.64722
67 0.66454
68 0.67739
69 0.68126
70 0.68664
71 0.69791
72 0.70318
73 0.71219
74 0.71714
75 0.73896
76 0.74325
77 0.77898
78 0.79105
79 0.79307
80 0.79467
81 0.80678
82 0.8171
83 0.81828
84 0.83039
85 0.83336
86 0.83766
87 0.84369
88 0.86364
89 0.86938
90 0.88833
91 0.88936
92 0.90176
93 0.90505
94 0.91473
95 0.91918
96 0.93397
97 0.94178
98 0.94842
99 0.96285
100 0.96697
101 0.97931
102 0.98675
103 0.98971
104 1.00656
105 1.02023
106 1.04569
107 1.06351
108 1.07564
109 1.0773
110 1.08255
111 1.11113
112 1.12132
113 1.16135
114 1.18136
115 1.18584
116 1.19715
117 1.20661
118 1.21574
119 1.24302
120 1.2777
121 1.28459
122 1.29952
123 1.30627
124 1.31509
125 1.32812
126 1.33847
127 1.34544
128 1.36118
129 1.36429
130 1.39121
131 1.39371
132 1.40399
133 1.4083
134 1.41287
135 1.43691
136 1.44463
137 1.454
138 1.45683
139 1.46448
140 1.48454
141 1.48588
142 1.49237
143 1.49878
144 1.50152
145 1.50598
146 1.51148
147 1.52153
148 1.52842
149 1.53208
150 1.54008
151 1.54343
152 1.54486
153 1.55054
154 1.5592
155 1.56342
156 1.57067
157 1.57391
158 1.61028
159 1.61963
160 1.62184
161 1.62552
162 1.62957
163 1.63372
164 1.64414
165 1.6505
166 1.65507
167 1.65992
168 1.66961
169 1.6797
170 1.68703
171 1.69177
172 1.69545
173 1.69969
174 1.70383
175 1.71113
176 1.71844
177 1.72549
178 1.73611
179 1.7395
180 1.74701
181 1.75836
182 1.76125
183 1.76248
184 1.76412
185 1.7785
186 1.78584
187 1.80945
188 1.82472
189 1.82649
190 1.8361
191 1.84302
192 1.86333
193 1.87245
194 1.88011
195 1.88715
196 1.8905
197 1.89778
198 1.90905
199 1.92961
200 1.93327
201 1.9455
202 1.94949
203 1.9603
204 1.97373
205 1.97635
206 1.98234
207 1.99539
208 2.00106
209 2.00295
210 2.0057
211 2.02116
212 2.02318
213 2.04281
214 2.05731
215 2.07168
216 2.08726
217 2.09667
218 2.11135
219 2.12532
220 2.12667
221 2.1291
222 2.13166
223 2.13544
224 2.16783
225 2.17414
226 2.17881
227 2.19755
228 2.20883
229 2.21972
230 2.2252
231 2.2329
232 2.24859
233 2.27702
234 2.27986
235 2.29059
236 2.29535
237 2.29833
238 2.30527
239 2.30801
240 2.3104
241 2.31486
242 2.33125
243 2.34311
244 2.35361
245 2.35878
246 2.36728
247 2.37686
248 2.38508
249 2.39364
250 2.39502
251 2.39819
252 2.40946
253 2.42026
254 2.42725
255 2.44811
256 2.47746
257 2.48469
258 2.48712
259 2.49731
260 2.50729
261 2.51142
262 2.53607
263 2.54999
264 2.55274
265 2.55546
266 2.57257
267 2.58153
268 2.58894
269 2.59938
270 2.60873
271 2.61295
272 2.62521
273 2.64335
274 2.66181
275 2.66714
276 2.67095
277 2.68252
278 2.69577
279 2.69996
280 2.71425
281 2.72438
282 2.72831
283 2.73627
284 2.74318
285 2.75759
286 2.7724
287 2.78161
288 2.79754
289 2.80531
290 2.81338
291 2.81503
292 2.82396
293 2.83454
294 2.84444
295 2.85214
296 2.85429
297 2.86346
298 2.88332
299 2.89257
300 2.90015
301 2.90339
302 2.92445
303 2.93106
304 2.94461
305 2.96978
306 2.98171
307 2.98577
