1 0.01139
2 0.01776
3 0.02512
4 0.02873
5 0.03117
6 0.03906
7 0.04198
8 0.04817
9 0.04965
10 0.05725
11 0.07781
12 0.07985
13 0.08463
14 0.09146
15 0.09571
16 0.10102
17 0.10472
18 0.10916
19 0.11501
20 0.12444
21 0.12644
22 0.13374
23 0.14592
24 0.16058
25 0.17539
26 0.18218
27 0.1847
28 0.18602
29 0.18963
30 0.1972
31 0.20597
32 0.21189
33 0.21459
34 0.22452
35 0.2264
36 0.23943
37 0.24324
38 0.25087
39 0.26603
40 0.27616
41 0.28948
42 0.29069
43 0.29397
44 0.30817
45 0.31255
46 0.32485
47 0.32801
48 0.33464
49 0.34282
50 0.35034
51 0.35598
52 0.36051
53 0.36625
54 0.36847
55 0.37181
56 0.38782
57 0.40565
58 0.42983
59 0.43184
60 0.43988
61 0.45498
62 0.46425
63 0.47351
64 0.47928
65 0.48807
66 0.49625
67 0.5005
68 0.50454
69 0.51377
70 0.53059
71 0.53872
72 0.54145
73 0.55631
74 0.58221
75 0.58635
76 0.59119
77 0.59306
78 0.60133
79 0.60618
80 0.61227
81 0.62426
82 0.62845
83 0.63022
84 0.63731
85 0.64143
86 0.67296
87 0.6769
88 0.67944
89 0.68201
90 0.69857
91 0.70341
92 0.71272
93 0.71578
94 0.72976
95 0.74894
96 0.75249
97 0.75736
98 0.78073
99 0.79482
100 0.83429
101 0.84125
102 0.84785
103 0.86725
104 0.87044
105 0.87527
106 0.88346
107 0.89191
108 0.89664
109 0.89964
110 0.91526
111 0.92307
112 0.92492
113 0.94094
114 0.94525
115 0.94891
116 0.95588
117 0.9677
118 0.9766
119 0.98173
120 0.98831
121 0.99384
122 0.99572
123 0.99767
124 1.00419
125 1.01798
126 1.02537
127 1.04477
128 1.05162
129 1.06143
130 1.0818
131 1.09562
132 1.10603
133 1.10903
134 1.11042
135 1.11378
136 1.11599
137 1.12247
138 1.13058
139 1.13181
140 1.13408
141 1.17208
142 1.17969
143 1.18824
144 1.18939
145 1.19235
146 1.19357
147 1.20336
148 1.2207
149 1.22295
150 1.23502
151 1.24087
152 1.24379
153 1.24907
154 1.25192
155 1.25823
156 1.26177
157 1.27536
158 1.28394
159 1.2885
160 1.29075
161 1.2971
162 1.29881
163 1.30111
164 1.30593
165 1.32469
166 1.32913
167 1.33511
168 1.34058
169 1.3463
170 1.36595
171 1.37167
172 1.37774
173 1.38262
174 1.3892
175 1.39241
176 1.40225
177 1.41903
178 1.43018
179 1.43794
180 1.44318
181 1.44511
182 1.45559
183 1.45698
184 1.46598
185 1.46735
186 1.4703
187 1.48106
188 1.49205
189 1.49392
190 1.5118
191 1.52467
192 1.55038
193 1.55134
194 1.57367
195 1.58704
196 1.5919
197 1.59297
198 1.59536
199 1.60575
200 1.60976
201 1.61895
202 1.6212
203 1.6264
204 1.63959
205 1.65392
206 1.66945
207 1.67439
208 1.68251
209 1.68641
210 1.69412
211 1.69835
212 1.72186
213 1.73933
214 1.78166
215 1.79615
216 1.80427
217 1.80764
218 1.82865
219 1.83228
220 1.84117
221 1.84746
222 1.85301
223 1.85746
224 1.85963
225 1.86434
226 1.87091
227 1.87378
228 1.88107
229 1.88296
230 1.88839
231 1.91104
232 1.92806
233 1.93088
234 1.93888
235 1.95178
236 1.95567
237 1.95756
238 1.96511
239 1.96908
240 1.98821
241 1.9896
242 1.99578
243 2.03257
244 2.04195
245 2.05597
246 2.06126
247 2.07867
248 2.0801
249 2.08673
250 2.08987
251 2.09205
252 2.10243
253 2.10572
254 2.11182
255 2.1176
256 2.12884
257 2.13214
258 2.13849
259 2.13987
260 2.14644
261 2.14987
262 2.1721
263 2.18202
264 2.19184
265 2.19468
266 2.20114
267 2.2064
268 2.22866
269 2.24584
270 2.25522
271 2.2583
272 2.29487
273 2.30515
274 2.30895
275 2.32977
276 2.33659
277 2.34392
278 2.34531
279 2.35112
280 2.36109
281 2.3624
282 2.36813
283 2.37652
284 2.38854
285 2.39577
286 2.4133
287 2.42281
288 2.42619
289 2.42934
290 2.43443
291 2.44109
292 2.44576
293 2.45224
294 2.47961
295 2.49436
296 2.49745
297 2.52666
298 2.52811
299 2.54333
300 2.55219
301 2.55447
302 2.55685
303 2.56439
304 2.58239
305 2.58381
306 2.59281
307 2.60233
308 2.60628
309 2.60912
310 2.62511
311 2.63078
312 2.64115
313 2.64592
314 2.67049
315 2.67644
316 2.68147
317 2.68549
318 2.68982
319 2.69878
320 2.70314
321 2.70706
322 2.72583
323 2.7298
324 2.74054
325 2.74884
326 2.75056
327 2.75186
328 2.75403
329 2.75645
330 2.78139
331 2.78914
332 2.79499
333 2.80705
334 2.8153
335 2.82076
336 2.83932
337 2.84366
338 2.84627
339 2.85347
340 2.8655
341 2.8675
342 2.8741
343 2.87921
344 2.88993
345 2.89585
346 2.89833
347 2.92584
348 2.92975
349 2.93202
350 2.93537
351 2.9377
352 2.94464
353 2.94847
354 2.95756
355 2.9861
356 2.99026
