1 0.00597
2 0.00911
3 0.01178
4 0.01742
5 0.02995
6 0.03954
7 0.05136
8 0.06133
9 0.06931
10 0.0748
11 0.0878
12 0.09967
13 0.10587
14 0.11098
15 0.11398
16 0.13194
17 0.13812
18 0.14289
19 0.14628
20 0.16528
21 0.18011
22 0.19341
23 0.20564
24 0.2179
25 0.22058
26 0.23089
27 0.25503
28 0.26476
29 0.27276
30 0.28448
31 0.28936
32 0.29273
33 0.29687
34 0.30898
35 0.32068
36 0.33975
37 0.34434
38 0.34867
39 0.35318
40 0.36371
41 0.3676
42 0.38306
43 0.39313
44 0.40166
45 0.41058
46 0.42072
47 0.42487
48 0.43133
49 0.4395
50 0.45672
51 0.45975
52 0.4643
53 0.46708
54 0.48708
55 0.49684
56 0.51576
57 0.52992
58 0.54107
59 0.5562
60 0.58345
61 0.59692
62 0.60606
63 0.60944
64 0.61723
65 0.61833
66 0.6264
67 0.63674
68 0.65083
69 0.65505
70 0.65936
71 0.66712
72 0.67427
73 0.67757
74 0.69525
75 0.70095
76 0.71049
77 0.7137
78 0.73283
79 0.73994
80 0.7713
81 0.77911
82 0.78437
83 0.78845
84 0.80083
85 0.81105
86 0.81397
87 0.82829
88 0.84621
89 0.85306
90 0.86958
91 0.90146
92 0.90876
93 0.9186
94 0.94735
95 0.95535
96 0.96533
97 0.96825
98 0.9713
99 0.97517
100 0.99392
101 1.0005
102 1.02266
103 1.03952
104 1.04809
105 1.07093
106 1.08501
107 1.09347
108 1.09819
109 1.10359
110 1.1124
111 1.11576
112 1.13139
113 1.14071
114 1.14537
115 1.16232
116 1.18511
117 1.20252
118 1.2114
119 1.22087
120 1.23591
121 1.24439
122 1.2673
123 1.28068
124 1.31794
125 1.32168
126 1.34291
127 1.35691
128 1.36343
129 1.36665
130 1.36971
131 1.37917
132 1.39138
133 1.40905
134 1.41954
135 1.42272
136 1.42712
137 1.43913
138 1.44858
139 1.45563
140 1.4621
141 1.46624
142 1.47589
143 1.47927
144 1.48424
145 1.4925
146 1.50294
147 1.52849
148 1.53564
149 1.55873
150 1.565
151 1.57874
152 1.58276
153 1.59456
154 1.59851
155 1.60468
156 1.6085
157 1.61968
158 1.63446
159 1.63925
160 1.65565
161 1.6602
162 1.67353
163 1.68058
164 1.69634
165 1.70368
166 1.70761
167 1.74717
168 1.77855
169 1.78311
170 1.80654
171 1.83073
172 1.83813
173 1.844
174 1.8614
175 1.87188
176 1.87451
177 1.87833
178 1.88179
179 1.88493
180 1.89027
181 1.90124
182 1.9065
183 1.92488
184 1.93255
185 1.93944
186 1.97457
187 1.98633
188 2.01343
189 2.02224
190 2.03225
191 2.0486
192 2.05271
193 2.05612
194 2.0658
195 2.09927
196 2.11278
197 2.14084
198 2.14641
199 2.14983
200 2.1541
201 2.15726
202 2.1638
203 2.16744
204 2.18449
205 2.20257
206 2.20445
207 2.20763
208 2.21079
209 2.23378
210 2.23912
211 2.24252
212 2.25179
213 2.25711
214 2.26466
215 2.27738
216 2.28835
217 2.29638
218 2.31712
219 2.32394
220 2.33211
221 2.33605
222 2.34546
223 2.36478
224 2.37139
225 2.39457
226 2.40871
227 2.44393
228 2.45071
229 2.45386
230 2.47227
231 2.47516
232 2.51083
233 2.51573
234 2.52656
235 2.53172
236 2.55086
237 2.55341
238 2.56109
239 2.5665
240 2.59071
241 2.60584
242 2.61781
243 2.62125
244 2.64747
245 2.66923
246 2.67514
247 2.68888
248 2.70079
249 2.70515
250 2.70948
251 2.71295
252 2.72193
253 2.72752
254 2.73342
255 2.73924
256 2.76621
257 2.7893
258 2.79424
259 2.79775
260 2.80738
261 2.81223
262 2.81593
263 2.82269
264 2.83051
265 2.85589
266 2.87211
267 2.87649
268 2.88401
269 2.89122
270 2.89581
271 2.91145
272 2.93844
273 2.95889
274 2.96265
275 2.97623
