1 0.00995
2 0.01571
3 0.01808
4 0.02022
5 0.02946
6 0.03515
7 0.04492
8 0.05287
9 0.06698
10 0.08065
11 0.09015
12 0.09486
13 0.10369
14 0.11205
15 0.12264
16 0.12743
17 0.13722
18 0.14109
19 0.14375
20 0.16562
21 0.1933
22 0.19703
23 0.21884
24 0.23066
25 0.23482
26 0.23804
27 0.25717
28 0.26244
29 0.26911
30 0.27612
31 0.29997
32 0.30341
33 0.31142
34 0.31681
35 0.3191
36 0.32041
37 0.33228
38 0.3546
39 0.35732
40 0.36116
41 0.36357
42 0.36934
43 0.37292
44 0.39024
45 0.39138
46 0.41352
47 0.42266
48 0.42609
49 0.42858
50 0.44209
51 0.45313
52 0.45569
53 0.46071
54 0.46894
55 0.47526
56 0.49751
57 0.50625
58 0.50795
59 0.51358
60 0.52381
61 0.5299
62 0.53725
63 0.54886
64 0.5555
65 0.55755
66 0.56177
67 0.57647
68 0.58787
69 0.60825
70 0.61601
71 0.63558
72 0.64721
73 0.64943
74 0.65454
75 0.65801
76 0.66154
77 0.66853
78 0.67925
79 0.68183
80 0.68725
81 0.69658
82 0.69943
83 0.72869
84 0.7298
85 0.74274
86 0.74621
87 0.74874
88 0.7524
89 0.76095
90 0.76363
91 0.76952
92 0.78716
93 0.79463
94 0.82043
95 0.83152
96 0.84221
97 0.8607
98 0.8719
99 0.88685
100 0.89477
101 0.91035
102 0.93049
103 0.93219
104 0.93882
105 0.95526
106 0.9641
107 0.97181
108 0.98125
109 0.99464
110 1.00736
111 1.02369
112 1.02479
113 1.03836
114 1.05317
115 1.07115
116 1.07229
117 1.0928
118 1.09864
119 1.111
120 1.11341
121 1.14573
122 1.14986
123 1.15657
124 1.16332
125 1.16819
126 1.17989
127 1.19528
128 1.20421
129 1.21652
130 1.23652
131 1.24465
132 1.26072
133 1.27936
134 1.28037
135 1.28957
136 1.30976
137 1.31405
138 1.31628
139 1.3198
140 1.32678
141 1.33361
142 1.34542
143 1.35104
144 1.35458
145 1.36821
146 1.38619
147 1.39589
148 1.41598
149 1.42932
150 1.45347
151 1.47686
152 1.48528
153 1.49574
154 1.50551
155 1.50976
156 1.51941
157 1.52418
158 1.54186
159 1.55037
160 1.5608
161 1.59684
162 1.60673
163 1.63433
164 1.6395
165 1.64361
166 1.65956
167 1.66866
168 1.68067
169 1.68408
170 1.69805
171 1.70203
172 1.70631
173 1.71351
174 1.71895
175 1.73772
176 1.7566
177 1.76404
178 1.77625
179 1.78137
180 1.80665
181 1.81032
182 1.82278
183 1.86608
184 1.87308
185 1.87758
186 1.88825
187 1.8917
188 1.89667
189 1.90646
190 1.91414
191 1.91975
192 1.94532
193 1.96592
194 1.97747
195 1.99187
196 1.99381
197 1.99514
198 2.00081
199 2.011
200 2.03284
201 2.0349
202 2.04651
203 2.0628
204 2.06487
205 2.09195
206 2.11374
207 2.1151
208 2.1177
209 2.12369
210 2.14204
211 2.1479
212 2.16055
213 2.16485
214 2.18966
215 2.20163
216 2.20835
217 2.21625
218 2.22074
219 2.24106
220 2.25284
221 2.27072
222 2.28013
223 2.28193
224 2.29215
225 2.30486
226 2.31439
227 2.31827
228 2.33124
229 2.35705
230 2.36471
231 2.38159
232 2.39013
233 2.39656
234 2.40284
235 2.40493
236 2.41712
237 2.42224
238 2.42572
239 2.44587
240 2.45627
241 2.46181
242 2.46652
243 2.4798
244 2.48312
245 2.48443
246 2.50715
247 2.52042
248 2.52349
249 2.52832
250 2.53579
251 2.53902
252 2.54119
253 2.55192
254 2.55947
255 2.56688
256 2.58009
257 2.58519
258 2.59558
259 2.60279
260 2.6056
261 2.61368
262 2.63187
263 2.65307
264 2.65553
265 2.66173
266 2.66673
267 2.67272
268 2.67418
269 2.67842
270 2.68315
271 2.71054
272 2.73652
273 2.74372
274 2.75429
275 2.77026
276 2.78879
277 2.79196
278 2.8014
279 2.81405
280 2.82439
281 2.8532
282 2.85612
283 2.86786
284 2.86954
285 2.88695
286 2.88866
287 2.89242
288 2.89974
289 2.9142
290 2.92565
291 2.931
292 2.95234
293 2.96406
294 2.9736
295 2.97823
296 2.98462
297 2.99275
298 2.99911
