1 0.00591
2 0.00912
3 0.01471
4 0.0159
5 0.01764
6 0.02861
7 0.02975
8 0.03445
9 0.04714
10 0.05197
11 0.05879
12 0.06185
13 0.07143
14 0.08462
15 0.1036
16 0.11065
17 0.11698
18 0.12751
19 0.13437
20 0.14278
21 0.15833
22 0.17091
23 0.18134
24 0.20031
25 0.20616
26 0.21524
27 0.21883
28 0.24743
29 0.26546
30 0.27685
31 0.28084
32 0.29277
33 0.30336
34 0.31537
35 0.33111
36 0.33676
37 0.3418
38 0.34877
39 0.37166
40 0.38068
41 0.38975
42 0.40208
43 0.40741
44 0.41008
45 0.41847
46 0.42818
47 0.43472
48 0.44097
49 0.45127
50 0.45414
51 0.46649
52 0.47326
53 0.49372
54 0.49656
55 0.50509
56 0.51965
57 0.52917
58 0.5331
59 0.54369
60 0.54938
61 0.55965
62 0.56217
63 0.56472
64 0.56843
65 0.57411
66 0.5849
67 0.58656
68 0.598
69 0.60115
70 0.60804
71 0.61951
72 0.62512
73 0.62853
74 0.63063
75 0.6329
76 0.63534
77 0.63742
78 0.6461
79 0.66463
80 0.67508
81 0.68294
82 0.69726
83 0.71067
84 0.72027
85 0.72478
86 0.75675
87 0.76589
88 0.76787
89 0.77942
90 0.78549
91 0.78859
92 0.79749
93 0.8027
94 0.80354
95 0.80707
96 0.81531
97 0.81878
98 0.82318
99 0.82823
100 0.83298
101 0.84646
102 0.87443
103 0.87683
104 0.87831
105 0.89216
106 0.89708
107 0.91727
108 0.9329
109 0.94174
110 0.94901
111 0.95447
112 0.96097
113 0.97235
114 0.97618
115 0.97837
116 0.98812
117 0.99752
118 1.00464
119 1.01776
120 1.0211
121 1.0238
122 1.02818
123 1.03696
124 1.05108
125 1.05495
126 1.0578
127 1.06043
128 1.07631
129 1.0919
130 1.09542
131 1.11375
132 1.13188
133 1.1444
134 1.16448
135 1.17024
136 1.1785
137 1.18464
138 1.19356
139 1.20049
140 1.20485
141 1.2163
142 1.22572
143 1.2602
144 1.27098
145 1.27723
146 1.28233
147 1.28625
148 1.29222
149 1.32263
150 1.32598
151 1.32825
152 1.33122
153 1.34072
154 1.34638
155 1.37398
156 1.37861
157 1.38622
158 1.38956
159 1.42177
160 1.43313
161 1.44274
162 1.46873
163 1.48143
164 1.49077
165 1.50431
166 1.50953
167 1.51246
168 1.51929
169 1.52382
170 1.5258
171 1.52822
172 1.53172
173 1.53548
174 1.54349
175 1.56773
176 1.5714
177 1.57512
178 1.57611
179 1.58681
180 1.5919
181 1.61765
182 1.62403
183 1.62989
184 1.66067
185 1.66984
186 1.67607
187 1.68707
188 1.70295
189 1.71303
190 1.71991
191 1.72591
192 1.73659
193 1.73765
194 1.75602
195 1.75777
196 1.76031
197 1.76623
198 1.76993
199 1.78692
200 1.79617
201 1.80254
202 1.81312
203 1.81936
204 1.83522
205 1.84648
206 1.85236
207 1.8618
208 1.86793
209 1.87085
210 1.87326
211 1.88255
212 1.8881
213 1.90596
214 1.9167
215 1.93643
216 1.94849
217 1.96231
218 1.96684
219 1.97845
220 1.9944
221 1.99905
222 2.00327
223 2.00425
224 2.01512
225 2.01919
226 2.02743
227 2.03807
228 2.04907
229 2.06028
230 2.06438
231 2.06672
232 2.07394
233 2.09395
234 2.10671
235 2.11764
236 2.12618
237 2.1328
238 2.14078
239 2.15057
240 2.15756
241 2.16156
242 2.16545
243 2.17176
244 2.17331
245 2.1839
246 2.19357
247 2.20249
248 2.21992
249 2.22673
250 2.23561
251 2.24552
252 2.25419
253 2.26107
254 2.26397
255 2.27754
256 2.27972
257 2.28438
258 2.29459
259 2.31198
260 2.31637
261 2.32037
262 2.32701
263 2.33699
264 2.36659
265 2.37144
266 2.3742
267 2.3778
268 2.38108
269 2.38242
270 2.38666
271 2.39101
272 2.39495
273 2.40979
274 2.41145
275 2.41358
276 2.41733
277 2.42094
278 2.43168
279 2.43842
280 2.46538
281 2.4674
282 2.47991
283 2.48269
284 2.49611
285 2.50824
286 2.51793
287 2.52672
288 2.52994
289 2.5342
290 2.54038
291 2.57316
292 2.5784
293 2.5837
294 2.58938
295 2.59217
296 2.61989
297 2.63471
298 2.65018
299 2.66123
300 2.66336
301 2.67017
302 2.6734
303 2.68123
304 2.6862
305 2.69366
306 2.70399
307 2.71218
308 2.71694
309 2.71862
310 2.72032
311 2.72594
312 2.74335
313 2.76008
314 2.7717
315 2.77398
316 2.78092
317 2.79059
318 2.79772
319 2.80421
320 2.82223
321 2.82474
322 2.82829
323 2.8322
324 2.83447
325 2.83942
326 2.8444
327 2.85252
328 2.86644
329 2.87365
330 2.89845
331 2.91022
332 2.91359
333 2.92026
334 2.9262
335 2.93034
336 2.94503
337 2.94881
338 2.96242
339 2.97879
340 2.9896
341 2.99433
