1 0.03068
2 0.0474
3 0.06184
4 0.07283
5 0.075
6 0.08316
7 0.08683
8 0.09515
9 0.0961
10 0.09937
11 0.10289
12 0.14928
13 0.15735
14 0.16665
15 0.16913
16 0.17607
17 0.18493
18 0.19289
19 0.21963
20 0.24386
21 0.24928
22 0.2549
23 0.27827
24 0.28543
25 0.28811
26 0.29715
27 0.30063
28 0.31324
29 0.31986
30 0.32374
31 0.33082
32 0.3346
33 0.36086
34 0.37555
35 0.40149
36 0.40738
37 0.41028
38 0.41344
39 0.42151
40 0.4397
41 0.4597
42 0.46409
43 0.48214
44 0.4872
45 0.50341
46 0.50687
47 0.51961
48 0.52413
49 0.52649
50 0.52932
51 0.53613
52 0.54064
53 0.54495
54 0.5525
55 0.56714
56 0.57695
57 0.58776
58 0.59663
59 0.61397
60 0.61855
61 0.65583
62 0.6773
63 0.69107
64 0.70143
65 0.71366
66 0.72229
67 0.73494
68 0.74461
69 0.74996
70 0.75578
71 0.76641
72 0.769
73 0.7892
74 0.80427
75 0.81464
76 0.81772
77 0.82814
78 0.83226
79 0.84875
80 0.87943
81 0.91169
82 0.92854
83 0.95456
84 0.95751
85 0.96152
86 0.96916
87 0.98379
88 0.99375
89 1.02403
90 1.02763
91 1.0311
92 1.03551
93 1.03997
94 1.04358
95 1.05203
96 1.05974
97 1.0632
98 1.07407
99 1.0896
100 1.09771
101 1.10449
102 1.11963
103 1.13575
104 1.14005
105 1.1521
106 1.15838
107 1.16553
108 1.16859
109 1.17736
110 1.18092
111 1.19638
112 1.2022
113 1.21394
114 1.21843
115 1.22603
116 1.23092
117 1.23499
118 1.23987
119 1.25045
120 1.25628
121 1.28118
122 1.28919
123 1.30128
124 1.31191
125 1.31795
126 1.33336
127 1.34318
128 1.35268
129 1.35699
130 1.36738
131 1.36986
132 1.399
133 1.40999
134 1.41305
135 1.41901
136 1.42287
137 1.42637
138 1.42895
139 1.43967
140 1.44493
141 1.44805
142 1.46922
143 1.49791
144 1.50265
145 1.51518
146 1.52787
147 1.56165
148 1.56475
149 1.5691
150 1.57136
151 1.57592
152 1.5864
153 1.58973
154 1.59496
155 1.60426
156 1.62361
157 1.62689
158 1.63071
159 1.6346
160 1.63928
161 1.65636
162 1.66
163 1.6849
164 1.68963
165 1.69225
166 1.69956
167 1.71059
168 1.71499
169 1.71983
170 1.72482
171 1.72841
172 1.73651
173 1.74744
174 1.76278
175 1.77916
176 1.79177
177 1.81807
178 1.8244
179 1.82651
180 1.83113
181 1.85247
182 1.87427
183 1.89021
184 1.89732
185 1.90655
186 1.93485
187 1.93905
188 1.95312
189 1.96953
190 1.98628
191 1.99165
192 1.99943
193 2.0079
194 2.01075
195 2.01709
196 2.02229
197 2.04778
198 2.05249
199 2.08003
200 2.09475
201 2.10019
202 2.1045
203 2.10931
204 2.12335
205 2.15032
206 2.15422
207 2.17538
208 2.17798
209 2.18328
210 2.20788
211 2.25929
212 2.27711
213 2.27899
214 2.28221
215 2.28887
216 2.29249
217 2.29658
218 2.3115
219 2.31432
220 2.31797
221 2.32907
222 2.34612
223 2.34903
224 2.35877
225 2.36222
226 2.37522
227 2.39487
228 2.39972
229 2.40474
230 2.4078
231 2.42219
232 2.44351
233 2.46128
234 2.46613
235 2.48271
236 2.49113
237 2.50446
238 2.53655
239 2.55289
240 2.56674
241 2.5738
242 2.57751
243 2.58482
244 2.60034
245 2.60505
246 2.62185
247 2.63426
248 2.64458
249 2.66073
250 2.67151
251 2.67265
252 2.67511
253 2.6792
254 2.68307
255 2.69255
256 2.70516
257 2.70936
258 2.71349
259 2.72204
260 2.73275
261 2.7416
262 2.76018
263 2.7637
264 2.77471
265 2.77797
266 2.80385
267 2.81554
268 2.81941
269 2.83534
270 2.84631
271 2.85928
272 2.8677
273 2.87192
274 2.87988
275 2.88499
276 2.89601
277 2.90194
278 2.90508
279 2.92042
280 2.93443
281 2.9413
282 2.94882
283 2.96685
284 2.97139
285 2.98597
286 2.9912
287 2.99674
