1 0.013
2 0.02696
3 0.03026
4 0.03547
5 0.04898
6 0.08041
7 0.09599
8 0.09978
9 0.10106
10 0.10527
11 0.10912
12 0.11151
13 0.11521
14 0.12077
15 0.12268
16 0.13141
17 0.13347
18 0.13569
19 0.14488
20 0.14685
21 0.17968
22 0.18862
23 0.19343
24 0.20336
25 0.20992
26 0.22247
27 0.23478
28 0.24952
29 0.25726
30 0.25981
31 0.27251
32 0.27636
33 0.28217
34 0.28779
35 0.29785
36 0.29908
37 0.30592
38 0.30769
39 0.31151
40 0.31269
41 0.31399
42 0.32019
43 0.32646
44 0.32982
45 0.33884
46 0.34287
47 0.34544
48 0.35045
49 0.36129
50 0.36956
51 0.37442
52 0.38499
53 0.39049
54 0.40118
55 0.41689
56 0.42135
57 0.43978
58 0.45094
59 0.46736
60 0.46874
61 0.4743
62 0.47863
63 0.49064
64 0.49724
65 0.49856
66 0.49976
67 0.51102
68 0.51367
69 0.5331
70 0.53732
71 0.54036
72 0.54276
73 0.54549
74 0.55459
75 0.55924
76 0.5632
77 0.56622
78 0.57088
79 0.58764
80 0.60019
81 0.60431
82 0.6083
83 0.62473
84 0.62627
85 0.63112
86 0.69444
87 0.70964
88 0.71182
89 0.72287
90 0.72851
91 0.73194
92 0.74736
93 0.75519
94 0.75679
95 0.76668
96 0.77569
97 0.78234
98 0.79798
99 0.81343
100 0.82387
101 0.83168
102 0.83507
103 0.83731
104 0.84587
105 0.85092
106 0.85992
107 0.86474
108 0.86766
109 0.87489
110 0.89013
111 0.90477
112 0.9103
113 0.92464
114 0.94227
115 0.94616
116 0.95458
117 0.95691
118 0.97368
119 0.9764
120 0.99583
121 1.01471
122 1.0199
123 1.0247
124 1.0319
125 1.04136
126 1.04725
127 1.05377
128 1.06675
129 1.07114
130 1.08072
131 1.08416
132 1.09478
133 1.10253
134 1.10514
135 1.10802
136 1.11199
137 1.11388
138 1.11566
139 1.14184
140 1.16699
141 1.17174
142 1.17984
143 1.18849
144 1.20242
145 1.21031
146 1.22756
147 1.23853
148 1.25059
149 1.25618
150 1.2583
151 1.26673
152 1.27835
153 1.28409
154 1.29671
155 1.29902
156 1.30181
157 1.30866
158 1.31172
159 1.32474
160 1.32769
161 1.33933
162 1.35266
163 1.35941
164 1.37116
165 1.37376
166 1.38429
167 1.3897
168 1.40353
169 1.4123
170 1.41588
171 1.43376
172 1.46072
173 1.47704
174 1.48539
175 1.49063
176 1.50866
177 1.51008
178 1.52803
179 1.53646
180 1.54792
181 1.55286
182 1.56303
183 1.56796
184 1.56924
185 1.58816
186 1.59965
187 1.61088
188 1.61516
189 1.62283
190 1.64365
191 1.65975
192 1.68795
193 1.69376
194 1.70434
195 1.71733
196 1.72395
197 1.73387
198 1.73901
199 1.75488
200 1.77197
201 1.77696
202 1.79876
203 1.80682
204 1.81311
205 1.82049
206 1.82178
207 1.82406
208 1.83561
209 1.8391
210 1.8458
211 1.84952
212 1.86004
213 1.86912
214 1.87594
215 1.88186
216 1.89129
217 1.89744
218 1.90082
219 1.90845
220 1.92531
221 1.92938
222 1.93398
223 1.97337
224 1.98598
225 1.98888
226 2.0118
227 2.02066
228 2.02264
229 2.03287
230 2.05057
231 2.06446
232 2.06747
233 2.07304
234 2.08048
235 2.08569
236 2.10815
237 2.11347
238 2.11912
239 2.12778
240 2.13713
241 2.14325
242 2.14905
243 2.15814
244 2.18528
245 2.1882
246 2.20947
247 2.22733
248 2.25322
249 2.28305
250 2.28495
251 2.29511
252 2.29714
253 2.30977
254 2.32481
255 2.32792
256 2.33402
257 2.34314
258 2.35042
259 2.36317
260 2.38225
261 2.38339
262 2.39446
263 2.39784
264 2.40287
265 2.40602
266 2.42669
267 2.43696
268 2.43895
269 2.44497
270 2.45161
271 2.46672
272 2.47323
273 2.47695
274 2.48322
275 2.49584
276 2.51093
277 2.51249
278 2.52213
279 2.52793
280 2.53916
281 2.54427
282 2.56281
283 2.58002
284 2.58825
285 2.60165
286 2.6055
287 2.60739
288 2.61366
289 2.63544
290 2.63652
291 2.63946
292 2.65199
293 2.65571
294 2.68079
295 2.69538
296 2.69743
297 2.70206
298 2.70467
299 2.70919
300 2.71033
301 2.72012
302 2.73296
303 2.73681
304 2.74881
305 2.75721
306 2.76426
307 2.76593
308 2.77914
309 2.78683
310 2.79065
311 2.80028
312 2.81651
313 2.82564
314 2.8388
315 2.8451
316 2.86492
317 2.86603
318 2.87182
319 2.88859
320 2.90916
321 2.92393
322 2.95262
323 2.95638
324 2.9622
325 2.96396
326 2.96956
327 2.97515
328 2.98384
329 2.99241
330 2.99638
