1 0.00575
2 0.00735
3 0.0147
4 0.01649
5 0.01804
6 0.01966
7 0.04237
8 0.04533
9 0.05929
10 0.06796
11 0.07286
12 0.08223
13 0.09365
14 0.09943
15 0.10646
16 0.10994
17 0.11279
18 0.12356
19 0.13645
20 0.1381
21 0.14303
22 0.14698
23 0.16969
24 0.19206
25 0.19626
26 0.20623
27 0.21171
28 0.22367
29 0.23623
30 0.24398
31 0.24538
32 0.25724
33 0.26174
34 0.26843
35 0.28935
36 0.29553
37 0.30339
38 0.31678
39 0.3357
40 0.34448
41 0.35371
42 0.36941
43 0.37297
44 0.37617
45 0.39425
46 0.40023
47 0.40886
48 0.41044
49 0.41337
50 0.41715
51 0.42252
52 0.42978
53 0.43691
54 0.44408
55 0.45855
56 0.46179
57 0.4834
58 0.49897
59 0.51236
60 0.51479
61 0.5364
62 0.54472
63 0.54739
64 0.55311
65 0.56012
66 0.56419
67 0.57442
68 0.5909
69 0.59309
70 0.5955
71 0.6038
72 0.6061
73 0.61231
74 0.61427
75 0.6303
76 0.63702
77 0.64049
78 0.6529
79 0.65714
80 0.66594
81 0.66947
82 0.67519
83 0.68223
84 0.69733
85 0.70047
86 0.71105
87 0.71487
88 0.72137
89 0.72901
90 0.7307
91 0.73693
92 0.73961
93 0.74159
94 0.76397
95 0.77009
96 0.77262
97 0.77732
98 0.7898
99 0.79197
100 0.79511
101 0.81685
102 0.84362
103 0.84885
104 0.85363
105 0.8571
106 0.86378
107 0.87235
108 0.8753
109 0.88003
110 0.88282
111 0.88396
112 0.89529
113 0.90905
114 0.92697
115 0.93736
116 0.95293
117 0.95601
118 0.97007
119 0.98192
120 0.98613
121 0.99349
122 0.99791
123 1.0166
124 1.02716
125 1.03327
126 1.04547
127 1.06227
128 1.08613
129 1.10167
130 1.11026
131 1.11431
132 1.11992
133 1.12745
134 1.13723
135 1.15419
136 1.15884
137 1.16675
138 1.18944
139 1.19244
140 1.19902
141 1.20196
142 1.21385
143 1.22217
144 1.23757
145 1.24683
146 1.24959
147 1.27409
148 1.2884
149 1.30227
150 1.31404
151 1.32013
152 1.3326
153 1.33655
154 1.34662
155 1.35655
156 1.36351
157 1.36833
158 1.38155
159 1.38553
160 1.38783
161 1.3911
162 1.39775
163 1.40263
164 1.42593
165 1.44323
166 1.452
167 1.46045
168 1.46865
169 1.47187
170 1.4932
171 1.4944
172 1.49996
173 1.50389
174 1.51601
175 1.5208
176 1.52842
177 1.55148
178 1.55333
179 1.56238
180 1.57957
181 1.59027
182 1.59184
183 1.60297
184 1.60565
185 1.6086
186 1.61513
187 1.6227
188 1.62959
189 1.63245
190 1.63429
191 1.64009
192 1.64999
193 1.66026
194 1.67186
195 1.67451
196 1.68854
197 1.69706
198 1.71778
199 1.73259
200 1.73631
201 1.73777
202 1.78605
203 1.78919
204 1.79544
205 1.80365
206 1.81184
207 1.83205
208 1.83372
209 1.85707
210 1.86187
211 1.86418
212 1.86965
213 1.87259
214 1.88646
215 1.89204
216 1.90405
217 1.90894
218 1.91685
219 1.91886
220 1.93883
221 1.95036
222 1.98776
223 1.99512
224 2.02048
225 2.04777
226 2.07293
227 2.0832
228 2.10871
229 2.11441
230 2.11773
231 2.12288
232 2.15763
233 2.16033
234 2.1691
235 2.18442
236 2.19455
237 2.19643
238 2.20803
239 2.21437
240 2.22433
241 2.22948
242 2.23539
243 2.24481
244 2.25153
245 2.26587
246 2.27838
247 2.30491
248 2.31091
249 2.32449
250 2.33047
251 2.33437
252 2.33775
253 2.34264
254 2.34513
255 2.35354
256 2.37478
257 2.38317
258 2.39651
259 2.4068
260 2.4091
261 2.41058
262 2.42276
263 2.426
264 2.42869
265 2.43781
266 2.44379
267 2.44972
268 2.45683
269 2.45827
270 2.46293
271 2.47949
272 2.48339
273 2.48921
274 2.49109
275 2.4941
276 2.51741
277 2.51987
278 2.52768
279 2.54186
280 2.54964
281 2.56872
282 2.58505
283 2.59701
284 2.6147
285 2.61584
286 2.61962
287 2.62263
288 2.62487
289 2.63658
290 2.64433
291 2.65142
292 2.65671
293 2.66097
294 2.66703
295 2.66961
296 2.67091
297 2.69241
298 2.69497
299 2.70262
300 2.71451
301 2.7193
302 2.72629
303 2.74259
304 2.76675
305 2.77255
306 2.78699
307 2.80133
308 2.80296
309 2.81596
310 2.82144
311 2.83623
312 2.85694
313 2.85806
314 2.86199
315 2.8646
316 2.86881
317 2.89235
318 2.89625
319 2.90458
320 2.90625
321 2.92971
322 2.9379
323 2.94208
324 2.94789
325 2.95759
326 2.97219
327 2.97899
328 2.99178
