1 0.00347
2 0.0046
3 0.0148
4 0.02374
5 0.03384
6 0.04403
7 0.0494
8 0.0557
9 0.08243
10 0.09106
11 0.11007
12 0.11298
13 0.11676
14 0.12419
15 0.14686
16 0.17255
17 0.18584
18 0.19434
19 0.19814
20 0.20054
21 0.2181
22 0.24467
23 0.25012
24 0.25942
25 0.26981
26 0.27243
27 0.28236
28 0.29221
29 0.3014
30 0.31953
31 0.34063
32 0.35376
33 0.35844
34 0.3652
35 0.36664
36 0.36907
37 0.37408
38 0.38333
39 0.39732
40 0.4025
41 0.40829
42 0.41187
43 0.41756
44 0.42121
45 0.42608
46 0.43705
47 0.43948
48 0.4526
49 0.47812
50 0.48142
51 0.48686
52 0.4981
53 0.5169
54 0.55341
55 0.58078
56 0.58311
57 0.58992
58 0.59765
59 0.60173
60 0.61172
61 0.61692
62 0.62322
63 0.62863
64 0.63245
65 0.6457
66 0.65761
67 0.66651
68 0.68782
69 0.69208
70 0.69541
71 0.69719
72 0.69907
73 0.71973
74 0.73051
75 0.73841
76 0.74364
77 0.75281
78 0.791
79 0.80396
80 0.81404
81 0.82949
82 0.84039
83 0.85766
84 0.88259
85 0.89281
86 0.90979
87 0.91863
88 0.92566
89 0.93304
90 0.93972
91 0.94837
92 0.96109
93 0.97289
94 0.98105
95 0.98841
96 0.99187
97 1.00436
98 1.00876
99 1.01499
100 1.01666
101 1.01894
102 1.02182
103 1.03254
104 1.05241
105 1.07501
106 1.08607
107 1.09549
108 1.10497
109 1.11346
110 1.12017
111 1.12872
112 1.13216
113 1.13384
114 1.1387
115 1.18949
116 1.19179
117 1.19335
118 1.19976
119 1.2042
120 1.20936
121 1.22103
122 1.22604
123 1.23343
124 1.24488
125 1.25152
126 1.25525
127 1.2574
128 1.26873
129 1.30401
130 1.30815
131 1.31713
132 1.34555
133 1.34823
134 1.35975
135 1.36283
136 1.36858
137 1.36938
138 1.38114
139 1.40423
140 1.40775
141 1.43334
142 1.47078
143 1.48389
144 1.4865
145 1.50218
146 1.50304
147 1.51785
148 1.52258
149 1.52337
150 1.54215
151 1.57508
152 1.61135
153 1.61352
154 1.61828
155 1.62077
156 1.62575
157 1.63901
158 1.65649
159 1.65924
160 1.67801
161 1.68857
162 1.69596
163 1.69757
164 1.72158
165 1.73047
166 1.73756
167 1.74274
168 1.74622
169 1.75111
170 1.77384
171 1.78605
172 1.80662
173 1.86954
174 1.87546
175 1.89479
176 1.91427
177 1.93618
178 1.94494
179 1.94711
180 1.94879
181 1.95112
182 1.95733
183 1.9609
184 1.97877
185 2.01982
186 2.04512
187 2.05106
188 2.05447
189 2.06563
190 2.07031
191 2.09746
192 2.10347
193 2.11218
194 2.11316
195 2.11586
196 2.12029
197 2.13162
198 2.13943
199 2.1499
200 2.15481
201 2.17425
202 2.18219
203 2.19655
204 2.20957
205 2.21717
206 2.22347
207 2.22862
208 2.23105
209 2.25521
210 2.26834
211 2.27397
212 2.28274
213 2.2884
214 2.336
215 2.34345
216 2.35471
217 2.35662
218 2.3833
219 2.39386
220 2.39816
221 2.4
222 2.42998
223 2.44328
224 2.45217
225 2.45501
226 2.45825
227 2.46318
228 2.47382
229 2.48611
230 2.4907
231 2.49278
232 2.50434
233 2.50668
234 2.51462
235 2.54392
236 2.54557
237 2.57067
238 2.58206
239 2.58609
240 2.59176
241 2.61885
242 2.63317
243 2.63921
244 2.64793
245 2.65153
246 2.67215
247 2.67463
248 2.69093
249 2.70884
250 2.721
251 2.72675
252 2.73258
253 2.73511
254 2.75029
255 2.77033
256 2.78951
257 2.7988
258 2.82185
259 2.82673
260 2.84271
261 2.8555
262 2.86024
263 2.8665
264 2.87034
265 2.87299
266 2.8789
267 2.88828
268 2.90227
269 2.904
270 2.90969
271 2.91603
272 2.92019
273 2.92838
274 2.93729
275 2.94603
276 2.94968
277 2.98237
278 2.99094
