1 0.00435
2 0.03638
3 0.03943
4 0.0432
5 0.05672
6 0.07514
7 0.07631
8 0.08814
9 0.09329
10 0.10013
11 0.11534
12 0.12745
13 0.13384
14 0.14375
15 0.16257
16 0.16667
17 0.17642
18 0.18133
19 0.1934
20 0.19798
21 0.19965
22 0.23663
23 0.27829
24 0.29021
25 0.29747
26 0.30116
27 0.32079
28 0.33974
29 0.34601
30 0.35059
31 0.35503
32 0.36508
33 0.37225
34 0.3763
35 0.38115
36 0.40725
37 0.41009
38 0.42435
39 0.42832
40 0.43257
41 0.43706
42 0.44653
43 0.45989
44 0.49858
45 0.52421
46 0.52992
47 0.54233
48 0.55399
49 0.56122
50 0.5711
51 0.58078
52 0.5888
53 0.59781
54 0.61493
55 0.64368
56 0.64981
57 0.66824
58 0.67943
59 0.69644
60 0.70608
61 0.71715
62 0.75048
63 0.75643
64 0.78512
65 0.81554
66 0.83655
67 0.85431
68 0.87572
69 0.88158
70 0.90662
71 0.92293
72 0.92844
73 0.93588
74 0.94354
75 0.95316
76 0.97171
77 1.00161
78 1.02788
79 1.03244
80 1.04026
81 1.04384
82 1.04939
83 1.05414
84 1.08513
85 1.09
86 1.09456
87 1.09856
88 1.10976
89 1.1217
90 1.12627
91 1.13695
92 1.15163
93 1.17836
94 1.18291
95 1.22928
96 1.24039
97 1.28213
98 1.28585
99 1.28986
100 1.29532
101 1.30214
102 1.32729
103 1.33506
104 1.34
105 1.34489
106 1.34981
107 1.35446
108 1.37678
109 1.39239
110 1.39786
111 1.41465
112 1.4338
113 1.44089
114 1.45279
115 1.45769
116 1.5039
117 1.52529
118 1.5418
119 1.60523
120 1.61546
121 1.66319
122 1.66685
123 1.67407
124 1.6814
125 1.70824
126 1.72799
127 1.73826
128 1.74896
129 1.77643
130 1.78349
131 1.78885
132 1.79803
133 1.8037
134 1.80715
135 1.83192
136 1.85259
137 1.86324
138 1.87197
139 1.87509
140 1.88248
141 1.90718
142 1.91571
143 1.92883
144 1.94428
145 1.94582
146 2.01114
147 2.02165
148 2.03791
149 2.04552
150 2.06695
151 2.07334
152 2.08408
153 2.08832
154 2.09584
155 2.09999
156 2.1054
157 2.11411
158 2.128
159 2.13283
160 2.16742
161 2.17972
162 2.19039
163 2.1966
164 2.20343
165 2.20891
166 2.24356
167 2.25247
168 2.26542
169 2.29328
170 2.29683
171 2.31741
172 2.33341
173 2.36549
174 2.3683
175 2.3725
176 2.38681
177 2.42357
178 2.4365
179 2.44521
180 2.45854
181 2.49262
182 2.53675
183 2.54214
184 2.54719
185 2.56816
186 2.5784
187 2.58509
188 2.59023
189 2.59639
190 2.60642
191 2.6219
192 2.6317
193 2.67645
194 2.68861
195 2.69339
196 2.71709
197 2.76954
198 2.78443
199 2.78942
200 2.79429
201 2.80847
202 2.82302
203 2.82708
204 2.83205
205 2.84813
206 2.85669
207 2.8693
208 2.88493
209 2.89099
210 2.90551
211 2.91689
212 2.92777
213 2.94212
214 2.99282
