1 0.02132
2 0.03035
3 0.03568
4 0.03783
5 0.04099
6 0.04452
7 0.05088
8 0.05401
9 0.05683
10 0.06177
11 0.08166
12 0.08731
13 0.09522
14 0.10163
15 0.10441
16 0.12721
17 0.13109
18 0.15421
19 0.16208
20 0.16924
21 0.17415
22 0.17904
23 0.18669
24 0.22526
25 0.24234
26 0.24534
27 0.24985
28 0.26136
29 0.2668
30 0.27483
31 0.28015
32 0.28602
33 0.28839
34 0.29427
35 0.30743
36 0.32009
37 0.32296
38 0.3296
39 0.33319
40 0.34751
41 0.35004
42 0.3705
43 0.39677
44 0.4038
45 0.40975
46 0.41343
47 0.41753
48 0.47796
49 0.48632
50 0.49704
51 0.50307
52 0.52042
53 0.52201
54 0.5263
55 0.52878
56 0.53562
57 0.53804
58 0.55578
59 0.55931
60 0.5619
61 0.56656
62 0.56956
63 0.57262
64 0.58733
65 0.60162
66 0.62529
67 0.62874
68 0.63785
69 0.65576
70 0.66038
71 0.66938
72 0.687
73 0.691
74 0.69447
75 0.70855
76 0.73458
77 0.73707
78 0.77119
79 0.78659
80 0.78909
81 0.81327
82 0.82435
83 0.83009
84 0.83722
85 0.86402
86 0.87174
87 0.90817
88 0.91573
89 0.91824
90 0.93522
91 0.93851
92 0.94745
93 0.95317
94 0.96634
95 0.98338
96 1.02067
97 1.02358
98 1.03175
99 1.04291
100 1.07274
101 1.07454
102 1.07707
103 1.0866
104 1.09725
105 1.11453
106 1.12776
107 1.15555
108 1.16058
109 1.16534
110 1.1705
111 1.18379
112 1.19082
113 1.22074
114 1.22918
115 1.2386
116 1.26073
117 1.26977
118 1.27529
119 1.29364
120 1.30064
121 1.31024
122 1.31747
123 1.32129
124 1.32879
125 1.33543
126 1.33741
127 1.33978
128 1.3603
129 1.39224
130 1.40643
131 1.42264
132 1.42823
133 1.43125
134 1.44732
135 1.46691
136 1.4917
137 1.5047
138 1.52491
139 1.5304
140 1.53521
141 1.54356
142 1.55786
143 1.56046
144 1.56505
145 1.57863
146 1.5919
147 1.60309
148 1.61434
149 1.65316
150 1.66554
151 1.6799
152 1.68836
153 1.7029
154 1.71341
155 1.73577
156 1.74032
157 1.74317
158 1.7818
159 1.81077
160 1.82606
161 1.82962
162 1.84623
163 1.87119
164 1.8744
165 1.87985
166 1.90061
167 1.91005
168 1.92269
169 1.93795
170 1.95123
171 1.97911
172 1.98139
173 1.98845
174 2.0012
175 2.00407
176 2.02257
177 2.03437
178 2.04221
179 2.0474
180 2.05847
181 2.06201
182 2.07518
183 2.08359
184 2.12618
185 2.15268
186 2.15939
187 2.16195
188 2.16678
189 2.17144
190 2.1776
191 2.18228
192 2.22891
193 2.23301
194 2.23577
195 2.24768
196 2.25889
197 2.26899
198 2.29542
199 2.32305
200 2.33896
201 2.34449
202 2.34838
203 2.35785
204 2.36449
205 2.40132
206 2.41146
207 2.42534
208 2.44301
209 2.46507
210 2.48513
211 2.49062
212 2.49466
213 2.53892
214 2.54153
215 2.54622
216 2.54925
217 2.58704
218 2.58929
219 2.59816
220 2.62056
221 2.62324
222 2.66829
223 2.6747
224 2.68275
225 2.69092
226 2.72362
227 2.72976
228 2.73211
229 2.79288
230 2.79676
231 2.80756
232 2.81896
233 2.82513
234 2.82992
235 2.83273
236 2.83887
237 2.8487
238 2.85146
239 2.85896
240 2.87153
241 2.89364
242 2.91544
243 2.91944
244 2.92326
245 2.92656
246 2.93324
247 2.98518
248 2.98754
249 2.99053
