1 0.01689
2 0.02713
3 0.02985
4 0.04257
5 0.05169
6 0.05491
7 0.07188
8 0.07558
9 0.0791
10 0.08723
11 0.09104
12 0.09645
13 0.10511
14 0.11165
15 0.12211
16 0.1253
17 0.13824
18 0.1496
19 0.15744
20 0.16293
21 0.17488
22 0.18067
23 0.21093
24 0.21896
25 0.23022
26 0.23475
27 0.25243
28 0.26492
29 0.2786
30 0.28127
31 0.30079
32 0.31343
33 0.32357
34 0.32739
35 0.33132
36 0.33393
37 0.33934
38 0.34553
39 0.35023
40 0.35351
41 0.37594
42 0.38174
43 0.39162
44 0.40254
45 0.40966
46 0.42363
47 0.43095
48 0.43582
49 0.44739
50 0.45578
51 0.46056
52 0.48699
53 0.50333
54 0.52098
55 0.52995
56 0.55651
57 0.56659
58 0.58005
59 0.5875
60 0.5965
61 0.61386
62 0.62714
63 0.63603
64 0.64285
65 0.64757
66 0.65482
67 0.65896
68 0.67785
69 0.68289
70 0.69837
71 0.7096
72 0.71355
73 0.722
74 0.73015
75 0.76241
76 0.76555
77 0.77201
78 0.77512
79 0.80039
80 0.81104
81 0.81731
82 0.83064
83 0.84906
84 0.85246
85 0.86606
86 0.86982
87 0.876
88 0.88661
89 0.89325
90 0.90819
91 0.94303
92 0.95485
93 0.96342
94 0.96618
95 0.96904
96 0.97472
97 0.97776
98 0.98384
99 0.98711
100 1.01539
101 1.01841
102 1.02362
103 1.0284
104 1.04345
105 1.0476
106 1.05383
107 1.05731
108 1.06387
109 1.06782
110 1.07435
111 1.08527
112 1.09828
113 1.11025
114 1.12544
115 1.14387
116 1.14821
117 1.15886
118 1.16787
119 1.18181
120 1.18843
121 1.19223
122 1.19592
123 1.20672
124 1.22698
125 1.23057
126 1.23491
127 1.24347
128 1.2689
129 1.29399
130 1.30818
131 1.31846
132 1.34059
133 1.34876
134 1.35272
135 1.36998
136 1.37328
137 1.37677
138 1.38684
139 1.39148
140 1.39386
141 1.40199
142 1.41323
143 1.41886
144 1.4293
145 1.44894
146 1.45669
147 1.46621
148 1.47443
149 1.51455
150 1.51802
151 1.52848
152 1.54163
153 1.55912
154 1.56505
155 1.57213
156 1.58257
157 1.59513
158 1.6006
159 1.60997
160 1.63497
161 1.65576
162 1.66546
163 1.67618
164 1.68018
165 1.69255
166 1.70008
167 1.71553
168 1.71968
169 1.72387
170 1.73274
171 1.73735
172 1.74056
173 1.78256
174 1.79144
175 1.79725
176 1.81285
177 1.83077
178 1.86132
179 1.866
180 1.87137
181 1.87802
182 1.88139
183 1.89047
184 1.89748
185 1.90267
186 1.91882
187 1.92473
188 1.93519
189 1.93878
190 1.94636
191 1.95282
192 1.97753
193 1.99142
194 1.99905
195 2.00519
196 2.00798
197 2.02852
198 2.04544
199 2.05616
200 2.06994
201 2.07712
202 2.08021
203 2.0875
204 2.09933
205 2.10358
206 2.11388
207 2.12713
208 2.13022
209 2.14567
210 2.16736
211 2.17139
212 2.1756
213 2.17794
214 2.19509
215 2.21614
216 2.23064
217 2.23388
218 2.23738
219 2.24831
220 2.25191
221 2.26021
222 2.28214
223 2.28977
224 2.3142
225 2.32464
226 2.32865
227 2.33121
228 2.35496
229 2.3581
230 2.36231
231 2.375
232 2.37845
233 2.39417
234 2.39702
235 2.40107
236 2.40434
237 2.40799
238 2.41226
239 2.4181
240 2.42685
241 2.44357
242 2.45093
243 2.454
244 2.46192
245 2.46671
246 2.4858
247 2.51103
248 2.52151
249 2.53603
250 2.53957
251 2.553
252 2.55729
253 2.57391
254 2.5786
255 2.60923
256 2.62045
257 2.66164
258 2.67462
259 2.67551
260 2.68317
261 2.69553
262 2.7141
263 2.71767
264 2.73874
265 2.75078
266 2.7659
267 2.78291
268 2.79767
269 2.80096
270 2.8394
271 2.85494
272 2.85901
273 2.86306
274 2.86876
275 2.88406
276 2.89513
277 2.90856
278 2.91266
279 2.91629
280 2.95384
281 2.97563
282 2.98006
283 2.98383
