1 0.003
2 0.00663
3 0.01271
4 0.01854
5 0.02205
6 0.0255
7 0.02883
8 0.03599
9 0.03893
10 0.05301
11 0.06119
12 0.06364
13 0.06862
14 0.07648
15 0.08287
16 0.08704
17 0.09352
18 0.09456
19 0.09786
20 0.1117
21 0.11732
22 0.12536
23 0.14783
24 0.15844
25 0.16001
26 0.16442
27 0.17369
28 0.18043
29 0.19145
30 0.20586
31 0.22979
32 0.23912
33 0.25418
34 0.26017
35 0.26822
36 0.2726
37 0.29197
38 0.3048
39 0.30858
40 0.32114
41 0.32402
42 0.32767
43 0.33911
44 0.34629
45 0.35379
46 0.36785
47 0.37725
48 0.38213
49 0.3994
50 0.41009
51 0.41937
52 0.4215
53 0.42573
54 0.43496
55 0.43991
56 0.44758
57 0.44959
58 0.45326
59 0.46116
60 0.46646
61 0.47557
62 0.47939
63 0.48848
64 0.495
65 0.50996
66 0.52008
67 0.52775
68 0.53245
69 0.54313
70 0.55102
71 0.55338
72 0.55818
73 0.5721
74 0.5792
75 0.58134
76 0.58442
77 0.58842
78 0.59484
79 0.59714
80 0.64328
81 0.66057
82 0.66884
83 0.67402
84 0.68549
85 0.71075
86 0.71658
87 0.73843
88 0.7447
89 0.76091
90 0.76351
91 0.76546
92 0.78776
93 0.79459
94 0.80303
95 0.80993
96 0.82468
97 0.83427
98 0.84097
99 0.84543
100 0.86274
101 0.86372
102 0.8686
103 0.87781
104 0.89046
105 0.89664
106 0.89826
107 0.91262
108 0.93066
109 0.95153
110 0.96681
111 0.97249
112 0.97803
113 0.98816
114 0.99105
115 0.99283
116 0.99595
117 1.00416
118 1.01253
119 1.01546
120 1.01883
121 1.04005
122 1.04629
123 1.05157
124 1.05694
125 1.0609
126 1.06819
127 1.07897
128 1.08413
129 1.09236
130 1.10317
131 1.12939
132 1.14251
133 1.16227
134 1.16896
135 1.17176
136 1.17674
137 1.19283
138 1.20055
139 1.21694
140 1.22308
141 1.2246
142 1.24378
143 1.25009
144 1.26603
145 1.27702
146 1.28857
147 1.30064
148 1.31733
149 1.32825
150 1.33154
151 1.33335
152 1.33601
153 1.34362
154 1.36245
155 1.37511
156 1.38751
157 1.38902
158 1.3946
159 1.39932
160 1.40978
161 1.41689
162 1.43207
163 1.44908
164 1.4604
165 1.46627
166 1.47007
167 1.47379
168 1.48287
169 1.48684
170 1.50578
171 1.51605
172 1.52611
173 1.53323
174 1.53955
175 1.55234
176 1.56041
177 1.56324
178 1.56846
179 1.57602
180 1.58579
181 1.6085
182 1.62215
183 1.62781
184 1.63193
185 1.63879
186 1.64641
187 1.66099
188 1.665
189 1.66733
190 1.67649
191 1.68086
192 1.69453
193 1.69931
194 1.71114
195 1.72293
196 1.73973
197 1.74971
198 1.76096
199 1.76705
200 1.76862
201 1.78433
202 1.78634
203 1.78771
204 1.81365
205 1.83306
206 1.84116
207 1.8424
208 1.85176
209 1.86174
210 1.86808
211 1.87436
212 1.87898
213 1.89468
214 1.91029
215 1.91994
216 1.94189
217 1.95149
218 1.95302
219 1.96248
220 1.97235
221 1.97843
222 2.00538
223 2.00935
224 2.0198
225 2.02102
226 2.03115
227 2.04149
228 2.04862
229 2.05482
230 2.05778
231 2.06388
232 2.0685
233 2.07466
234 2.08104
235 2.09315
236 2.09596
237 2.11551
238 2.1212
239 2.14676
240 2.16577
241 2.17792
242 2.18634
243 2.1952
244 2.20972
245 2.21456
246 2.22415
247 2.23636
248 2.24649
249 2.25681
250 2.25866
251 2.28315
252 2.28865
253 2.29169
254 2.29935
255 2.32068
256 2.32244
257 2.3334
258 2.33726
259 2.34435
260 2.37123
261 2.37402
262 2.38026
263 2.38699
264 2.39371
265 2.40002
266 2.42125
267 2.42423
268 2.43987
269 2.44329
270 2.46136
271 2.47436
272 2.49454
273 2.50464
274 2.51896
275 2.52362
276 2.52709
277 2.53516
278 2.53985
279 2.54483
280 2.55139
281 2.5628
282 2.56474
283 2.57745
284 2.58131
285 2.58704
286 2.5912
287 2.59747
288 2.5999
289 2.60248
290 2.61297
291 2.61456
292 2.61834
293 2.62497
294 2.63002
295 2.63692
296 2.63829
297 2.64652
298 2.65746
299 2.66813
300 2.68801
301 2.69914
302 2.71191
303 2.72061
304 2.73122
305 2.74532
306 2.75907
307 2.7608
308 2.77558
309 2.78001
310 2.78403
311 2.78743
312 2.79295
313 2.81441
314 2.81605
315 2.83087
316 2.83485
317 2.84745
318 2.86543
319 2.87412
320 2.88624
321 2.89168
322 2.90328
323 2.91461
324 2.91635
325 2.9195
326 2.92238
327 2.93647
328 2.94732
329 2.96344
330 2.97114
331 2.98488
