1 0.00429
2 0.00747
3 0.01299
4 0.02165
5 0.02905
6 0.03939
7 0.06543
8 0.07618
9 0.08092
10 0.09078
11 0.10046
12 0.11111
13 0.11535
14 0.11699
15 0.11979
16 0.12646
17 0.13077
18 0.14356
19 0.14533
20 0.14757
21 0.15693
22 0.16505
23 0.16817
24 0.17908
25 0.18477
26 0.1951
27 0.21148
28 0.21849
29 0.22233
30 0.22386
31 0.22693
32 0.23823
33 0.24592
34 0.25076
35 0.27107
36 0.30237
37 0.30913
38 0.31639
39 0.3233
40 0.33938
41 0.34288
42 0.34771
43 0.35657
44 0.36656
45 0.37145
46 0.37461
47 0.38095
48 0.38984
49 0.39757
50 0.40008
51 0.41733
52 0.42283
53 0.44223
54 0.45258
55 0.47602
56 0.4907
57 0.49351
58 0.50694
59 0.51537
60 0.51884
61 0.52253
62 0.54082
63 0.54721
64 0.55042
65 0.55453
66 0.55804
67 0.57606
68 0.58101
69 0.586
70 0.60042
71 0.61681
72 0.63329
73 0.63612
74 0.63937
75 0.6445
76 0.6714
77 0.68231
78 0.69309
79 0.69812
80 0.69975
81 0.70645
82 0.70845
83 0.71337
84 0.72459
85 0.74667
86 0.75716
87 0.75942
88 0.78712
89 0.78865
90 0.793
91 0.80536
92 0.80707
93 0.81671
94 0.82028
95 0.82624
96 0.8356
97 0.84535
98 0.85751
99 0.87495
100 0.88411
101 0.8918
102 0.89678
103 0.90178
104 0.9065
105 0.90941
106 0.91205
107 0.91696
108 0.92247
109 0.93791
110 0.94075
111 0.9469
112 0.9682
113 0.9823
114 0.98652
115 0.99933
116 1.00339
117 1.00777
118 1.01039
119 1.01661
120 1.03108
121 1.03837
122 1.05223
123 1.06163
124 1.06516
125 1.07161
126 1.08011
127 1.0828
128 1.09134
129 1.09936
130 1.13056
131 1.13316
132 1.13759
133 1.139
134 1.14192
135 1.14655
136 1.15682
137 1.17192
138 1.17472
139 1.18442
140 1.20485
141 1.22646
142 1.23701
143 1.24167
144 1.24421
145 1.25321
146 1.25755
147 1.27786
148 1.29419
149 1.31915
150 1.32955
151 1.33258
152 1.35415
153 1.3614
154 1.37011
155 1.37746
156 1.38671
157 1.39386
158 1.39532
159 1.40402
160 1.40803
161 1.41042
162 1.4138
163 1.41519
164 1.41996
165 1.44484
166 1.44633
167 1.45657
168 1.47438
169 1.47666
170 1.48993
171 1.49765
172 1.51813
173 1.52518
174 1.52869
175 1.532
176 1.55748
177 1.58053
178 1.59619
179 1.59986
180 1.60158
181 1.60606
182 1.62504
183 1.62664
184 1.63268
185 1.63581
186 1.64944
187 1.66705
188 1.67178
189 1.68852
190 1.69016
191 1.69647
192 1.70825
193 1.71125
194 1.7271
195 1.73169
196 1.73948
197 1.74089
198 1.74356
199 1.74728
200 1.76107
201 1.77734
202 1.78172
203 1.80625
204 1.81065
205 1.82869
206 1.84041
207 1.8452
208 1.84652
209 1.86703
210 1.87491
211 1.87788
212 1.88237
213 1.8871
214 1.89187
215 1.89578
216 1.90136
217 1.91552
218 1.92535
219 1.93063
220 1.94825
221 1.96525
222 1.97504
223 1.98644
224 2.0025
225 2.01731
226 2.02826
227 2.04484
228 2.07177
229 2.07675
230 2.10235
231 2.10441
232 2.11288
233 2.12365
234 2.12924
235 2.1309
236 2.14722
237 2.18882
238 2.21096
239 2.23684
240 2.24188
241 2.26161
242 2.2721
243 2.28896
244 2.30125
245 2.31044
246 2.31485
247 2.3329
248 2.33571
249 2.34314
250 2.3587
251 2.36927
252 2.38046
253 2.39969
254 2.40953
255 2.41756
256 2.42939
257 2.44098
258 2.44756
259 2.45178
260 2.46305
261 2.46682
262 2.47549
263 2.48022
264 2.48488
265 2.48999
266 2.50447
267 2.52183
268 2.52552
269 2.53017
270 2.53379
271 2.53613
272 2.53973
273 2.54468
274 2.5573
275 2.56146
276 2.58034
277 2.59115
278 2.60307
279 2.60911
280 2.61499
281 2.63248
282 2.6389
283 2.64991
284 2.65237
285 2.65854
286 2.66456
287 2.68494
288 2.69338
289 2.69884
290 2.71069
291 2.71543
292 2.73326
293 2.73726
294 2.73907
295 2.75617
296 2.7694
297 2.78113
298 2.78313
299 2.79239
300 2.79531
301 2.81355
302 2.82142
303 2.83198
304 2.83691
305 2.8383
306 2.85015
307 2.86317
308 2.86829
309 2.87255
310 2.87539
311 2.88604
312 2.88872
313 2.90339
314 2.90488
315 2.91444
316 2.93011
317 2.9627
318 2.9663
319 2.9741
320 2.97997
321 2.98136
322 2.99806
