1 0.0134
2 0.02311
3 0.02798
4 0.03276
5 0.05235
6 0.05744
7 0.07007
8 0.07564
9 0.11393
10 0.12082
11 0.12722
12 0.15444
13 0.16307
14 0.18291
15 0.19366
16 0.20702
17 0.22259
18 0.22734
19 0.25747
20 0.26873
21 0.2754
22 0.28091
23 0.28655
24 0.30334
25 0.31582
26 0.33486
27 0.34078
28 0.34651
29 0.3512
30 0.3609
31 0.36196
32 0.3736
33 0.38985
34 0.41501
35 0.42107
36 0.44658
37 0.44748
38 0.46154
39 0.46582
40 0.47857
41 0.49906
42 0.50808
43 0.52213
44 0.52763
45 0.55772
46 0.57095
47 0.5993
48 0.62737
49 0.65646
50 0.67274
51 0.67883
52 0.68343
53 0.69515
54 0.73566
55 0.74646
56 0.75149
57 0.7916
58 0.81203
59 0.8324
60 0.84604
61 0.88411
62 0.91739
63 0.92287
64 0.92913
65 0.93025
66 0.93704
67 0.95214
68 0.9669
69 1.00777
70 1.02463
71 1.03131
72 1.03817
73 1.04981
74 1.06137
75 1.10598
76 1.11503
77 1.12201
78 1.13041
79 1.15592
80 1.1597
81 1.16443
82 1.17447
83 1.20028
84 1.21274
85 1.21627
86 1.22375
87 1.23248
88 1.23678
89 1.25075
90 1.26446
91 1.27564
92 1.31826
93 1.31982
94 1.32559
95 1.33188
96 1.35747
97 1.38521
98 1.4079
99 1.4113
100 1.42508
101 1.43087
102 1.43737
103 1.44166
104 1.4637
105 1.49657
106 1.51041
107 1.51774
108 1.53105
109 1.53817
110 1.54284
111 1.5664
112 1.5728
113 1.58057
114 1.60589
115 1.61318
116 1.65409
117 1.65805
118 1.66919
119 1.67634
120 1.68728
121 1.69393
122 1.7125
123 1.72149
124 1.73795
125 1.74857
126 1.75888
127 1.79995
128 1.82017
129 1.83911
130 1.86384
131 1.89118
132 1.92513
133 1.94765
134 1.97993
135 2.0145
136 2.03115
137 2.03792
138 2.0462
139 2.08289
140 2.08872
141 2.09006
142 2.09666
143 2.11054
144 2.12223
145 2.14283
146 2.16815
147 2.17374
148 2.1797
149 2.1852
150 2.20472
151 2.2134
152 2.22385
153 2.27282
154 2.29801
155 2.30513
156 2.32715
157 2.39249
158 2.40231
159 2.40675
160 2.41601
161 2.43212
162 2.45488
163 2.47254
164 2.51176
165 2.52329
166 2.52934
167 2.54643
168 2.55345
169 2.56885
170 2.58686
171 2.597
172 2.62921
173 2.63783
174 2.66883
175 2.6792
176 2.68945
177 2.71092
178 2.72499
179 2.73553
180 2.75781
181 2.76753
182 2.77211
183 2.77942
184 2.78563
185 2.79521
186 2.81799
187 2.82422
188 2.87806
189 2.88617
190 2.89292
191 2.9052
192 2.90995
193 2.91351
194 2.91802
195 2.93501
196 2.94198
197 2.96803
198 2.97334
199 2.99401
