1 0.00885
2 0.01344
3 0.02273
4 0.02463
5 0.02604
6 0.03049
7 0.04148
8 0.05255
9 0.06056
10 0.07087
11 0.07869
12 0.10298
13 0.10634
14 0.10819
15 0.12318
16 0.1271
17 0.13216
18 0.13986
19 0.14647
20 0.15247
21 0.15452
22 0.15742
23 0.17137
24 0.19784
25 0.20334
26 0.21363
27 0.21765
28 0.22044
29 0.22549
30 0.26521
31 0.27828
32 0.2807
33 0.2947
34 0.30154
35 0.311
36 0.3153
37 0.3178
38 0.31943
39 0.3321
40 0.33731
41 0.34297
42 0.34824
43 0.35892
44 0.3791
45 0.38863
46 0.39102
47 0.39721
48 0.40914
49 0.44817
50 0.45094
51 0.45808
52 0.46151
53 0.47311
54 0.48375
55 0.50093
56 0.51626
57 0.52191
58 0.53475
59 0.54624
60 0.56037
61 0.58995
62 0.5929
63 0.60174
64 0.60508
65 0.62813
66 0.63469
67 0.64075
68 0.6457
69 0.64812
70 0.6501
71 0.6561
72 0.66432
73 0.70374
74 0.70656
75 0.71111
76 0.71361
77 0.71544
78 0.72389
79 0.72876
80 0.73517
81 0.7394
82 0.75592
83 0.76337
84 0.76759
85 0.77273
86 0.77837
87 0.79761
88 0.80252
89 0.80769
90 0.8117
91 0.81535
92 0.81909
93 0.82223
94 0.83336
95 0.84827
96 0.85131
97 0.85975
98 0.86207
99 0.86641
100 0.87631
101 0.8873
102 0.89095
103 0.89832
104 0.90387
105 0.9117
106 0.91363
107 0.92723
108 0.93809
109 0.94469
110 0.94601
111 0.94987
112 0.95199
113 0.95685
114 0.96386
115 0.98444
116 1.01328
117 1.01614
118 1.02016
119 1.03496
120 1.04151
121 1.05164
122 1.05548
123 1.05679
124 1.06192
125 1.07811
126 1.09224
127 1.10057
128 1.11041
129 1.12398
130 1.14291
131 1.15094
132 1.15649
133 1.1665
134 1.17748
135 1.19459
136 1.20257
137 1.21623
138 1.23008
139 1.24063
140 1.2575
141 1.26134
142 1.26482
143 1.2793
144 1.28706
145 1.29816
146 1.30839
147 1.31415
148 1.31547
149 1.3189
150 1.32526
151 1.34024
152 1.34861
153 1.35131
154 1.35488
155 1.35667
156 1.36587
157 1.38872
158 1.39454
159 1.43857
160 1.46048
161 1.463
162 1.47407
163 1.47546
164 1.50548
165 1.51413
166 1.51871
167 1.54296
168 1.54955
169 1.5525
170 1.55598
171 1.56621
172 1.57444
173 1.59033
174 1.59185
175 1.60034
176 1.61051
177 1.63571
178 1.63709
179 1.63944
180 1.64554
181 1.6479
182 1.6492
183 1.68918
184 1.69757
185 1.70331
186 1.71451
187 1.72446
188 1.73173
189 1.74625
190 1.76258
191 1.76462
192 1.77338
193 1.77761
194 1.79043
195 1.79549
196 1.79841
197 1.80041
198 1.80463
199 1.81679
200 1.82788
201 1.83589
202 1.83933
203 1.84561
204 1.85448
205 1.85671
206 1.86349
207 1.87814
208 1.88145
209 1.89101
210 1.89219
211 1.89541
212 1.92195
213 1.95725
214 1.95929
215 1.96159
216 1.97206
217 1.9892
218 1.99608
219 2.01631
220 2.0237
221 2.02702
222 2.03572
223 2.04551
224 2.04679
225 2.05819
226 2.06186
227 2.0679
228 2.06867
229 2.07263
230 2.07641
231 2.09209
232 2.10169
233 2.10558
234 2.12157
235 2.13529
236 2.14457
237 2.14886
238 2.15941
239 2.17492
240 2.19959
241 2.20666
242 2.22278
243 2.23048
244 2.24536
245 2.27186
246 2.27883
247 2.29289
248 2.31031
249 2.31494
250 2.31972
251 2.32404
252 2.32664
253 2.3299
254 2.34478
255 2.34718
256 2.35247
257 2.35477
258 2.36255
259 2.37109
260 2.38533
261 2.38782
262 2.39005
263 2.40009
264 2.42952
265 2.43971
266 2.45386
267 2.45832
268 2.46183
269 2.46902
270 2.47601
271 2.48086
272 2.49646
273 2.50054
274 2.51768
275 2.52057
276 2.5399
277 2.55032
278 2.55726
279 2.56353
280 2.57606
281 2.57964
282 2.58262
283 2.59181
284 2.59855
285 2.60423
286 2.60888
287 2.61249
288 2.62313
289 2.64755
290 2.65142
291 2.6648
292 2.68868
293 2.69813
294 2.70657
295 2.70842
296 2.72773
297 2.73375
298 2.73955
299 2.76082
300 2.76253
301 2.7808
302 2.78931
303 2.79223
304 2.79838
305 2.80042
306 2.81678
307 2.8273
308 2.83666
309 2.84005
310 2.84552
311 2.85002
312 2.85264
313 2.86266
314 2.86754
315 2.87186
316 2.88518
317 2.89636
318 2.89952
319 2.90226
320 2.92018
321 2.93514
322 2.95033
323 2.95395
324 2.96373
325 2.9772
326 2.98366
327 2.99158
