1 0.0069
2 0.02541
3 0.03201
4 0.05387
5 0.05531
6 0.07028
7 0.09167
8 0.09766
9 0.10111
10 0.12427
11 0.12699
12 0.13767
13 0.14473
14 0.14684
15 0.16199
16 0.16436
17 0.17086
18 0.18123
19 0.18814
20 0.19441
21 0.1962
22 0.20414
23 0.20652
24 0.209
25 0.21069
26 0.21986
27 0.22258
28 0.23022
29 0.24161
30 0.24826
31 0.26289
32 0.27921
33 0.30838
34 0.31692
35 0.32155
36 0.32598
37 0.33138
38 0.34035
39 0.34533
40 0.35452
41 0.35949
42 0.36936
43 0.37465
44 0.37959
45 0.38404
46 0.39675
47 0.40352
48 0.40851
49 0.42235
50 0.42821
51 0.43801
52 0.44624
53 0.46851
54 0.47265
55 0.47522
56 0.47892
57 0.49846
58 0.50288
59 0.50777
60 0.51145
61 0.51415
62 0.52206
63 0.52356
64 0.52739
65 0.53438
66 0.5487
67 0.5577
68 0.57409
69 0.57747
70 0.57879
71 0.59284
72 0.59502
73 0.60779
74 0.61031
75 0.61914
76 0.62581
77 0.63628
78 0.63855
79 0.64086
80 0.64639
81 0.65566
82 0.66654
83 0.67583
84 0.68078
85 0.68714
86 0.69128
87 0.701
88 0.7243
89 0.72849
90 0.73814
91 0.75684
92 0.76048
93 0.76809
94 0.77265
95 0.78058
96 0.78204
97 0.79704
98 0.81004
99 0.82199
100 0.8448
101 0.85559
102 0.86147
103 0.87795
104 0.8961
105 0.90716
106 0.91482
107 0.91718
108 0.91999
109 0.92968
110 0.93169
111 0.93613
112 0.94792
113 0.95
114 0.96217
115 0.97032
116 0.97653
117 0.97871
118 1.00425
119 1.01048
120 1.01769
121 1.02669
122 1.02898
123 1.04251
124 1.05037
125 1.06153
126 1.06821
127 1.07011
128 1.08382
129 1.09664
130 1.10314
131 1.11354
132 1.12949
133 1.13438
134 1.15227
135 1.16485
136 1.18481
137 1.187
138 1.19127
139 1.19476
140 1.19849
141 1.20956
142 1.21765
143 1.22034
144 1.23201
145 1.236
146 1.24148
147 1.26638
148 1.28083
149 1.28894
150 1.30062
151 1.31017
152 1.32074
153 1.32428
154 1.32873
155 1.34489
156 1.34666
157 1.35191
158 1.37179
159 1.38513
160 1.39475
161 1.40313
162 1.40897
163 1.41566
164 1.43098
165 1.43796
166 1.44264
167 1.44395
168 1.46725
169 1.47788
170 1.47954
171 1.49362
172 1.52423
173 1.53726
174 1.54292
175 1.54628
176 1.55791
177 1.56037
178 1.5622
179 1.56648
180 1.57135
181 1.59411
182 1.59916
183 1.6136
184 1.6194
185 1.62123
186 1.62372
187 1.62606
188 1.63613
189 1.65421
190 1.65945
191 1.66144
192 1.66431
193 1.67247
194 1.69086
195 1.69486
196 1.7051
197 1.70927
198 1.71347
199 1.72657
200 1.73578
201 1.7461
202 1.75492
203 1.7737
204 1.77809
205 1.79662
206 1.80238
207 1.80451
208 1.81248
209 1.83318
210 1.84801
211 1.85658
212 1.86781
213 1.87069
214 1.87904
215 1.8815
216 1.88376
217 1.88858
218 1.89067
219 1.90224
220 1.90626
221 1.91919
222 1.92161
223 1.9263
224 1.92877
225 1.95061
226 1.95618
227 1.97353
228 1.97567
229 1.97832
230 1.98918
231 1.99686
232 2.02071
233 2.0263
234 2.03068
235 2.07429
236 2.09161
237 2.09562
238 2.10748
239 2.11076
240 2.1318
241 2.14466
242 2.15204
243 2.17477
244 2.17957
245 2.18408
246 2.18997
247 2.19239
248 2.19614
249 2.21628
250 2.22148
251 2.23233
252 2.25608
253 2.26336
254 2.2985
255 2.31818
256 2.32238
257 2.32685
258 2.33219
259 2.33707
260 2.34092
261 2.34423
262 2.3664
263 2.36899
264 2.38078
265 2.40389
266 2.40545
267 2.42128
268 2.43403
269 2.44002
270 2.44503
271 2.45694
272 2.46777
273 2.47154
274 2.47398
275 2.4885
276 2.49643
277 2.5232
278 2.54571
279 2.55672
280 2.55927
281 2.56476
282 2.56855
283 2.58299
284 2.5934
285 2.5983
286 2.6103
287 2.6222
288 2.63067
289 2.63261
290 2.64609
291 2.66024
292 2.66282
293 2.66811
294 2.68574
295 2.68752
296 2.68959
297 2.69455
298 2.70462
299 2.72332
300 2.72728
301 2.72903
302 2.7367
303 2.74035
304 2.75562
305 2.76553
306 2.78237
307 2.7873
308 2.79282
309 2.79877
310 2.8045
311 2.80657
312 2.80942
313 2.81425
314 2.81822
315 2.82286
316 2.83423
317 2.8384
318 2.85478
319 2.87838
320 2.88966
321 2.89224
322 2.894
323 2.9062
324 2.91106
325 2.91629
326 2.93978
327 2.96133
328 2.97464
329 2.97952
330 2.994
