1 0.00528
2 0.00777
3 0.01006
4 0.0126
5 0.02113
6 0.02755
7 0.02931
8 0.03995
9 0.06088
10 0.06395
11 0.06785
12 0.07032
13 0.0743
14 0.09235
15 0.09447
16 0.10523
17 0.10889
18 0.11791
19 0.12713
20 0.13843
21 0.14722
22 0.15291
23 0.1676
24 0.17858
25 0.18338
26 0.1864
27 0.20885
28 0.22048
29 0.23567
30 0.2415
31 0.24782
32 0.25316
33 0.25674
34 0.26649
35 0.28766
36 0.3177
37 0.31969
38 0.35192
39 0.35818
40 0.37253
41 0.38491
42 0.4006
43 0.41142
44 0.42297
45 0.43061
46 0.44147
47 0.45727
48 0.47726
49 0.48181
50 0.48403
51 0.48625
52 0.49221
53 0.49873
54 0.51395
55 0.5236
56 0.53035
57 0.53712
58 0.56143
59 0.58226
60 0.59449
61 0.59819
62 0.60811
63 0.61921
64 0.62821
65 0.63793
66 0.64595
67 0.6518
68 0.659
69 0.69387
70 0.69908
71 0.70946
72 0.72159
73 0.72652
74 0.72836
75 0.73611
76 0.75665
77 0.77451
78 0.78207
79 0.78625
80 0.79026
81 0.82219
82 0.84353
83 0.8613
84 0.86761
85 0.89253
86 0.9012
87 0.90465
88 0.90705
89 0.9179
90 0.92046
91 0.93491
92 0.94092
93 0.95586
94 0.96201
95 0.96446
96 0.96993
97 0.97281
98 0.97889
99 0.9813
100 0.98561
101 1.01069
102 1.01306
103 1.01597
104 1.0231
105 1.03131
106 1.05648
107 1.07412
108 1.07815
109 1.0907
110 1.10096
111 1.10537
112 1.10936
113 1.12697
114 1.13306
115 1.14521
116 1.15999
117 1.16729
118 1.18018
119 1.18688
120 1.20068
121 1.21732
122 1.22505
123 1.23467
124 1.25172
125 1.26909
126 1.27884
127 1.29809
128 1.30726
129 1.3097
130 1.31629
131 1.32882
132 1.33465
133 1.33674
134 1.34166
135 1.34645
136 1.35039
137 1.35586
138 1.36844
139 1.37049
140 1.38902
141 1.39257
142 1.39465
143 1.39832
144 1.40641
145 1.41859
146 1.42257
147 1.42511
148 1.44373
149 1.45209
150 1.46015
151 1.47798
152 1.49558
153 1.50396
154 1.50981
155 1.52187
156 1.54855
157 1.55741
158 1.56051
159 1.56666
160 1.57122
161 1.57275
162 1.5816
163 1.58544
164 1.58824
165 1.60938
166 1.61696
167 1.62056
168 1.62449
169 1.62838
170 1.64104
171 1.65438
172 1.65895
173 1.66184
174 1.6743
175 1.68675
176 1.69125
177 1.69512
178 1.70927
179 1.71141
180 1.71403
181 1.7317
182 1.73946
183 1.75185
184 1.76527
185 1.79923
186 1.80186
187 1.80763
188 1.81259
189 1.82206
190 1.83733
191 1.85144
192 1.86197
193 1.8834
194 1.89153
195 1.89484
196 1.89826
197 1.90811
198 1.9114
199 1.92632
200 1.93059
201 1.94143
202 1.9661
203 1.98304
204 1.98483
205 1.99497
206 2.00365
207 2.02429
208 2.03095
209 2.0338
210 2.06124
211 2.07462
212 2.08172
213 2.08568
214 2.092
215 2.09587
216 2.10555
217 2.14833
218 2.16556
219 2.18166
220 2.20309
221 2.21631
222 2.21934
223 2.22847
224 2.24097
225 2.24574
226 2.25286
227 2.26644
228 2.28066
229 2.29119
230 2.31115
231 2.31607
232 2.32001
233 2.34024
234 2.35699
235 2.36388
236 2.38932
237 2.39757
238 2.406
239 2.41638
240 2.43355
241 2.445
242 2.4577
243 2.4603
244 2.4738
245 2.4838
246 2.48769
247 2.48998
248 2.49828
249 2.50675
250 2.53203
251 2.54947
252 2.55699
253 2.56867
254 2.58341
255 2.59178
256 2.60208
257 2.62474
258 2.63021
259 2.6464
260 2.6538
261 2.66308
262 2.6657
263 2.68969
264 2.70488
265 2.72117
266 2.72942
267 2.74035
268 2.75279
269 2.76244
270 2.77768
271 2.7882
272 2.7904
273 2.80245
274 2.8138
275 2.82078
276 2.82496
277 2.83519
278 2.86024
279 2.87078
280 2.89139
281 2.89412
282 2.90001
283 2.91317
284 2.93693
285 2.9473
286 2.9557
287 2.9695
288 2.97716
289 2.98456
290 2.99407
