1 0.00291
2 0.00656
3 0.00902
4 0.01368
5 0.03116
6 0.03328
7 0.04792
8 0.05575
9 0.06453
10 0.06885
11 0.07566
12 0.07739
13 0.07927
14 0.10034
15 0.10269
16 0.10861
17 0.11211
18 0.11589
19 0.12974
20 0.13322
21 0.13607
22 0.14371
23 0.14517
24 0.15109
25 0.15639
26 0.16303
27 0.16726
28 0.17657
29 0.17833
30 0.18621
31 0.18804
32 0.19149
33 0.19822
34 0.20007
35 0.20504
36 0.21119
37 0.24005
38 0.24729
39 0.26343
40 0.26814
41 0.27719
42 0.28376
43 0.29233
44 0.30371
45 0.31102
46 0.3263
47 0.33224
48 0.33583
49 0.35468
50 0.37099
51 0.38212
52 0.40016
53 0.40159
54 0.41042
55 0.4165
56 0.43143
57 0.43268
58 0.44365
59 0.45613
60 0.45933
61 0.47338
62 0.51026
63 0.52678
64 0.53071
65 0.53584
66 0.55864
67 0.57013
68 0.57292
69 0.57391
70 0.58155
71 0.58689
72 0.58893
73 0.59471
74 0.60393
75 0.61811
76 0.619
77 0.62248
78 0.62845
79 0.66461
80 0.67398
81 0.6887
82 0.68989
83 0.69675
84 0.70643
85 0.71555
86 0.72885
87 0.73372
88 0.74994
89 0.75377
90 0.76013
91 0.76313
92 0.76683
93 0.77315
94 0.77542
95 0.78877
96 0.79338
97 0.7944
98 0.79714
99 0.81637
100 0.82119
101 0.82472
102 0.83917
103 0.84473
104 0.85065
105 0.85442
106 0.88336
107 0.89528
108 0.90333
109 0.90555
110 0.91379
111 0.91569
112 0.91692
113 0.92543
114 0.93229
115 0.93586
116 0.96269
117 0.96578
118 0.96884
119 0.97322
120 0.97591
121 0.98344
122 0.98821
123 0.99616
124 1.00014
125 1.0183
126 1.02524
127 1.03264
128 1.04492
129 1.05279
130 1.05702
131 1.0779
132 1.0838
133 1.09259
134 1.10485
135 1.14216
136 1.14993
137 1.15417
138 1.16079
139 1.16317
140 1.1704
141 1.17432
142 1.18228
143 1.18541
144 1.19671
145 1.19881
146 1.21073
147 1.21342
148 1.25047
149 1.25912
150 1.26368
151 1.27802
152 1.28069
153 1.28467
154 1.28994
155 1.30318
156 1.32566
157 1.32864
158 1.33423
159 1.34315
160 1.36701
161 1.37689
162 1.38492
163 1.39106
164 1.40048
165 1.40819
166 1.41079
167 1.41869
168 1.4269
169 1.43416
170 1.44648
171 1.45353
172 1.45737
173 1.46823
174 1.4889
175 1.49552
176 1.5016
177 1.50444
178 1.50604
179 1.51744
180 1.52316
181 1.52936
182 1.53859
183 1.5514
184 1.55776
185 1.55935
186 1.56634
187 1.5701
188 1.57501
189 1.59391
190 1.59822
191 1.60112
192 1.6223
193 1.62464
194 1.63774
195 1.65027
196 1.65673
197 1.66457
198 1.67326
199 1.68793
200 1.69184
201 1.69999
202 1.70848
203 1.73307
204 1.74806
205 1.75034
206 1.7677
207 1.77223
208 1.77383
209 1.78083
210 1.78462
211 1.79279
212 1.80058
213 1.80573
214 1.80932
215 1.81311
216 1.82065
217 1.82905
218 1.84136
219 1.86321
220 1.86749
221 1.88039
222 1.90234
223 1.90731
224 1.90945
225 1.92195
226 1.92747
227 1.9316
228 1.94128
229 1.95414
230 1.95754
231 1.96283
232 1.96796
233 1.98983
234 1.99633
235 2.0046
236 2.01703
237 2.02028
238 2.03183
239 2.05615
240 2.05793
241 2.07453
242 2.08228
243 2.08446
244 2.0874
245 2.09128
246 2.10527
247 2.12272
248 2.12872
249 2.15096
250 2.1575
251 2.18286
252 2.19105
253 2.20682
254 2.21208
255 2.22613
256 2.24153
257 2.25249
258 2.25933
259 2.28172
260 2.29237
261 2.31856
262 2.32643
263 2.33149
264 2.34186
265 2.35168
266 2.35983
267 2.37101
268 2.37669
269 2.38814
270 2.41444
271 2.41889
272 2.423
273 2.42695
274 2.43777
275 2.44918
276 2.45068
277 2.46245
278 2.46737
279 2.46942
280 2.48842
281 2.4969
282 2.49898
283 2.50752
284 2.51864
285 2.52071
286 2.53255
287 2.53583
288 2.54019
289 2.54298
290 2.56659
291 2.56992
292 2.57448
293 2.5783
294 2.59114
295 2.60719
296 2.61178
297 2.62261
298 2.64729
299 2.65058
300 2.65246
301 2.65613
302 2.66932
303 2.6786
304 2.67964
305 2.68348
306 2.69355
307 2.69561
308 2.70333
309 2.719
310 2.73119
311 2.7444
312 2.75338
313 2.76164
314 2.78447
315 2.79099
316 2.79426
317 2.81396
318 2.81955
319 2.82184
320 2.8324
321 2.83906
322 2.84758
323 2.85062
324 2.87071
325 2.89715
326 2.90493
327 2.9064
328 2.92205
329 2.9325
330 2.93649
331 2.9453
332 2.95021
333 2.95679
334 2.96314
335 2.9766
336 2.99484
