1 0.00485
2 0.01934
3 0.02307
4 0.02506
5 0.02946
6 0.03469
7 0.03707
8 0.04039
9 0.04184
10 0.0445
11 0.04584
12 0.04899
13 0.06301
14 0.06495
15 0.0684
16 0.07665
17 0.08003
18 0.08241
19 0.09975
20 0.11726
21 0.12043
22 0.13115
23 0.13276
24 0.13564
25 0.13944
26 0.14295
27 0.15328
28 0.15849
29 0.17022
30 0.17915
31 0.1869
32 0.19491
33 0.19722
34 0.20206
35 0.20813
36 0.21266
37 0.21445
38 0.25661
39 0.27181
40 0.27358
41 0.29928
42 0.30542
43 0.30778
44 0.30977
45 0.31639
46 0.32102
47 0.32458
48 0.3507
49 0.36748
50 0.37124
51 0.37572
52 0.38092
53 0.39037
54 0.39698
55 0.40332
56 0.40775
57 0.40903
58 0.41081
59 0.42115
60 0.4282
61 0.43199
62 0.43654
63 0.44513
64 0.45788
65 0.49373
66 0.52142
67 0.52509
68 0.52815
69 0.52985
70 0.53734
71 0.54064
72 0.55073
73 0.56113
74 0.56641
75 0.56985
76 0.58621
77 0.59186
78 0.61217
79 0.62875
80 0.63756
81 0.64328
82 0.65026
83 0.65662
84 0.66475
85 0.67239
86 0.69585
87 0.70449
88 0.74738
89 0.75512
90 0.76042
91 0.78439
92 0.80127
93 0.81665
94 0.82568
95 0.85339
96 0.8727
97 0.87878
98 0.88375
99 0.8922
100 0.89468
101 0.89877
102 0.91912
103 0.9262
104 0.93426
105 0.93687
106 0.95504
107 0.96547
108 0.97372
109 0.99518
110 1.01414
111 1.02475
112 1.03572
113 1.04538
114 1.05071
115 1.05333
116 1.06027
117 1.06235
118 1.06981
119 1.08234
120 1.09145
121 1.09281
122 1.10466
123 1.11611
124 1.12337
125 1.12925
126 1.13277
127 1.14026
128 1.14559
129 1.15026
130 1.1664
131 1.17341
132 1.18144
133 1.18648
134 1.18907
135 1.2029
136 1.21057
137 1.21593
138 1.21832
139 1.22856
140 1.23351
141 1.23593
142 1.24175
143 1.25008
144 1.25133
145 1.25853
146 1.2659
147 1.27766
148 1.287
149 1.2972
150 1.29918
151 1.30194
152 1.33693
153 1.34964
154 1.35186
155 1.37244
156 1.39113
157 1.39801
158 1.40424
159 1.42094
160 1.43142
161 1.43877
162 1.44111
163 1.45347
164 1.45693
165 1.46548
166 1.46675
167 1.48841
168 1.52764
169 1.52959
170 1.53503
171 1.54509
172 1.54852
173 1.55134
174 1.56803
175 1.58023
176 1.58852
177 1.59562
178 1.60231
179 1.61485
180 1.63393
181 1.63677
182 1.6424
183 1.64747
184 1.65024
185 1.65856
186 1.66771
187 1.69546
188 1.69742
189 1.70219
190 1.70712
191 1.70975
192 1.7312
193 1.73722
194 1.74712
195 1.75075
196 1.76975
197 1.77235
198 1.77614
199 1.78268
200 1.78662
201 1.79945
202 1.80353
203 1.811
204 1.81353
205 1.81513
206 1.8226
207 1.82806
208 1.83126
209 1.84745
210 1.85463
211 1.86627
212 1.87355
213 1.88013
214 1.88835
215 1.89713
216 1.90248
217 1.90994
218 1.91699
219 1.94462
220 1.96373
221 1.96533
222 1.97529
223 1.9862
224 1.99321
225 2.0161
226 2.01993
227 2.03341
228 2.05402
229 2.05967
230 2.06281
231 2.07054
232 2.07222
233 2.07755
234 2.0881
235 2.11277
236 2.12298
237 2.14376
238 2.15143
239 2.15521
240 2.16903
241 2.17304
242 2.20019
243 2.2034
244 2.20577
245 2.21243
246 2.22779
247 2.24401
248 2.29114
249 2.29577
250 2.30315
251 2.30549
252 2.3092
253 2.31117
254 2.31699
255 2.32111
256 2.32697
257 2.32995
258 2.35107
259 2.36229
260 2.36352
261 2.3875
262 2.38999
263 2.40226
264 2.40391
265 2.4136
266 2.42289
267 2.43716
268 2.45477
269 2.45782
270 2.45995
271 2.48076
272 2.48853
273 2.49108
274 2.49723
275 2.49872
276 2.50235
277 2.51174
278 2.52326
279 2.53487
280 2.53718
281 2.54532
282 2.57217
283 2.58194
284 2.58589
285 2.58967
286 2.5942
287 2.59905
288 2.60375
289 2.62359
290 2.6287
291 2.63397
292 2.63681
293 2.64027
294 2.65006
295 2.65362
296 2.66208
297 2.66635
298 2.67111
299 2.67628
300 2.68033
301 2.69585
302 2.70028
303 2.70222
304 2.71783
305 2.71893
306 2.73002
307 2.75365
308 2.76947
309 2.77247
310 2.77628
311 2.77971
312 2.78567
313 2.79225
314 2.79572
315 2.80484
316 2.81682
317 2.83385
318 2.86087
319 2.87804
320 2.88577
321 2.90418
322 2.91897
323 2.93252
324 2.95164
325 2.95404
326 2.95789
327 2.96246
328 2.97229
329 2.99053
