1 0.00776
2 0.0109
3 0.01561
4 0.02411
5 0.02624
6 0.02915
7 0.03483
8 0.04096
9 0.04463
10 0.05036
11 0.06091
12 0.06691
13 0.08481
14 0.093
15 0.09602
16 0.09825
17 0.1017
18 0.10764
19 0.10968
20 0.11829
21 0.13032
22 0.13595
23 0.15146
24 0.16071
25 0.16941
26 0.17424
27 0.17693
28 0.17978
29 0.18422
30 0.18966
31 0.20542
32 0.21849
33 0.22331
34 0.23603
35 0.242
36 0.25423
37 0.26144
38 0.26685
39 0.2723
40 0.29738
41 0.30333
42 0.30693
43 0.32052
44 0.32575
45 0.33263
46 0.33872
47 0.34713
48 0.36752
49 0.37509
50 0.37994
51 0.39153
52 0.3983
53 0.40554
54 0.41733
55 0.42619
56 0.4367
57 0.44425
58 0.44722
59 0.45904
60 0.46903
61 0.47497
62 0.47708
63 0.48369
64 0.49722
65 0.49934
66 0.50247
67 0.512
68 0.51426
69 0.52547
70 0.53167
71 0.54077
72 0.55236
73 0.58306
74 0.58992
75 0.59521
76 0.61413
77 0.63843
78 0.65578
79 0.65859
80 0.66252
81 0.66551
82 0.68171
83 0.68746
84 0.69667
85 0.69991
86 0.71052
87 0.71891
88 0.73834
89 0.75705
90 0.76783
91 0.77095
92 0.7739
93 0.77742
94 0.78043
95 0.78883
96 0.79723
97 0.7996
98 0.8097
99 0.82683
100 0.8394
101 0.8488
102 0.85701
103 0.85922
104 0.87559
105 0.88495
106 0.90779
107 0.91547
108 0.91845
109 0.928
110 0.93609
111 0.93912
112 0.94146
113 0.94436
114 0.95171
115 0.96865
116 0.97103
117 0.97417
118 0.98358
119 0.99591
120 1.00257
121 1.00535
122 1.00801
123 1.01102
124 1.01412
125 1.03538
126 1.04251
127 1.04974
128 1.05962
129 1.07019
130 1.08439
131 1.0885
132 1.10318
133 1.12023
134 1.12538
135 1.13034
136 1.13171
137 1.13684
138 1.13931
139 1.15122
140 1.16062
141 1.17836
142 1.18565
143 1.20142
144 1.20943
145 1.21297
146 1.23828
147 1.25807
148 1.26751
149 1.27246
150 1.27481
151 1.28113
152 1.28432
153 1.29712
154 1.30397
155 1.31419
156 1.3178
157 1.32435
158 1.32922
159 1.3381
160 1.33991
161 1.36056
162 1.37487
163 1.38118
164 1.38409
165 1.38639
166 1.39326
167 1.39825
168 1.40154
169 1.40562
170 1.41238
171 1.42344
172 1.43591
173 1.44111
174 1.44699
175 1.45339
176 1.48402
177 1.49427
178 1.49815
179 1.50558
180 1.50995
181 1.51446
182 1.52001
183 1.53587
184 1.54635
185 1.56098
186 1.56759
187 1.57755
188 1.5863
189 1.58902
190 1.59502
191 1.59779
192 1.60316
193 1.61055
194 1.6252
195 1.63414
196 1.65487
197 1.65891
198 1.67289
199 1.67531
200 1.68504
201 1.69584
202 1.70668
203 1.71174
204 1.72023
205 1.74703
206 1.75879
207 1.76542
208 1.77669
209 1.78139
210 1.7908
211 1.79387
212 1.8177
213 1.83791
214 1.84028
215 1.85165
216 1.86933
217 1.87436
218 1.87941
219 1.89019
220 1.89574
221 1.8968
222 1.9088
223 1.91952
224 1.92454
225 1.92705
226 1.94531
227 1.95074
228 1.96444
229 1.97391
230 1.9794
231 1.98579
232 2.00142
233 2.01022
234 2.01591
235 2.02444
236 2.02774
237 2.04065
238 2.04852
239 2.05197
240 2.0587
241 2.06134
242 2.07893
243 2.08381
244 2.122
245 2.13044
246 2.13532
247 2.16228
248 2.16624
249 2.18011
250 2.18227
251 2.2012
252 2.20423
253 2.20965
254 2.22061
255 2.2302
256 2.24791
257 2.25057
258 2.25652
259 2.28162
260 2.29247
261 2.30714
262 2.31437
263 2.31867
264 2.32329
265 2.32822
266 2.34823
267 2.35762
268 2.37541
269 2.38416
270 2.38708
271 2.40014
272 2.407
273 2.4215
274 2.44331
275 2.44608
276 2.44868
277 2.45816
278 2.47706
279 2.48486
280 2.49069
281 2.49528
282 2.5018
283 2.51021
284 2.52616
285 2.54514
286 2.55316
287 2.55944
288 2.57385
289 2.58126
290 2.58362
291 2.58967
292 2.59298
293 2.60493
294 2.62352
295 2.62616
296 2.62831
297 2.63073
298 2.63638
299 2.6435
300 2.64713
301 2.65649
302 2.66095
303 2.66361
304 2.66814
305 2.67047
306 2.69488
307 2.70025
308 2.70541
309 2.7171
310 2.75809
311 2.7684
312 2.77468
313 2.77706
314 2.78127
315 2.79913
316 2.81433
317 2.81843
318 2.82994
319 2.84164
320 2.86291
321 2.86767
322 2.88175
323 2.89457
324 2.90741
325 2.91203
326 2.91888
327 2.92393
328 2.96188
329 2.96454
330 2.9703
331 2.99042
332 2.99633
333 2.9985
