1 0.00452
2 0.00821
3 0.02064
4 0.02221
5 0.02692
6 0.04631
7 0.0491
8 0.06081
9 0.06314
10 0.07248
11 0.07398
12 0.07808
13 0.08123
14 0.08735
15 0.09399
16 0.09588
17 0.11148
18 0.12184
19 0.12833
20 0.14164
21 0.14644
22 0.15254
23 0.15991
24 0.16805
25 0.18488
26 0.18694
27 0.18953
28 0.198
29 0.20161
30 0.20968
31 0.21774
32 0.2194
33 0.22412
34 0.24079
35 0.26586
36 0.26921
37 0.27848
38 0.28151
39 0.28431
40 0.29502
41 0.29968
42 0.31674
43 0.33528
44 0.33965
45 0.34838
46 0.36198
47 0.36908
48 0.37344
49 0.38578
50 0.39595
51 0.40478
52 0.4094
53 0.41391
54 0.42993
55 0.43342
56 0.45847
57 0.47162
58 0.47971
59 0.48957
60 0.49388
61 0.50385
62 0.50767
63 0.51134
64 0.51939
65 0.52451
66 0.54955
67 0.55675
68 0.56023
69 0.57546
70 0.58279
71 0.59741
72 0.59915
73 0.6231
74 0.6454
75 0.64928
76 0.65457
77 0.6568
78 0.67611
79 0.69496
80 0.70235
81 0.72198
82 0.725
83 0.73956
84 0.75616
85 0.76677
86 0.76863
87 0.77564
88 0.7827
89 0.78481
90 0.79194
91 0.80116
92 0.80701
93 0.81221
94 0.81717
95 0.82231
96 0.83258
97 0.84302
98 0.8515
99 0.86757
100 0.87552
101 0.8846
102 0.88599
103 0.89729
104 0.90416
105 0.9141
106 0.92728
107 0.92934
108 0.93562
109 0.95323
110 0.96135
111 0.96365
112 0.96697
113 0.97608
114 1.01741
115 1.01952
116 1.04482
117 1.05779
118 1.06129
119 1.06528
120 1.07325
121 1.07782
122 1.09227
123 1.10225
124 1.10543
125 1.11058
126 1.12654
127 1.13112
128 1.14119
129 1.15715
130 1.17907
131 1.1822
132 1.19783
133 1.20118
134 1.21589
135 1.23754
136 1.24691
137 1.25514
138 1.25941
139 1.26966
140 1.28011
141 1.2896
142 1.29154
143 1.29289
144 1.30712
145 1.31143
146 1.34395
147 1.3457
148 1.34797
149 1.35656
150 1.36484
151 1.38172
152 1.38573
153 1.38713
154 1.38968
155 1.3958
156 1.40292
157 1.40914
158 1.42875
159 1.46102
160 1.46656
161 1.47013
162 1.48245
163 1.48799
164 1.49669
165 1.5039
166 1.51374
167 1.51901
168 1.52041
169 1.54364
170 1.55946
171 1.56392
172 1.57648
173 1.58309
174 1.5931
175 1.60697
176 1.61837
177 1.62869
178 1.64764
179 1.6509
180 1.65245
181 1.65375
182 1.65722
183 1.66047
184 1.66335
185 1.69233
186 1.70064
187 1.71203
188 1.72585
189 1.7314
190 1.74179
191 1.76158
192 1.77474
193 1.79166
194 1.8013
195 1.80443
196 1.81013
197 1.82783
198 1.82922
199 1.83986
200 1.85102
201 1.85621
202 1.8832
203 1.89798
204 1.90555
205 1.91078
206 1.91372
207 1.91626
208 1.92593
209 1.94748
210 1.95396
211 1.96789
212 1.97663
213 1.97814
214 1.99421
215 2.01685
216 2.02028
217 2.02648
218 2.03372
219 2.03561
220 2.03864
221 2.04357
222 2.04877
223 2.06359
224 2.06965
225 2.09133
226 2.10298
227 2.10847
228 2.11182
229 2.1139
230 2.12554
231 2.14321
232 2.15611
233 2.17452
234 2.17871
235 2.18323
236 2.18513
237 2.18971
238 2.19786
239 2.20367
240 2.21672
241 2.22771
242 2.23234
243 2.24359
244 2.24699
245 2.26244
246 2.27737
247 2.28751
248 2.29053
249 2.30296
250 2.31691
251 2.32894
252 2.33233
253 2.34069
254 2.35086
255 2.35593
256 2.35906
257 2.36816
258 2.38269
259 2.39302
260 2.41805
261 2.43731
262 2.43891
263 2.44676
264 2.45068
265 2.45242
266 2.45445
267 2.4599
268 2.46161
269 2.46743
270 2.48174
271 2.50412
272 2.5078
273 2.50983
274 2.52428
275 2.52607
276 2.53458
277 2.55913
278 2.57995
279 2.60151
280 2.61857
281 2.63455
282 2.65295
283 2.65786
284 2.66921
285 2.67799
286 2.68313
287 2.68502
288 2.70318
289 2.70744
290 2.7174
291 2.72667
292 2.73977
293 2.75002
294 2.75523
295 2.75693
296 2.75853
297 2.76739
298 2.77097
299 2.77294
300 2.78187
301 2.78501
302 2.78688
303 2.79781
304 2.81745
305 2.82017
306 2.83104
307 2.83795
308 2.84863
309 2.85208
310 2.86051
311 2.86649
312 2.87917
313 2.88905
314 2.89666
315 2.91773
316 2.92489
317 2.93189
318 2.93973
319 2.95095
320 2.95693
321 2.96473
322 2.97883
323 2.98193
324 2.9953
