1 0.0591
2 0.08538
3 0.09618
4 0.10871
5 0.12903
6 0.13459
7 0.14686
8 0.15322
9 0.15765
10 0.17716
11 0.22111
12 0.22615
13 0.23842
14 0.26985
15 0.29816
16 0.30358
17 0.31044
18 0.33245
19 0.33621
20 0.34273
21 0.36097
22 0.36669
23 0.37236
24 0.37792
25 0.38992
26 0.41583
27 0.42973
28 0.43342
29 0.43744
30 0.44774
31 0.45404
32 0.47698
33 0.48898
34 0.51623
35 0.54256
36 0.56158
37 0.58966
38 0.6166
39 0.62717
40 0.65111
41 0.65622
42 0.66622
43 0.68837
44 0.71876
45 0.75929
46 0.76404
47 0.79814
48 0.80876
49 0.81562
50 0.82911
51 0.83829
52 0.85083
53 0.86761
54 0.87143
55 0.91242
56 0.94458
57 0.95214
58 0.97337
59 0.9846
60 1.02408
61 1.04048
62 1.06152
63 1.10657
64 1.11059
65 1.12843
66 1.13226
67 1.13704
68 1.14173
69 1.16957
70 1.17523
71 1.18464
72 1.20254
73 1.21736
74 1.22409
75 1.23757
76 1.25058
77 1.25627
78 1.26297
79 1.26891
80 1.27087
81 1.2814
82 1.28796
83 1.31436
84 1.31979
85 1.3572
86 1.38621
87 1.4008
88 1.40656
89 1.41679
90 1.42083
91 1.43389
92 1.44301
93 1.47181
94 1.49565
95 1.5294
96 1.57212
97 1.58063
98 1.58731
99 1.59264
100 1.60568
101 1.62135
102 1.62763
103 1.63653
104 1.6838
105 1.70502
106 1.72078
107 1.7319
108 1.74908
109 1.76166
110 1.77311
111 1.80409
112 1.80932
113 1.83217
114 1.83978
115 1.8454
116 1.85739
117 1.88828
118 1.89769
119 1.90384
120 1.90886
121 1.91362
122 1.92574
123 1.946
124 1.9484
125 1.95338
126 1.99021
127 2.02585
128 2.0321
129 2.06194
130 2.06723
131 2.07285
132 2.07394
133 2.09735
134 2.12451
135 2.17565
136 2.18455
137 2.19774
138 2.20426
139 2.22337
140 2.25785
141 2.2684
142 2.27257
143 2.27931
144 2.28474
145 2.29111
146 2.31057
147 2.31493
148 2.31904
149 2.33374
150 2.34663
151 2.38703
152 2.39214
153 2.40801
154 2.40966
155 2.42505
156 2.43995
157 2.51285
158 2.54764
159 2.56448
160 2.56934
161 2.57704
162 2.58305
163 2.59857
164 2.60348
165 2.61229
166 2.62277
167 2.63274
168 2.65823
169 2.66305
170 2.67029
171 2.68601
172 2.69822
173 2.70643
174 2.71119
175 2.7238
176 2.73023
177 2.7494
178 2.77919
179 2.79633
180 2.82417
181 2.82799
182 2.86324
183 2.87572
184 2.89245
185 2.9095
186 2.93495
187 2.94169
188 2.94272
189 2.9498
190 2.96754
191 2.98805
