1 0.00307
2 0.00435
3 0.0134
4 0.01629
5 0.01922
6 0.0261
7 0.03006
8 0.05098
9 0.0534
10 0.05868
11 0.08787
12 0.09875
13 0.10229
14 0.11439
15 0.12196
16 0.13167
17 0.1341
18 0.13649
19 0.15493
20 0.17085
21 0.17318
22 0.19169
23 0.2145
24 0.2166
25 0.22066
26 0.22974
27 0.23705
28 0.24661
29 0.25208
30 0.25515
31 0.26021
32 0.26225
33 0.2652
34 0.27086
35 0.29616
36 0.31196
37 0.33605
38 0.34605
39 0.3558
40 0.36081
41 0.36676
42 0.36865
43 0.37182
44 0.37691
45 0.37913
46 0.39092
47 0.40767
48 0.41526
49 0.42913
50 0.4308
51 0.46286
52 0.46439
53 0.47304
54 0.47716
55 0.48499
56 0.49154
57 0.494
58 0.50044
59 0.50244
60 0.50603
61 0.51122
62 0.51666
63 0.52212
64 0.52891
65 0.54505
66 0.5548
67 0.56073
68 0.57727
69 0.58945
70 0.60112
71 0.60705
72 0.61035
73 0.62008
74 0.62531
75 0.63461
76 0.6433
77 0.66897
78 0.6768
79 0.68527
80 0.68931
81 0.692
82 0.7135
83 0.71692
84 0.73325
85 0.73477
86 0.7561
87 0.75829
88 0.76753
89 0.77217
90 0.77355
91 0.77899
92 0.78076
93 0.78508
94 0.83254
95 0.8375
96 0.84565
97 0.85012
98 0.85687
99 0.86648
100 0.87412
101 0.87664
102 0.88356
103 0.89139
104 0.90248
105 0.91734
106 0.92253
107 0.93665
108 0.94609
109 0.95771
110 0.96619
111 0.97232
112 0.97496
113 0.98135
114 0.98393
115 0.99534
116 1.00312
117 1.00889
118 1.01364
119 1.02362
120 1.02458
121 1.03301
122 1.04211
123 1.05633
124 1.08073
125 1.09092
126 1.09539
127 1.1009
128 1.10437
129 1.11178
130 1.11689
131 1.12956
132 1.13831
133 1.16368
134 1.16948
135 1.17837
136 1.19179
137 1.19412
138 1.2148
139 1.228
140 1.23071
141 1.23306
142 1.23767
143 1.24072
144 1.25338
145 1.26904
146 1.27522
147 1.27808
148 1.30907
149 1.31713
150 1.32281
151 1.33713
152 1.35312
153 1.35484
154 1.35579
155 1.35814
156 1.37041
157 1.38172
158 1.38729
159 1.39254
160 1.41726
161 1.42669
162 1.42937
163 1.43159
164 1.44011
165 1.44858
166 1.45891
167 1.46838
168 1.48087
169 1.48624
170 1.51198
171 1.51682
172 1.5228
173 1.52928
174 1.53445
175 1.55726
176 1.58415
177 1.58858
178 1.59555
179 1.59717
180 1.60976
181 1.62311
182 1.6286
183 1.63925
184 1.65781
185 1.66846
186 1.68089
187 1.68215
188 1.68881
189 1.71592
190 1.71928
191 1.73219
192 1.73606
193 1.75409
194 1.76063
195 1.7629
196 1.77344
197 1.77859
198 1.79785
199 1.8378
200 1.84143
201 1.84863
202 1.851
203 1.8563
204 1.87199
205 1.87493
206 1.88927
207 1.91646
208 1.9226
209 1.92624
210 1.9292
211 1.93804
212 1.94153
213 1.94292
214 1.94639
215 1.96977
216 1.97211
217 1.97584
218 1.97916
219 1.98261
220 1.98584
221 1.98957
222 1.99564
223 2.00748
224 2.02134
225 2.02711
226 2.03595
227 2.05951
228 2.08341
229 2.09306
230 2.09754
231 2.10564
232 2.10875
233 2.11027
234 2.12044
235 2.12838
236 2.13512
237 2.14286
238 2.17121
239 2.17737
240 2.18096
241 2.18535
242 2.19001
243 2.21381
244 2.22395
245 2.23755
246 2.24776
247 2.24901
248 2.26644
249 2.27086
250 2.27796
251 2.32532
252 2.33332
253 2.34027
254 2.35229
255 2.358
256 2.3651
257 2.38247
258 2.39169
259 2.41626
260 2.43081
261 2.43598
262 2.43887
263 2.4489
264 2.4646
265 2.47075
266 2.48585
267 2.49282
268 2.49694
269 2.50276
270 2.50817
271 2.51601
272 2.53341
273 2.54068
274 2.60903
275 2.61998
276 2.62594
277 2.63928
278 2.6641
279 2.66781
280 2.67238
281 2.68424
282 2.6879
283 2.71336
284 2.71911
285 2.7255
286 2.73508
287 2.73765
288 2.7491
289 2.76055
290 2.76594
291 2.76708
292 2.77576
293 2.78919
294 2.82497
295 2.83043
296 2.85468
297 2.86354
298 2.86871
299 2.92253
300 2.92595
301 2.92783
302 2.93244
303 2.96189
304 2.97907
305 2.98739
306 2.99216
307 2.9939
