1 0.0202
2 0.02836
3 0.04138
4 0.04315
5 0.06391
6 0.07028
7 0.09026
8 0.09751
9 0.10797
10 0.11501
11 0.12224
12 0.12994
13 0.13471
14 0.14207
15 0.14738
16 0.15392
17 0.16433
18 0.20792
19 0.22996
20 0.26817
21 0.28183
22 0.28974
23 0.30363
24 0.3358
25 0.34234
26 0.3574
27 0.37857
28 0.3853
29 0.40038
30 0.41613
31 0.47011
32 0.48408
33 0.49541
34 0.51343
35 0.52849
36 0.53675
37 0.55902
38 0.56567
39 0.5706
40 0.59937
41 0.6398
42 0.64609
43 0.68359
44 0.72116
45 0.72289
46 0.73585
47 0.74734
48 0.75319
49 0.79174
50 0.79913
51 0.80725
52 0.82683
53 0.84065
54 0.84788
55 0.86293
56 0.87129
57 0.87821
58 0.88453
59 0.90671
60 0.92497
61 0.93137
62 0.93726
63 0.94535
64 0.97429
65 1.01732
66 1.03307
67 1.04536
68 1.07619
69 1.09227
70 1.10084
71 1.12324
72 1.13528
73 1.15432
74 1.16119
75 1.2089
76 1.21983
77 1.22396
78 1.23203
79 1.27616
80 1.2987
81 1.31351
82 1.31974
83 1.32722
84 1.33735
85 1.3449
86 1.35757
87 1.35884
88 1.36531
89 1.37822
90 1.38366
91 1.4174
92 1.42599
93 1.44999
94 1.47243
95 1.48957
96 1.51914
97 1.53854
98 1.5525
99 1.56048
100 1.56576
101 1.59711
102 1.61425
103 1.64358
104 1.67696
105 1.68264
106 1.72655
107 1.73062
108 1.74463
109 1.75566
110 1.78052
111 1.80338
112 1.83472
113 1.85577
114 1.86312
115 1.87119
116 1.8941
117 1.92184
118 1.93614
119 1.94834
120 1.961
121 1.96837
122 1.9927
123 2.01154
124 2.02708
125 2.04678
126 2.05462
127 2.08423
128 2.11711
129 2.1239
130 2.143
131 2.1498
132 2.17003
133 2.17648
134 2.18128
135 2.18554
136 2.19214
137 2.23814
138 2.25615
139 2.2656
140 2.27339
141 2.27448
142 2.28074
143 2.30573
144 2.31481
145 2.32946
146 2.33461
147 2.34729
148 2.37321
149 2.39163
150 2.4157
151 2.42529
152 2.45472
153 2.46975
154 2.55671
155 2.56959
156 2.58733
157 2.6159
158 2.62921
159 2.64177
160 2.65948
161 2.66489
162 2.6714
163 2.71878
164 2.76399
165 2.79041
166 2.81079
167 2.83786
168 2.85844
169 2.87548
170 2.88266
171 2.88903
172 2.90529
173 2.90945
174 2.93792
175 2.94309
176 2.95031
177 2.9878
