1 0.00412
2 0.00636
3 0.01309
4 0.01618
5 0.02503
6 0.02761
7 0.03689
8 0.03976
9 0.04995
10 0.067
11 0.06932
12 0.07257
13 0.07404
14 0.07686
15 0.09331
16 0.09993
17 0.10121
18 0.11161
19 0.11388
20 0.12598
21 0.12997
22 0.13961
23 0.1433
24 0.14823
25 0.15044
26 0.16006
27 0.16378
28 0.16985
29 0.17355
30 0.18372
31 0.18619
32 0.19181
33 0.19394
34 0.19969
35 0.21296
36 0.21583
37 0.22887
38 0.23749
39 0.24503
40 0.2501
41 0.25735
42 0.26139
43 0.26398
44 0.27157
45 0.28257
46 0.29591
47 0.29972
48 0.30109
49 0.30384
50 0.30579
51 0.30881
52 0.31617
53 0.31976
54 0.32146
55 0.32573
56 0.32849
57 0.3348
58 0.33738
59 0.35623
60 0.36552
61 0.37261
62 0.38347
63 0.38869
64 0.39034
65 0.40059
66 0.40621
67 0.41265
68 0.42461
69 0.43263
70 0.44432
71 0.44941
72 0.45121
73 0.46577
74 0.49094
75 0.49823
76 0.50944
77 0.51185
78 0.52454
79 0.53698
80 0.55192
81 0.56958
82 0.60559
83 0.61757
84 0.63356
85 0.63636
86 0.65179
87 0.65895
88 0.66367
89 0.67055
90 0.67485
91 0.68387
92 0.69356
93 0.69752
94 0.7042
95 0.73029
96 0.735
97 0.74662
98 0.7643
99 0.77907
100 0.78387
101 0.79031
102 0.80326
103 0.80817
104 0.81525
105 0.8198
106 0.84812
107 0.85302
108 0.86297
109 0.86766
110 0.87541
111 0.88045
112 0.8905
113 0.89438
114 0.89862
115 0.9051
116 0.90916
117 0.91297
118 0.92542
119 0.93303
120 0.9417
121 0.94671
122 0.95088
123 0.96508
124 0.9719
125 0.97424
126 0.97903
127 0.99809
128 1.01914
129 1.023
130 1.03305
131 1.05102
132 1.07182
133 1.07447
134 1.07663
135 1.08189
136 1.08375
137 1.08631
138 1.09988
139 1.10378
140 1.13058
141 1.13395
142 1.14186
143 1.15029
144 1.16494
145 1.17343
146 1.18048
147 1.19269
148 1.19964
149 1.22588
150 1.25722
151 1.25871
152 1.27063
153 1.27583
154 1.28905
155 1.29868
156 1.30587
157 1.31352
158 1.32766
159 1.33016
160 1.3354
161 1.34078
162 1.34449
163 1.34871
164 1.35052
165 1.37242
166 1.38362
167 1.39319
168 1.40931
169 1.42496
170 1.42962
171 1.43344
172 1.45
173 1.46382
174 1.46778
175 1.46896
176 1.47517
177 1.48929
178 1.49562
179 1.50595
180 1.50835
181 1.51176
182 1.51554
183 1.52258
184 1.54404
185 1.5534
186 1.56827
187 1.57638
188 1.58693
189 1.59738
190 1.60193
191 1.61293
192 1.62245
193 1.64257
194 1.64961
195 1.65154
196 1.66143
197 1.66237
198 1.66529
199 1.66982
200 1.67969
201 1.69803
202 1.69958
203 1.71693
204 1.7268
205 1.7294
206 1.75733
207 1.75948
208 1.76608
209 1.77265
210 1.78264
211 1.78927
212 1.80474
213 1.82227
214 1.84213
215 1.85499
216 1.86558
217 1.87332
218 1.87824
219 1.90075
220 1.91116
221 1.9149
222 1.91933
223 1.92518
224 1.92852
225 1.95794
226 1.96277
227 1.97022
228 1.99015
229 2.00039
230 2.00648
231 2.01432
232 2.02081
233 2.04234
234 2.05241
235 2.05592
236 2.07903
237 2.08342
238 2.08637
239 2.10622
240 2.12303
241 2.1266
242 2.13298
243 2.14159
244 2.14569
245 2.1537
246 2.16126
247 2.17322
248 2.18183
249 2.19083
250 2.19461
251 2.19692
252 2.21486
253 2.21695
254 2.22151
255 2.22578
256 2.22881
257 2.2601
258 2.2611
259 2.26446
260 2.27042
261 2.29399
262 2.30055
263 2.30893
264 2.31508
265 2.33065
266 2.33646
267 2.3449
268 2.34875
269 2.3565
270 2.36015
271 2.37294
272 2.38462
273 2.39489
274 2.40148
275 2.41238
276 2.41501
277 2.42202
278 2.42643
279 2.43292
280 2.46199
281 2.46472
282 2.47518
283 2.49182
284 2.50881
285 2.52281
286 2.52689
287 2.53451
288 2.54295
289 2.54578
290 2.57678
291 2.57964
292 2.59972
293 2.61137
294 2.61553
295 2.61926
296 2.62078
297 2.62422
298 2.64502
299 2.65261
300 2.65974
301 2.67537
302 2.67907
303 2.69053
304 2.69329
305 2.69687
306 2.70223
307 2.70931
308 2.72677
309 2.74207
310 2.74824
311 2.74987
312 2.76689
313 2.77428
314 2.78699
315 2.79103
316 2.79474
317 2.79747
318 2.80246
319 2.80879
320 2.81584
321 2.83405
322 2.85095
323 2.85474
324 2.86899
325 2.87583
326 2.88131
327 2.88965
328 2.89703
329 2.90834
330 2.91038
331 2.92224
332 2.93202
333 2.95279
334 2.96265
335 2.9789
336 2.99775
