1 0.01543
2 0.0261
3 0.03464
4 0.0555
5 0.07799
6 0.08471
7 0.09389
8 0.10039
9 0.10724
10 0.11099
11 0.11266
12 0.11547
13 0.11963
14 0.12278
15 0.12439
16 0.12932
17 0.14137
18 0.14646
19 0.16764
20 0.18914
21 0.19544
22 0.20614
23 0.21193
24 0.21943
25 0.22383
26 0.24026
27 0.2598
28 0.26466
29 0.27276
30 0.27921
31 0.3025
32 0.32121
33 0.33449
34 0.34279
35 0.35504
36 0.36144
37 0.36982
38 0.37948
39 0.3898
40 0.40803
41 0.41933
42 0.42567
43 0.43319
44 0.43541
45 0.43871
46 0.46266
47 0.47224
48 0.47914
49 0.48939
50 0.49886
51 0.50176
52 0.5142
53 0.51708
54 0.51997
55 0.53651
56 0.53745
57 0.54098
58 0.5423
59 0.57383
60 0.60185
61 0.6454
62 0.64876
63 0.66273
64 0.67152
65 0.68095
66 0.68545
67 0.69128
68 0.70833
69 0.71296
70 0.71508
71 0.72313
72 0.72792
73 0.73212
74 0.73917
75 0.75055
76 0.75945
77 0.76578
78 0.78271
79 0.78859
80 0.79728
81 0.80137
82 0.82843
83 0.85429
84 0.85748
85 0.87498
86 0.88336
87 0.88697
88 0.92276
89 0.92693
90 0.95034
91 0.96644
92 0.97371
93 1.00656
94 1.01892
95 1.03099
96 1.04185
97 1.04749
98 1.06178
99 1.08953
100 1.09721
101 1.10691
102 1.14633
103 1.14925
104 1.1504
105 1.15364
106 1.16867
107 1.17253
108 1.17917
109 1.18402
110 1.18558
111 1.20041
112 1.20283
113 1.21686
114 1.22928
115 1.24025
116 1.25243
117 1.26125
118 1.26407
119 1.27254
120 1.27968
121 1.28779
122 1.29328
123 1.31664
124 1.33318
125 1.34142
126 1.34906
127 1.36572
128 1.38889
129 1.41776
130 1.41966
131 1.42485
132 1.43093
133 1.46902
134 1.48099
135 1.48346
136 1.48709
137 1.50053
138 1.5075
139 1.51454
140 1.5361
141 1.54015
142 1.54435
143 1.54621
144 1.55203
145 1.56941
146 1.58024
147 1.60484
148 1.60629
149 1.6145
150 1.62309
151 1.6308
152 1.63473
153 1.66697
154 1.67337
155 1.68255
156 1.69427
157 1.69514
158 1.71533
159 1.72364
160 1.73424
161 1.73948
162 1.75357
163 1.76606
164 1.77449
165 1.7962
166 1.80704
167 1.81663
168 1.82207
169 1.82549
170 1.83377
171 1.84165
172 1.85691
173 1.8723
174 1.87793
175 1.88561
176 1.89204
177 1.91509
178 1.91747
179 1.92557
180 1.95059
181 1.96072
182 1.97231
183 1.97777
184 1.98552
185 1.99563
186 2.00124
187 2.00251
188 2.00623
189 2.01461
190 2.01883
191 2.02023
192 2.023
193 2.03531
194 2.04159
195 2.05739
196 2.06658
197 2.08526
198 2.09092
199 2.10988
200 2.11796
201 2.13257
202 2.16593
203 2.16995
204 2.18051
205 2.19922
206 2.2021
207 2.20902
208 2.21776
209 2.23177
210 2.23801
211 2.26784
212 2.27537
213 2.27982
214 2.28916
215 2.30256
216 2.31606
217 2.31895
218 2.33976
219 2.35533
220 2.35843
221 2.36515
222 2.37078
223 2.38631
224 2.39615
225 2.42595
226 2.43634
227 2.44237
228 2.46682
229 2.47021
230 2.48047
231 2.48295
232 2.48859
233 2.48987
234 2.49523
235 2.50195
236 2.51735
237 2.52418
238 2.53473
239 2.53592
240 2.53941
241 2.55664
242 2.57253
243 2.58032
244 2.59434
245 2.59718
246 2.60456
247 2.60766
248 2.61431
249 2.61965
250 2.63665
251 2.6445
252 2.65221
253 2.67102
254 2.67614
255 2.68259
256 2.69088
257 2.69238
258 2.71881
259 2.72417
260 2.73755
261 2.75112
262 2.75759
263 2.77957
264 2.78389
265 2.81061
266 2.83383
267 2.84462
268 2.85174
269 2.85669
270 2.85955
271 2.87508
272 2.88327
273 2.88456
274 2.89399
275 2.92696
276 2.93381
277 2.93546
278 2.94246
279 2.95168
280 2.96051
281 2.97142
282 2.97857
283 2.99003
284 2.99181
