1 0.00879
2 0.01802
3 0.0427
4 0.04897
5 0.07041
6 0.0772
7 0.08951
8 0.09561
9 0.12099
10 0.13407
11 0.14411
12 0.14615
13 0.15936
14 0.17153
15 0.20166
16 0.20724
17 0.21414
18 0.22168
19 0.22818
20 0.23319
21 0.29681
22 0.32059
23 0.33455
24 0.34129
25 0.35015
26 0.35603
27 0.36057
28 0.36214
29 0.37664
30 0.40013
31 0.42025
32 0.46007
33 0.4663
34 0.47731
35 0.49541
36 0.51826
37 0.52222
38 0.52683
39 0.53945
40 0.55002
41 0.56391
42 0.59277
43 0.5973
44 0.59906
45 0.60521
46 0.62076
47 0.62791
48 0.64542
49 0.67896
50 0.69354
51 0.70588
52 0.71155
53 0.71282
54 0.7278
55 0.76413
56 0.79352
57 0.8377
58 0.86258
59 0.87737
60 0.88834
61 0.90248
62 0.90961
63 0.92311
64 0.94106
65 0.94521
66 0.96068
67 0.96679
68 0.97255
69 0.97428
70 0.98529
71 1.03356
72 1.04197
73 1.09957
74 1.10554
75 1.13822
76 1.15942
77 1.16592
78 1.17457
79 1.17881
80 1.21795
81 1.22276
82 1.2373
83 1.25095
84 1.26957
85 1.27626
86 1.30514
87 1.31171
88 1.32586
89 1.34432
90 1.35654
91 1.38849
92 1.41649
93 1.42078
94 1.45873
95 1.48621
96 1.50944
97 1.51664
98 1.55929
99 1.56494
100 1.58079
101 1.59459
102 1.59593
103 1.60626
104 1.61711
105 1.64046
106 1.66174
107 1.6628
108 1.66823
109 1.67371
110 1.68167
111 1.71673
112 1.72686
113 1.73477
114 1.75009
115 1.76854
116 1.80909
117 1.83969
118 1.84144
119 1.84534
120 1.85375
121 1.85801
122 1.86462
123 1.86921
124 1.87232
125 1.89787
126 1.9058
127 1.91214
128 1.92661
129 1.95391
130 1.96633
131 1.99655
132 2.01129
133 2.01517
134 2.01919
135 2.02554
136 2.06116
137 2.06702
138 2.08992
139 2.09489
140 2.0966
141 2.10056
142 2.15361
143 2.16124
144 2.17333
145 2.17906
146 2.18068
147 2.18578
148 2.24943
149 2.26114
150 2.3136
151 2.33396
152 2.40768
153 2.42006
154 2.42479
155 2.44166
156 2.45387
157 2.46023
158 2.46819
159 2.473
160 2.50736
161 2.5241
162 2.56195
163 2.59084
164 2.60136
165 2.60703
166 2.62207
167 2.62954
168 2.63742
169 2.66863
170 2.68564
171 2.68959
172 2.71245
173 2.73131
174 2.73518
175 2.74506
176 2.76824
177 2.77322
178 2.77688
179 2.80159
180 2.81049
181 2.82412
182 2.84345
183 2.84884
184 2.86619
185 2.86996
186 2.92169
187 2.92766
188 2.96853
