1 0.0051
2 0.00902
3 0.01165
4 0.01264
5 0.02572
6 0.04041
7 0.05027
8 0.05245
9 0.05873
10 0.09511
11 0.1073
12 0.11624
13 0.11793
14 0.12461
15 0.13276
16 0.13816
17 0.16276
18 0.16858
19 0.17617
20 0.18617
21 0.18983
22 0.21101
23 0.21585
24 0.21925
25 0.22551
26 0.25048
27 0.25274
28 0.26125
29 0.2804
30 0.2823
31 0.28408
32 0.29269
33 0.3019
34 0.30672
35 0.31407
36 0.33234
37 0.33393
38 0.34714
39 0.34912
40 0.37123
41 0.37932
42 0.38781
43 0.3997
44 0.41465
45 0.41947
46 0.43
47 0.43636
48 0.44228
49 0.44739
50 0.47031
51 0.4723
52 0.4778
53 0.48082
54 0.49319
55 0.5066
56 0.53302
57 0.53917
58 0.54536
59 0.55572
60 0.55921
61 0.56524
62 0.57434
63 0.58319
64 0.58805
65 0.59484
66 0.60376
67 0.60712
68 0.62264
69 0.62514
70 0.62661
71 0.6388
72 0.64914
73 0.6591
74 0.66273
75 0.6792
76 0.69571
77 0.70115
78 0.7119
79 0.7177
80 0.72958
81 0.73687
82 0.74627
83 0.77132
84 0.78422
85 0.79417
86 0.80175
87 0.80366
88 0.81523
89 0.82126
90 0.82411
91 0.82839
92 0.84242
93 0.84878
94 0.8554
95 0.86275
96 0.86389
97 0.87067
98 0.87953
99 0.89831
100 0.90455
101 0.9158
102 0.93082
103 0.93619
104 0.93993
105 0.94626
106 0.9577
107 0.98011
108 0.98738
109 0.99583
110 0.99715
111 1.02185
112 1.02902
113 1.03723
114 1.04393
115 1.05035
116 1.05545
117 1.06014
118 1.06304
119 1.0727
120 1.07398
121 1.08605
122 1.08876
123 1.0932
124 1.10311
125 1.11016
126 1.11767
127 1.12411
128 1.12568
129 1.13011
130 1.14481
131 1.15773
132 1.16095
133 1.20228
134 1.2043
135 1.20765
136 1.23668
137 1.24256
138 1.24343
139 1.25049
140 1.25615
141 1.27087
142 1.27316
143 1.27535
144 1.27751
145 1.2795
146 1.28883
147 1.29077
148 1.2939
149 1.29896
150 1.30205
151 1.32156
152 1.32423
153 1.34304
154 1.34695
155 1.3612
156 1.38223
157 1.40172
158 1.40816
159 1.41075
160 1.42294
161 1.42567
162 1.43517
163 1.43932
164 1.44048
165 1.44296
166 1.44603
167 1.46081
168 1.47293
169 1.48427
170 1.48547
171 1.4907
172 1.49821
173 1.51495
174 1.51615
175 1.54082
176 1.56613
177 1.5813
178 1.58569
179 1.59561
180 1.62517
181 1.628
182 1.63319
183 1.63565
184 1.64357
185 1.66143
186 1.67002
187 1.67796
188 1.68172
189 1.69721
190 1.69953
191 1.71706
192 1.72645
193 1.73281
194 1.74544
195 1.75803
196 1.76187
197 1.7682
198 1.77168
199 1.7729
200 1.77495
201 1.78555
202 1.81201
203 1.81622
204 1.82954
205 1.84693
206 1.86093
207 1.86811
208 1.87871
209 1.89022
210 1.90188
211 1.91006
212 1.91286
213 1.93399
214 1.94394
215 1.94889
216 1.96749
217 1.97088
218 1.98484
219 1.98695
220 1.99513
221 1.99734
222 2.00909
223 2.02277
224 2.03204
225 2.05313
226 2.06074
227 2.06418
228 2.0683
229 2.07991
230 2.08886
231 2.10395
232 2.10813
233 2.12049
234 2.1231
235 2.13345
236 2.16463
237 2.18134
238 2.18692
239 2.20281
240 2.21585
241 2.22821
242 2.23267
243 2.24127
244 2.24626
245 2.24818
246 2.25071
247 2.2635
248 2.28508
249 2.29623
250 2.30377
251 2.31286
252 2.32649
253 2.34684
254 2.36512
255 2.37981
256 2.40279
257 2.40628
258 2.41199
259 2.4182
260 2.43054
261 2.43786
262 2.46865
263 2.47507
264 2.50388
265 2.5156
266 2.52238
267 2.52492
268 2.53761
269 2.55522
270 2.56586
271 2.56947
272 2.57719
273 2.58848
274 2.59885
275 2.61023
276 2.63166
277 2.6429
278 2.66197
279 2.67027
280 2.67643
281 2.67944
282 2.68814
283 2.69429
284 2.70931
285 2.7261
286 2.7608
287 2.76563
288 2.77222
289 2.8194
290 2.8404
291 2.84629
292 2.8594
293 2.86487
294 2.87201
295 2.87497
296 2.88151
297 2.88299
298 2.8885
299 2.88974
300 2.91919
301 2.92362
302 2.93086
303 2.94548
304 2.96448
305 2.9782
306 2.98088
307 2.98833
308 2.99753
