1 0.00601
2 0.00959
3 0.0158
4 0.03399
5 0.04056
6 0.0431
7 0.04561
8 0.04817
9 0.05108
10 0.05525
11 0.06107
12 0.06493
13 0.07294
14 0.0754
15 0.08755
16 0.10089
17 0.11215
18 0.11378
19 0.1215
20 0.12899
21 0.14477
22 0.14779
23 0.16152
24 0.16431
25 0.16908
26 0.17385
27 0.17735
28 0.18141
29 0.18949
30 0.19737
31 0.20494
32 0.20705
33 0.21002
34 0.21656
35 0.23836
36 0.2409
37 0.24809
38 0.26177
39 0.267
40 0.2703
41 0.28577
42 0.29416
43 0.30033
44 0.30471
45 0.30759
46 0.31761
47 0.32646
48 0.35378
49 0.36605
50 0.36777
51 0.37245
52 0.37628
53 0.38007
54 0.38358
55 0.38751
56 0.38893
57 0.3931
58 0.39791
59 0.40271
60 0.41007
61 0.41642
62 0.43628
63 0.44019
64 0.44489
65 0.45002
66 0.45345
67 0.45523
68 0.45794
69 0.46001
70 0.46486
71 0.48518
72 0.49247
73 0.50411
74 0.51744
75 0.53377
76 0.54165
77 0.55778
78 0.56367
79 0.57795
80 0.58007
81 0.58872
82 0.59114
83 0.59385
84 0.5964
85 0.60732
86 0.61383
87 0.62294
88 0.62759
89 0.64013
90 0.64315
91 0.6539
92 0.65607
93 0.66057
94 0.66542
95 0.6719
96 0.67645
97 0.68401
98 0.7022
99 0.70479
100 0.71212
101 0.72146
102 0.7226
103 0.74579
104 0.74808
105 0.75189
106 0.76241
107 0.77013
108 0.77149
109 0.77622
110 0.79302
111 0.79938
112 0.81765
113 0.82325
114 0.83716
115 0.84588
116 0.85556
117 0.86123
118 0.87059
119 0.88859
120 0.89204
121 0.90397
122 0.90767
123 0.91158
124 0.91615
125 0.92008
126 0.92272
127 0.93208
128 0.94284
129 0.95295
130 0.9665
131 0.97208
132 0.97948
133 0.98593
134 0.99862
135 1.00033
136 1.00605
137 1.0175
138 1.0274
139 1.03245
140 1.03737
141 1.04695
142 1.05062
143 1.0546
144 1.05898
145 1.06312
146 1.08096
147 1.09711
148 1.09972
149 1.11162
150 1.12394
151 1.13965
152 1.15089
153 1.15464
154 1.16263
155 1.16566
156 1.1698
157 1.17691
158 1.1813
159 1.18474
160 1.19957
161 1.21522
162 1.22239
163 1.23536
164 1.23752
165 1.26045
166 1.2731
167 1.27583
168 1.2947
169 1.2975
170 1.30179
171 1.31238
172 1.31612
173 1.32047
174 1.32595
175 1.33493
176 1.35607
177 1.36269
178 1.37085
179 1.37708
180 1.39023
181 1.39878
182 1.41093
183 1.42275
184 1.43664
185 1.44474
186 1.45309
187 1.46304
188 1.46646
189 1.46933
190 1.48192
191 1.50515
192 1.52567
193 1.53405
194 1.54424
195 1.54713
196 1.55035
197 1.55423
198 1.56198
199 1.57429
200 1.59931
201 1.60128
202 1.60767
203 1.62962
204 1.6359
205 1.6451
206 1.64621
207 1.65855
208 1.66447
209 1.67304
210 1.67481
211 1.68175
212 1.68698
213 1.70715
214 1.7086
215 1.71381
216 1.72542
217 1.72831
218 1.74664
219 1.76054
220 1.78057
221 1.78378
222 1.7857
223 1.79013
224 1.79815
225 1.80091
226 1.81065
227 1.81651
228 1.82328
229 1.82597
230 1.82981
231 1.83368
232 1.83635
233 1.83767
234 1.84512
235 1.84809
236 1.85008
237 1.86203
238 1.86447
239 1.88817
240 1.89018
241 1.89316
242 1.89958
243 1.91218
244 1.91406
245 1.92245
246 1.92983
247 1.93515
248 1.9583
249 1.96384
250 1.97111
251 1.97306
252 1.99484
253 2.0007
254 2.00309
255 2.00608
256 2.00892
257 2.01975
258 2.03444
259 2.03965
260 2.06049
261 2.06302
262 2.08036
263 2.09962
264 2.11484
265 2.11735
266 2.12433
267 2.12968
268 2.14343
269 2.14663
270 2.16534
271 2.1681
272 2.17967
273 2.19623
274 2.20591
275 2.22694
276 2.22972
277 2.23614
278 2.24129
279 2.25414
280 2.26355
281 2.26721
282 2.27071
283 2.2757
284 2.27939
285 2.28656
286 2.29161
287 2.29419
288 2.3025
289 2.30843
290 2.31178
291 2.31911
292 2.33307
293 2.33841
294 2.34287
295 2.35217
296 2.35961
297 2.36459
298 2.37036
299 2.39787
300 2.41538
301 2.41805
302 2.4209
303 2.429
304 2.43633
305 2.45099
306 2.45935
307 2.46366
308 2.46763
309 2.47246
310 2.49249
311 2.50523
312 2.51301
313 2.51453
314 2.53119
315 2.55217
316 2.55783
317 2.56507
318 2.57154
319 2.58641
320 2.59509
321 2.6122
322 2.61977
323 2.62946
324 2.64145
325 2.65397
326 2.67002
327 2.69083
328 2.70164
329 2.70329
330 2.73571
331 2.74219
332 2.75242
333 2.76019
334 2.76473
335 2.76733
336 2.77623
337 2.78717
338 2.80076
339 2.80812
340 2.80971
341 2.81212
342 2.8301
343 2.8427
344 2.85663
345 2.86933
346 2.87365
347 2.87486
348 2.8882
349 2.89096
350 2.89711
351 2.90046
352 2.91092
353 2.92029
354 2.92188
355 2.96325
356 2.9752
357 2.9906
358 2.99647
