1 0.00609
2 0.00865
3 0.01282
4 0.01807
5 0.02972
6 0.03902
7 0.04219
8 0.04861
9 0.06076
10 0.06808
11 0.07573
12 0.08451
13 0.09701
14 0.10277
15 0.11533
16 0.12247
17 0.12475
18 0.12895
19 0.13128
20 0.13818
21 0.15044
22 0.15468
23 0.16083
24 0.16303
25 0.16704
26 0.1769
27 0.18422
28 0.1871
29 0.19708
30 0.22007
31 0.231
32 0.2365
33 0.23983
34 0.24904
35 0.25344
36 0.25626
37 0.26602
38 0.27088
39 0.28164
40 0.28616
41 0.28944
42 0.2988
43 0.30089
44 0.30713
45 0.31127
46 0.32646
47 0.35421
48 0.36215
49 0.36659
50 0.38245
51 0.40586
52 0.42091
53 0.44459
54 0.44988
55 0.45345
56 0.46413
57 0.47183
58 0.4765
59 0.48035
60 0.48823
61 0.49226
62 0.50188
63 0.5037
64 0.51162
65 0.52335
66 0.53244
67 0.53497
68 0.53876
69 0.54409
70 0.55542
71 0.56723
72 0.57009
73 0.58661
74 0.59228
75 0.60007
76 0.61159
77 0.62046
78 0.62674
79 0.63357
80 0.64389
81 0.65028
82 0.65313
83 0.66011
84 0.66765
85 0.68097
86 0.697
87 0.70139
88 0.70367
89 0.70624
90 0.72114
91 0.7246
92 0.72639
93 0.73738
94 0.74271
95 0.74601
96 0.75802
97 0.78181
98 0.79652
99 0.80731
100 0.81593
101 0.82325
102 0.83476
103 0.84805
104 0.85345
105 0.85556
106 0.86003
107 0.8678
108 0.87335
109 0.87888
110 0.88389
111 0.88681
112 0.897
113 0.90668
114 0.90981
115 0.91161
116 0.92203
117 0.9257
118 0.93851
119 0.94071
120 0.94261
121 0.95138
122 0.95828
123 0.96295
124 0.97154
125 0.98101
126 0.98745
127 0.99743
128 0.99994
129 1.00255
130 1.00465
131 1.01
132 1.02971
133 1.04578
134 1.05072
135 1.05268
136 1.07478
137 1.0871
138 1.09567
139 1.11591
140 1.12151
141 1.14021
142 1.14624
143 1.17123
144 1.17947
145 1.18926
146 1.19435
147 1.20276
148 1.20547
149 1.22643
150 1.23574
151 1.24335
152 1.24982
153 1.25682
154 1.26517
155 1.27935
156 1.28336
157 1.29744
158 1.307
159 1.31328
160 1.31521
161 1.32215
162 1.32782
163 1.33419
164 1.34428
165 1.35439
166 1.36267
167 1.36652
168 1.36847
169 1.38271
170 1.38416
171 1.39084
172 1.39292
173 1.40297
174 1.40553
175 1.4141
176 1.41818
177 1.42811
178 1.44436
179 1.45932
180 1.4626
181 1.46497
182 1.47133
183 1.48404
184 1.48708
185 1.49025
186 1.49251
187 1.50358
188 1.52558
189 1.5372
190 1.55556
191 1.5592
192 1.56326
193 1.56917
194 1.57918
195 1.58462
196 1.58654
197 1.61895
198 1.62496
199 1.62595
200 1.64238
201 1.64997
202 1.65702
203 1.67175
204 1.674
205 1.68659
206 1.69486
207 1.69989
208 1.71021
209 1.71319
210 1.72014
211 1.72295
212 1.727
213 1.73279
214 1.75519
215 1.76152
216 1.76575
217 1.77563
218 1.79132
219 1.79991
220 1.81481
221 1.82671
222 1.83014
223 1.83133
224 1.83948
225 1.84436
226 1.85849
227 1.86246
228 1.87509
229 1.88023
230 1.88251
231 1.8876
232 1.89008
233 1.89579
234 1.90395
235 1.90965
236 1.92041
237 1.92981
238 1.93591
239 1.94643
240 1.95606
241 1.95806
242 1.96304
243 1.97164
244 1.97462
245 1.97581
246 1.98281
247 1.98784
248 2.00613
249 2.01063
250 2.01452
251 2.02101
252 2.02564
253 2.04069
254 2.04634
255 2.05545
256 2.0718
257 2.07482
258 2.0812
259 2.08908
260 2.09334
261 2.12893
262 2.13378
263 2.14317
264 2.15351
265 2.16097
266 2.16374
267 2.16921
268 2.19194
269 2.20268
270 2.20981
271 2.21608
272 2.21959
273 2.23452
274 2.24662
275 2.25628
276 2.26334
277 2.27007
278 2.29189
279 2.30084
280 2.31115
281 2.3158
282 2.32084
283 2.33632
284 2.34401
285 2.34676
286 2.35108
287 2.35641
288 2.363
289 2.37691
290 2.38893
291 2.39871
292 2.40594
293 2.41999
294 2.42284
295 2.42715
296 2.43736
297 2.44149
298 2.44352
299 2.44471
300 2.45787
301 2.46002
302 2.46212
303 2.46604
304 2.47175
305 2.48057
306 2.48619
307 2.48816
308 2.49621
309 2.53353
310 2.53947
311 2.54313
312 2.54958
313 2.55344
314 2.56196
315 2.56478
316 2.59017
317 2.59503
318 2.60823
319 2.6215
320 2.62546
321 2.63179
322 2.63674
323 2.63844
324 2.64882
325 2.65728
326 2.66512
327 2.66637
328 2.67495
329 2.68146
330 2.69001
331 2.69413
332 2.69991
333 2.7073
334 2.70865
335 2.71842
336 2.7326
337 2.75158
338 2.75256
339 2.75434
340 2.75721
341 2.77125
342 2.77856
343 2.78375
344 2.79263
345 2.80084
346 2.81096
347 2.83253
348 2.86094
349 2.86356
350 2.86579
351 2.87122
352 2.87673
353 2.88
354 2.88194
355 2.88745
356 2.8934
357 2.89513
358 2.90322
359 2.9046
360 2.90629
361 2.91371
362 2.92724
363 2.9332
364 2.94394
365 2.95305
366 2.95927
367 2.97171
368 2.9955
