1 0.00539
2 0.00789
3 0.01076
4 0.0134
5 0.01562
6 0.05513
7 0.06166
8 0.07422
9 0.0824
10 0.08678
11 0.12118
12 0.12579
13 0.16139
14 0.16514
15 0.17447
16 0.18698
17 0.20504
18 0.21882
19 0.22365
20 0.22636
21 0.24215
22 0.24957
23 0.25165
24 0.25739
25 0.27405
26 0.27983
27 0.29425
28 0.31981
29 0.32246
30 0.32622
31 0.32976
32 0.33269
33 0.33681
34 0.34709
35 0.35462
36 0.37495
37 0.409
38 0.41256
39 0.41704
40 0.42005
41 0.43832
42 0.45948
43 0.46252
44 0.47135
45 0.47754
46 0.48302
47 0.4875
48 0.50648
49 0.51495
50 0.52234
51 0.52594
52 0.53152
53 0.55474
54 0.56659
55 0.56876
56 0.57476
57 0.57818
58 0.57966
59 0.58771
60 0.59496
61 0.59865
62 0.61666
63 0.6284
64 0.63922
65 0.65872
66 0.66223
67 0.66958
68 0.67349
69 0.67624
70 0.68733
71 0.69024
72 0.69934
73 0.70428
74 0.71597
75 0.72131
76 0.72456
77 0.72685
78 0.7317
79 0.73734
80 0.744
81 0.7495
82 0.75171
83 0.75492
84 0.76475
85 0.77111
86 0.77334
87 0.78835
88 0.82145
89 0.82303
90 0.83044
91 0.83404
92 0.84382
93 0.85914
94 0.87122
95 0.9001
96 0.914
97 0.9209
98 0.9276
99 0.9305
100 0.93949
101 0.94659
102 0.95377
103 0.96036
104 0.96856
105 0.97986
106 0.98622
107 1.00475
108 1.02917
109 1.03521
110 1.07708
111 1.08657
112 1.10105
113 1.13998
114 1.16726
115 1.17707
116 1.18038
117 1.18408
118 1.18751
119 1.19129
120 1.195
121 1.19827
122 1.20114
123 1.21322
124 1.21793
125 1.22585
126 1.23232
127 1.25822
128 1.26306
129 1.26926
130 1.3021
131 1.31742
132 1.32605
133 1.32904
134 1.33734
135 1.34288
136 1.36633
137 1.36962
138 1.37253
139 1.38095
140 1.38688
141 1.40479
142 1.4163
143 1.41921
144 1.42293
145 1.42874
146 1.43851
147 1.46511
148 1.47803
149 1.50239
150 1.56486
151 1.57467
152 1.58495
153 1.59437
154 1.60999
155 1.62316
156 1.62894
157 1.6559
158 1.67995
159 1.69129
160 1.70672
161 1.71433
162 1.71918
163 1.74081
164 1.74295
165 1.75511
166 1.76584
167 1.77393
168 1.81245
169 1.82374
170 1.83274
171 1.83777
172 1.877
173 1.91971
174 1.92678
175 1.94259
176 1.94569
177 1.95106
178 1.95955
179 1.96907
180 1.97354
181 1.98867
182 1.99398
183 2.00119
184 2.00969
185 2.01306
186 2.0224
187 2.02434
188 2.02711
189 2.04456
190 2.06583
191 2.06981
192 2.07562
193 2.07884
194 2.08347
195 2.08647
196 2.09232
197 2.10968
198 2.12625
199 2.13554
200 2.15884
201 2.16978
202 2.18044
203 2.19045
204 2.20187
205 2.20738
206 2.20991
207 2.21754
208 2.22117
209 2.22377
210 2.23902
211 2.24149
212 2.24777
213 2.25612
214 2.26209
215 2.26707
216 2.26912
217 2.27874
218 2.28163
219 2.28699
220 2.32283
221 2.33499
222 2.35083
223 2.36711
224 2.37839
225 2.40745
226 2.42188
227 2.42859
228 2.4349
229 2.44298
230 2.44609
231 2.44892
232 2.45819
233 2.46645
234 2.47436
235 2.48288
236 2.51268
237 2.57738
238 2.58102
239 2.58397
240 2.58683
241 2.59244
242 2.61457
243 2.62033
244 2.62289
245 2.63369
246 2.66612
247 2.67809
248 2.70897
249 2.72194
250 2.7409
251 2.74669
252 2.75914
253 2.76577
254 2.78096
255 2.84952
256 2.91569
257 2.91909
258 2.92959
259 2.93713
260 2.94077
261 2.94851
262 2.97509
263 2.98741
