1 0.00316
2 0.0076
3 0.01409
4 0.01812
5 0.02484
6 0.02965
7 0.03687
8 0.04435
9 0.04849
10 0.05223
11 0.05397
12 0.07104
13 0.07258
14 0.07658
15 0.09348
16 0.10125
17 0.10745
18 0.11815
19 0.13059
20 0.13346
21 0.13934
22 0.14283
23 0.15465
24 0.17134
25 0.17404
26 0.1768
27 0.18945
28 0.19438
29 0.19833
30 0.20719
31 0.21615
32 0.21863
33 0.23504
34 0.2487
35 0.25356
36 0.25688
37 0.26014
38 0.26146
39 0.26311
40 0.26784
41 0.27819
42 0.28303
43 0.29335
44 0.29895
45 0.30352
46 0.30778
47 0.31867
48 0.33306
49 0.35623
50 0.3769
51 0.38294
52 0.39393
53 0.39626
54 0.40557
55 0.41531
56 0.42371
57 0.42673
58 0.43396
59 0.43969
60 0.45462
61 0.45742
62 0.46238
63 0.46906
64 0.47177
65 0.47396
66 0.47723
67 0.47953
68 0.49271
69 0.50014
70 0.50499
71 0.50957
72 0.51302
73 0.51988
74 0.52496
75 0.52734
76 0.54388
77 0.54527
78 0.55313
79 0.5634
80 0.56757
81 0.58042
82 0.58499
83 0.59592
84 0.59802
85 0.60527
86 0.60664
87 0.6114
88 0.62605
89 0.64848
90 0.65256
91 0.66207
92 0.67023
93 0.67704
94 0.68434
95 0.68672
96 0.6964
97 0.69905
98 0.70204
99 0.70697
100 0.71234
101 0.72412
102 0.72701
103 0.74417
104 0.7473
105 0.76487
106 0.77679
107 0.78376
108 0.78947
109 0.79324
110 0.79664
111 0.79883
112 0.80389
113 0.80934
114 0.82501
115 0.83595
116 0.84484
117 0.84806
118 0.85067
119 0.85608
120 0.86867
121 0.87299
122 0.88039
123 0.88366
124 0.892
125 0.90061
126 0.91243
127 0.92526
128 0.93484
129 0.93647
130 0.94243
131 0.95126
132 0.96914
133 0.97616
134 0.99025
135 0.99453
136 1.01555
137 1.01729
138 1.03789
139 1.04684
140 1.05069
141 1.05841
142 1.06138
143 1.07393
144 1.08018
145 1.09648
146 1.10173
147 1.10324
148 1.11448
149 1.11549
150 1.12989
151 1.1389
152 1.14864
153 1.16971
154 1.17125
155 1.17468
156 1.17869
157 1.1885
158 1.19216
159 1.21656
160 1.22352
161 1.2411
162 1.24465
163 1.24785
164 1.25224
165 1.26552
166 1.28387
167 1.29219
168 1.29818
169 1.31535
170 1.32983
171 1.33892
172 1.35859
173 1.37662
174 1.38096
175 1.38634
176 1.38767
177 1.39211
178 1.40255
179 1.40737
180 1.4144
181 1.42407
182 1.42924
183 1.43626
184 1.44291
185 1.45014
186 1.45795
187 1.47076
188 1.47571
189 1.49839
190 1.51527
191 1.52054
192 1.52496
193 1.54045
194 1.54293
195 1.54905
196 1.56853
197 1.579
198 1.59086
199 1.61549
200 1.62224
201 1.62903
202 1.64461
203 1.67669
204 1.69342
205 1.70005
206 1.70309
207 1.71621
208 1.71936
209 1.72898
210 1.73836
211 1.74434
212 1.74715
213 1.75276
214 1.75642
215 1.76282
216 1.76617
217 1.76876
218 1.77345
219 1.79004
220 1.79851
221 1.80286
222 1.80881
223 1.81152
224 1.82004
225 1.82411
226 1.82917
227 1.83644
228 1.83789
229 1.84906
230 1.85068
231 1.88016
232 1.89946
233 1.90632
234 1.91313
235 1.92161
236 1.92374
237 1.93838
238 1.94699
239 1.95253
240 1.9589
241 1.9627
242 1.9637
243 1.96765
244 1.97165
245 1.97829
246 1.99555
247 2.00896
248 2.0205
249 2.02181
250 2.0451
251 2.05167
252 2.05394
253 2.07256
254 2.07477
255 2.08162
256 2.08388
257 2.09195
258 2.10072
259 2.12014
260 2.12975
261 2.13188
262 2.1461
263 2.15389
264 2.16638
265 2.18226
266 2.19906
267 2.2013
268 2.2031
269 2.21654
270 2.22686
271 2.24597
272 2.25352
273 2.25551
274 2.26617
275 2.28139
276 2.29338
277 2.29719
278 2.30206
279 2.31308
280 2.32115
281 2.32369
282 2.32796
283 2.33873
284 2.3457
285 2.36511
286 2.38051
287 2.38307
288 2.38553
289 2.38934
290 2.39301
291 2.39889
292 2.41784
293 2.42546
294 2.42763
295 2.43735
296 2.44056
297 2.4444
298 2.45564
299 2.46041
300 2.46761
301 2.4702
302 2.49262
303 2.50786
304 2.52501
305 2.53601
306 2.53942
307 2.54493
308 2.55514
309 2.56966
310 2.57894
311 2.58592
312 2.59292
313 2.60253
314 2.6276
315 2.63012
316 2.63493
317 2.65744
318 2.69116
319 2.70111
320 2.70627
321 2.70851
322 2.71032
323 2.72762
324 2.75073
325 2.75305
326 2.75702
327 2.75991
328 2.76823
329 2.77305
330 2.78648
331 2.80224
332 2.80517
333 2.81646
334 2.83301
335 2.84788
336 2.86244
337 2.86993
338 2.88468
339 2.88991
340 2.89366
341 2.9189
342 2.9428
343 2.95917
344 2.98634
345 2.99557
