1 0.00846
2 0.02516
3 0.03147
4 0.0437
5 0.05808
6 0.07079
7 0.08448
8 0.12219
9 0.13086
10 0.13542
11 0.15309
12 0.20114
13 0.20823
14 0.21488
15 0.25306
16 0.30445
17 0.31579
18 0.34822
19 0.36233
20 0.37759
21 0.38485
22 0.4095
23 0.41694
24 0.42344
25 0.44865
26 0.46225
27 0.50532
28 0.53076
29 0.56418
30 0.57144
31 0.65244
32 0.66732
33 0.67412
34 0.67559
35 0.75328
36 0.81971
37 0.82511
38 0.84034
39 0.90293
40 0.91174
41 0.91896
42 0.93261
43 0.94525
44 0.96148
45 0.97525
46 0.98106
47 1.06578
48 1.08748
49 1.13046
50 1.16934
51 1.17631
52 1.1893
53 1.22382
54 1.25153
55 1.26022
56 1.2656
57 1.30435
58 1.31257
59 1.3205
60 1.36439
61 1.37298
62 1.39434
63 1.40147
64 1.40304
65 1.40822
66 1.43227
67 1.4591
68 1.48139
69 1.49731
70 1.50557
71 1.55242
72 1.57335
73 1.65409
74 1.67002
75 1.70936
76 1.73129
77 1.80329
78 1.81071
79 1.81666
80 1.82799
81 1.90021
82 1.91324
83 1.92686
84 1.95511
85 1.96106
86 1.96758
87 1.97523
88 2.02137
89 2.06308
90 2.08452
91 2.1312
92 2.16147
93 2.18152
94 2.193
95 2.20007
96 2.21922
97 2.24012
98 2.25011
99 2.2843
100 2.30536
101 2.31464
102 2.32709
103 2.35507
104 2.39502
105 2.40305
106 2.42635
107 2.43909
108 2.45556
109 2.4631
110 2.50077
111 2.50773
112 2.55389
113 2.56291
114 2.56932
115 2.57617
116 2.60925
117 2.61805
118 2.6226
119 2.66362
120 2.71899
121 2.72599
122 2.81286
123 2.82433
124 2.82998
125 2.87007
126 2.88247
127 2.90833
128 2.91496
129 2.92234
130 2.92883
131 2.94406
132 2.9567
133 2.98903
134 2.99465
