1 0.00498
2 0.0171
3 0.02473
4 0.03401
5 0.04314
6 0.04892
7 0.06141
8 0.06712
9 0.0696
10 0.07356
11 0.07535
12 0.08122
13 0.09724
14 0.0994
15 0.10284
16 0.10634
17 0.11036
18 0.11169
19 0.12997
20 0.13245
21 0.15547
22 0.16434
23 0.19417
24 0.19729
25 0.20185
26 0.21261
27 0.21769
28 0.22594
29 0.23919
30 0.25111
31 0.25654
32 0.26931
33 0.27112
34 0.28471
35 0.29477
36 0.29778
37 0.30815
38 0.32664
39 0.33748
40 0.34329
41 0.34488
42 0.34659
43 0.35155
44 0.36389
45 0.36952
46 0.38048
47 0.38634
48 0.38779
49 0.39436
50 0.40038
51 0.40491
52 0.41548
53 0.42182
54 0.43753
55 0.44543
56 0.45319
57 0.4665
58 0.48956
59 0.50393
60 0.51593
61 0.52298
62 0.52857
63 0.55672
64 0.56239
65 0.57841
66 0.57994
67 0.58147
68 0.5957
69 0.60275
70 0.60798
71 0.60943
72 0.62311
73 0.64138
74 0.65667
75 0.66643
76 0.6919
77 0.69348
78 0.70189
79 0.7087
80 0.71159
81 0.73799
82 0.75288
83 0.75597
84 0.75807
85 0.76128
86 0.76857
87 0.77775
88 0.78331
89 0.79208
90 0.80474
91 0.81984
92 0.82126
93 0.82531
94 0.82996
95 0.83789
96 0.84292
97 0.84954
98 0.85481
99 0.86212
100 0.87775
101 0.8815
102 0.88597
103 0.89715
104 0.90548
105 0.91121
106 0.92746
107 0.92895
108 0.94207
109 0.94795
110 0.9506
111 0.95737
112 0.96523
113 0.97596
114 0.98751
115 0.9904
116 1.00723
117 1.01011
118 1.01925
119 1.0264
120 1.0481
121 1.05612
122 1.0577
123 1.06792
124 1.06971
125 1.07603
126 1.08321
127 1.08993
128 1.09198
129 1.10898
130 1.1128
131 1.13075
132 1.1468
133 1.15719
134 1.17633
135 1.20223
136 1.20756
137 1.21457
138 1.22097
139 1.23191
140 1.23772
141 1.26453
142 1.2682
143 1.27386
144 1.27865
145 1.28871
146 1.29725
147 1.31558
148 1.32363
149 1.33178
150 1.33308
151 1.34431
152 1.35125
153 1.36295
154 1.37385
155 1.37761
156 1.39198
157 1.39814
158 1.4029
159 1.40897
160 1.42833
161 1.43492
162 1.45202
163 1.45736
164 1.46656
165 1.4775
166 1.49873
167 1.51895
168 1.53674
169 1.54247
170 1.55778
171 1.5598
172 1.56187
173 1.56831
174 1.57424
175 1.58057
176 1.59671
177 1.60201
178 1.6069
179 1.62756
180 1.63369
181 1.63762
182 1.64965
183 1.66353
184 1.67191
185 1.67413
186 1.70026
187 1.70197
188 1.7099
189 1.71569
190 1.73697
191 1.74178
192 1.74423
193 1.75592
194 1.75773
195 1.7693
196 1.78521
197 1.80104
198 1.81565
199 1.81994
200 1.82776
201 1.83216
202 1.84409
203 1.84717
204 1.85292
205 1.87675
206 1.89955
207 1.90134
208 1.91389
209 1.91649
210 1.9338
211 1.94396
212 1.94764
213 1.95056
214 1.95511
215 1.95812
216 1.96785
217 1.97834
218 1.99642
219 2.00181
220 2.00967
221 2.01513
222 2.03726
223 2.05195
224 2.05653
225 2.10103
226 2.10302
227 2.10874
228 2.12439
229 2.13072
230 2.13601
231 2.15792
232 2.16822
233 2.18153
234 2.19348
235 2.19817
236 2.20766
237 2.21086
238 2.21838
239 2.23545
240 2.24177
241 2.2504
242 2.27238
243 2.28422
244 2.30042
245 2.30563
246 2.3264
247 2.33019
248 2.33196
249 2.33648
250 2.3441
251 2.34603
252 2.34738
253 2.36073
254 2.36771
255 2.38317
256 2.39886
257 2.40516
258 2.42049
259 2.43125
260 2.43714
261 2.44435
262 2.45411
263 2.4568
264 2.47429
265 2.4761
266 2.48168
267 2.4958
268 2.49812
269 2.50258
270 2.50481
271 2.50788
272 2.51535
273 2.54404
274 2.55408
275 2.57859
276 2.58494
277 2.59472
278 2.59803
279 2.60731
280 2.62188
281 2.62382
282 2.64346
283 2.66082
284 2.66244
285 2.667
286 2.687
287 2.69438
288 2.69893
289 2.71114
290 2.71328
291 2.72857
292 2.74108
293 2.74684
294 2.74833
295 2.7516
296 2.75516
297 2.76719
298 2.77355
299 2.78122
300 2.78777
301 2.79794
302 2.80139
303 2.80599
304 2.80876
305 2.81771
306 2.82164
307 2.8334
308 2.85394
309 2.86747
310 2.88127
311 2.89179
312 2.90661
313 2.91767
314 2.92054
315 2.92194
316 2.93594
317 2.95747
318 2.96071
319 2.97891
320 2.98368
321 2.99224
322 2.99912
