1 0.00847
2 0.01059
3 0.02333
4 0.03246
5 0.04415
6 0.05005
7 0.05438
8 0.0578
9 0.06045
10 0.0668
11 0.07464
12 0.08225
13 0.08697
14 0.09312
15 0.1022
16 0.11674
17 0.14285
18 0.14798
19 0.15174
20 0.15777
21 0.16118
22 0.16517
23 0.16925
24 0.17391
25 0.18992
26 0.1984
27 0.21019
28 0.21532
29 0.21796
30 0.221
31 0.22638
32 0.23274
33 0.25395
34 0.2616
35 0.27997
36 0.30015
37 0.31571
38 0.31855
39 0.32251
40 0.32602
41 0.33024
42 0.33674
43 0.34376
44 0.35864
45 0.36292
46 0.37496
47 0.37752
48 0.37991
49 0.38248
50 0.38515
51 0.38769
52 0.40572
53 0.4101
54 0.42599
55 0.44491
56 0.45461
57 0.4688
58 0.47195
59 0.48386
60 0.48644
61 0.50633
62 0.51432
63 0.51726
64 0.53189
65 0.53732
66 0.54112
67 0.54652
68 0.56854
69 0.57973
70 0.58341
71 0.58752
72 0.59555
73 0.60854
74 0.61372
75 0.62848
76 0.63833
77 0.65006
78 0.65386
79 0.66264
80 0.67
81 0.67949
82 0.69417
83 0.69684
84 0.71009
85 0.71553
86 0.72938
87 0.73479
88 0.76581
89 0.7714
90 0.77424
91 0.78089
92 0.78878
93 0.80621
94 0.81004
95 0.81357
96 0.82977
97 0.83471
98 0.84564
99 0.85239
100 0.85672
101 0.8595
102 0.87094
103 0.89321
104 0.90432
105 0.90833
106 0.92065
107 0.92815
108 0.93106
109 0.94669
110 0.95629
111 0.95973
112 0.96587
113 0.96779
114 0.97369
115 0.98329
116 0.98962
117 1.00516
118 1.01125
119 1.01704
120 1.02943
121 1.03569
122 1.04219
123 1.04668
124 1.05318
125 1.07464
126 1.08411
127 1.08666
128 1.10328
129 1.10804
130 1.12815
131 1.13465
132 1.14247
133 1.14624
134 1.15081
135 1.16098
136 1.16765
137 1.17275
138 1.18817
139 1.196
140 1.19852
141 1.20396
142 1.20704
143 1.21321
144 1.2259
145 1.23191
146 1.25869
147 1.26775
148 1.27817
149 1.28784
150 1.29464
151 1.30051
152 1.3041
153 1.31754
154 1.32134
155 1.33325
156 1.35059
157 1.36287
158 1.37515
159 1.3837
160 1.38726
161 1.39559
162 1.41928
163 1.42382
164 1.43374
165 1.44458
166 1.45614
167 1.46351
168 1.47487
169 1.48373
170 1.49117
171 1.49804
172 1.50226
173 1.53356
174 1.56127
175 1.56753
176 1.57169
177 1.57784
178 1.586
179 1.59765
180 1.60091
181 1.61686
182 1.62204
183 1.63843
184 1.64874
185 1.65849
186 1.66154
187 1.67267
188 1.67548
189 1.67744
190 1.69565
191 1.69879
192 1.71408
193 1.72256
194 1.73271
195 1.73636
196 1.75546
197 1.76529
198 1.79086
199 1.81511
200 1.82601
201 1.83825
202 1.86528
203 1.87171
204 1.87689
205 1.88204
206 1.88951
207 1.89233
208 1.89539
209 1.8996
210 1.90668
211 1.92429
212 1.92687
213 1.92932
214 1.94273
215 1.95083
216 1.97732
217 1.98249
218 2.00426
219 2.01342
220 2.01893
221 2.02426
222 2.04095
223 2.06167
224 2.07893
225 2.0829
226 2.08416
227 2.08955
228 2.09256
229 2.10208
230 2.10814
231 2.11087
232 2.1356
233 2.15241
234 2.16195
235 2.17362
236 2.17807
237 2.18294
238 2.20739
239 2.21515
240 2.22083
241 2.23253
242 2.23887
243 2.25088
244 2.25901
245 2.26201
246 2.26727
247 2.27296
248 2.27522
249 2.27851
250 2.28208
251 2.29611
252 2.30489
253 2.30761
254 2.32718
255 2.33095
256 2.34844
257 2.35129
258 2.35506
259 2.35752
260 2.37028
261 2.37862
262 2.3927
263 2.41083
264 2.43461
265 2.43726
266 2.44312
267 2.44644
268 2.47695
269 2.47988
270 2.49512
271 2.50169
272 2.5384
273 2.54199
274 2.54555
275 2.56919
276 2.58425
277 2.59302
278 2.60017
279 2.6052
280 2.61618
281 2.62354
282 2.62566
283 2.62875
284 2.63656
285 2.64669
286 2.65376
287 2.65667
288 2.66386
289 2.67066
290 2.67461
291 2.68609
292 2.69511
293 2.71245
294 2.72407
295 2.73179
296 2.7498
297 2.77184
298 2.79319
299 2.79661
300 2.80769
301 2.81473
302 2.82172
303 2.84955
304 2.85541
305 2.85869
306 2.86762
307 2.87146
308 2.88414
309 2.89253
310 2.89806
311 2.90457
312 2.91127
313 2.91919
314 2.92672
315 2.93748
316 2.94278
317 2.95144
318 2.95397
319 2.98134
320 2.99213
