1 0.00801
2 0.01418
3 0.02441
4 0.02756
5 0.03145
6 0.03368
7 0.04069
8 0.05739
9 0.0596
10 0.07261
11 0.08194
12 0.08643
13 0.08937
14 0.09841
15 0.10565
16 0.11577
17 0.12093
18 0.1328
19 0.13836
20 0.14349
21 0.1453
22 0.14729
23 0.15404
24 0.16137
25 0.17753
26 0.18961
27 0.19133
28 0.1956
29 0.20499
30 0.21618
31 0.24033
32 0.2653
33 0.26934
34 0.27622
35 0.28577
36 0.31364
37 0.32056
38 0.3278
39 0.34707
40 0.35791
41 0.36147
42 0.36354
43 0.36856
44 0.38307
45 0.38625
46 0.3926
47 0.39514
48 0.42266
49 0.42861
50 0.46015
51 0.46398
52 0.48424
53 0.48894
54 0.49375
55 0.51367
56 0.52139
57 0.52401
58 0.53625
59 0.56238
60 0.57997
61 0.58308
62 0.59619
63 0.6073
64 0.61382
65 0.6218
66 0.63056
67 0.63486
68 0.65916
69 0.66742
70 0.66982
71 0.67945
72 0.68104
73 0.68687
74 0.69313
75 0.69709
76 0.71001
77 0.71975
78 0.72485
79 0.7357
80 0.75214
81 0.76355
82 0.77029
83 0.77641
84 0.78012
85 0.80574
86 0.83107
87 0.84694
88 0.85883
89 0.86146
90 0.87043
91 0.87353
92 0.87686
93 0.89701
94 0.91412
95 0.9179
96 0.91967
97 0.92259
98 0.93202
99 0.94284
100 0.95928
101 0.96678
102 0.96943
103 0.98264
104 0.98402
105 1.01507
106 1.02377
107 1.03741
108 1.04647
109 1.05405
110 1.07441
111 1.0912
112 1.11226
113 1.11607
114 1.13118
115 1.13462
116 1.13763
117 1.15576
118 1.15688
119 1.16601
120 1.17523
121 1.1786
122 1.18013
123 1.18371
124 1.18981
125 1.20574
126 1.21
127 1.23527
128 1.23666
129 1.23885
130 1.24389
131 1.25633
132 1.26574
133 1.27351
134 1.28503
135 1.31704
136 1.34269
137 1.34716
138 1.3499
139 1.35392
140 1.37329
141 1.39209
142 1.40428
143 1.41563
144 1.42348
145 1.4352
146 1.43807
147 1.44023
148 1.44801
149 1.45691
150 1.46547
151 1.47345
152 1.47948
153 1.48181
154 1.48472
155 1.50357
156 1.5112
157 1.52423
158 1.55069
159 1.56117
160 1.58112
161 1.58282
162 1.58923
163 1.59837
164 1.60075
165 1.60621
166 1.61552
167 1.62099
168 1.62504
169 1.63173
170 1.64241
171 1.64542
172 1.65444
173 1.67147
174 1.68431
175 1.70165
176 1.71541
177 1.73011
178 1.74395
179 1.74635
180 1.74992
181 1.75577
182 1.76313
183 1.78529
184 1.79203
185 1.8143
186 1.82701
187 1.8345
188 1.84961
189 1.85756
190 1.86683
191 1.88003
192 1.88928
193 1.8944
194 1.9077
195 1.91233
196 1.92091
197 1.92953
198 1.93705
199 1.94963
200 1.97671
201 1.9988
202 2.00202
203 2.01172
204 2.03757
205 2.05332
206 2.06095
207 2.09138
208 2.09426
209 2.09568
210 2.10744
211 2.11018
212 2.11423
213 2.1167
214 2.12513
215 2.15022
216 2.16082
217 2.16661
218 2.16922
219 2.17657
220 2.17822
221 2.18267
222 2.19423
223 2.20751
224 2.21656
225 2.2227
226 2.22671
227 2.23092
228 2.23898
229 2.24196
230 2.24571
231 2.26193
232 2.27565
233 2.27782
234 2.30912
235 2.3181
236 2.33701
237 2.33977
238 2.34733
239 2.34968
240 2.35312
241 2.35886
242 2.36097
243 2.37067
244 2.37509
245 2.38297
246 2.38812
247 2.40395
248 2.41399
249 2.41547
250 2.4287
251 2.43144
252 2.43547
253 2.45844
254 2.46215
255 2.4658
256 2.46888
257 2.48419
258 2.48647
259 2.48893
260 2.49213
261 2.49869
262 2.50654
263 2.50838
264 2.51762
265 2.52609
266 2.53923
267 2.54162
268 2.55126
269 2.55304
270 2.57025
271 2.57441
272 2.57926
273 2.59257
274 2.59641
275 2.59721
276 2.59929
277 2.61389
278 2.6215
279 2.62912
280 2.63929
281 2.64518
282 2.66259
283 2.66705
284 2.66925
285 2.67762
286 2.68383
287 2.68887
288 2.69322
289 2.70461
290 2.71613
291 2.72436
292 2.72969
293 2.73241
294 2.73736
295 2.74219
296 2.74518
297 2.75724
298 2.75905
299 2.76461
300 2.76954
301 2.78093
302 2.79024
303 2.79188
304 2.82343
305 2.83043
306 2.85033
307 2.85592
308 2.8593
309 2.86357
310 2.87576
311 2.87868
312 2.88322
313 2.89833
314 2.91085
315 2.91619
316 2.92564
317 2.92974
318 2.94048
319 2.95878
320 2.96241
321 2.96812
322 2.97026
323 2.97816
324 2.98554
