1 0.01987
2 0.02647
3 0.03992
4 0.05311
5 0.05908
6 0.07626
7 0.0856
8 0.12065
9 0.1279
10 0.13936
11 0.14621
12 0.15231
13 0.18468
14 0.20759
15 0.23057
16 0.25007
17 0.25676
18 0.27411
19 0.27544
20 0.28088
21 0.29848
22 0.31012
23 0.33673
24 0.36208
25 0.3669
26 0.37673
27 0.38928
28 0.40371
29 0.40757
30 0.43215
31 0.43953
32 0.44653
33 0.45393
34 0.46151
35 0.48281
36 0.49495
37 0.51311
38 0.52704
39 0.53744
40 0.54383
41 0.58106
42 0.58579
43 0.60478
44 0.63362
45 0.64027
46 0.65634
47 0.68087
48 0.70733
49 0.7113
50 0.74192
51 0.75306
52 0.75892
53 0.78114
54 0.79683
55 0.81241
56 0.81978
57 0.8252
58 0.86178
59 0.86731
60 0.88921
61 0.90611
62 0.93702
63 0.98048
64 1.01764
65 1.03132
66 1.04936
67 1.0506
68 1.05618
69 1.0752
70 1.1225
71 1.12918
72 1.13698
73 1.15988
74 1.16942
75 1.20868
76 1.21627
77 1.24313
78 1.25126
79 1.25592
80 1.25758
81 1.27048
82 1.27671
83 1.28191
84 1.29621
85 1.30392
86 1.33107
87 1.37073
88 1.40266
89 1.40699
90 1.41118
91 1.43257
92 1.44939
93 1.45501
94 1.46005
95 1.46674
96 1.47965
97 1.48719
98 1.49511
99 1.51694
100 1.518
101 1.53079
102 1.53774
103 1.55128
104 1.56572
105 1.57212
106 1.57693
107 1.59323
108 1.6016
109 1.65319
110 1.68312
111 1.69239
112 1.7186
113 1.73302
114 1.74876
115 1.7605
116 1.77248
117 1.80887
118 1.81518
119 1.86339
120 1.88274
121 1.89877
122 1.90369
123 1.90842
124 1.9465
125 1.98181
126 1.99622
127 2.03091
128 2.05076
129 2.06399
130 2.08496
131 2.11077
132 2.1424
133 2.14742
134 2.1771
135 2.17891
136 2.18539
137 2.20536
138 2.26575
139 2.28006
140 2.28501
141 2.30589
142 2.30962
143 2.3262
144 2.32909
145 2.35351
146 2.38621
147 2.43976
148 2.44646
149 2.45459
150 2.4993
151 2.50614
152 2.51213
153 2.52433
154 2.53371
155 2.54659
156 2.54871
157 2.55359
158 2.56027
159 2.56913
160 2.58188
161 2.61465
162 2.62354
163 2.64211
164 2.65272
165 2.66945
166 2.67901
167 2.69565
168 2.70147
169 2.74186
170 2.74322
171 2.74948
172 2.78968
173 2.80334
174 2.82868
175 2.84019
176 2.86935
177 2.8823
178 2.89196
179 2.9093
180 2.91824
181 2.9353
182 2.9415
183 2.94902
184 2.95537
185 2.98731
186 2.99307
