1 0.00918
2 0.03415
3 0.04676
4 0.05911
5 0.08552
6 0.09001
7 0.12299
8 0.16104
9 0.17239
10 0.18567
11 0.19233
12 0.20187
13 0.20804
14 0.2297
15 0.2384
16 0.26286
17 0.27639
18 0.28795
19 0.32056
20 0.3504
21 0.3561
22 0.36706
23 0.41067
24 0.41603
25 0.42444
26 0.43435
27 0.44881
28 0.45449
29 0.46209
30 0.47805
31 0.50038
32 0.52277
33 0.53607
34 0.58605
35 0.63521
36 0.65217
37 0.66761
38 0.68876
39 0.70685
40 0.723
41 0.72876
42 0.73657
43 0.75316
44 0.75898
45 0.77349
46 0.81013
47 0.83299
48 0.83939
49 0.84772
50 0.87228
51 0.87958
52 0.91319
53 0.91795
54 0.94576
55 0.99585
56 1.01833
57 1.02462
58 1.04674
59 1.09458
60 1.11149
61 1.16114
62 1.24465
63 1.24562
64 1.25183
65 1.27589
66 1.28346
67 1.29722
68 1.30913
69 1.31477
70 1.32022
71 1.33474
72 1.34346
73 1.34574
74 1.35083
75 1.36597
76 1.38437
77 1.38915
78 1.40216
79 1.45871
80 1.47342
81 1.48095
82 1.48951
83 1.49733
84 1.56654
85 1.58957
86 1.61294
87 1.63732
88 1.65462
89 1.69082
90 1.72235
91 1.74227
92 1.75007
93 1.76936
94 1.78053
95 1.7872
96 1.81131
97 1.82553
98 1.82804
99 1.83465
100 1.84239
101 1.88907
102 1.9536
103 1.96155
104 1.96789
105 1.97551
106 1.98191
107 1.99326
108 1.99955
109 2.02085
110 2.02745
111 2.04036
112 2.06398
113 2.08971
114 2.13136
115 2.13478
116 2.17007
117 2.19232
118 2.26658
119 2.2922
120 2.30011
121 2.30597
122 2.34023
123 2.39317
124 2.5126
125 2.53519
126 2.55943
127 2.57151
128 2.58421
129 2.59398
130 2.60205
131 2.61289
132 2.6186
133 2.63879
134 2.65861
135 2.70329
136 2.7131
137 2.71955
138 2.72848
139 2.74306
140 2.7582
141 2.79138
142 2.81448
143 2.8372
144 2.85054
145 2.87137
146 2.88299
147 2.88821
148 2.89983
149 2.90938
150 2.91054
151 2.93872
152 2.95105
153 2.97412
154 2.98798
