1 0.00518
2 0.02106
3 0.02578
4 0.02948
5 0.03117
6 0.05953
7 0.06719
8 0.07331
9 0.07943
10 0.08254
11 0.09157
12 0.09951
13 0.1064
14 0.10907
15 0.11882
16 0.12102
17 0.12854
18 0.1371
19 0.14458
20 0.15074
21 0.15875
22 0.16073
23 0.16458
24 0.16579
25 0.16889
26 0.17854
27 0.18752
28 0.19303
29 0.20922
30 0.21658
31 0.22058
32 0.22538
33 0.23459
34 0.24118
35 0.24397
36 0.25038
37 0.2552
38 0.27253
39 0.27644
40 0.28336
41 0.28508
42 0.28972
43 0.30025
44 0.31904
45 0.321
46 0.32849
47 0.33089
48 0.34819
49 0.35971
50 0.37783
51 0.39867
52 0.40961
53 0.41923
54 0.42703
55 0.42853
56 0.43268
57 0.44287
58 0.44892
59 0.45174
60 0.45584
61 0.47154
62 0.47431
63 0.4777
64 0.48828
65 0.4919
66 0.49841
67 0.50306
68 0.51105
69 0.51522
70 0.52473
71 0.54054
72 0.56894
73 0.5765
74 0.59588
75 0.60475
76 0.61821
77 0.62645
78 0.63725
79 0.65827
80 0.66709
81 0.67092
82 0.68178
83 0.68489
84 0.69945
85 0.71055
86 0.71779
87 0.72043
88 0.72297
89 0.7255
90 0.73172
91 0.73491
92 0.74095
93 0.74884
94 0.75902
95 0.76396
96 0.78422
97 0.7866
98 0.7968
99 0.79806
100 0.80155
101 0.80957
102 0.82485
103 0.84128
104 0.85885
105 0.87275
106 0.88098
107 0.88789
108 0.90373
109 0.92116
110 0.92437
111 0.9278
112 0.92984
113 0.93493
114 0.93639
115 0.94821
116 0.97012
117 0.98207
118 0.9913
119 0.99702
120 1.01492
121 1.01842
122 1.03405
123 1.04541
124 1.04698
125 1.08416
126 1.09974
127 1.12853
128 1.13256
129 1.13732
130 1.14015
131 1.14978
132 1.15342
133 1.15988
134 1.17058
135 1.17985
136 1.18221
137 1.18534
138 1.20242
139 1.22412
140 1.23381
141 1.24127
142 1.2484
143 1.25285
144 1.25959
145 1.269
146 1.27614
147 1.27934
148 1.29059
149 1.30968
150 1.31327
151 1.34913
152 1.3544
153 1.3587
154 1.3609
155 1.36296
156 1.36564
157 1.36818
158 1.37084
159 1.37318
160 1.38051
161 1.38326
162 1.39188
163 1.39875
164 1.40471
165 1.40735
166 1.41015
167 1.41598
168 1.41925
169 1.42107
170 1.42424
171 1.42602
172 1.43689
173 1.4739
174 1.47797
175 1.48041
176 1.48996
177 1.49567
178 1.50679
179 1.50973
180 1.52325
181 1.52612
182 1.53404
183 1.54158
184 1.58363
185 1.59197
186 1.61004
187 1.62794
188 1.63031
189 1.63682
190 1.64848
191 1.65173
192 1.67803
193 1.67935
194 1.71057
195 1.72689
196 1.73281
197 1.7522
198 1.75672
199 1.76429
200 1.78148
201 1.78554
202 1.78896
203 1.79332
204 1.80411
205 1.82265
206 1.82955
207 1.83877
208 1.84145
209 1.85818
210 1.89021
211 1.89495
212 1.90097
213 1.90745
214 1.92247
215 1.92699
216 1.93781
217 1.94308
218 1.96005
219 1.97454
220 1.98603
221 1.98779
222 1.99513
223 2.00402
224 2.01433
225 2.01962
226 2.02554
227 2.06616
228 2.07481
229 2.08266
230 2.0856
231 2.09847
232 2.10379
233 2.12053
234 2.13468
235 2.13992
236 2.14516
237 2.15216
238 2.15404
239 2.15892
240 2.16939
241 2.17567
242 2.18696
243 2.18855
244 2.19407
245 2.21913
246 2.22727
247 2.23594
248 2.26947
249 2.28309
250 2.29963
251 2.30647
252 2.31706
253 2.32165
254 2.33607
255 2.34276
256 2.3472
257 2.35298
258 2.36786
259 2.37247
260 2.37848
261 2.38142
262 2.38468
263 2.3879
264 2.39325
265 2.41991
266 2.42401
267 2.43019
268 2.43249
269 2.43713
270 2.43909
271 2.44592
272 2.44979
273 2.45627
274 2.45905
275 2.46331
276 2.46976
277 2.47574
278 2.48123
279 2.48854
280 2.49201
281 2.50016
282 2.52047
283 2.53563
284 2.55322
285 2.5553
286 2.56676
287 2.56849
288 2.57217
289 2.5799
290 2.59835
291 2.60665
292 2.61138
293 2.61469
294 2.6217
295 2.63973
296 2.6429
297 2.65016
298 2.6579
299 2.66044
300 2.67289
301 2.69331
302 2.70458
303 2.72298
304 2.73421
305 2.73712
306 2.75877
307 2.76678
308 2.7814
309 2.80119
310 2.80329
311 2.82056
312 2.83008
313 2.86039
314 2.86774
315 2.87197
316 2.87587
317 2.89219
318 2.89695
319 2.90571
320 2.91011
321 2.91931
322 2.92303
323 2.92828
324 2.92951
325 2.93772
326 2.94527
327 2.95783
328 2.98851
329 2.99624
