1 0.00311
2 0.01553
3 0.02526
4 0.02859
5 0.03476
6 0.05708
7 0.06026
8 0.06174
9 0.07229
10 0.0779
11 0.08216
12 0.09334
13 0.11785
14 0.12224
15 0.12854
16 0.13743
17 0.14644
18 0.1482
19 0.16052
20 0.16218
21 0.16407
22 0.16778
23 0.17474
24 0.18344
25 0.19605
26 0.20084
27 0.20355
28 0.21002
29 0.22108
30 0.24695
31 0.26663
32 0.2721
33 0.27506
34 0.27829
35 0.29604
36 0.30774
37 0.31136
38 0.32169
39 0.32297
40 0.32673
41 0.32876
42 0.33564
43 0.33891
44 0.34558
45 0.35014
46 0.36065
47 0.37248
48 0.3776
49 0.38957
50 0.4015
51 0.41446
52 0.41871
53 0.42998
54 0.43668
55 0.44447
56 0.44893
57 0.4749
58 0.47783
59 0.48673
60 0.4944
61 0.5097
62 0.52544
63 0.53005
64 0.53167
65 0.55568
66 0.56928
67 0.57421
68 0.57916
69 0.59511
70 0.60199
71 0.62302
72 0.62903
73 0.63319
74 0.64903
75 0.65498
76 0.66757
77 0.67257
78 0.68036
79 0.6816
80 0.68371
81 0.69583
82 0.70089
83 0.70976
84 0.71476
85 0.72512
86 0.72989
87 0.74931
88 0.75437
89 0.76364
90 0.76511
91 0.76784
92 0.78378
93 0.78478
94 0.79362
95 0.81206
96 0.81364
97 0.81885
98 0.82086
99 0.84169
100 0.84446
101 0.85825
102 0.86121
103 0.86796
104 0.91486
105 0.93452
106 0.93942
107 0.99297
108 1.00132
109 1.00301
110 1.00857
111 1.02006
112 1.03846
113 1.0421
114 1.04631
115 1.04935
116 1.05482
117 1.06559
118 1.07279
119 1.07557
120 1.07773
121 1.08075
122 1.08238
123 1.0868
124 1.10509
125 1.11375
126 1.11814
127 1.12337
128 1.12858
129 1.14007
130 1.14164
131 1.14402
132 1.1677
133 1.18022
134 1.18445
135 1.18701
136 1.20074
137 1.20958
138 1.23506
139 1.24069
140 1.24452
141 1.25021
142 1.25912
143 1.26119
144 1.26635
145 1.27152
146 1.27439
147 1.28261
148 1.28977
149 1.31154
150 1.31507
151 1.32524
152 1.33175
153 1.34927
154 1.35164
155 1.35768
156 1.36393
157 1.39204
158 1.40214
159 1.40512
160 1.41417
161 1.42733
162 1.43804
163 1.4501
164 1.46708
165 1.47522
166 1.48765
167 1.49923
168 1.51265
169 1.51969
170 1.54523
171 1.54745
172 1.54966
173 1.55447
174 1.56055
175 1.56982
176 1.59629
177 1.61213
178 1.61957
179 1.62726
180 1.63266
181 1.64895
182 1.65695
183 1.66219
184 1.6715
185 1.67579
186 1.68491
187 1.69712
188 1.70044
189 1.70517
190 1.71027
191 1.72019
192 1.73118
193 1.73921
194 1.74457
195 1.7464
196 1.76235
197 1.78188
198 1.79156
199 1.7996
200 1.80942
201 1.81361
202 1.83493
203 1.84706
204 1.85741
205 1.88006
206 1.88495
207 1.90607
208 1.91077
209 1.9138
210 1.91748
211 1.92792
212 1.94123
213 1.9445
214 1.94894
215 1.95848
216 1.98276
217 1.99193
218 1.99323
219 1.99727
220 1.9995
221 2.01519
222 2.0184
223 2.0237
224 2.02749
225 2.04893
226 2.05241
227 2.05823
228 2.06284
229 2.07066
230 2.0786
231 2.0882
232 2.09455
233 2.10649
234 2.1155
235 2.12133
236 2.1244
237 2.14226
238 2.14965
239 2.15162
240 2.15844
241 2.16286
242 2.16639
243 2.17724
244 2.18264
245 2.18685
246 2.18977
247 2.20269
248 2.21772
249 2.22991
250 2.24182
251 2.26145
252 2.27072
253 2.27571
254 2.30117
255 2.30732
256 2.3138
257 2.32249
258 2.33006
259 2.33568
260 2.34599
261 2.3588
262 2.36486
263 2.3728
264 2.39474
265 2.40101
266 2.40394
267 2.41615
268 2.42338
269 2.43693
270 2.4632
271 2.46914
272 2.47627
273 2.49795
274 2.50015
275 2.50281
276 2.51157
277 2.52818
278 2.53132
279 2.54463
280 2.55221
281 2.56098
282 2.57154
283 2.58313
284 2.60487
285 2.61133
286 2.64666
287 2.6493
288 2.65281
289 2.65425
290 2.66774
291 2.67377
292 2.6799
293 2.68642
294 2.68893
295 2.698
296 2.69951
297 2.71089
298 2.72796
299 2.74518
300 2.74687
301 2.74926
302 2.75907
303 2.76206
304 2.76963
305 2.77313
306 2.79615
307 2.80789
308 2.81063
309 2.82456
310 2.82874
311 2.86301
312 2.86423
313 2.8832
314 2.88871
315 2.89341
316 2.89562
317 2.90947
318 2.91309
319 2.91704
320 2.92064
321 2.92919
322 2.9456
323 2.95093
324 2.95796
325 2.96301
326 2.97012
327 2.98384
328 2.98762
329 2.99726
