1 0.00457
2 0.01629
3 0.02924
4 0.04012
5 0.04272
6 0.04625
7 0.05908
8 0.06579
9 0.07853
10 0.08372
11 0.08851
12 0.09392
13 0.09688
14 0.10511
15 0.1074
16 0.11287
17 0.12312
18 0.12545
19 0.13437
20 0.13946
21 0.14868
22 0.16397
23 0.1679
24 0.16875
25 0.18537
26 0.18708
27 0.20804
28 0.20907
29 0.22763
30 0.24086
31 0.2437
32 0.24833
33 0.25243
34 0.2637
35 0.26515
36 0.26926
37 0.27823
38 0.28119
39 0.28417
40 0.29817
41 0.30853
42 0.31326
43 0.32431
44 0.35206
45 0.35719
46 0.36458
47 0.36557
48 0.37624
49 0.38084
50 0.38988
51 0.39573
52 0.39962
53 0.42657
54 0.46005
55 0.47436
56 0.4767
57 0.48728
58 0.50363
59 0.50735
60 0.5233
61 0.53249
62 0.53787
63 0.54895
64 0.55158
65 0.55689
66 0.5657
67 0.57769
68 0.58467
69 0.58804
70 0.59127
71 0.5929
72 0.60448
73 0.61262
74 0.61374
75 0.61817
76 0.62048
77 0.62397
78 0.63165
79 0.63708
80 0.63971
81 0.64651
82 0.65605
83 0.6609
84 0.67888
85 0.69402
86 0.70405
87 0.70614
88 0.72555
89 0.7294
90 0.73933
91 0.75221
92 0.75926
93 0.76393
94 0.77302
95 0.78027
96 0.78901
97 0.79788
98 0.80728
99 0.80853
100 0.81337
101 0.81904
102 0.82429
103 0.82634
104 0.83357
105 0.84056
106 0.86137
107 0.87741
108 0.88231
109 0.88649
110 0.88766
111 0.90746
112 0.91347
113 0.92532
114 0.94219
115 0.9445
116 0.98103
117 0.98429
118 0.98803
119 0.99605
120 1.00704
121 1.01369
122 1.01945
123 1.02201
124 1.02816
125 1.04412
126 1.04627
127 1.05847
128 1.07034
129 1.07885
130 1.0957
131 1.1063
132 1.11963
133 1.13525
134 1.14716
135 1.15238
136 1.15404
137 1.15612
138 1.16669
139 1.18796
140 1.19673
141 1.20924
142 1.21355
143 1.23233
144 1.23607
145 1.2378
146 1.2456
147 1.25677
148 1.2735
149 1.27919
150 1.28561
151 1.28867
152 1.29902
153 1.31008
154 1.31332
155 1.32221
156 1.32997
157 1.34219
158 1.35392
159 1.36703
160 1.36905
161 1.37127
162 1.37637
163 1.39781
164 1.40581
165 1.40996
166 1.41553
167 1.42093
168 1.43696
169 1.44171
170 1.44883
171 1.45453
172 1.46544
173 1.48716
174 1.49023
175 1.49237
176 1.49917
177 1.50716
178 1.515
179 1.53162
180 1.54259
181 1.5483
182 1.558
183 1.56182
184 1.57194
185 1.57905
186 1.58572
187 1.5912
188 1.60444
189 1.61232
190 1.61476
191 1.61779
192 1.62327
193 1.62651
194 1.63739
195 1.64306
196 1.64463
197 1.66154
198 1.67309
199 1.67996
200 1.68314
201 1.68671
202 1.69335
203 1.71772
204 1.72352
205 1.72803
206 1.73327
207 1.73866
208 1.74078
209 1.75924
210 1.77083
211 1.77669
212 1.78226
213 1.78705
214 1.79759
215 1.80936
216 1.82455
217 1.83627
218 1.84145
219 1.84601
220 1.86513
221 1.87457
222 1.88538
223 1.89001
224 1.92089
225 1.92688
226 1.93661
227 1.94395
228 1.94773
229 1.95034
230 1.95526
231 1.95926
232 1.98464
233 1.98908
234 2.01154
235 2.0146
236 2.02231
237 2.0452
238 2.05792
239 2.05971
240 2.07347
241 2.07709
242 2.08445
243 2.09455
244 2.09688
245 2.09815
246 2.10863
247 2.11258
248 2.12119
249 2.1231
250 2.13746
251 2.14098
252 2.17111
253 2.17351
254 2.17544
255 2.19137
256 2.19284
257 2.20534
258 2.21566
259 2.22908
260 2.24637
261 2.26036
262 2.28781
263 2.29209
264 2.30585
265 2.31717
266 2.32122
267 2.32451
268 2.33166
269 2.34059
270 2.35128
271 2.36753
272 2.36877
273 2.37433
274 2.38876
275 2.39382
276 2.39925
277 2.40494
278 2.40596
279 2.40922
280 2.4181
281 2.42768
282 2.44262
283 2.45089
284 2.46318
285 2.46864
286 2.47924
287 2.48639
288 2.51257
289 2.53679
290 2.55521
291 2.55752
292 2.5708
293 2.57342
294 2.58401
295 2.59439
296 2.6145
297 2.61546
298 2.6204
299 2.63816
300 2.6429
301 2.65746
302 2.66836
303 2.67461
304 2.67874
305 2.69045
306 2.70728
307 2.71458
308 2.72053
309 2.73781
310 2.74381
311 2.75069
312 2.7612
313 2.77574
314 2.77883
315 2.78368
316 2.7864
317 2.78943
318 2.79704
319 2.80123
320 2.80583
321 2.82062
322 2.83229
323 2.84331
324 2.84702
325 2.85228
326 2.85866
327 2.86773
328 2.87441
329 2.88906
330 2.90764
331 2.91342
332 2.91935
333 2.94852
334 2.95076
335 2.96743
336 2.98283
337 2.99873
