1 0.00338
2 0.0113
3 0.01522
4 0.02322
5 0.02548
6 0.03068
7 0.03848
8 0.04557
9 0.05037
10 0.05421
11 0.06406
12 0.06849
13 0.07383
14 0.07964
15 0.09315
16 0.10635
17 0.10986
18 0.11446
19 0.11654
20 0.11937
21 0.13254
22 0.13658
23 0.1428
24 0.14572
25 0.15902
26 0.16957
27 0.17451
28 0.18219
29 0.1845
30 0.1879
31 0.19584
32 0.2025
33 0.20426
34 0.20626
35 0.20923
36 0.21165
37 0.21381
38 0.21723
39 0.22359
40 0.2342
41 0.2391
42 0.24326
43 0.24644
44 0.27139
45 0.27629
46 0.27884
47 0.29727
48 0.30119
49 0.3108
50 0.32511
51 0.33613
52 0.34146
53 0.36147
54 0.36881
55 0.37998
56 0.39074
57 0.39746
58 0.40605
59 0.40762
60 0.42158
61 0.42576
62 0.43191
63 0.4357
64 0.44238
65 0.44437
66 0.45616
67 0.46186
68 0.47261
69 0.4871
70 0.50235
71 0.52222
72 0.52407
73 0.53572
74 0.54801
75 0.57046
76 0.58424
77 0.60711
78 0.61484
79 0.61654
80 0.62151
81 0.63051
82 0.65105
83 0.65466
84 0.68056
85 0.68834
86 0.69249
87 0.71577
88 0.72437
89 0.74092
90 0.76147
91 0.76367
92 0.77824
93 0.79413
94 0.79761
95 0.80091
96 0.8027
97 0.8077
98 0.81907
99 0.8204
100 0.83441
101 0.85987
102 0.86397
103 0.87278
104 0.87621
105 0.87845
106 0.8873
107 0.89145
108 0.90499
109 0.9176
110 0.9371
111 0.93908
112 0.94189
113 0.95205
114 0.95643
115 0.95774
116 0.96568
117 0.97548
118 0.98043
119 0.98541
120 1.01689
121 1.02015
122 1.03209
123 1.03592
124 1.03761
125 1.03956
126 1.04135
127 1.0474
128 1.05961
129 1.06272
130 1.06525
131 1.06896
132 1.10731
133 1.11016
134 1.11205
135 1.12079
136 1.13982
137 1.15037
138 1.15545
139 1.1592
140 1.16245
141 1.17438
142 1.1864
143 1.18979
144 1.19217
145 1.19442
146 1.19941
147 1.20115
148 1.20376
149 1.21388
150 1.22038
151 1.23461
152 1.23947
153 1.27045
154 1.27922
155 1.28397
156 1.30274
157 1.30775
158 1.31025
159 1.31897
160 1.32818
161 1.34235
162 1.34605
163 1.35652
164 1.36211
165 1.36759
166 1.37071
167 1.38209
168 1.38518
169 1.39502
170 1.40557
171 1.40998
172 1.41752
173 1.41905
174 1.42956
175 1.4401
176 1.44736
177 1.45001
178 1.46388
179 1.47666
180 1.48087
181 1.52174
182 1.52449
183 1.53085
184 1.53279
185 1.53697
186 1.56105
187 1.5796
188 1.58495
189 1.60793
190 1.62865
191 1.63463
192 1.63941
193 1.64379
194 1.65123
195 1.65677
196 1.6621
197 1.66729
198 1.66975
199 1.67309
200 1.68554
201 1.69056
202 1.69628
203 1.69981
204 1.70501
205 1.71501
206 1.72117
207 1.75118
208 1.76149
209 1.76884
210 1.77457
211 1.77632
212 1.78483
213 1.79397
214 1.80047
215 1.80997
216 1.81207
217 1.81512
218 1.82908
219 1.83749
220 1.84359
221 1.85316
222 1.85506
223 1.87513
224 1.87792
225 1.88002
226 1.90781
227 1.91629
228 1.91801
229 1.93117
230 1.93384
231 1.9462
232 1.95163
233 1.95734
234 1.97025
235 1.97511
236 1.99088
237 1.99516
238 2.02093
239 2.02386
240 2.0369
241 2.04903
242 2.05786
243 2.06743
244 2.07384
245 2.09269
246 2.11729
247 2.12562
248 2.12656
249 2.1285
250 2.13911
251 2.15753
252 2.16407
253 2.17261
254 2.18108
255 2.18645
256 2.19248
257 2.20096
258 2.22103
259 2.22759
260 2.24018
261 2.24505
262 2.25383
263 2.2698
264 2.27245
265 2.2782
266 2.2891
267 2.30064
268 2.30878
269 2.31691
270 2.32513
271 2.34605
272 2.35984
273 2.36447
274 2.3804
275 2.38423
276 2.40444
277 2.40965
278 2.41611
279 2.44151
280 2.45146
281 2.46366
282 2.47431
283 2.48957
284 2.49275
285 2.49387
286 2.49776
287 2.50819
288 2.51909
289 2.53036
290 2.53783
291 2.55416
292 2.55629
293 2.55924
294 2.57003
295 2.57528
296 2.59854
297 2.6133
298 2.62088
299 2.62291
300 2.62906
301 2.63332
302 2.64958
303 2.66379
304 2.67014
305 2.67834
306 2.68034
307 2.69222
308 2.7064
309 2.71009
310 2.71811
311 2.72902
312 2.73709
313 2.76656
314 2.7783
315 2.7823
316 2.79387
317 2.8014
318 2.81643
319 2.83935
320 2.85649
321 2.86474
322 2.86944
323 2.8714
324 2.87699
325 2.88038
326 2.89644
327 2.90117
328 2.90749
329 2.9096
330 2.91769
331 2.93081
332 2.94486
333 2.94875
334 2.95022
335 2.96496
336 2.96791
337 2.97558
338 2.97752
339 2.97937
340 2.98764
