1 0.00877
2 0.01241
3 0.01758
4 0.02736
5 0.03824
6 0.04372
7 0.05228
8 0.05766
9 0.06242
10 0.06964
11 0.1058
12 0.11963
13 0.12629
14 0.13916
15 0.14303
16 0.14729
17 0.16226
18 0.16796
19 0.1772
20 0.1874
21 0.21578
22 0.22711
23 0.23763
24 0.24422
25 0.26919
26 0.28478
27 0.29811
28 0.31431
29 0.3209
30 0.33428
31 0.34008
32 0.35059
33 0.35471
34 0.35989
35 0.37275
36 0.37604
37 0.39605
38 0.41416
39 0.4242
40 0.4333
41 0.44034
42 0.46067
43 0.46522
44 0.48215
45 0.49161
46 0.4983
47 0.50334
48 0.50832
49 0.52072
50 0.52748
51 0.54879
52 0.56198
53 0.59729
54 0.62005
55 0.62103
56 0.64078
57 0.64735
58 0.65115
59 0.67714
60 0.68314
61 0.69237
62 0.69887
63 0.70209
64 0.70621
65 0.71034
66 0.71513
67 0.72262
68 0.75925
69 0.76287
70 0.76686
71 0.77235
72 0.80427
73 0.81458
74 0.81782
75 0.8329
76 0.84673
77 0.86064
78 0.884
79 0.90238
80 0.91641
81 0.92149
82 0.94875
83 0.95889
84 0.98419
85 0.99415
86 1.0029
87 1.0074
88 1.01216
89 1.01932
90 1.02451
91 1.02933
92 1.04945
93 1.06368
94 1.08252
95 1.08523
96 1.08966
97 1.09376
98 1.09971
99 1.10441
100 1.13805
101 1.14473
102 1.15516
103 1.1633
104 1.2004
105 1.20764
106 1.22374
107 1.22711
108 1.23136
109 1.26421
110 1.26821
111 1.27016
112 1.27401
113 1.28108
114 1.29075
115 1.29532
116 1.32471
117 1.33112
118 1.35594
119 1.36746
120 1.37955
121 1.40214
122 1.4066
123 1.41084
124 1.42061
125 1.42393
126 1.43019
127 1.44926
128 1.4591
129 1.46266
130 1.47034
131 1.48565
132 1.49651
133 1.55961
134 1.57616
135 1.59251
136 1.63967
137 1.68122
138 1.69773
139 1.70889
140 1.7123
141 1.72502
142 1.74119
143 1.77776
144 1.78405
145 1.79296
146 1.79841
147 1.80341
148 1.81914
149 1.82444
150 1.83101
151 1.86217
152 1.8817
153 1.89827
154 1.90727
155 1.9159
156 1.93436
157 1.93946
158 1.95399
159 1.95773
160 1.97462
161 2.00273
162 2.01858
163 2.02526
164 2.02989
165 2.04541
166 2.04957
167 2.0631
168 2.08207
169 2.09484
170 2.12043
171 2.14233
172 2.15114
173 2.16453
174 2.17405
175 2.18473
176 2.22232
177 2.22782
178 2.24911
179 2.25251
180 2.26047
181 2.27753
182 2.2838
183 2.29689
184 2.30519
185 2.31748
186 2.32406
187 2.37935
188 2.40121
189 2.40553
190 2.41851
191 2.42377
192 2.44386
193 2.46304
194 2.46704
195 2.47296
196 2.48313
197 2.49665
198 2.51652
199 2.52782
200 2.54611
201 2.55803
202 2.56856
203 2.59087
204 2.5963
205 2.60107
206 2.60706
207 2.62135
208 2.6284
209 2.64523
210 2.66179
211 2.68316
212 2.68894
213 2.70603
214 2.71032
215 2.73379
216 2.74322
217 2.76746
218 2.78502
219 2.78909
220 2.79408
221 2.82269
222 2.82379
223 2.84792
224 2.86858
225 2.87272
226 2.89936
227 2.9134
228 2.91715
229 2.92604
230 2.9635
231 2.98142
