1 0.01098
2 0.03303
3 0.0626
4 0.07582
5 0.07908
6 0.0874
7 0.1142
8 0.11782
9 0.12618
10 0.1476
11 0.15412
12 0.16211
13 0.16648
14 0.16882
15 0.17277
16 0.19713
17 0.23968
18 0.24406
19 0.27064
20 0.27551
21 0.28139
22 0.29188
23 0.30047
24 0.30484
25 0.30771
26 0.32034
27 0.32302
28 0.32651
29 0.3384
30 0.34481
31 0.36043
32 0.36438
33 0.37506
34 0.37613
35 0.38239
36 0.4
37 0.41006
38 0.41369
39 0.42375
40 0.43127
41 0.43625
42 0.4468
43 0.48453
44 0.52434
45 0.5264
46 0.53627
47 0.54527
48 0.56714
49 0.5795
50 0.58753
51 0.60596
52 0.61447
53 0.63643
54 0.64916
55 0.65622
56 0.66309
57 0.67046
58 0.67393
59 0.6863
60 0.69208
61 0.69485
62 0.70073
63 0.70491
64 0.73299
65 0.77138
66 0.78121
67 0.78441
68 0.78868
69 0.79535
70 0.81381
71 0.83137
72 0.85993
73 0.87521
74 0.88015
75 0.90619
76 0.92487
77 0.92851
78 1.00611
79 1.03539
80 1.04787
81 1.0674
82 1.07797
83 1.09821
84 1.11261
85 1.12048
86 1.13572
87 1.13963
88 1.15936
89 1.16237
90 1.18837
91 1.19167
92 1.19596
93 1.20063
94 1.21511
95 1.23969
96 1.24413
97 1.28458
98 1.29488
99 1.30194
100 1.30488
101 1.31776
102 1.33046
103 1.3479
104 1.36352
105 1.37901
106 1.41027
107 1.41681
108 1.42609
109 1.43657
110 1.48456
111 1.49247
112 1.52007
113 1.53623
114 1.54108
115 1.54427
116 1.55075
117 1.56561
118 1.57572
119 1.57902
120 1.58641
121 1.59289
122 1.60391
123 1.61514
124 1.61963
125 1.62292
126 1.62648
127 1.63482
128 1.66009
129 1.66327
130 1.67588
131 1.68052
132 1.69526
133 1.7001
134 1.74491
135 1.75624
136 1.79223
137 1.80242
138 1.80634
139 1.83118
140 1.83779
141 1.84424
142 1.85219
143 1.87174
144 1.87536
145 1.8778
146 1.88132
147 1.89543
148 1.90691
149 1.9238
150 1.93254
151 1.93494
152 1.93853
153 1.94294
154 1.94661
155 1.96861
156 1.97712
157 1.98169
158 2.00171
159 2.02519
160 2.0283
161 2.03746
162 2.04427
163 2.05259
164 2.06221
165 2.07164
166 2.07615
167 2.07968
168 2.08751
169 2.09904
170 2.10402
171 2.11365
172 2.12342
173 2.12717
174 2.13152
175 2.14105
176 2.16287
177 2.17874
178 2.18351
179 2.21694
180 2.22755
181 2.24306
182 2.25196
183 2.25972
184 2.27382
185 2.29242
186 2.2965
187 2.30729
188 2.32096
189 2.32397
190 2.33251
191 2.33903
192 2.34948
193 2.3622
194 2.36487
195 2.37566
196 2.38951
197 2.40947
198 2.42356
199 2.42672
200 2.44402
201 2.45377
202 2.48331
203 2.53271
204 2.54603
205 2.56966
206 2.57475
207 2.5775
208 2.58461
209 2.59029
210 2.60542
211 2.62803
212 2.6544
213 2.66449
214 2.66896
215 2.68267
216 2.68709
217 2.68819
218 2.70578
219 2.72803
220 2.75116
221 2.76898
222 2.78125
223 2.7971
224 2.80125
225 2.80721
226 2.82262
227 2.8262
228 2.8309
229 2.83546
230 2.83951
231 2.84295
232 2.85943
233 2.86918
234 2.87255
235 2.88027
236 2.90523
237 2.91724
238 2.92
239 2.9269
240 2.93465
241 2.94198
242 2.94906
