1 0.00712
2 0.01259
3 0.01919
4 0.02097
5 0.02542
6 0.02784
7 0.03437
8 0.03671
9 0.03857
10 0.05627
11 0.06679
12 0.06916
13 0.07789
14 0.08195
15 0.08809
16 0.0899
17 0.09834
18 0.11925
19 0.12217
20 0.13269
21 0.13757
22 0.14202
23 0.14903
24 0.15322
25 0.18369
26 0.18569
27 0.19793
28 0.20432
29 0.21675
30 0.22305
31 0.24132
32 0.24658
33 0.25558
34 0.26608
35 0.27002
36 0.29396
37 0.30682
38 0.31235
39 0.32951
40 0.33802
41 0.34677
42 0.35798
43 0.37413
44 0.3791
45 0.38212
46 0.3948
47 0.3965
48 0.40102
49 0.40523
50 0.41655
51 0.42494
52 0.45076
53 0.45515
54 0.4769
55 0.48047
56 0.48851
57 0.494
58 0.49876
59 0.50633
60 0.51415
61 0.52186
62 0.5277
63 0.53067
64 0.54589
65 0.55186
66 0.55523
67 0.56923
68 0.57757
69 0.58679
70 0.58876
71 0.59123
72 0.5984
73 0.60653
74 0.6084
75 0.61035
76 0.62986
77 0.64097
78 0.64898
79 0.65343
80 0.65526
81 0.6619
82 0.6646
83 0.67898
84 0.68655
85 0.69357
86 0.70091
87 0.70479
88 0.71903
89 0.72589
90 0.72901
91 0.73872
92 0.74833
93 0.75321
94 0.76427
95 0.77074
96 0.77657
97 0.78614
98 0.79057
99 0.79238
100 0.80491
101 0.8132
102 0.81806
103 0.8241
104 0.83666
105 0.84345
106 0.85389
107 0.85567
108 0.85897
109 0.86773
110 0.87301
111 0.87748
112 0.91415
113 0.9409
114 0.94313
115 0.94567
116 0.94796
117 0.94999
118 0.9641
119 0.97671
120 0.9787
121 0.98493
122 0.9878
123 0.99254
124 0.99719
125 0.99974
126 1.00878
127 1.02844
128 1.04232
129 1.04847
130 1.05507
131 1.06664
132 1.08314
133 1.101
134 1.10614
135 1.11122
136 1.12739
137 1.13616
138 1.13876
139 1.14489
140 1.15231
141 1.18475
142 1.19207
143 1.20032
144 1.20601
145 1.21815
146 1.22572
147 1.23469
148 1.24728
149 1.25181
150 1.26047
151 1.26225
152 1.26826
153 1.27885
154 1.29037
155 1.31029
156 1.32106
157 1.32762
158 1.33672
159 1.34431
160 1.3485
161 1.36549
162 1.37126
163 1.39291
164 1.4055
165 1.40956
166 1.41596
167 1.42484
168 1.43384
169 1.44396
170 1.45021
171 1.46499
172 1.46867
173 1.4798
174 1.49038
175 1.49294
176 1.50946
177 1.51193
178 1.51389
179 1.52446
180 1.53721
181 1.54135
182 1.55711
183 1.56447
184 1.56701
185 1.57947
186 1.6076
187 1.61616
188 1.62613
189 1.62925
190 1.63362
191 1.63818
192 1.64057
193 1.64999
194 1.66777
195 1.69103
196 1.6992
197 1.70289
198 1.70747
199 1.71903
200 1.72252
201 1.74616
202 1.77031
203 1.78734
204 1.79658
205 1.80189
206 1.80723
207 1.8371
208 1.83952
209 1.84448
210 1.85129
211 1.86797
212 1.87117
213 1.87414
214 1.88369
215 1.88817
216 1.90232
217 1.90853
218 1.91243
219 1.91657
220 1.9268
221 1.94227
222 1.95638
223 1.95806
224 1.97349
225 1.979
226 1.98539
227 1.99675
228 2.02025
229 2.03066
230 2.03793
231 2.04419
232 2.05442
233 2.06048
234 2.07454
235 2.08573
236 2.09554
237 2.11427
238 2.12214
239 2.12731
240 2.12955
241 2.14435
242 2.15426
243 2.16518
244 2.17278
245 2.17514
246 2.17722
247 2.18598
248 2.19447
249 2.20284
250 2.20624
251 2.20808
252 2.20983
253 2.21686
254 2.22064
255 2.23254
256 2.23837
257 2.24029
258 2.24767
259 2.2591
260 2.26486
261 2.278
262 2.29143
263 2.29764
264 2.31579
265 2.32174
266 2.33229
267 2.34066
268 2.34797
269 2.3669
270 2.36907
271 2.38563
272 2.39561
273 2.40611
274 2.40757
275 2.41276
276 2.41706
277 2.42256
278 2.42476
279 2.43363
280 2.44011
281 2.44508
282 2.45285
283 2.45657
284 2.46445
285 2.47338
286 2.48181
287 2.48448
288 2.49657
289 2.51007
290 2.51841
291 2.54076
292 2.57548
293 2.57805
294 2.58788
295 2.61013
296 2.61568
297 2.62247
298 2.63023
299 2.63322
300 2.6353
301 2.64024
302 2.64855
303 2.66059
304 2.66316
305 2.66746
306 2.67168
307 2.67733
308 2.69651
309 2.70859
310 2.71227
311 2.72368
312 2.73157
313 2.75501
314 2.75767
315 2.762
316 2.76611
317 2.78419
318 2.79052
319 2.80253
320 2.80947
321 2.82475
322 2.83849
323 2.85299
324 2.85794
325 2.86717
326 2.89144
327 2.8971
328 2.90193
329 2.90438
330 2.91507
331 2.96165
332 2.96733
333 2.96906
334 2.97917
335 2.98469
336 2.99789
