1 0.01443
2 0.01919
3 0.02673
4 0.03387
5 0.05638
6 0.06448
7 0.07042
8 0.07636
9 0.08215
10 0.08883
11 0.11574
12 0.12006
13 0.1266
14 0.12906
15 0.13397
16 0.13962
17 0.15343
18 0.15817
19 0.18547
20 0.20634
21 0.21492
22 0.22125
23 0.23284
24 0.23768
25 0.25048
26 0.2734
27 0.28124
28 0.2884
29 0.28944
30 0.30348
31 0.31115
32 0.32068
33 0.32852
34 0.34053
35 0.34662
36 0.35705
37 0.41454
38 0.4285
39 0.45693
40 0.46177
41 0.46627
42 0.47051
43 0.47856
44 0.48448
45 0.48917
46 0.51324
47 0.52788
48 0.53442
49 0.54287
50 0.54915
51 0.55685
52 0.56297
53 0.57053
54 0.59844
55 0.6268
56 0.63323
57 0.6676
58 0.68064
59 0.68858
60 0.70687
61 0.72783
62 0.73456
63 0.74704
64 0.76461
65 0.77224
66 0.77682
67 0.78603
68 0.81177
69 0.87007
70 0.88237
71 0.895
72 0.92322
73 0.93015
74 0.94861
75 0.96661
76 0.97419
77 1.00712
78 1.0246
79 1.05629
80 1.07564
81 1.09523
82 1.1009
83 1.11342
84 1.11804
85 1.12232
86 1.13468
87 1.14211
88 1.15375
89 1.15914
90 1.16474
91 1.2239
92 1.23153
93 1.23723
94 1.2654
95 1.27111
96 1.28164
97 1.28781
98 1.30473
99 1.31938
100 1.33078
101 1.33708
102 1.35044
103 1.35595
104 1.36388
105 1.37732
106 1.39364
107 1.40711
108 1.41183
109 1.42471
110 1.43517
111 1.45428
112 1.46414
113 1.47293
114 1.51061
115 1.5255
116 1.57171
117 1.59559
118 1.61321
119 1.62481
120 1.6584
121 1.67491
122 1.68248
123 1.71322
124 1.74839
125 1.82729
126 1.85487
127 1.88762
128 1.94019
129 1.95353
130 1.97961
131 2.03226
132 2.04654
133 2.05557
134 2.07283
135 2.07728
136 2.08353
137 2.08888
138 2.09571
139 2.10099
140 2.12851
141 2.14843
142 2.18087
143 2.19199
144 2.22376
145 2.2308
146 2.2654
147 2.273
148 2.28062
149 2.3051
150 2.31817
151 2.32605
152 2.36596
153 2.37265
154 2.39162
155 2.41529
156 2.42395
157 2.43884
158 2.48954
159 2.50632
160 2.51306
161 2.52516
162 2.53855
163 2.55456
164 2.55996
165 2.56803
166 2.57469
167 2.59218
168 2.6284
169 2.64149
170 2.64751
171 2.67655
172 2.68496
173 2.69585
174 2.70214
175 2.71161
176 2.72508
177 2.73097
178 2.74313
179 2.77259
180 2.79633
181 2.81012
182 2.85737
183 2.86985
184 2.89844
185 2.90345
186 2.90876
187 2.9147
188 2.94989
189 2.97257
190 2.99314
