1 0.00381
2 0.00657
3 0.01038
4 0.01269
5 0.01609
6 0.02606
7 0.03203
8 0.04169
9 0.05003
10 0.05253
11 0.06491
12 0.06919
13 0.07273
14 0.07929
15 0.09095
16 0.11624
17 0.12767
18 0.14007
19 0.14265
20 0.14426
21 0.15407
22 0.16186
23 0.16309
24 0.17375
25 0.20346
26 0.2116
27 0.22714
28 0.23119
29 0.23458
30 0.24955
31 0.25303
32 0.25892
33 0.26241
34 0.26356
35 0.26579
36 0.27597
37 0.28651
38 0.30111
39 0.30577
40 0.31487
41 0.32016
42 0.3252
43 0.35036
44 0.39057
45 0.39243
46 0.39472
47 0.40363
48 0.40723
49 0.41131
50 0.41963
51 0.42157
52 0.42319
53 0.45824
54 0.469
55 0.47303
56 0.48159
57 0.48535
58 0.49494
59 0.50078
60 0.51048
61 0.51883
62 0.52119
63 0.52321
64 0.52999
65 0.5369
66 0.53878
67 0.55654
68 0.559
69 0.56198
70 0.56759
71 0.57414
72 0.57905
73 0.58287
74 0.58503
75 0.60332
76 0.61217
77 0.64261
78 0.6507
79 0.65795
80 0.65943
81 0.66123
82 0.66709
83 0.6705
84 0.67297
85 0.69184
86 0.69717
87 0.70548
88 0.71844
89 0.72709
90 0.73223
91 0.74204
92 0.7539
93 0.76011
94 0.77013
95 0.79732
96 0.80588
97 0.81069
98 0.8161
99 0.82115
100 0.85054
101 0.85245
102 0.86542
103 0.88952
104 0.89418
105 0.89781
106 0.90457
107 0.90883
108 0.91167
109 0.91803
110 0.96546
111 0.97253
112 0.97698
113 0.98113
114 0.98279
115 0.99612
116 1.00364
117 1.0092
118 1.01133
119 1.01988
120 1.02714
121 1.03053
122 1.03966
123 1.0418
124 1.05247
125 1.05689
126 1.06111
127 1.06362
128 1.06692
129 1.0836
130 1.10089
131 1.1036
132 1.11123
133 1.11585
134 1.13874
135 1.14052
136 1.14879
137 1.15107
138 1.15352
139 1.16643
140 1.17757
141 1.19426
142 1.2061
143 1.21304
144 1.22823
145 1.23206
146 1.25458
147 1.25996
148 1.26787
149 1.27871
150 1.30144
151 1.3221
152 1.32799
153 1.33305
154 1.35342
155 1.36166
156 1.37062
157 1.38806
158 1.39116
159 1.39269
160 1.39928
161 1.40242
162 1.4079
163 1.41302
164 1.42218
165 1.46089
166 1.46682
167 1.49424
168 1.49813
169 1.50237
170 1.50588
171 1.51366
172 1.51592
173 1.52055
174 1.53047
175 1.55402
176 1.55869
177 1.57335
178 1.58247
179 1.585
180 1.6099
181 1.61303
182 1.6398
183 1.64544
184 1.65435
185 1.65813
186 1.66607
187 1.67253
188 1.68602
189 1.71071
190 1.71893
191 1.72083
192 1.73017
193 1.73555
194 1.74936
195 1.76421
196 1.77214
197 1.77799
198 1.79509
199 1.80446
200 1.81236
201 1.81491
202 1.82207
203 1.82777
204 1.82947
205 1.86199
206 1.87889
207 1.8913
208 1.89465
209 1.90104
210 1.91248
211 1.95953
212 1.97113
213 1.9824
214 1.98574
215 1.98791
216 1.99827
217 2.0175
218 2.01854
219 2.03529
220 2.04232
221 2.04822
222 2.0587
223 2.06503
224 2.08393
225 2.10461
226 2.10636
227 2.13845
228 2.14406
229 2.15394
230 2.15896
231 2.16834
232 2.17158
233 2.2092
234 2.21718
235 2.23375
236 2.2353
237 2.25347
238 2.25515
239 2.26193
240 2.27232
241 2.28139
242 2.28288
243 2.28625
244 2.29049
245 2.29892
246 2.309
247 2.31024
248 2.31126
249 2.31583
250 2.34814
251 2.357
252 2.36259
253 2.36557
254 2.39143
255 2.40277
256 2.43891
257 2.46113
258 2.46542
259 2.46895
260 2.48205
261 2.48986
262 2.51082
263 2.51729
264 2.5207
265 2.5246
266 2.532
267 2.53489
268 2.54749
269 2.5603
270 2.56825
271 2.57312
272 2.57845
273 2.5879
274 2.60249
275 2.60966
276 2.61225
277 2.61749
278 2.62045
279 2.6414
280 2.64717
281 2.65879
282 2.67796
283 2.71146
284 2.71968
285 2.72156
286 2.72283
287 2.72553
288 2.73962
289 2.7519
290 2.75501
291 2.75944
292 2.76638
293 2.77559
294 2.78524
295 2.79758
296 2.80487
297 2.82725
298 2.89234
299 2.89659
300 2.90389
301 2.91529
302 2.95623
303 2.96559
304 2.97347
305 2.9777
306 2.98528
307 2.99102
