1 0.02684
2 0.03279
3 0.04365
4 0.05695
5 0.0585
6 0.06302
7 0.07991
8 0.08944
9 0.09608
10 0.09991
11 0.11537
12 0.11956
13 0.12371
14 0.13845
15 0.1432
16 0.14718
17 0.1513
18 0.16231
19 0.18099
20 0.19401
21 0.20019
22 0.2249
23 0.2271
24 0.23111
25 0.24116
26 0.24517
27 0.25168
28 0.26788
29 0.28665
30 0.29778
31 0.32351
32 0.33566
33 0.33956
34 0.35027
35 0.35579
36 0.37102
37 0.38074
38 0.3881
39 0.39998
40 0.40347
41 0.41446
42 0.42549
43 0.43215
44 0.43991
45 0.45246
46 0.45721
47 0.47565
48 0.48272
49 0.48936
50 0.49845
51 0.50427
52 0.50768
53 0.52038
54 0.54155
55 0.56071
56 0.58448
57 0.59703
58 0.61452
59 0.61965
60 0.63987
61 0.64375
62 0.65124
63 0.68267
64 0.68842
65 0.69195
66 0.70556
67 0.72248
68 0.73253
69 0.74994
70 0.75767
71 0.7693
72 0.81462
73 0.85414
74 0.86603
75 0.87119
76 0.87689
77 0.88121
78 0.90234
79 0.92834
80 0.93644
81 0.94447
82 0.948
83 0.95224
84 0.95869
85 0.95973
86 1.00769
87 1.01297
88 1.02496
89 1.04316
90 1.05486
91 1.07319
92 1.08498
93 1.08966
94 1.09418
95 1.11008
96 1.12198
97 1.12693
98 1.13683
99 1.14103
100 1.14621
101 1.15926
102 1.16526
103 1.17569
104 1.18605
105 1.19251
106 1.19675
107 1.21582
108 1.23663
109 1.25568
110 1.26362
111 1.26854
112 1.27475
113 1.2859
114 1.2957
115 1.30847
116 1.31279
117 1.31793
118 1.3486
119 1.36377
120 1.36737
121 1.3706
122 1.37143
123 1.39864
124 1.40625
125 1.42384
126 1.44641
127 1.45909
128 1.4708
129 1.48
130 1.5011
131 1.50893
132 1.53666
133 1.54201
134 1.55968
135 1.57537
136 1.6046
137 1.6154
138 1.63575
139 1.67435
140 1.68579
141 1.71284
142 1.72498
143 1.74255
144 1.77172
145 1.779
146 1.78297
147 1.79821
148 1.824
149 1.85799
150 1.87191
151 1.88182
152 1.90347
153 1.91886
154 1.92512
155 1.93348
156 1.9406
157 1.94661
158 1.95287
159 1.9711
160 2.00249
161 2.01151
162 2.01816
163 2.05077
164 2.05426
165 2.06316
166 2.06726
167 2.07645
168 2.0945
169 2.10049
170 2.10999
171 2.12381
172 2.1333
173 2.14187
174 2.14646
175 2.15496
176 2.16815
177 2.17826
178 2.18436
179 2.19099
180 2.20378
181 2.20924
182 2.23968
183 2.25264
184 2.25995
185 2.27801
186 2.28401
187 2.29052
188 2.30362
189 2.30834
190 2.32862
191 2.33288
192 2.35936
193 2.38751
194 2.39145
195 2.40016
196 2.4019
197 2.41383
198 2.4541
199 2.45976
200 2.47224
201 2.4832
202 2.48702
203 2.49612
204 2.51663
205 2.52807
206 2.54727
207 2.55784
208 2.60552
209 2.6113
210 2.616
211 2.62135
212 2.63236
213 2.6455
214 2.65456
215 2.6618
216 2.66836
217 2.6765
218 2.68364
219 2.68887
220 2.69419
221 2.70555
222 2.71109
223 2.71828
224 2.72429
225 2.7287
226 2.7335
227 2.73848
228 2.74376
229 2.74803
230 2.76067
231 2.7679
232 2.78411
233 2.80108
234 2.80788
235 2.81688
236 2.82275
237 2.8277
238 2.83152
239 2.84731
240 2.86939
241 2.87728
242 2.89149
243 2.90909
244 2.91287
245 2.92058
246 2.92136
247 2.93148
248 2.94928
249 2.96661
250 2.97622
251 2.99295
