1 0.00214
2 0.00952
3 0.0212
4 0.03004
5 0.03833
6 0.04083
7 0.04371
8 0.04533
9 0.04805
10 0.05669
11 0.05852
12 0.06448
13 0.0675
14 0.07219
15 0.08855
16 0.1108
17 0.11702
18 0.12169
19 0.12405
20 0.12564
21 0.13409
22 0.13808
23 0.14045
24 0.14218
25 0.14351
26 0.14663
27 0.14976
28 0.15733
29 0.16201
30 0.16313
31 0.16843
32 0.17189
33 0.17396
34 0.18153
35 0.19085
36 0.19868
37 0.20608
38 0.21009
39 0.22099
40 0.23524
41 0.24301
42 0.25217
43 0.27992
44 0.29301
45 0.30107
46 0.30638
47 0.31079
48 0.3164
49 0.34534
50 0.35411
51 0.36021
52 0.36681
53 0.3856
54 0.39469
55 0.39688
56 0.39976
57 0.40474
58 0.4107
59 0.41303
60 0.41495
61 0.42194
62 0.42987
63 0.44099
64 0.4429
65 0.4542
66 0.45631
67 0.46877
68 0.48164
69 0.49567
70 0.50151
71 0.50539
72 0.51329
73 0.52964
74 0.53236
75 0.53706
76 0.54143
77 0.55272
78 0.56093
79 0.56899
80 0.57065
81 0.59427
82 0.59608
83 0.60412
84 0.61391
85 0.62853
86 0.62999
87 0.64603
88 0.65226
89 0.66398
90 0.66545
91 0.67155
92 0.68166
93 0.68412
94 0.69123
95 0.69784
96 0.71505
97 0.71858
98 0.73051
99 0.73802
100 0.74373
101 0.77946
102 0.78496
103 0.79046
104 0.79273
105 0.80738
106 0.813
107 0.83581
108 0.84689
109 0.8509
110 0.85923
111 0.8624
112 0.8675
113 0.87675
114 0.88404
115 0.89489
116 0.90001
117 0.90232
118 0.9053
119 0.91044
120 0.91876
121 0.9346
122 0.95222
123 0.9591
124 0.96407
125 0.9872
126 0.98842
127 1.00272
128 1.02864
129 1.03086
130 1.03341
131 1.03757
132 1.05436
133 1.05898
134 1.06113
135 1.07051
136 1.07609
137 1.07711
138 1.10505
139 1.10738
140 1.1109
141 1.11804
142 1.1205
143 1.12965
144 1.13208
145 1.13356
146 1.13583
147 1.1537
148 1.15777
149 1.16383
150 1.19058
151 1.19199
152 1.19501
153 1.20092
154 1.22311
155 1.23273
156 1.24293
157 1.24409
158 1.24977
159 1.25333
160 1.26325
161 1.27914
162 1.29725
163 1.30934
164 1.32184
165 1.32694
166 1.34888
167 1.35038
168 1.35397
169 1.3598
170 1.368
171 1.37774
172 1.38587
173 1.39191
174 1.40356
175 1.40976
176 1.42636
177 1.43322
178 1.44144
179 1.4434
180 1.44525
181 1.46168
182 1.47481
183 1.47638
184 1.48315
185 1.49247
186 1.49449
187 1.50245
188 1.52574
189 1.53855
190 1.54397
191 1.54867
192 1.55017
193 1.56102
194 1.57111
195 1.5763
196 1.58886
197 1.59745
198 1.60353
199 1.61127
200 1.61863
201 1.62006
202 1.62518
203 1.63333
204 1.63504
205 1.64156
206 1.65219
207 1.65812
208 1.6711
209 1.67752
210 1.68208
211 1.68799
212 1.70539
213 1.72494
214 1.7284
215 1.72956
216 1.74221
217 1.7518
218 1.76941
219 1.77207
220 1.78069
221 1.78409
222 1.7906
223 1.79326
224 1.80048
225 1.80764
226 1.81259
227 1.81807
228 1.82894
229 1.8355
230 1.84781
231 1.85742
232 1.86522
233 1.8766
234 1.87818
235 1.88438
236 1.88834
237 1.89732
238 1.9096
239 1.91401
240 1.92646
241 1.93015
242 1.93307
243 1.93652
244 1.94426
245 1.95218
246 1.95489
247 1.97
248 1.97576
249 1.98719
250 1.99119
251 1.99569
252 2.00377
253 2.04187
254 2.04941
255 2.05138
256 2.0572
257 2.07112
258 2.10662
259 2.11422
260 2.11715
261 2.12524
262 2.13853
263 2.14093
264 2.14345
265 2.14626
266 2.16948
267 2.17658
268 2.1781
269 2.18073
270 2.18653
271 2.19437
272 2.19621
273 2.20019
274 2.20696
275 2.21496
276 2.23889
277 2.24038
278 2.28209
279 2.29362
280 2.29543
281 2.30231
282 2.30517
283 2.30895
284 2.31148
285 2.31277
286 2.31758
287 2.35255
288 2.37372
289 2.37677
290 2.37934
291 2.39353
292 2.4039
293 2.41669
294 2.42304
295 2.44229
296 2.44862
297 2.45599
298 2.45745
299 2.46344
300 2.47909
301 2.48718
302 2.49445
303 2.49921
304 2.50361
305 2.53649
306 2.54297
307 2.5532
308 2.56398
309 2.56848
310 2.57021
311 2.57431
312 2.59575
313 2.61319
314 2.61765
315 2.62643
316 2.63542
317 2.64195
318 2.64445
319 2.65214
320 2.65877
321 2.66492
322 2.67268
323 2.68166
324 2.68522
325 2.69088
326 2.6972
327 2.70797
328 2.70987
329 2.73911
330 2.74192
331 2.79255
332 2.80071
333 2.80718
334 2.81493
335 2.84199
336 2.84957
337 2.86494
338 2.87707
339 2.87858
340 2.89495
341 2.91214
342 2.91683
343 2.92512
344 2.93012
345 2.94257
346 2.94447
347 2.95427
348 2.97606
349 2.98337
350 2.99324
351 2.99601
