1 0.00961
2 0.01686
3 0.02088
4 0.02905
5 0.03108
6 0.03597
7 0.04345
8 0.06837
9 0.0739
10 0.08304
11 0.08991
12 0.10813
13 0.12358
14 0.13033
15 0.13783
16 0.15754
17 0.16134
18 0.17929
19 0.19109
20 0.19745
21 0.21972
22 0.231
23 0.23255
24 0.2386
25 0.24896
26 0.25282
27 0.25673
28 0.26553
29 0.26904
30 0.27153
31 0.27873
32 0.28618
33 0.28858
34 0.29739
35 0.31197
36 0.31842
37 0.32153
38 0.3358
39 0.33805
40 0.34376
41 0.35746
42 0.35925
43 0.36313
44 0.38992
45 0.4005
46 0.40649
47 0.41246
48 0.41423
49 0.42646
50 0.43742
51 0.43944
52 0.45518
53 0.46152
54 0.47945
55 0.48539
56 0.50193
57 0.51348
58 0.52289
59 0.52521
60 0.53897
61 0.54518
62 0.55088
63 0.55863
64 0.59568
65 0.60797
66 0.61658
67 0.62138
68 0.63071
69 0.63524
70 0.64134
71 0.64753
72 0.6493
73 0.66337
74 0.68101
75 0.70672
76 0.71371
77 0.72387
78 0.72861
79 0.74364
80 0.7484
81 0.75413
82 0.76482
83 0.77367
84 0.78187
85 0.78532
86 0.79145
87 0.79349
88 0.7994
89 0.80261
90 0.80621
91 0.82221
92 0.8253
93 0.84873
94 0.8509
95 0.85342
96 0.86044
97 0.87238
98 0.87576
99 0.87823
100 0.88319
101 0.89238
102 0.90682
103 0.91367
104 0.92149
105 0.94926
106 0.9593
107 0.96353
108 0.98442
109 0.98686
110 0.99158
111 0.99654
112 1.00123
113 1.00997
114 1.03318
115 1.04572
116 1.04787
117 1.05416
118 1.05944
119 1.06238
120 1.06417
121 1.0779
122 1.09416
123 1.0983
124 1.10259
125 1.10466
126 1.1108
127 1.11945
128 1.13109
129 1.14094
130 1.1445
131 1.15388
132 1.15715
133 1.16596
134 1.18149
135 1.1849
136 1.19767
137 1.19951
138 1.20247
139 1.22982
140 1.25726
141 1.28468
142 1.29708
143 1.31691
144 1.32557
145 1.33422
146 1.34141
147 1.35508
148 1.36827
149 1.37964
150 1.39569
151 1.40451
152 1.40892
153 1.41517
154 1.41678
155 1.42501
156 1.42815
157 1.43291
158 1.44382
159 1.46325
160 1.46653
161 1.47991
162 1.48105
163 1.49256
164 1.50091
165 1.50957
166 1.51723
167 1.5234
168 1.52842
169 1.55078
170 1.5597
171 1.56411
172 1.56687
173 1.56909
174 1.58536
175 1.6072
176 1.6163
177 1.62559
178 1.62764
179 1.63478
180 1.64987
181 1.65562
182 1.66523
183 1.6846
184 1.68891
185 1.70044
186 1.70632
187 1.72782
188 1.74603
189 1.75414
190 1.76499
191 1.79922
192 1.80312
193 1.80501
194 1.81274
195 1.82006
196 1.82518
197 1.84374
198 1.86186
199 1.86852
200 1.86995
201 1.87661
202 1.88272
203 1.89427
204 1.90408
205 1.90571
206 1.91782
207 1.96221
208 1.97283
209 1.97569
210 1.97989
211 1.99794
212 2.00306
213 2.00656
214 2.01131
215 2.01785
216 2.02345
217 2.0391
218 2.06016
219 2.06193
220 2.06514
221 2.06966
222 2.07109
223 2.0759
224 2.07733
225 2.09717
226 2.11566
227 2.12984
228 2.13617
229 2.14131
230 2.14766
231 2.15172
232 2.16476
233 2.1689
234 2.18799
235 2.19984
236 2.20764
237 2.21684
238 2.22031
239 2.23248
240 2.23987
241 2.2426
242 2.25829
243 2.26567
244 2.27777
245 2.28598
246 2.2908
247 2.2986
248 2.30373
249 2.30758
250 2.31365
251 2.31819
252 2.32236
253 2.33213
254 2.33714
255 2.35131
256 2.36938
257 2.37697
258 2.3932
259 2.3973
260 2.42055
261 2.42997
262 2.43362
263 2.44418
264 2.45044
265 2.46756
266 2.47791
267 2.48665
268 2.48924
269 2.49798
270 2.50927
271 2.52626
272 2.5419
273 2.54615
274 2.56197
275 2.56701
276 2.56865
277 2.58006
278 2.58492
279 2.59959
280 2.61473
281 2.62029
282 2.64214
283 2.64402
284 2.65284
285 2.65898
286 2.66567
287 2.66708
288 2.67522
289 2.68008
290 2.68432
291 2.68898
292 2.70572
293 2.71145
294 2.71959
295 2.73273
296 2.75219
297 2.77299
298 2.77744
299 2.79144
300 2.79784
301 2.80158
302 2.80899
303 2.81706
304 2.82322
305 2.83351
306 2.84003
307 2.84834
308 2.86391
309 2.8684
310 2.88664
311 2.9056
312 2.91811
313 2.92519
314 2.93609
315 2.96503
316 2.96869
317 2.97898
318 2.98361
319 2.9862
320 2.99106
321 2.99272
