1 0.00257
2 0.00748
3 0.00914
4 0.01819
5 0.02099
6 0.02319
7 0.02424
8 0.02588
9 0.02856
10 0.03279
11 0.03927
12 0.05213
13 0.0573
14 0.06388
15 0.06778
16 0.07191
17 0.07777
18 0.08177
19 0.09121
20 0.09437
21 0.10106
22 0.11271
23 0.12506
24 0.13177
25 0.14741
26 0.16587
27 0.1745
28 0.17604
29 0.19147
30 0.19407
31 0.20631
32 0.21127
33 0.22397
34 0.22775
35 0.25129
36 0.25688
37 0.26204
38 0.26765
39 0.2812
40 0.28785
41 0.29294
42 0.30726
43 0.31275
44 0.31564
45 0.31883
46 0.32531
47 0.33482
48 0.33721
49 0.34087
50 0.34294
51 0.3455
52 0.34943
53 0.36806
54 0.37376
55 0.40196
56 0.4039
57 0.4061
58 0.41853
59 0.43044
60 0.43403
61 0.47285
62 0.48437
63 0.49069
64 0.50318
65 0.51271
66 0.51965
67 0.52117
68 0.53016
69 0.53435
70 0.5388
71 0.54989
72 0.55591
73 0.55702
74 0.56386
75 0.56876
76 0.57629
77 0.59651
78 0.60613
79 0.61141
80 0.61464
81 0.6252
82 0.62896
83 0.64445
84 0.65584
85 0.65674
86 0.67541
87 0.68678
88 0.68919
89 0.69453
90 0.69839
91 0.70877
92 0.71544
93 0.72043
94 0.72567
95 0.73166
96 0.73657
97 0.7433
98 0.75433
99 0.75849
100 0.76291
101 0.76727
102 0.78353
103 0.7871
104 0.81894
105 0.84784
106 0.84937
107 0.86084
108 0.86965
109 0.8849
110 0.89084
111 0.90309
112 0.92026
113 0.92726
114 0.93172
115 0.9419
116 0.9497
117 0.95446
118 0.96009
119 0.96498
120 0.97295
121 0.99496
122 1.00688
123 1.01808
124 1.02376
125 1.03424
126 1.03703
127 1.05154
128 1.05979
129 1.06198
130 1.06544
131 1.06813
132 1.07589
133 1.08222
134 1.08474
135 1.10719
136 1.11014
137 1.11772
138 1.1339
139 1.14632
140 1.15557
141 1.15657
142 1.15946
143 1.17539
144 1.18766
145 1.194
146 1.20415
147 1.21511
148 1.22242
149 1.23971
150 1.24844
151 1.26047
152 1.26885
153 1.28227
154 1.28747
155 1.30659
156 1.30757
157 1.31905
158 1.32017
159 1.32265
160 1.32647
161 1.33193
162 1.33917
163 1.35035
164 1.37368
165 1.39596
166 1.39953
167 1.40679
168 1.41497
169 1.41723
170 1.42752
171 1.43027
172 1.43419
173 1.45135
174 1.45373
175 1.45856
176 1.46322
177 1.46745
178 1.49121
179 1.50223
180 1.5079
181 1.51343
182 1.51504
183 1.5421
184 1.55619
185 1.57634
186 1.58536
187 1.59687
188 1.61326
189 1.62113
190 1.62234
191 1.62582
192 1.64143
193 1.65584
194 1.66528
195 1.66679
196 1.67501
197 1.68223
198 1.68812
199 1.70795
200 1.72553
201 1.72879
202 1.73842
203 1.74293
204 1.74878
205 1.7502
206 1.75395
207 1.76239
208 1.76386
209 1.77454
210 1.80289
211 1.80946
212 1.81605
213 1.82455
214 1.82813
215 1.83005
216 1.83429
217 1.83973
218 1.85416
219 1.86098
220 1.8669
221 1.87151
222 1.88032
223 1.88611
224 1.88987
225 1.9029
226 1.91004
227 1.91279
228 1.9209
229 1.92276
230 1.92548
231 1.9292
232 1.94781
233 1.9707
234 1.99668
235 2.00215
236 2.00429
237 2.00752
238 2.01148
239 2.02658
240 2.03454
241 2.05182
242 2.05783
243 2.07245
244 2.07949
245 2.10202
246 2.11209
247 2.11671
248 2.12548
249 2.12702
250 2.1327
251 2.1509
252 2.15633
253 2.16399
254 2.17226
255 2.17854
256 2.18648
257 2.1906
258 2.19265
259 2.2006
260 2.20254
261 2.21205
262 2.21471
263 2.24073
264 2.24562
265 2.26685
266 2.28154
267 2.28716
268 2.3016
269 2.31461
270 2.31894
271 2.32185
272 2.32505
273 2.32848
274 2.34161
275 2.34624
276 2.36168
277 2.3698
278 2.37421
279 2.37861
280 2.40203
281 2.40741
282 2.41732
283 2.42997
284 2.43617
285 2.4457
286 2.44925
287 2.4601
288 2.46948
289 2.47323
290 2.48419
291 2.49449
292 2.50204
293 2.50802
294 2.51741
295 2.52784
296 2.53754
297 2.54386
298 2.56064
299 2.56539
300 2.56892
301 2.5716
302 2.57427
303 2.57929
304 2.58225
305 2.61747
306 2.62277
307 2.62579
308 2.63431
309 2.64001
310 2.64671
311 2.66337
312 2.6692
313 2.67368
314 2.67541
315 2.68592
316 2.71279
317 2.71799
318 2.72429
319 2.72746
320 2.74738
321 2.74918
322 2.77055
323 2.78953
324 2.79812
325 2.80481
326 2.83338
327 2.83891
328 2.84035
329 2.85958
330 2.86703
331 2.8737
332 2.88501
333 2.90445
334 2.9171
335 2.92509
336 2.92679
337 2.92939
338 2.93156
339 2.93307
340 2.93442
341 2.94406
342 2.94676
343 2.95062
344 2.96673
345 2.96929
346 2.97804
347 2.98481
348 2.99482
