1 0.00776
2 0.0296
3 0.03264
4 0.03833
5 0.04777
6 0.05385
7 0.06147
8 0.06984
9 0.07322
10 0.07435
11 0.09115
12 0.09917
13 0.10142
14 0.10444
15 0.1074
16 0.12231
17 0.12769
18 0.13804
19 0.15381
20 0.15666
21 0.1605
22 0.16452
23 0.1714
24 0.17559
25 0.18645
26 0.19813
27 0.20454
28 0.21104
29 0.21987
30 0.22355
31 0.23667
32 0.24218
33 0.24696
34 0.24922
35 0.26177
36 0.26386
37 0.29687
38 0.30358
39 0.30725
40 0.32579
41 0.33703
42 0.33924
43 0.34924
44 0.35509
45 0.36489
46 0.368
47 0.39497
48 0.40192
49 0.40895
50 0.42052
51 0.42369
52 0.44146
53 0.45595
54 0.45986
55 0.46287
56 0.46915
57 0.47449
58 0.47736
59 0.49494
60 0.50628
61 0.51506
62 0.52243
63 0.5379
64 0.54351
65 0.55537
66 0.56929
67 0.59004
68 0.59482
69 0.6139
70 0.62608
71 0.63707
72 0.64194
73 0.64657
74 0.64934
75 0.65386
76 0.65808
77 0.66248
78 0.67313
79 0.68196
80 0.69007
81 0.71246
82 0.71663
83 0.72692
84 0.7321
85 0.76448
86 0.77096
87 0.777
88 0.78692
89 0.79981
90 0.80791
91 0.82997
92 0.83942
93 0.8423
94 0.84886
95 0.85227
96 0.86524
97 0.88764
98 0.90849
99 0.91501
100 0.91782
101 0.921
102 0.93236
103 0.93541
104 0.93945
105 0.95723
106 0.96781
107 0.97424
108 0.99089
109 0.99338
110 1.00015
111 1.00251
112 1.00501
113 1.01199
114 1.03802
115 1.04701
116 1.05359
117 1.05604
118 1.05893
119 1.06307
120 1.06928
121 1.07277
122 1.08412
123 1.0971
124 1.10635
125 1.11481
126 1.12759
127 1.13458
128 1.13985
129 1.15067
130 1.15881
131 1.16462
132 1.18359
133 1.18775
134 1.19043
135 1.19574
136 1.21032
137 1.21685
138 1.22034
139 1.22598
140 1.25007
141 1.26901
142 1.2749
143 1.27745
144 1.29838
145 1.30063
146 1.313
147 1.31788
148 1.32105
149 1.32356
150 1.32678
151 1.33783
152 1.34716
153 1.36278
154 1.3696
155 1.37238
156 1.37577
157 1.3784
158 1.4045
159 1.41834
160 1.42866
161 1.43849
162 1.45048
163 1.45138
164 1.46842
165 1.48867
166 1.49168
167 1.5024
168 1.52782
169 1.55211
170 1.56137
171 1.58877
172 1.59214
173 1.59432
174 1.60841
175 1.61737
176 1.6225
177 1.64839
178 1.65524
179 1.66205
180 1.6661
181 1.66848
182 1.68533
183 1.68803
184 1.69587
185 1.70198
186 1.70579
187 1.71944
188 1.72331
189 1.73307
190 1.73626
191 1.74
192 1.74676
193 1.76185
194 1.77184
195 1.78503
196 1.80247
197 1.80834
198 1.81424
199 1.82647
200 1.82897
201 1.83566
202 1.85521
203 1.86907
204 1.87135
205 1.87964
206 1.89646
207 1.91653
208 1.93485
209 1.94529
210 1.95865
211 1.96592
212 1.97436
213 1.97709
214 1.98554
215 1.98785
216 2.00999
217 2.01694
218 2.02183
219 2.02783
220 2.04263
221 2.04449
222 2.05265
223 2.06444
224 2.07483
225 2.08921
226 2.09853
227 2.1021
228 2.11298
229 2.12573
230 2.12805
231 2.13547
232 2.14034
233 2.15288
234 2.16185
235 2.16608
236 2.17121
237 2.17819
238 2.18295
239 2.20126
240 2.20689
241 2.22644
242 2.23593
243 2.24104
244 2.25104
245 2.25575
246 2.26695
247 2.26977
248 2.2758
249 2.28405
250 2.29176
251 2.29916
252 2.30444
253 2.30803
254 2.31085
255 2.31703
256 2.31965
257 2.3226
258 2.32805
259 2.33572
260 2.33864
261 2.34123
262 2.36699
263 2.36954
264 2.37889
265 2.3863
266 2.38953
267 2.411
268 2.42534
269 2.43215
270 2.44936
271 2.46084
272 2.46796
273 2.47152
274 2.4745
275 2.48227
276 2.49288
277 2.49704
278 2.53895
279 2.55249
280 2.55735
281 2.56027
282 2.57372
283 2.58421
284 2.60456
285 2.62365
286 2.62822
287 2.6385
288 2.6437
289 2.64679
290 2.65167
291 2.65405
292 2.66417
293 2.68638
294 2.68837
295 2.69776
296 2.69995
297 2.70479
298 2.72599
299 2.73555
300 2.76303
301 2.7659
302 2.76931
303 2.7804
304 2.78845
305 2.81237
306 2.82111
307 2.83477
308 2.84202
309 2.8454
310 2.84877
311 2.85168
312 2.85907
313 2.8619
314 2.87069
315 2.87633
316 2.88467
317 2.89769
318 2.90737
319 2.91111
320 2.91462
321 2.92633
322 2.93967
323 2.97796
324 2.99921
