1 0.00354
2 0.00706
3 0.01307
4 0.02066
5 0.02907
6 0.03067
7 0.041
8 0.0813
9 0.08294
10 0.09082
11 0.10227
12 0.11323
13 0.11634
14 0.11799
15 0.12124
16 0.13161
17 0.13937
18 0.15083
19 0.15605
20 0.17375
21 0.17674
22 0.18252
23 0.18959
24 0.19078
25 0.20017
26 0.23405
27 0.23804
28 0.25529
29 0.2656
30 0.27855
31 0.28224
32 0.29112
33 0.32363
34 0.33133
35 0.33377
36 0.33874
37 0.34122
38 0.35857
39 0.36059
40 0.3668
41 0.37593
42 0.38795
43 0.39001
44 0.39408
45 0.40495
46 0.42655
47 0.4313
48 0.43597
49 0.44787
50 0.45087
51 0.45398
52 0.46159
53 0.4645
54 0.47298
55 0.47815
56 0.48844
57 0.4988
58 0.50346
59 0.51599
60 0.51754
61 0.53629
62 0.54209
63 0.5441
64 0.55009
65 0.55373
66 0.55992
67 0.56812
68 0.58392
69 0.58668
70 0.58811
71 0.59227
72 0.59774
73 0.61329
74 0.61607
75 0.62505
76 0.62634
77 0.63328
78 0.64117
79 0.65289
80 0.66043
81 0.66947
82 0.67182
83 0.68383
84 0.70872
85 0.71075
86 0.71802
87 0.72376
88 0.72881
89 0.7349
90 0.74914
91 0.75186
92 0.75365
93 0.766
94 0.77115
95 0.77512
96 0.7915
97 0.79953
98 0.80665
99 0.82144
100 0.82714
101 0.83852
102 0.86553
103 0.87657
104 0.88901
105 0.91284
106 0.92887
107 0.93442
108 0.94494
109 0.95814
110 0.96291
111 0.96553
112 0.9798
113 0.98483
114 0.9953
115 1.00593
116 1.00914
117 1.018
118 1.02324
119 1.03689
120 1.03945
121 1.05487
122 1.06806
123 1.07785
124 1.08333
125 1.08589
126 1.09257
127 1.10584
128 1.11699
129 1.12151
130 1.12342
131 1.12542
132 1.12859
133 1.14332
134 1.1466
135 1.15285
136 1.15679
137 1.17065
138 1.17721
139 1.18551
140 1.19256
141 1.20021
142 1.20902
143 1.21664
144 1.22721
145 1.23904
146 1.24732
147 1.25512
148 1.26888
149 1.27113
150 1.27821
151 1.28287
152 1.29215
153 1.29595
154 1.31226
155 1.3316
156 1.33776
157 1.35712
158 1.37709
159 1.38699
160 1.40029
161 1.41901
162 1.4292
163 1.43615
164 1.44539
165 1.45113
166 1.46008
167 1.4737
168 1.47972
169 1.4856
170 1.48991
171 1.50116
172 1.50341
173 1.50529
174 1.50834
175 1.53915
176 1.57084
177 1.57564
178 1.57867
179 1.58697
180 1.59544
181 1.60269
182 1.61285
183 1.61602
184 1.63629
185 1.64922
186 1.66183
187 1.67329
188 1.6883
189 1.70068
190 1.70372
191 1.70994
192 1.71925
193 1.72104
194 1.72447
195 1.73907
196 1.7648
197 1.76868
198 1.77693
199 1.78221
200 1.80264
201 1.83541
202 1.83644
203 1.85503
204 1.86266
205 1.86573
206 1.87008
207 1.87411
208 1.88944
209 1.90258
210 1.91091
211 1.91432
212 1.93637
213 1.95795
214 1.96458
215 1.9687
216 1.97409
217 1.9771
218 1.99935
219 2.00676
220 2.01324
221 2.02341
222 2.03547
223 2.0435
224 2.061
225 2.06643
226 2.08101
227 2.08716
228 2.08908
229 2.09844
230 2.11723
231 2.12552
232 2.13408
233 2.14221
234 2.14935
235 2.15201
236 2.17296
237 2.18537
238 2.19491
239 2.20527
240 2.21253
241 2.22076
242 2.23301
243 2.23729
244 2.24359
245 2.2502
246 2.25104
247 2.26242
248 2.26674
249 2.27122
250 2.27233
251 2.28128
252 2.30794
253 2.31731
254 2.31827
255 2.33512
256 2.33887
257 2.34605
258 2.3659
259 2.37254
260 2.37768
261 2.38222
262 2.38529
263 2.38843
264 2.40116
265 2.40935
266 2.42083
267 2.42594
268 2.43455
269 2.43614
270 2.44298
271 2.45886
272 2.46313
273 2.47122
274 2.49173
275 2.49706
276 2.50186
277 2.5077
278 2.5158
279 2.51955
280 2.5209
281 2.52573
282 2.53409
283 2.57531
284 2.58908
285 2.60295
286 2.60666
287 2.61373
288 2.62842
289 2.641
290 2.65589
291 2.66125
292 2.66956
293 2.6801
294 2.68594
295 2.68885
296 2.70937
297 2.71728
298 2.73617
299 2.74805
300 2.75004
301 2.75547
302 2.75951
303 2.77831
304 2.78832
305 2.7966
306 2.8039
307 2.81501
308 2.81833
309 2.82723
310 2.83041
311 2.84044
312 2.84477
313 2.84591
314 2.86132
315 2.86404
316 2.8717
317 2.87843
318 2.88432
319 2.89684
320 2.8984
321 2.9114
322 2.91897
323 2.92873
324 2.93972
325 2.95592
326 2.95703
327 2.96248
328 2.96832
329 2.98121
330 2.99432
