1 0.00553
2 0.00694
3 0.01499
4 0.02512
5 0.02734
6 0.03002
7 0.04034
8 0.04692
9 0.05129
10 0.05316
11 0.05613
12 0.06615
13 0.07829
14 0.08458
15 0.09262
16 0.09473
17 0.10352
18 0.10898
19 0.13252
20 0.13499
21 0.14411
22 0.1525
23 0.15833
24 0.16758
25 0.18148
26 0.18614
27 0.22013
28 0.22512
29 0.24858
30 0.25113
31 0.25865
32 0.26082
33 0.26604
34 0.27018
35 0.27386
36 0.27949
37 0.30646
38 0.31945
39 0.32414
40 0.32948
41 0.3378
42 0.34228
43 0.34877
44 0.37215
45 0.38215
46 0.38648
47 0.39241
48 0.39638
49 0.40073
50 0.41965
51 0.43355
52 0.44105
53 0.44848
54 0.45579
55 0.46828
56 0.47039
57 0.47688
58 0.48401
59 0.49873
60 0.50607
61 0.51423
62 0.51687
63 0.51944
64 0.53515
65 0.55177
66 0.56833
67 0.57199
68 0.58242
69 0.61948
70 0.62765
71 0.64075
72 0.64581
73 0.65348
74 0.65733
75 0.68666
76 0.70087
77 0.7027
78 0.72361
79 0.72865
80 0.73102
81 0.74342
82 0.74836
83 0.77248
84 0.77651
85 0.78222
86 0.78605
87 0.79016
88 0.79224
89 0.79864
90 0.80291
91 0.80785
92 0.81291
93 0.81862
94 0.84349
95 0.84522
96 0.85009
97 0.86795
98 0.89957
99 0.90707
100 0.90999
101 0.91978
102 0.93811
103 0.95337
104 0.95645
105 0.96015
106 0.96723
107 0.96987
108 0.97288
109 0.97643
110 0.98317
111 0.9928
112 0.99766
113 1.00173
114 1.00444
115 1.01397
116 1.01782
117 1.02024
118 1.02667
119 1.05886
120 1.07201
121 1.07993
122 1.08333
123 1.09069
124 1.09647
125 1.09848
126 1.1032
127 1.10981
128 1.11154
129 1.11861
130 1.12719
131 1.14695
132 1.16636
133 1.19832
134 1.20066
135 1.20951
136 1.21507
137 1.22192
138 1.23809
139 1.25149
140 1.25788
141 1.26678
142 1.27725
143 1.29018
144 1.29354
145 1.3005
146 1.32871
147 1.34221
148 1.34493
149 1.36872
150 1.37202
151 1.38048
152 1.39071
153 1.40329
154 1.40782
155 1.42489
156 1.44707
157 1.46018
158 1.46523
159 1.47989
160 1.48808
161 1.49052
162 1.49932
163 1.50164
164 1.51197
165 1.52617
166 1.53148
167 1.54851
168 1.5519
169 1.56232
170 1.56444
171 1.56691
172 1.57758
173 1.58143
174 1.59407
175 1.59967
176 1.60948
177 1.63046
178 1.63601
179 1.65008
180 1.6613
181 1.6676
182 1.67253
183 1.68197
184 1.687
185 1.68946
186 1.70132
187 1.71059
188 1.71924
189 1.72436
190 1.74185
191 1.75224
192 1.77011
193 1.77822
194 1.78234
195 1.82163
196 1.83262
197 1.83971
198 1.84219
199 1.84414
200 1.85159
201 1.86007
202 1.87064
203 1.8791
204 1.88133
205 1.88377
206 1.88566
207 1.89097
208 1.90032
209 1.90639
210 1.90843
211 1.92364
212 1.94167
213 1.94439
214 1.9584
215 1.96116
216 1.97074
217 1.97321
218 1.9763
219 1.98493
220 1.98967
221 2.00077
222 2.00555
223 2.02037
224 2.02403
225 2.02697
226 2.03133
227 2.03399
228 2.0509
229 2.06535
230 2.07075
231 2.07441
232 2.08315
233 2.09392
234 2.09789
235 2.10741
236 2.12745
237 2.15011
238 2.15221
239 2.15623
240 2.17089
241 2.17681
242 2.17964
243 2.18811
244 2.19642
245 2.20646
246 2.21698
247 2.22327
248 2.22629
249 2.23582
250 2.23796
251 2.25532
252 2.26342
253 2.26889
254 2.27296
255 2.28284
256 2.29108
257 2.30628
258 2.32252
259 2.3278
260 2.33732
261 2.34437
262 2.35049
263 2.3595
264 2.37758
265 2.38344
266 2.39572
267 2.39777
268 2.40373
269 2.40755
270 2.4216
271 2.43346
272 2.43952
273 2.449
274 2.45496
275 2.476
276 2.49184
277 2.49662
278 2.51687
279 2.52499
280 2.52988
281 2.54067
282 2.55632
283 2.57084
284 2.57341
285 2.583
286 2.58821
287 2.58996
288 2.60225
289 2.61399
290 2.61599
291 2.6249
292 2.6327
293 2.63781
294 2.64605
295 2.64855
296 2.65334
297 2.66593
298 2.68305
299 2.702
300 2.72372
301 2.73172
302 2.74272
303 2.75259
304 2.76241
305 2.76806
306 2.77344
307 2.78434
308 2.78842
309 2.79616
310 2.80696
311 2.81803
312 2.8213
313 2.8389
314 2.85463
315 2.87613
316 2.88951
317 2.90433
318 2.91168
319 2.91485
320 2.91861
321 2.94222
322 2.94744
323 2.95541
324 2.97443
325 2.9846
326 2.9872
327 2.99815
