1 0.00597
2 0.01101
3 0.01576
4 0.0214
5 0.03298
6 0.03817
7 0.04069
8 0.0542
9 0.06238
10 0.06469
11 0.07423
12 0.08474
13 0.09306
14 0.09856
15 0.10985
16 0.1275
17 0.14467
18 0.15099
19 0.15665
20 0.16233
21 0.16815
22 0.17458
23 0.17922
24 0.18212
25 0.20483
26 0.20986
27 0.21843
28 0.22689
29 0.23655
30 0.23827
31 0.24558
32 0.25196
33 0.254
34 0.26355
35 0.26674
36 0.27763
37 0.29177
38 0.30723
39 0.31931
40 0.32283
41 0.32587
42 0.3286
43 0.34396
44 0.35481
45 0.36242
46 0.36695
47 0.37078
48 0.37521
49 0.39501
50 0.40141
51 0.41233
52 0.42329
53 0.43071
54 0.434
55 0.44444
56 0.46279
57 0.47575
58 0.48074
59 0.48312
60 0.49661
61 0.49978
62 0.50299
63 0.50593
64 0.51463
65 0.52853
66 0.53175
67 0.54072
68 0.54716
69 0.55843
70 0.57258
71 0.57902
72 0.59925
73 0.61373
74 0.62619
75 0.6321
76 0.65284
77 0.6598
78 0.67401
79 0.67683
80 0.6876
81 0.69944
82 0.72144
83 0.72702
84 0.75177
85 0.76219
86 0.76524
87 0.76835
88 0.77307
89 0.78662
90 0.79683
91 0.80344
92 0.82258
93 0.84054
94 0.84846
95 0.87891
96 0.89931
97 0.90231
98 0.90534
99 0.90786
100 0.92353
101 0.93069
102 0.94167
103 0.95096
104 0.95456
105 0.96574
106 0.97063
107 0.98369
108 0.99358
109 1.00145
110 1.01412
111 1.02159
112 1.0298
113 1.03183
114 1.03482
115 1.04327
116 1.04649
117 1.05903
118 1.06708
119 1.08931
120 1.09712
121 1.09895
122 1.1015
123 1.10331
124 1.10688
125 1.11494
126 1.12
127 1.13939
128 1.14347
129 1.15794
130 1.16114
131 1.16783
132 1.17019
133 1.18103
134 1.1878
135 1.19096
136 1.19856
137 1.20092
138 1.20969
139 1.2388
140 1.24168
141 1.24969
142 1.25261
143 1.26165
144 1.26752
145 1.27477
146 1.30571
147 1.31032
148 1.31716
149 1.32893
150 1.34226
151 1.35597
152 1.3664
153 1.36902
154 1.38998
155 1.3988
156 1.4013
157 1.41259
158 1.43124
159 1.43649
160 1.44735
161 1.45033
162 1.4539
163 1.45655
164 1.4729
165 1.48236
166 1.49209
167 1.502
168 1.50547
169 1.51478
170 1.52211
171 1.54921
172 1.55268
173 1.55814
174 1.56082
175 1.56497
176 1.58844
177 1.59208
178 1.59735
179 1.60305
180 1.61871
181 1.64448
182 1.66511
183 1.6708
184 1.67549
185 1.67787
186 1.7062
187 1.72289
188 1.74326
189 1.75005
190 1.76827
191 1.77134
192 1.77824
193 1.79801
194 1.80008
195 1.80235
196 1.81342
197 1.81739
198 1.83998
199 1.85505
200 1.86257
201 1.86746
202 1.87693
203 1.89287
204 1.89894
205 1.90989
206 1.91737
207 1.92262
208 1.938
209 1.94836
210 1.97466
211 1.97932
212 1.99171
213 2.00088
214 2.00375
215 2.00963
216 2.01268
217 2.01869
218 2.02153
219 2.02684
220 2.03196
221 2.04445
222 2.05214
223 2.05541
224 2.06865
225 2.07621
226 2.08051
227 2.08633
228 2.09967
229 2.11901
230 2.12564
231 2.13908
232 2.15057
233 2.15296
234 2.15668
235 2.15917
236 2.16285
237 2.17795
238 2.18651
239 2.20138
240 2.20443
241 2.21746
242 2.22925
243 2.25087
244 2.2584
245 2.26723
246 2.27203
247 2.27674
248 2.29232
249 2.29597
250 2.30713
251 2.31947
252 2.33157
253 2.33824
254 2.35297
255 2.37423
256 2.38679
257 2.39987
258 2.41406
259 2.41941
260 2.4259
261 2.44311
262 2.44649
263 2.45849
264 2.46052
265 2.46547
266 2.47427
267 2.49142
268 2.51006
269 2.51836
270 2.53062
271 2.53868
272 2.55501
273 2.55717
274 2.56958
275 2.58109
276 2.5867
277 2.59357
278 2.59803
279 2.60866
280 2.6163
281 2.62072
282 2.62688
283 2.63047
284 2.64334
285 2.64672
286 2.64913
287 2.65677
288 2.66333
289 2.66549
290 2.67107
291 2.67736
292 2.6825
293 2.68372
294 2.69467
295 2.73178
296 2.73866
297 2.74102
298 2.74747
299 2.75272
300 2.7588
301 2.76893
302 2.77402
303 2.7808
304 2.79724
305 2.7998
306 2.81906
307 2.83209
308 2.8387
309 2.84186
310 2.84919
311 2.85934
312 2.86737
313 2.87402
314 2.88275
315 2.89501
316 2.8975
317 2.90104
318 2.93722
319 2.94082
320 2.95115
321 2.95625
322 2.97784
323 2.98327
