1 0.00431
2 0.01112
3 0.01308
4 0.02146
5 0.0264
6 0.03316
7 0.03923
8 0.05199
9 0.06651
10 0.07462
11 0.07883
12 0.08533
13 0.09073
14 0.09766
15 0.10025
16 0.10268
17 0.11669
18 0.11825
19 0.12634
20 0.15023
21 0.1522
22 0.15659
23 0.1664
24 0.17527
25 0.19964
26 0.21002
27 0.21269
28 0.21505
29 0.22502
30 0.23837
31 0.24057
32 0.24732
33 0.25981
34 0.26293
35 0.26679
36 0.28387
37 0.28719
38 0.29132
39 0.30368
40 0.31163
41 0.32046
42 0.32483
43 0.3327
44 0.33793
45 0.34271
46 0.35261
47 0.36883
48 0.37147
49 0.37822
50 0.37966
51 0.38558
52 0.39977
53 0.40739
54 0.41205
55 0.4147
56 0.41943
57 0.4291
58 0.4597
59 0.47256
60 0.47459
61 0.48489
62 0.48901
63 0.49521
64 0.50297
65 0.51308
66 0.52101
67 0.52701
68 0.53114
69 0.53968
70 0.55042
71 0.55838
72 0.57483
73 0.58087
74 0.58605
75 0.59515
76 0.60355
77 0.6242
78 0.64683
79 0.65267
80 0.65401
81 0.66079
82 0.67445
83 0.67588
84 0.69152
85 0.69816
86 0.7083
87 0.71813
88 0.7292
89 0.74022
90 0.75439
91 0.75845
92 0.77295
93 0.78695
94 0.79139
95 0.81839
96 0.82495
97 0.8319
98 0.8347
99 0.84076
100 0.85109
101 0.87236
102 0.87959
103 0.90899
104 0.91326
105 0.91463
106 0.91708
107 0.93421
108 0.93801
109 0.9419
110 0.94861
111 0.95829
112 0.96318
113 0.97776
114 0.98393
115 0.9941
116 0.99736
117 1.00057
118 1.00334
119 1.01322
120 1.01511
121 1.02713
122 1.03132
123 1.03267
124 1.03829
125 1.04063
126 1.04425
127 1.06185
128 1.06911
129 1.08782
130 1.11394
131 1.12264
132 1.17198
133 1.18036
134 1.18261
135 1.19045
136 1.19885
137 1.20477
138 1.22623
139 1.24192
140 1.27647
141 1.27989
142 1.28428
143 1.29715
144 1.30921
145 1.31664
146 1.318
147 1.31932
148 1.33117
149 1.34566
150 1.36111
151 1.37021
152 1.3981
153 1.40537
154 1.40834
155 1.41773
156 1.42142
157 1.43263
158 1.43727
159 1.44351
160 1.45554
161 1.46746
162 1.47193
163 1.49235
164 1.50155
165 1.51992
166 1.52272
167 1.53099
168 1.56123
169 1.56981
170 1.57236
171 1.58245
172 1.58867
173 1.5928
174 1.59603
175 1.61305
176 1.62309
177 1.64167
178 1.6489
179 1.66451
180 1.67065
181 1.67366
182 1.69168
183 1.71128
184 1.71793
185 1.74369
186 1.75163
187 1.76356
188 1.76459
189 1.76707
190 1.77
191 1.77695
192 1.78468
193 1.79395
194 1.80275
195 1.80877
196 1.82327
197 1.82863
198 1.8435
199 1.8541
200 1.85835
201 1.86295
202 1.87338
203 1.87479
204 1.8795
205 1.88273
206 1.88427
207 1.88607
208 1.8919
209 1.90533
210 1.91022
211 1.91571
212 1.93913
213 1.94953
214 1.97249
215 1.97976
216 1.99552
217 2.0028
218 2.00935
219 2.01476
220 2.02485
221 2.0304
222 2.05965
223 2.0689
224 2.0767
225 2.09775
226 2.10295
227 2.1115
228 2.11787
229 2.1209
230 2.13241
231 2.14846
232 2.15714
233 2.15967
234 2.16394
235 2.17419
236 2.17922
237 2.19588
238 2.21115
239 2.22379
240 2.24274
241 2.25
242 2.25327
243 2.25984
244 2.26799
245 2.27338
246 2.27733
247 2.28636
248 2.29052
249 2.30115
250 2.30397
251 2.30792
252 2.31256
253 2.32028
254 2.32857
255 2.35354
256 2.35863
257 2.36491
258 2.38645
259 2.38914
260 2.4096
261 2.4177
262 2.42022
263 2.44988
264 2.47381
265 2.48334
266 2.49528
267 2.51128
268 2.51387
269 2.52287
270 2.52833
271 2.53835
272 2.54351
273 2.54473
274 2.5673
275 2.5805
276 2.58744
277 2.58897
278 2.60325
279 2.60478
280 2.60908
281 2.61949
282 2.63229
283 2.63394
284 2.64187
285 2.64532
286 2.65593
287 2.6646
288 2.68243
289 2.68631
290 2.7155
291 2.74589
292 2.7614
293 2.77357
294 2.7875
295 2.78925
296 2.79243
297 2.80543
298 2.81465
299 2.82105
300 2.8239
301 2.83445
302 2.83807
303 2.85
304 2.85646
305 2.86322
306 2.8685
307 2.88086
308 2.88455
309 2.89427
310 2.90315
311 2.91319
312 2.92883
313 2.93938
314 2.95649
315 2.96432
316 2.97125
317 2.97384
318 2.99477
319 2.99835
