1 0.00443
2 0.01018
3 0.02189
4 0.0264
5 0.0478
6 0.05496
7 0.07109
8 0.08435
9 0.09247
10 0.09689
11 0.11388
12 0.11502
13 0.12151
14 0.12326
15 0.12598
16 0.1361
17 0.14441
18 0.14931
19 0.1586
20 0.16731
21 0.17849
22 0.18005
23 0.18578
24 0.19142
25 0.19565
26 0.19816
27 0.20407
28 0.21874
29 0.22902
30 0.23108
31 0.2499
32 0.25939
33 0.27185
34 0.28386
35 0.29152
36 0.3168
37 0.32345
38 0.33288
39 0.34228
40 0.35185
41 0.37773
42 0.37958
43 0.38821
44 0.39083
45 0.39388
46 0.42755
47 0.43779
48 0.4486
49 0.46423
50 0.47033
51 0.47366
52 0.47532
53 0.49135
54 0.5069
55 0.51507
56 0.52336
57 0.52907
58 0.53688
59 0.5508
60 0.5532
61 0.56318
62 0.56746
63 0.57102
64 0.57886
65 0.58503
66 0.5924
67 0.59667
68 0.61488
69 0.61891
70 0.62307
71 0.63374
72 0.63601
73 0.6403
74 0.64942
75 0.65766
76 0.66241
77 0.6669
78 0.68297
79 0.68866
80 0.69186
81 0.69623
82 0.70187
83 0.70553
84 0.71394
85 0.71838
86 0.74054
87 0.74458
88 0.74574
89 0.76903
90 0.77332
91 0.78042
92 0.78916
93 0.79112
94 0.79931
95 0.80566
96 0.81406
97 0.82002
98 0.83787
99 0.84083
100 0.8595
101 0.86641
102 0.86858
103 0.88256
104 0.88756
105 0.8919
106 0.89989
107 0.90562
108 0.90999
109 0.91379
110 0.92253
111 0.92928
112 0.94035
113 0.94345
114 0.95228
115 0.9598
116 0.96189
117 0.96965
118 0.97551
119 0.993
120 0.99656
121 1.00345
122 1.01043
123 1.01686
124 1.0223
125 1.03269
126 1.03761
127 1.04337
128 1.04807
129 1.05331
130 1.06065
131 1.06956
132 1.08936
133 1.10591
134 1.10952
135 1.11159
136 1.11521
137 1.12462
138 1.13569
139 1.15831
140 1.16638
141 1.17391
142 1.18046
143 1.18317
144 1.19327
145 1.21172
146 1.21505
147 1.22003
148 1.22254
149 1.24223
150 1.26019
151 1.26924
152 1.2739
153 1.28568
154 1.28918
155 1.30153
156 1.30646
157 1.31123
158 1.32959
159 1.34218
160 1.35807
161 1.37278
162 1.40181
163 1.40549
164 1.41526
165 1.42164
166 1.42683
167 1.43207
168 1.43918
169 1.44281
170 1.46383
171 1.46786
172 1.49266
173 1.50676
174 1.51481
175 1.52316
176 1.53009
177 1.53605
178 1.54434
179 1.55214
180 1.55668
181 1.57412
182 1.57709
183 1.57926
184 1.61063
185 1.62669
186 1.632
187 1.64068
188 1.64347
189 1.65727
190 1.66384
191 1.67754
192 1.68447
193 1.70176
194 1.71484
195 1.71875
196 1.72033
197 1.7268
198 1.73731
199 1.76276
200 1.76631
201 1.77977
202 1.782
203 1.78518
204 1.79282
205 1.80387
206 1.83033
207 1.83929
208 1.85976
209 1.8742
210 1.87724
211 1.88783
212 1.89535
213 1.89932
214 1.90825
215 1.91746
216 1.92492
217 1.93084
218 1.93264
219 1.94215
220 1.96497
221 1.97183
222 1.97574
223 1.99802
224 2.01153
225 2.02412
226 2.02708
227 2.03789
228 2.04602
229 2.06802
230 2.06952
231 2.07474
232 2.08196
233 2.11046
234 2.11225
235 2.11715
236 2.1226
237 2.12763
238 2.13
239 2.13596
240 2.13829
241 2.14199
242 2.14484
243 2.15557
244 2.18094
245 2.18643
246 2.1945
247 2.19985
248 2.20128
249 2.20468
250 2.20961
251 2.22044
252 2.22523
253 2.22844
254 2.23243
255 2.243
256 2.27117
257 2.28172
258 2.29951
259 2.3068
260 2.31742
261 2.32971
262 2.36277
263 2.36392
264 2.3688
265 2.37092
266 2.3779
267 2.3808
268 2.39894
269 2.40349
270 2.42531
271 2.42702
272 2.4411
273 2.44705
274 2.46627
275 2.47195
276 2.4759
277 2.48534
278 2.51064
279 2.51873
280 2.52607
281 2.53873
282 2.54386
283 2.55978
284 2.5665
285 2.59391
286 2.5975
287 2.60904
288 2.61315
289 2.62313
290 2.62876
291 2.64374
292 2.65036
293 2.66917
294 2.69631
295 2.72226
296 2.72924
297 2.73999
298 2.75566
299 2.7602
300 2.7738
301 2.77872
302 2.79621
303 2.80687
304 2.81178
305 2.81721
306 2.82178
307 2.82842
308 2.83719
309 2.846
310 2.85371
311 2.85871
312 2.86143
313 2.87534
314 2.88272
315 2.90125
316 2.90536
317 2.91214
318 2.9252
319 2.92874
320 2.93483
321 2.94131
322 2.94882
323 2.96286
324 2.96777
325 2.97914
326 2.99491
