1 0.00846
2 0.01886
3 0.04892
4 0.06351
5 0.07033
6 0.08479
7 0.09045
8 0.11776
9 0.13164
10 0.14979
11 0.18434
12 0.22083
13 0.24228
14 0.2678
15 0.27383
16 0.28068
17 0.28716
18 0.30948
19 0.32057
20 0.32786
21 0.33626
22 0.34579
23 0.35579
24 0.37482
25 0.3879
26 0.41051
27 0.42991
28 0.4505
29 0.46572
30 0.47762
31 0.47903
32 0.50278
33 0.51314
34 0.5281
35 0.54285
36 0.54889
37 0.56306
38 0.57723
39 0.59258
40 0.59365
41 0.59848
42 0.64253
43 0.67377
44 0.68851
45 0.68939
46 0.71891
47 0.7269
48 0.78155
49 0.79109
50 0.79902
51 0.82021
52 0.83805
53 0.85165
54 0.88603
55 0.89341
56 0.91714
57 0.92341
58 0.92939
59 0.94244
60 0.97967
61 0.99887
62 1.01291
63 1.02479
64 1.05105
65 1.05637
66 1.06056
67 1.09522
68 1.1004
69 1.11207
70 1.1188
71 1.15622
72 1.16952
73 1.17535
74 1.21725
75 1.23832
76 1.26453
77 1.27556
78 1.28257
79 1.30306
80 1.33124
81 1.34093
82 1.34546
83 1.35729
84 1.41682
85 1.43565
86 1.46405
87 1.46624
88 1.47039
89 1.49278
90 1.51158
91 1.51738
92 1.52449
93 1.55173
94 1.56636
95 1.60177
96 1.62279
97 1.63455
98 1.68145
99 1.73054
100 1.78035
101 1.78563
102 1.79894
103 1.81043
104 1.81558
105 1.8411
106 1.89526
107 1.92683
108 1.93576
109 1.94153
110 1.97119
111 1.9803
112 2.01898
113 2.02631
114 2.03872
115 2.09034
116 2.09521
117 2.12736
118 2.14513
119 2.17397
120 2.18491
121 2.21287
122 2.23091
123 2.24626
124 2.25167
125 2.26695
126 2.27368
127 2.27937
128 2.29817
129 2.30581
130 2.31944
131 2.33467
132 2.37437
133 2.38998
134 2.39441
135 2.41462
136 2.42446
137 2.43197
138 2.43828
139 2.46274
140 2.46881
141 2.4729
142 2.49006
143 2.49483
144 2.51785
145 2.52379
146 2.55362
147 2.56881
148 2.58623
149 2.59296
150 2.59664
151 2.68488
152 2.76737
153 2.77974
154 2.79018
155 2.79592
156 2.80891
157 2.81764
158 2.82426
159 2.82893
160 2.84345
161 2.8791
162 2.8948
163 2.92158
164 2.9532
165 2.97336
166 2.97838
