1 0.00985
2 0.01887
3 0.02905
4 0.03488
5 0.05849
6 0.08568
7 0.13486
8 0.15516
9 0.18557
10 0.22222
11 0.22899
12 0.24614
13 0.27029
14 0.2749
15 0.28256
16 0.29
17 0.33734
18 0.35123
19 0.35726
20 0.37722
21 0.3914
22 0.44057
23 0.4485
24 0.52244
25 0.54254
26 0.55143
27 0.57162
28 0.6531
29 0.68149
30 0.72918
31 0.81235
32 0.83153
33 0.84647
34 0.85467
35 0.87734
36 0.91354
37 0.93123
38 0.93811
39 0.98118
40 0.98977
41 1.01808
42 1.03284
43 1.03872
44 1.04574
45 1.0958
46 1.10085
47 1.11776
48 1.14836
49 1.1759
50 1.20283
51 1.2512
52 1.25923
53 1.26488
54 1.27114
55 1.27726
56 1.29055
57 1.29691
58 1.30499
59 1.34348
60 1.35062
61 1.35728
62 1.36545
63 1.39463
64 1.40787
65 1.46506
66 1.48113
67 1.48977
68 1.51161
69 1.51927
70 1.53169
71 1.60621
72 1.62109
73 1.64927
74 1.67756
75 1.72653
76 1.75581
77 1.76819
78 1.7747
79 1.78007
80 1.80991
81 1.85818
82 1.86384
83 1.88829
84 1.89376
85 1.89937
86 2.00639
87 2.02686
88 2.03304
89 2.04737
90 2.09048
91 2.09577
92 2.09712
93 2.11812
94 2.14325
95 2.18087
96 2.18551
97 2.18754
98 2.21855
99 2.22008
100 2.22455
101 2.26827
102 2.28083
103 2.30032
104 2.30545
105 2.32783
106 2.36172
107 2.46841
108 2.48034
109 2.51393
110 2.5202
111 2.53317
112 2.55426
113 2.57216
114 2.60829
115 2.63288
116 2.66769
117 2.72644
118 2.73599
119 2.74301
120 2.75031
121 2.76631
122 2.79182
123 2.81425
124 2.84451
125 2.88859
126 2.89359
127 2.94328
128 2.98131
129 2.98894
130 2.99526
131 2.99631
