1 0.01346
2 0.02144
3 0.03025
4 0.03175
5 0.04074
6 0.04224
7 0.04635
8 0.05737
9 0.06662
10 0.07816
11 0.08023
12 0.09046
13 0.09497
14 0.11179
15 0.11742
16 0.12424
17 0.12702
18 0.14026
19 0.14668
20 0.14867
21 0.1568
22 0.16949
23 0.17418
24 0.18821
25 0.20239
26 0.21433
27 0.22584
28 0.24181
29 0.24532
30 0.25316
31 0.25542
32 0.26128
33 0.26759
34 0.27114
35 0.27477
36 0.27973
37 0.28658
38 0.29041
39 0.30056
40 0.30525
41 0.31332
42 0.32814
43 0.34671
44 0.35084
45 0.3545
46 0.35929
47 0.36526
48 0.36898
49 0.38438
50 0.38725
51 0.39094
52 0.39721
53 0.40351
54 0.4198
55 0.4313
56 0.44036
57 0.44559
58 0.44935
59 0.45558
60 0.46156
61 0.4651
62 0.48131
63 0.48626
64 0.49536
65 0.50467
66 0.5068
67 0.51244
68 0.53271
69 0.53888
70 0.54493
71 0.55009
72 0.55631
73 0.56282
74 0.57389
75 0.58826
76 0.59469
77 0.60253
78 0.63444
79 0.64386
80 0.64549
81 0.64786
82 0.66035
83 0.67307
84 0.68053
85 0.68694
86 0.70195
87 0.71582
88 0.71936
89 0.75303
90 0.76236
91 0.77231
92 0.78477
93 0.80092
94 0.82261
95 0.82457
96 0.82994
97 0.836
98 0.84747
99 0.8505
100 0.8686
101 0.86998
102 0.87266
103 0.88049
104 0.885
105 0.89431
106 0.90484
107 0.90705
108 0.90998
109 0.91142
110 0.91521
111 0.92111
112 0.93289
113 0.93727
114 0.94822
115 0.95605
116 0.96643
117 0.97159
118 0.98375
119 0.99201
120 1.00105
121 1.00788
122 1.0214
123 1.02927
124 1.03748
125 1.04709
126 1.05174
127 1.05878
128 1.06196
129 1.07322
130 1.07696
131 1.07867
132 1.08814
133 1.09956
134 1.13294
135 1.14721
136 1.1512
137 1.17629
138 1.19203
139 1.20403
140 1.2217
141 1.2467
142 1.25591
143 1.25743
144 1.26607
145 1.27798
146 1.2817
147 1.28552
148 1.29016
149 1.30228
150 1.31283
151 1.31925
152 1.3379
153 1.33907
154 1.36048
155 1.3628
156 1.37172
157 1.39543
158 1.40185
159 1.41767
160 1.42171
161 1.42905
162 1.44635
163 1.45588
164 1.46856
165 1.47568
166 1.48163
167 1.49209
168 1.49769
169 1.50069
170 1.51017
171 1.51631
172 1.52281
173 1.53532
174 1.54046
175 1.54519
176 1.5483
177 1.56165
178 1.56356
179 1.56758
180 1.57685
181 1.58239
182 1.5865
183 1.62747
184 1.64068
185 1.65125
186 1.65639
187 1.67258
188 1.68348
189 1.68933
190 1.69345
191 1.70547
192 1.71017
193 1.73623
194 1.74273
195 1.74951
196 1.75268
197 1.75626
198 1.76706
199 1.77981
200 1.78505
201 1.79446
202 1.80379
203 1.82839
204 1.83396
205 1.83561
206 1.84463
207 1.85981
208 1.86958
209 1.87583
210 1.9013
211 1.90375
212 1.90651
213 1.91186
214 1.91339
215 1.92396
216 1.92905
217 1.94137
218 1.94609
219 1.96113
220 1.96263
221 1.9743
222 1.9891
223 2.00252
224 2.01148
225 2.01742
226 2.04513
227 2.04942
228 2.05265
229 2.06781
230 2.07369
231 2.07568
232 2.08847
233 2.09087
234 2.14421
235 2.16791
236 2.18568
237 2.19391
238 2.20872
239 2.21895
240 2.23102
241 2.23223
242 2.24959
243 2.25164
244 2.25451
245 2.26569
246 2.27093
247 2.2746
248 2.28145
249 2.30321
250 2.30677
251 2.31902
252 2.34542
253 2.3566
254 2.36264
255 2.37564
256 2.37966
257 2.38276
258 2.38435
259 2.39039
260 2.39811
261 2.41511
262 2.41668
263 2.42127
264 2.43562
265 2.45531
266 2.46225
267 2.48991
268 2.49905
269 2.51117
270 2.52088
271 2.5243
272 2.53529
273 2.53745
274 2.54299
275 2.54733
276 2.55066
277 2.55159
278 2.56059
279 2.57373
280 2.63323
281 2.64324
282 2.65997
283 2.66667
284 2.67253
285 2.67441
286 2.68653
287 2.69021
288 2.69298
289 2.70201
290 2.70657
291 2.71193
292 2.71953
293 2.74106
294 2.76487
295 2.77383
296 2.77586
297 2.7778
298 2.78945
299 2.79364
300 2.81638
301 2.82352
302 2.84618
303 2.85359
304 2.85678
305 2.85781
306 2.88851
307 2.89232
308 2.90276
309 2.90465
310 2.91562
311 2.92365
312 2.92687
313 2.93639
314 2.95252
315 2.96018
316 2.96708
317 2.96866
318 2.98141
319 2.99912
