 0.0071663 0.729607 -0.448159 -0.889604 -0.300507 0.24834 0.121274 0.18069 0.206004 -0.731986 0.267852 0.208772 0.606157 0.497475 0.236071 0.496512 -0.414713 0.188567 -0.0120707 -0.417991 -0.734405 0.185274 -0.373786 0.771167 -0.627707
 0.175045 -0.815625 0.286837 0.881 0.448783 -0.167931 -0.0945883 -0.138816 -0.272734 0.735958 -0.0941524 -0.185943 -0.489971 -0.593153 -0.208127 -0.640047 0.351695 -0.21326 -0.0703992 0.282381 0.802529 -0.157466 0.43645 -0.744097 0.485632
 -0.349606 0.865996 -0.112979 -0.833893 -0.577444 0.0801829 0.0637685 0.0908756 0.327545 -0.707764 -0.083662 0.154987 0.352371 0.662907 0.171087 0.755608 -0.273306 0.228632 0.149792 -0.134429 -0.835579 0.122776 -0.480039 0.684507 -0.322332
 0.508888 -0.878519 -0.0658166 0.75034 0.680869 0.0110698 -0.0301616 -0.038963 -0.36804 0.648638 0.25782 -0.117258 -0.19937 -0.703688 -0.126569 -0.838146 0.182971 -0.234012 -0.222639 -0.0193976 0.832111 -0.0827204 0.502649 -0.595001 0.144945
 -0.645929 0.852646 0.241736 -0.633994 -0.754536 -0.101839 -0.00476339 -0.0146524 0.39245 -0.561163 -0.42071 0.0744034 0.037656 0.713716 0.0765193 0.884053 -0.0846407 0.229165 0.285755 0.172377 -0.792275 0.0390493 -0.50329 0.47949 0.0387772
 0.754739 -0.789509 -0.40709 0.489939 0.795227 0.188157 0.0394802 0.0676275 -0.399708 0.449163 0.565213 -0.0282976 0.125704 -0.69255 -0.0231256 -0.891322 -0.0173893 -0.214302 -0.336382 -0.317822 0.717812 0.00632843 0.481934 -0.343023 -0.220804
 -0.830564 0.691866 0.554652 -0.324471 -0.801162 -0.266251 -0.0724716 -0.117647 0.389497 -0.317532 -0.685014 -0.0190451 -0.28357 0.641117 -0.0312788 0.859636 0.118659 0.190073 0.372308 0.449377 -0.611978 -0.0514296 -0.439517 0.191565 0.393181
 0.870089 -0.563986 -0.677974 0.144823 0.772082 0.332709 0.102296 0.162525 -0.362263 0.172024 0.774876 0.0655553 0.429042 -0.561664 0.0843162 -0.79038 -0.214743 -0.157536 -0.391962 -0.561292 0.479398 0.094283 0.37789 -0.0317338 -0.548374
 -0.871588 0.411456 0.771665 0.0411551 -0.709259 -0.384627 -0.127649 -0.200299 0.319196 -0.0189969 -0.830872 -0.109201 -0.555764 0.457663 -0.133669 0.686581 0.301442 0.118115 0.394485 0.648676 -0.325866 -0.133016 -0.299747 -0.129484 0.679601
 0.834993 -0.240944 -0.83163 -0.225334 0.615438 0.419734 0.147423 0.22932 -0.262179 -0.13486 0.850555 0.148073 0.658196 -0.33366 0.177179 -0.552775 -0.374966 -0.0735318 -0.379768 -0.70771 0.158091 0.165935 0.208504 0.285043 -0.781125
 -0.761906 0.0599019 0.855249 0.399665 -0.494719 -0.436497 -0.160754 -0.248318 0.193704 0.282823 -0.833065 -0.180474 -0.731861 0.195075 -0.212946 0.394809 0.432103 0.0257347 0.348453 0.735813 0.0165924 -0.191602 -0.108149 -0.428144 0.848511
 0.655519 0.123759 -0.841489 -0.556529 0.352379 0.434182 0.16706 0.256463 -0.116762 -0.418426 0.779166 0.204988 0.773541 -0.0479642 0.239406 -0.219589 -0.470354 0.0231872 -0.301908 -0.731758 -0.190551 0.208896 0.00306642 0.552533 -0.878813
 -0.520483 -0.30201 0.790953 0.68907 -0.194638 -0.412892 -0.166064 -0.2534 0.0347179 0.535741 -0.691214 -0.220542 -0.781413 -0.101243 -0.255403 0.0347719 0.488049 -0.0710956 0.242169 0.695722 0.356181 -0.217059 0.10215 -0.652773 0.870706
 0.3627 0.467062 -0.705848 -0.791495 0.0283902 0.373557 0.15781 0.239262 0.0488437 -0.629641 0.573052 0.226458 0.755134 0.246025 0.260237 0.151565 -0.484414 0.115897 -0.171846 -0.629279 -0.506245 0.215736 -0.202901 0.724485 -0.824546
 -0.189065 -0.611702 0.589894 0.859328 0.139098 -0.317895 -0.14266 -0.214667 -0.130271 0.696024 -0.429845 -0.222477 -0.695852 -0.380055 -0.253698 -0.331278 0.459607 -0.155633 0.094013 0.535333 0.634183 -0.204985 0.294785 -0.764533 0.742348
