1 0.02985
2 0.05923
3 0.12272
4 0.12878
5 0.16493
6 0.17265
7 0.21105
8 0.22316
9 0.2912
10 0.29503
11 0.35153
12 0.37051
13 0.37691
14 0.39325
15 0.39453
16 0.41949
17 0.43882
18 0.49005
19 0.54229
20 0.54746
21 0.55211
22 0.58409
23 0.60013
24 0.61372
25 0.61827
26 0.64037
27 0.64285
28 0.65403
29 0.68695
30 0.70769
31 0.73641
32 0.83049
33 0.83947
34 0.84157
35 0.85152
36 0.86483
37 0.8903
38 0.90292
39 0.96893
40 1.01675
41 1.02025
42 1.04014
43 1.05056
44 1.07746
45 1.08126
46 1.11022
47 1.18192
48 1.19125
49 1.20678
50 1.26887
51 1.2929
52 1.33133
53 1.34255
54 1.35167
55 1.39048
56 1.39251
57 1.39727
58 1.42586
59 1.45036
60 1.5024
61 1.72537
62 1.75946
63 2.45022
64 2.57186
65 2.58222
66 2.72044
67 2.91839
68 2.95849
