55 121 377.012122 4 -2 5 0 3 4 -4 -3 0 0 5 -3 1 3 -1 5 1 -3 -4 -4 1 -1 -1 0 0 0 -1 4 -4 0 -3 -1 -4 0 -4 -2 -3 2 2 1 0 -1 1 0 3 4 -2 0 0 4 -2 0 4 0 -1 -4 -2 3 3 -3 2 -3 -1 -2 -3 -1 0 1 -4 -4 0 4 3 0 4 2 0 0 0 1 0 1 0 -2 -4 2 1 5 3 2 1 5 2 0 -2 1 2 -1 5 2 5 3 5 -2 3 0 -2 2 -2 -4 0 0 0 -1 3 5 4 1 -3 3 -4 -2 3 -3 2 3 0 1 1 2 0 -4 -4 3 -2 3 -1 0 -1 0 5 -2 0 4 2 -3 4 -4 3 -3 2 -4 2 5 0 0 2 4 4 3 2 4 5 3 -2 5 5 -2 2 1 0 -1 1 -4 1 1 -3 -2 3 4 -3 4 -3 4 -3 5 -2 -5 4 3 -1 -2 -2 -3 3 1 -1 -2 3 5 5 0 0 -4 0 -2 2 -1 -4 1 4 -3 0 -1 5 0 -1 4 3 -4 5 -3 -1 -4 -4 -1 1 0 -3 1 -2 -4 -3 4 0 -2 4 -1 3 3 -4 -2 0 2 -2 3 -2 5 -1 -4 -4 -4 -3 2 -1

56 43 377.012122 4 -2 5 0 3 4 -4 -3 0 0 5 -3 1 3 -1 5 1 -3 -4 -4 1 -1 -1 0 0 0 -1 4 -4 0 -3 -1 -4 0 -4 -2 -3 2 2 1 0 -1 1 0 3 4 -2 0 0 4 -2 0 4 0 -1 -4 -2 3 3 -3 2 -3 -1 -2 -3 -1 0 1 -4 -4 0 4 3 0 4 2 0 0 0 1 0 1 0 -2 -4 2 1 5 3 2 1 5 2 0 -2 1 2 -1 5 2 5 3 5 -2 3 0 -2 2 -2 -4 0 0 0 -1 3 5 4 1 -3 3 -4 -2 3 -3 2 3 0 1 1 2 0 -4 -4 3 -2 3 -1 0 -1 0 5 -2 0 4 2 -3 4 -4 3 -3 2 -4 2 5 0 0 2 4 4 3 2 4 5 3 -2 5 5 -2 2 1 0 -1 1 -4 1 1 -3 -2 3 4 -3 4 -3 4 -3 5 -2 -5 4 3 -1 -2 -2 -3 3 1 -1 -2 3 5 5 0 0 -4 0 -2 2 -1 -4 1 4 -3 0 -1 5 0 -1 4 3 -4 5 -3 -1 -4 -4 -1 1 0 -3 1 -2 -4 -3 4 0 -2 4 -1 3 3 -4 -2 0 2 -2 3 -2 5 -1 -4 -4 -4 -3 2 -1

57 17 377.012122 4 -2 5 0 3 4 -4 -3 0 0 5 -3 1 3 -1 5 1 -3 -4 -4 1 -1 -1 0 0 0 -1 4 -4 0 -3 -1 -4 0 -4 -2 -3 2 2 1 0 -1 1 0 3 4 -2 0 0 4 -2 0 4 0 -1 -4 -2 3 3 -3 2 -3 -1 -2 -3 -1 0 1 -4 -4 0 4 3 0 4 2 0 0 0 1 0 1 0 -2 -4 2 1 5 3 2 1 5 2 0 -2 1 2 -1 5 2 5 3 5 -2 3 0 -2 2 -2 -4 0 0 0 -1 3 5 4 1 -3 3 -4 -2 3 -3 2 3 0 1 1 2 0 -4 -4 3 -2 3 -1 0 -1 0 5 -2 0 4 2 -3 4 -4 3 -3 2 -4 2 5 0 0 2 4 4 3 2 4 5 3 -2 5 5 -2 2 1 0 -1 1 -4 1 1 -3 -2 3 4 -3 4 -3 4 -3 5 -2 -5 4 3 -1 -2 -2 -3 3 1 -1 -2 3 5 5 0 0 -4 0 -2 2 -1 -4 1 4 -3 0 -1 5 0 -1 4 3 -4 5 -3 -1 -4 -4 -1 1 0 -3 1 -2 -4 -3 4 0 -2 4 -1 3 3 -4 -2 0 2 -2 3 -2 5 -1 -4 -4 -4 -3 2 -1

58 17 377.012122 4 -2 5 0 3 4 -4 -3 0 0 5 -3 1 3 -1 5 1 -3 -4 -4 1 -1 -1 0 0 0 -1 4 -4 0 -3 -1 -4 0 -4 -2 -3 2 2 1 0 -1 1 0 3 4 -2 0 0 4 -2 0 4 0 -1 -4 -2 3 3 -3 2 -3 -1 -2 -3 -1 0 1 -4 -4 0 4 3 0 4 2 0 0 0 1 0 1 0 -2 -4 2 1 5 3 2 1 5 2 0 -2 1 2 -1 5 2 5 3 5 -2 3 0 -2 2 -2 -4 0 0 0 -1 3 5 4 1 -3 3 -4 -2 3 -3 2 3 0 1 1 2 0 -4 -4 3 -2 3 -1 0 -1 0 5 -2 0 4 2 -3 4 -4 3 -3 2 -4 2 5 0 0 2 4 4 3 2 4 5 3 -2 5 5 -2 2 1 0 -1 1 -4 1 1 -3 -2 3 4 -3 4 -3 4 -3 5 -2 -5 4 3 -1 -2 -2 -3 3 1 -1 -2 3 5 5 0 0 -4 0 -2 2 -1 -4 1 4 -3 0 -1 5 0 -1 4 3 -4 5 -3 -1 -4 -4 -1 1 0 -3 1 -2 -4 -3 4 0 -2 4 -1 3 3 -4 -2 0 2 -2 3 -2 5 -1 -4 -4 -4 -3 2 -1

59 6 377.012122 4 -2 5 0 3 4 -4 -3 0 0 5 -3 1 3 -1 5 1 -3 -4 -4 1 -1 -1 0 0 0 -1 4 -4 0 -3 -1 -4 0 -4 -2 -3 2 2 1 0 -1 1 0 3 4 -2 0 0 4 -2 0 4 0 -1 -4 -2 3 3 -3 2 -3 -1 -2 -3 -1 0 1 -4 -4 0 4 3 0 4 2 0 0 0 1 0 1 0 -2 -4 2 1 5 3 2 1 5 2 0 -2 1 2 -1 5 2 5 3 5 -2 3 0 -2 2 -2 -4 0 0 0 -1 3 5 4 1 -3 3 -4 -2 3 -3 2 3 0 1 1 2 0 -4 -4 3 -2 3 -1 0 -1 0 5 -2 0 4 2 -3 4 -4 3 -3 2 -4 2 5 0 0 2 4 4 3 2 4 5 3 -2 5 5 -2 2 1 0 -1 1 -4 1 1 -3 -2 3 4 -3 4 -3 4 -3 5 -2 -5 4 3 -1 -2 -2 -3 3 1 -1 -2 3 5 5 0 0 -4 0 -2 2 -1 -4 1 4 -3 0 -1 5 0 -1 4 3 -4 5 -3 -1 -4 -4 -1 1 0 -3 1 -2 -4 -3 4 0 -2 4 -1 3 3 -4 -2 0 2 -2 3 -2 5 -1 -4 -4 -4 -3 2 -1

60 6 377.012122 4 -2 5 0 3 4 -4 -3 0 0 5 -3 1 3 -1 5 1 -3 -4 -4 1 -1 -1 0 0 0 -1 4 -4 0 -3 -1 -4 0 -4 -2 -3 2 2 1 0 -1 1 0 3 4 -2 0 0 4 -2 0 4 0 -1 -4 -2 3 3 -3 2 -3 -1 -2 -3 -1 0 1 -4 -4 0 4 3 0 4 2 0 0 0 1 0 1 0 -2 -4 2 1 5 3 2 1 5 2 0 -2 1 2 -1 5 2 5 3 5 -2 3 0 -2 2 -2 -4 0 0 0 -1 3 5 4 1 -3 3 -4 -2 3 -3 2 3 0 1 1 2 0 -4 -4 3 -2 3 -1 0 -1 0 5 -2 0 4 2 -3 4 -4 3 -3 2 -4 2 5 0 0 2 4 4 3 2 4 5 3 -2 5 5 -2 2 1 0 -1 1 -4 1 1 -3 -2 3 4 -3 4 -3 4 -3 5 -2 -5 4 3 -1 -2 -2 -3 3 1 -1 -2 3 5 5 0 0 -4 0 -2 2 -1 -4 1 4 -3 0 -1 5 0 -1 4 3 -4 5 -3 -1 -4 -4 -1 1 0 -3 1 -2 -4 -3 4 0 -2 4 -1 3 3 -4 -2 0 2 -2 3 -2 5 -1 -4 -4 -4 -3 2 -1

61 6 377.012122 4 -2 5 0 3 4 -4 -3 0 0 5 -3 1 3 -1 5 1 -3 -4 -4 1 -1 -1 0 0 0 -1 4 -4 0 -3 -1 -4 0 -4 -2 -3 2 2 1 0 -1 1 0 3 4 -2 0 0 4 -2 0 4 0 -1 -4 -2 3 3 -3 2 -3 -1 -2 -3 -1 0 1 -4 -4 0 4 3 0 4 2 0 0 0 1 0 1 0 -2 -4 2 1 5 3 2 1 5 2 0 -2 1 2 -1 5 2 5 3 5 -2 3 0 -2 2 -2 -4 0 0 0 -1 3 5 4 1 -3 3 -4 -2 3 -3 2 3 0 1 1 2 0 -4 -4 3 -2 3 -1 0 -1 0 5 -2 0 4 2 -3 4 -4 3 -3 2 -4 2 5 0 0 2 4 4 3 2 4 5 3 -2 5 5 -2 2 1 0 -1 1 -4 1 1 -3 -2 3 4 -3 4 -3 4 -3 5 -2 -5 4 3 -1 -2 -2 -3 3 1 -1 -2 3 5 5 0 0 -4 0 -2 2 -1 -4 1 4 -3 0 -1 5 0 -1 4 3 -4 5 -3 -1 -4 -4 -1 1 0 -3 1 -2 -4 -3 4 0 -2 4 -1 3 3 -4 -2 0 2 -2 3 -2 5 -1 -4 -4 -4 -3 2 -1

62 6 377.012122 4 -2 5 0 3 4 -4 -3 0 0 5 -3 1 3 -1 5 1 -3 -4 -4 1 -1 -1 0 0 0 -1 4 -4 0 -3 -1 -4 0 -4 -2 -3 2 2 1 0 -1 1 0 3 4 -2 0 0 4 -2 0 4 0 -1 -4 -2 3 3 -3 2 -3 -1 -2 -3 -1 0 1 -4 -4 0 4 3 0 4 2 0 0 0 1 0 1 0 -2 -4 2 1 5 3 2 1 5 2 0 -2 1 2 -1 5 2 5 3 5 -2 3 0 -2 2 -2 -4 0 0 0 -1 3 5 4 1 -3 3 -4 -2 3 -3 2 3 0 1 1 2 0 -4 -4 3 -2 3 -1 0 -1 0 5 -2 0 4 2 -3 4 -4 3 -3 2 -4 2 5 0 0 2 4 4 3 2 4 5 3 -2 5 5 -2 2 1 0 -1 1 -4 1 1 -3 -2 3 4 -3 4 -3 4 -3 5 -2 -5 4 3 -1 -2 -2 -3 3 1 -1 -2 3 5 5 0 0 -4 0 -2 2 -1 -4 1 4 -3 0 -1 5 0 -1 4 3 -4 5 -3 -1 -4 -4 -1 1 0 -3 1 -2 -4 -3 4 0 -2 4 -1 3 3 -4 -2 0 2 -2 3 -2 5 -1 -4 -4 -4 -3 2 -1

63 6 377.012122 4 -2 5 0 3 4 -4 -3 0 0 5 -3 1 3 -1 5 1 -3 -4 -4 1 -1 -1 0 0 0 -1 4 -4 0 -3 -1 -4 0 -4 -2 -3 2 2 1 0 -1 1 0 3 4 -2 0 0 4 -2 0 4 0 -1 -4 -2 3 3 -3 2 -3 -1 -2 -3 -1 0 1 -4 -4 0 4 3 0 4 2 0 0 0 1 0 1 0 -2 -4 2 1 5 3 2 1 5 2 0 -2 1 2 -1 5 2 5 3 5 -2 3 0 -2 2 -2 -4 0 0 0 -1 3 5 4 1 -3 3 -4 -2 3 -3 2 3 0 1 1 2 0 -4 -4 3 -2 3 -1 0 -1 0 5 -2 0 4 2 -3 4 -4 3 -3 2 -4 2 5 0 0 2 4 4 3 2 4 5 3 -2 5 5 -2 2 1 0 -1 1 -4 1 1 -3 -2 3 4 -3 4 -3 4 -3 5 -2 -5 4 3 -1 -2 -2 -3 3 1 -1 -2 3 5 5 0 0 -4 0 -2 2 -1 -4 1 4 -3 0 -1 5 0 -1 4 3 -4 5 -3 -1 -4 -4 -1 1 0 -3 1 -2 -4 -3 4 0 -2 4 -1 3 3 -4 -2 0 2 -2 3 -2 5 -1 -4 -4 -4 -3 2 -1

64 6 377.012122 4 -2 5 0 3 4 -4 -3 0 0 5 -3 1 3 -1 5 1 -3 -4 -4 1 -1 -1 0 0 0 -1 4 -4 0 -3 -1 -4 0 -4 -2 -3 2 2 1 0 -1 1 0 3 4 -2 0 0 4 -2 0 4 0 -1 -4 -2 3 3 -3 2 -3 -1 -2 -3 -1 0 1 -4 -4 0 4 3 0 4 2 0 0 0 1 0 1 0 -2 -4 2 1 5 3 2 1 5 2 0 -2 1 2 -1 5 2 5 3 5 -2 3 0 -2 2 -2 -4 0 0 0 -1 3 5 4 1 -3 3 -4 -2 3 -3 2 3 0 1 1 2 0 -4 -4 3 -2 3 -1 0 -1 0 5 -2 0 4 2 -3 4 -4 3 -3 2 -4 2 5 0 0 2 4 4 3 2 4 5 3 -2 5 5 -2 2 1 0 -1 1 -4 1 1 -3 -2 3 4 -3 4 -3 4 -3 5 -2 -5 4 3 -1 -2 -2 -3 3 1 -1 -2 3 5 5 0 0 -4 0 -2 2 -1 -4 1 4 -3 0 -1 5 0 -1 4 3 -4 5 -3 -1 -4 -4 -1 1 0 -3 1 -2 -4 -3 4 0 -2 4 -1 3 3 -4 -2 0 2 -2 3 -2 5 -1 -4 -4 -4 -3 2 -1

65 6 377.012122 4 -2 5 0 3 4 -4 -3 0 0 5 -3 1 3 -1 5 1 -3 -4 -4 1 -1 -1 0 0 0 -1 4 -4 0 -3 -1 -4 0 -4 -2 -3 2 2 1 0 -1 1 0 3 4 -2 0 0 4 -2 0 4 0 -1 -4 -2 3 3 -3 2 -3 -1 -2 -3 -1 0 1 -4 -4 0 4 3 0 4 2 0 0 0 1 0 1 0 -2 -4 2 1 5 3 2 1 5 2 0 -2 1 2 -1 5 2 5 3 5 -2 3 0 -2 2 -2 -4 0 0 0 -1 3 5 4 1 -3 3 -4 -2 3 -3 2 3 0 1 1 2 0 -4 -4 3 -2 3 -1 0 -1 0 5 -2 0 4 2 -3 4 -4 3 -3 2 -4 2 5 0 0 2 4 4 3 2 4 5 3 -2 5 5 -2 2 1 0 -1 1 -4 1 1 -3 -2 3 4 -3 4 -3 4 -3 5 -2 -5 4 3 -1 -2 -2 -3 3 1 -1 -2 3 5 5 0 0 -4 0 -2 2 -1 -4 1 4 -3 0 -1 5 0 -1 4 3 -4 5 -3 -1 -4 -4 -1 1 0 -3 1 -2 -4 -3 4 0 -2 4 -1 3 3 -4 -2 0 2 -2 3 -2 5 -1 -4 -4 -4 -3 2 -1

66 6 377.012122 4 -2 5 0 3 4 -4 -3 0 0 5 -3 1 3 -1 5 1 -3 -4 -4 1 -1 -1 0 0 0 -1 4 -4 0 -3 -1 -4 0 -4 -2 -3 2 2 1 0 -1 1 0 3 4 -2 0 0 4 -2 0 4 0 -1 -4 -2 3 3 -3 2 -3 -1 -2 -3 -1 0 1 -4 -4 0 4 3 0 4 2 0 0 0 1 0 1 0 -2 -4 2 1 5 3 2 1 5 2 0 -2 1 2 -1 5 2 5 3 5 -2 3 0 -2 2 -2 -4 0 0 0 -1 3 5 4 1 -3 3 -4 -2 3 -3 2 3 0 1 1 2 0 -4 -4 3 -2 3 -1 0 -1 0 5 -2 0 4 2 -3 4 -4 3 -3 2 -4 2 5 0 0 2 4 4 3 2 4 5 3 -2 5 5 -2 2 1 0 -1 1 -4 1 1 -3 -2 3 4 -3 4 -3 4 -3 5 -2 -5 4 3 -1 -2 -2 -3 3 1 -1 -2 3 5 5 0 0 -4 0 -2 2 -1 -4 1 4 -3 0 -1 5 0 -1 4 3 -4 5 -3 -1 -4 -4 -1 1 0 -3 1 -2 -4 -3 4 0 -2 4 -1 3 3 -4 -2 0 2 -2 3 -2 5 -1 -4 -4 -4 -3 2 -1

67 6 377.012122 4 -2 5 0 3 4 -4 -3 0 0 5 -3 1 3 -1 5 1 -3 -4 -4 1 -1 -1 0 0 0 -1 4 -4 0 -3 -1 -4 0 -4 -2 -3 2 2 1 0 -1 1 0 3 4 -2 0 0 4 -2 0 4 0 -1 -4 -2 3 3 -3 2 -3 -1 -2 -3 -1 0 1 -4 -4 0 4 3 0 4 2 0 0 0 1 0 1 0 -2 -4 2 1 5 3 2 1 5 2 0 -2 1 2 -1 5 2 5 3 5 -2 3 0 -2 2 -2 -4 0 0 0 -1 3 5 4 1 -3 3 -4 -2 3 -3 2 3 0 1 1 2 0 -4 -4 3 -2 3 -1 0 -1 0 5 -2 0 4 2 -3 4 -4 3 -3 2 -4 2 5 0 0 2 4 4 3 2 4 5 3 -2 5 5 -2 2 1 0 -1 1 -4 1 1 -3 -2 3 4 -3 4 -3 4 -3 5 -2 -5 4 3 -1 -2 -2 -3 3 1 -1 -2 3 5 5 0 0 -4 0 -2 2 -1 -4 1 4 -3 0 -1 5 0 -1 4 3 -4 5 -3 -1 -4 -4 -1 1 0 -3 1 -2 -4 -3 4 0 -2 4 -1 3 3 -4 -2 0 2 -2 3 -2 5 -1 -4 -4 -4 -3 2 -1

68 6 377.012122 4 -2 5 0 3 4 -4 -3 0 0 5 -3 1 3 -1 5 1 -3 -4 -4 1 -1 -1 0 0 0 -1 4 -4 0 -3 -1 -4 0 -4 -2 -3 2 2 1 0 -1 1 0 3 4 -2 0 0 4 -2 0 4 0 -1 -4 -2 3 3 -3 2 -3 -1 -2 -3 -1 0 1 -4 -4 0 4 3 0 4 2 0 0 0 1 0 1 0 -2 -4 2 1 5 3 2 1 5 2 0 -2 1 2 -1 5 2 5 3 5 -2 3 0 -2 2 -2 -4 0 0 0 -1 3 5 4 1 -3 3 -4 -2 3 -3 2 3 0 1 1 2 0 -4 -4 3 -2 3 -1 0 -1 0 5 -2 0 4 2 -3 4 -4 3 -3 2 -4 2 5 0 0 2 4 4 3 2 4 5 3 -2 5 5 -2 2 1 0 -1 1 -4 1 1 -3 -2 3 4 -3 4 -3 4 -3 5 -2 -5 4 3 -1 -2 -2 -3 3 1 -1 -2 3 5 5 0 0 -4 0 -2 2 -1 -4 1 4 -3 0 -1 5 0 -1 4 3 -4 5 -3 -1 -4 -4 -1 1 0 -3 1 -2 -4 -3 4 0 -2 4 -1 3 3 -4 -2 0 2 -2 3 -2 5 -1 -4 -4 -4 -3 2 -1

69 6 377.012122 4 -2 5 0 3 4 -4 -3 0 0 5 -3 1 3 -1 5 1 -3 -4 -4 1 -1 -1 0 0 0 -1 4 -4 0 -3 -1 -4 0 -4 -2 -3 2 2 1 0 -1 1 0 3 4 -2 0 0 4 -2 0 4 0 -1 -4 -2 3 3 -3 2 -3 -1 -2 -3 -1 0 1 -4 -4 0 4 3 0 4 2 0 0 0 1 0 1 0 -2 -4 2 1 5 3 2 1 5 2 0 -2 1 2 -1 5 2 5 3 5 -2 3 0 -2 2 -2 -4 0 0 0 -1 3 5 4 1 -3 3 -4 -2 3 -3 2 3 0 1 1 2 0 -4 -4 3 -2 3 -1 0 -1 0 5 -2 0 4 2 -3 4 -4 3 -3 2 -4 2 5 0 0 2 4 4 3 2 4 5 3 -2 5 5 -2 2 1 0 -1 1 -4 1 1 -3 -2 3 4 -3 4 -3 4 -3 5 -2 -5 4 3 -1 -2 -2 -3 3 1 -1 -2 3 5 5 0 0 -4 0 -2 2 -1 -4 1 4 -3 0 -1 5 0 -1 4 3 -4 5 -3 -1 -4 -4 -1 1 0 -3 1 -2 -4 -3 4 0 -2 4 -1 3 3 -4 -2 0 2 -2 3 -2 5 -1 -4 -4 -4 -3 2 -1

70 6 377.012122 4 -2 5 0 3 4 -4 -3 0 0 5 -3 1 3 -1 5 1 -3 -4 -4 1 -1 -1 0 0 0 -1 4 -4 0 -3 -1 -4 0 -4 -2 -3 2 2 1 0 -1 1 0 3 4 -2 0 0 4 -2 0 4 0 -1 -4 -2 3 3 -3 2 -3 -1 -2 -3 -1 0 1 -4 -4 0 4 3 0 4 2 0 0 0 1 0 1 0 -2 -4 2 1 5 3 2 1 5 2 0 -2 1 2 -1 5 2 5 3 5 -2 3 0 -2 2 -2 -4 0 0 0 -1 3 5 4 1 -3 3 -4 -2 3 -3 2 3 0 1 1 2 0 -4 -4 3 -2 3 -1 0 -1 0 5 -2 0 4 2 -3 4 -4 3 -3 2 -4 2 5 0 0 2 4 4 3 2 4 5 3 -2 5 5 -2 2 1 0 -1 1 -4 1 1 -3 -2 3 4 -3 4 -3 4 -3 5 -2 -5 4 3 -1 -2 -2 -3 3 1 -1 -2 3 5 5 0 0 -4 0 -2 2 -1 -4 1 4 -3 0 -1 5 0 -1 4 3 -4 5 -3 -1 -4 -4 -1 1 0 -3 1 -2 -4 -3 4 0 -2 4 -1 3 3 -4 -2 0 2 -2 3 -2 5 -1 -4 -4 -4 -3 2 -1

71 6 377.012122 4 -2 5 0 3 4 -4 -3 0 0 5 -3 1 3 -1 5 1 -3 -4 -4 1 -1 -1 0 0 0 -1 4 -4 0 -3 -1 -4 0 -4 -2 -3 2 2 1 0 -1 1 0 3 4 -2 0 0 4 -2 0 4 0 -1 -4 -2 3 3 -3 2 -3 -1 -2 -3 -1 0 1 -4 -4 0 4 3 0 4 2 0 0 0 1 0 1 0 -2 -4 2 1 5 3 2 1 5 2 0 -2 1 2 -1 5 2 5 3 5 -2 3 0 -2 2 -2 -4 0 0 0 -1 3 5 4 1 -3 3 -4 -2 3 -3 2 3 0 1 1 2 0 -4 -4 3 -2 3 -1 0 -1 0 5 -2 0 4 2 -3 4 -4 3 -3 2 -4 2 5 0 0 2 4 4 3 2 4 5 3 -2 5 5 -2 2 1 0 -1 1 -4 1 1 -3 -2 3 4 -3 4 -3 4 -3 5 -2 -5 4 3 -1 -2 -2 -3 3 1 -1 -2 3 5 5 0 0 -4 0 -2 2 -1 -4 1 4 -3 0 -1 5 0 -1 4 3 -4 5 -3 -1 -4 -4 -1 1 0 -3 1 -2 -4 -3 4 0 -2 4 -1 3 3 -4 -2 0 2 -2 3 -2 5 -1 -4 -4 -4 -3 2 -1

72 6 377.012122 4 -2 5 0 3 4 -4 -3 0 0 5 -3 1 3 -1 5 1 -3 -4 -4 1 -1 -1 0 0 0 -1 4 -4 0 -3 -1 -4 0 -4 -2 -3 2 2 1 0 -1 1 0 3 4 -2 0 0 4 -2 0 4 0 -1 -4 -2 3 3 -3 2 -3 -1 -2 -3 -1 0 1 -4 -4 0 4 3 0 4 2 0 0 0 1 0 1 0 -2 -4 2 1 5 3 2 1 5 2 0 -2 1 2 -1 5 2 5 3 5 -2 3 0 -2 2 -2 -4 0 0 0 -1 3 5 4 1 -3 3 -4 -2 3 -3 2 3 0 1 1 2 0 -4 -4 3 -2 3 -1 0 -1 0 5 -2 0 4 2 -3 4 -4 3 -3 2 -4 2 5 0 0 2 4 4 3 2 4 5 3 -2 5 5 -2 2 1 0 -1 1 -4 1 1 -3 -2 3 4 -3 4 -3 4 -3 5 -2 -5 4 3 -1 -2 -2 -3 3 1 -1 -2 3 5 5 0 0 -4 0 -2 2 -1 -4 1 4 -3 0 -1 5 0 -1 4 3 -4 5 -3 -1 -4 -4 -1 1 0 -3 1 -2 -4 -3 4 0 -2 4 -1 3 3 -4 -2 0 2 -2 3 -2 5 -1 -4 -4 -4 -3 2 -1

73 6 377.012122 4 -2 5 0 3 4 -4 -3 0 0 5 -3 1 3 -1 5 1 -3 -4 -4 1 -1 -1 0 0 0 -1 4 -4 0 -3 -1 -4 0 -4 -2 -3 2 2 1 0 -1 1 0 3 4 -2 0 0 4 -2 0 4 0 -1 -4 -2 3 3 -3 2 -3 -1 -2 -3 -1 0 1 -4 -4 0 4 3 0 4 2 0 0 0 1 0 1 0 -2 -4 2 1 5 3 2 1 5 2 0 -2 1 2 -1 5 2 5 3 5 -2 3 0 -2 2 -2 -4 0 0 0 -1 3 5 4 1 -3 3 -4 -2 3 -3 2 3 0 1 1 2 0 -4 -4 3 -2 3 -1 0 -1 0 5 -2 0 4 2 -3 4 -4 3 -3 2 -4 2 5 0 0 2 4 4 3 2 4 5 3 -2 5 5 -2 2 1 0 -1 1 -4 1 1 -3 -2 3 4 -3 4 -3 4 -3 5 -2 -5 4 3 -1 -2 -2 -3 3 1 -1 -2 3 5 5 0 0 -4 0 -2 2 -1 -4 1 4 -3 0 -1 5 0 -1 4 3 -4 5 -3 -1 -4 -4 -1 1 0 -3 1 -2 -4 -3 4 0 -2 4 -1 3 3 -4 -2 0 2 -2 3 -2 5 -1 -4 -4 -4 -3 2 -1

74 6 377.012122 4 -2 5 0 3 4 -4 -3 0 0 5 -3 1 3 -1 5 1 -3 -4 -4 1 -1 -1 0 0 0 -1 4 -4 0 -3 -1 -4 0 -4 -2 -3 2 2 1 0 -1 1 0 3 4 -2 0 0 4 -2 0 4 0 -1 -4 -2 3 3 -3 2 -3 -1 -2 -3 -1 0 1 -4 -4 0 4 3 0 4 2 0 0 0 1 0 1 0 -2 -4 2 1 5 3 2 1 5 2 0 -2 1 2 -1 5 2 5 3 5 -2 3 0 -2 2 -2 -4 0 0 0 -1 3 5 4 1 -3 3 -4 -2 3 -3 2 3 0 1 1 2 0 -4 -4 3 -2 3 -1 0 -1 0 5 -2 0 4 2 -3 4 -4 3 -3 2 -4 2 5 0 0 2 4 4 3 2 4 5 3 -2 5 5 -2 2 1 0 -1 1 -4 1 1 -3 -2 3 4 -3 4 -3 4 -3 5 -2 -5 4 3 -1 -2 -2 -3 3 1 -1 -2 3 5 5 0 0 -4 0 -2 2 -1 -4 1 4 -3 0 -1 5 0 -1 4 3 -4 5 -3 -1 -4 -4 -1 1 0 -3 1 -2 -4 -3 4 0 -2 4 -1 3 3 -4 -2 0 2 -2 3 -2 5 -1 -4 -4 -4 -3 2 -1

