61 60 177.883730 0 -5 1 -3 -1 0 0 -4 0 3 0 1 1 -5 -1 0 0 3 4 -1 -2 -3 -1 -4 0 4 1 -1 -2 -4 1 0 -1 -2 -3 0 2 0 4 3 0 0 -2 0 0 4 3 -3 1 -3 1 2 0 0 0 1 0 -2 0 2 0 5 2 1 0 0 -5 0 -4 0 0 -1 -2 -1 -3 -2 -4 0 0 0 -2 4 0 1 0 -3 -3 2 0 0 -2 0 0 1 2 -4 -2 -2 -2 1 2 -1 -4 -4 -3 -1 1 -5 0 2 0 -3 0 2 1 -3 -1 -2 -3 -3 4 0 -1 -1 0 1 0 0 0 0 0 -2 3 0 -2 0 -2 0 2 2 0 -1 3 0 -1 1 0 0 1 2 1 2 -1 -4 0 -2 0 0 -2 0 -1 0 -1 -5 0 0 0 5 -1 0 1 -5 0 -1 3 2 1 -1 1 -1 0 -1 5 0 1 1 0 -2 5 -3 0 0 2 4 0 0 -1 4 0 3 -1 0 1 0 4 0 -1 2 -4 -4 5 0 -3 -4 -3 1 1 -1 2 -3 0 -1 1 5 0 0 0 -1 0 0 -3 3 -1 2 -4 3 1 3 2 3 -5 0 2 0 1 -2 3 -1 1 1 -2 1 0 -1 -1

62 38 177.883730 0 -5 1 -3 -1 0 0 -4 0 3 0 1 1 -5 -1 0 0 3 4 -1 -2 -3 -1 -4 0 4 1 -1 -2 -4 1 0 -1 -2 -3 0 2 0 4 3 0 0 -2 0 0 4 3 -3 1 -3 1 2 0 0 0 1 0 -2 0 2 0 5 2 1 0 0 -5 0 -4 0 0 -1 -2 -1 -3 -2 -4 0 0 0 -2 4 0 1 0 -3 -3 2 0 0 -2 0 0 1 2 -4 -2 -2 -2 1 2 -1 -4 -4 -3 -1 1 -5 0 2 0 -3 0 2 1 -3 -1 -2 -3 -3 4 0 -1 -1 0 1 0 0 0 0 0 -2 3 0 -2 0 -2 0 2 2 0 -1 3 0 -1 1 0 0 1 2 1 2 -1 -4 0 -2 0 0 -2 0 -1 0 -1 -5 0 0 0 5 -1 0 1 -5 0 -1 3 2 1 -1 1 -1 0 -1 5 0 1 1 0 -2 5 -3 0 0 2 4 0 0 -1 4 0 3 -1 0 1 0 4 0 -1 2 -4 -4 5 0 -3 -4 -3 1 1 -1 2 -3 0 -1 1 5 0 0 0 -1 0 0 -3 3 -1 2 -4 3 1 3 2 3 -5 0 2 0 1 -2 3 -1 1 1 -2 1 0 -1 -1

63 36 177.883730 0 -5 1 -3 -1 0 0 -4 0 3 0 1 1 -5 -1 0 0 3 4 -1 -2 -3 -1 -4 0 4 1 -1 -2 -4 1 0 -1 -2 -3 0 2 0 4 3 0 0 -2 0 0 4 3 -3 1 -3 1 2 0 0 0 1 0 -2 0 2 0 5 2 1 0 0 -5 0 -4 0 0 -1 -2 -1 -3 -2 -4 0 0 0 -2 4 0 1 0 -3 -3 2 0 0 -2 0 0 1 2 -4 -2 -2 -2 1 2 -1 -4 -4 -3 -1 1 -5 0 2 0 -3 0 2 1 -3 -1 -2 -3 -3 4 0 -1 -1 0 1 0 0 0 0 0 -2 3 0 -2 0 -2 0 2 2 0 -1 3 0 -1 1 0 0 1 2 1 2 -1 -4 0 -2 0 0 -2 0 -1 0 -1 -5 0 0 0 5 -1 0 1 -5 0 -1 3 2 1 -1 1 -1 0 -1 5 0 1 1 0 -2 5 -3 0 0 2 4 0 0 -1 4 0 3 -1 0 1 0 4 0 -1 2 -4 -4 5 0 -3 -4 -3 1 1 -1 2 -3 0 -1 1 5 0 0 0 -1 0 0 -3 3 -1 2 -4 3 1 3 2 3 -5 0 2 0 1 -2 3 -1 1 1 -2 1 0 -1 -1

64 33 177.883730 0 -5 1 -3 -1 0 0 -4 0 3 0 1 1 -5 -1 0 0 3 4 -1 -2 -3 -1 -4 0 4 1 -1 -2 -4 1 0 -1 -2 -3 0 2 0 4 3 0 0 -2 0 0 4 3 -3 1 -3 1 2 0 0 0 1 0 -2 0 2 0 5 2 1 0 0 -5 0 -4 0 0 -1 -2 -1 -3 -2 -4 0 0 0 -2 4 0 1 0 -3 -3 2 0 0 -2 0 0 1 2 -4 -2 -2 -2 1 2 -1 -4 -4 -3 -1 1 -5 0 2 0 -3 0 2 1 -3 -1 -2 -3 -3 4 0 -1 -1 0 1 0 0 0 0 0 -2 3 0 -2 0 -2 0 2 2 0 -1 3 0 -1 1 0 0 1 2 1 2 -1 -4 0 -2 0 0 -2 0 -1 0 -1 -5 0 0 0 5 -1 0 1 -5 0 -1 3 2 1 -1 1 -1 0 -1 5 0 1 1 0 -2 5 -3 0 0 2 4 0 0 -1 4 0 3 -1 0 1 0 4 0 -1 2 -4 -4 5 0 -3 -4 -3 1 1 -1 2 -3 0 -1 1 5 0 0 0 -1 0 0 -3 3 -1 2 -4 3 1 3 2 3 -5 0 2 0 1 -2 3 -1 1 1 -2 1 0 -1 -1

65 31 177.883730 0 -5 1 -3 -1 0 0 -4 0 3 0 1 1 -5 -1 0 0 3 4 -1 -2 -3 -1 -4 0 4 1 -1 -2 -4 1 0 -1 -2 -3 0 2 0 4 3 0 0 -2 0 0 4 3 -3 1 -3 1 2 0 0 0 1 0 -2 0 2 0 5 2 1 0 0 -5 0 -4 0 0 -1 -2 -1 -3 -2 -4 0 0 0 -2 4 0 1 0 -3 -3 2 0 0 -2 0 0 1 2 -4 -2 -2 -2 1 2 -1 -4 -4 -3 -1 1 -5 0 2 0 -3 0 2 1 -3 -1 -2 -3 -3 4 0 -1 -1 0 1 0 0 0 0 0 -2 3 0 -2 0 -2 0 2 2 0 -1 3 0 -1 1 0 0 1 2 1 2 -1 -4 0 -2 0 0 -2 0 -1 0 -1 -5 0 0 0 5 -1 0 1 -5 0 -1 3 2 1 -1 1 -1 0 -1 5 0 1 1 0 -2 5 -3 0 0 2 4 0 0 -1 4 0 3 -1 0 1 0 4 0 -1 2 -4 -4 5 0 -3 -4 -3 1 1 -1 2 -3 0 -1 1 5 0 0 0 -1 0 0 -3 3 -1 2 -4 3 1 3 2 3 -5 0 2 0 1 -2 3 -1 1 1 -2 1 0 -1 -1

66 29 177.883730 0 -5 1 -3 -1 0 0 -4 0 3 0 1 1 -5 -1 0 0 3 4 -1 -2 -3 -1 -4 0 4 1 -1 -2 -4 1 0 -1 -2 -3 0 2 0 4 3 0 0 -2 0 0 4 3 -3 1 -3 1 2 0 0 0 1 0 -2 0 2 0 5 2 1 0 0 -5 0 -4 0 0 -1 -2 -1 -3 -2 -4 0 0 0 -2 4 0 1 0 -3 -3 2 0 0 -2 0 0 1 2 -4 -2 -2 -2 1 2 -1 -4 -4 -3 -1 1 -5 0 2 0 -3 0 2 1 -3 -1 -2 -3 -3 4 0 -1 -1 0 1 0 0 0 0 0 -2 3 0 -2 0 -2 0 2 2 0 -1 3 0 -1 1 0 0 1 2 1 2 -1 -4 0 -2 0 0 -2 0 -1 0 -1 -5 0 0 0 5 -1 0 1 -5 0 -1 3 2 1 -1 1 -1 0 -1 5 0 1 1 0 -2 5 -3 0 0 2 4 0 0 -1 4 0 3 -1 0 1 0 4 0 -1 2 -4 -4 5 0 -3 -4 -3 1 1 -1 2 -3 0 -1 1 5 0 0 0 -1 0 0 -3 3 -1 2 -4 3 1 3 2 3 -5 0 2 0 1 -2 3 -1 1 1 -2 1 0 -1 -1

67 25 177.883730 0 -5 1 -3 -1 0 0 -4 0 3 0 1 1 -5 -1 0 0 3 4 -1 -2 -3 -1 -4 0 4 1 -1 -2 -4 1 0 -1 -2 -3 0 2 0 4 3 0 0 -2 0 0 4 3 -3 1 -3 1 2 0 0 0 1 0 -2 0 2 0 5 2 1 0 0 -5 0 -4 0 0 -1 -2 -1 -3 -2 -4 0 0 0 -2 4 0 1 0 -3 -3 2 0 0 -2 0 0 1 2 -4 -2 -2 -2 1 2 -1 -4 -4 -3 -1 1 -5 0 2 0 -3 0 2 1 -3 -1 -2 -3 -3 4 0 -1 -1 0 1 0 0 0 0 0 -2 3 0 -2 0 -2 0 2 2 0 -1 3 0 -1 1 0 0 1 2 1 2 -1 -4 0 -2 0 0 -2 0 -1 0 -1 -5 0 0 0 5 -1 0 1 -5 0 -1 3 2 1 -1 1 -1 0 -1 5 0 1 1 0 -2 5 -3 0 0 2 4 0 0 -1 4 0 3 -1 0 1 0 4 0 -1 2 -4 -4 5 0 -3 -4 -3 1 1 -1 2 -3 0 -1 1 5 0 0 0 -1 0 0 -3 3 -1 2 -4 3 1 3 2 3 -5 0 2 0 1 -2 3 -1 1 1 -2 1 0 -1 -1

68 23 177.883730 0 -5 1 -3 -1 0 0 -4 0 3 0 1 1 -5 -1 0 0 3 4 -1 -2 -3 -1 -4 0 4 1 -1 -2 -4 1 0 -1 -2 -3 0 2 0 4 3 0 0 -2 0 0 4 3 -3 1 -3 1 2 0 0 0 1 0 -2 0 2 0 5 2 1 0 0 -5 0 -4 0 0 -1 -2 -1 -3 -2 -4 0 0 0 -2 4 0 1 0 -3 -3 2 0 0 -2 0 0 1 2 -4 -2 -2 -2 1 2 -1 -4 -4 -3 -1 1 -5 0 2 0 -3 0 2 1 -3 -1 -2 -3 -3 4 0 -1 -1 0 1 0 0 0 0 0 -2 3 0 -2 0 -2 0 2 2 0 -1 3 0 -1 1 0 0 1 2 1 2 -1 -4 0 -2 0 0 -2 0 -1 0 -1 -5 0 0 0 5 -1 0 1 -5 0 -1 3 2 1 -1 1 -1 0 -1 5 0 1 1 0 -2 5 -3 0 0 2 4 0 0 -1 4 0 3 -1 0 1 0 4 0 -1 2 -4 -4 5 0 -3 -4 -3 1 1 -1 2 -3 0 -1 1 5 0 0 0 -1 0 0 -3 3 -1 2 -4 3 1 3 2 3 -5 0 2 0 1 -2 3 -1 1 1 -2 1 0 -1 -1

69 20 177.883730 0 -5 1 -3 -1 0 0 -4 0 3 0 1 1 -5 -1 0 0 3 4 -1 -2 -3 -1 -4 0 4 1 -1 -2 -4 1 0 -1 -2 -3 0 2 0 4 3 0 0 -2 0 0 4 3 -3 1 -3 1 2 0 0 0 1 0 -2 0 2 0 5 2 1 0 0 -5 0 -4 0 0 -1 -2 -1 -3 -2 -4 0 0 0 -2 4 0 1 0 -3 -3 2 0 0 -2 0 0 1 2 -4 -2 -2 -2 1 2 -1 -4 -4 -3 -1 1 -5 0 2 0 -3 0 2 1 -3 -1 -2 -3 -3 4 0 -1 -1 0 1 0 0 0 0 0 -2 3 0 -2 0 -2 0 2 2 0 -1 3 0 -1 1 0 0 1 2 1 2 -1 -4 0 -2 0 0 -2 0 -1 0 -1 -5 0 0 0 5 -1 0 1 -5 0 -1 3 2 1 -1 1 -1 0 -1 5 0 1 1 0 -2 5 -3 0 0 2 4 0 0 -1 4 0 3 -1 0 1 0 4 0 -1 2 -4 -4 5 0 -3 -4 -3 1 1 -1 2 -3 0 -1 1 5 0 0 0 -1 0 0 -3 3 -1 2 -4 3 1 3 2 3 -5 0 2 0 1 -2 3 -1 1 1 -2 1 0 -1 -1

70 20 177.883730 0 -5 1 -3 -1 0 0 -4 0 3 0 1 1 -5 -1 0 0 3 4 -1 -2 -3 -1 -4 0 4 1 -1 -2 -4 1 0 -1 -2 -3 0 2 0 4 3 0 0 -2 0 0 4 3 -3 1 -3 1 2 0 0 0 1 0 -2 0 2 0 5 2 1 0 0 -5 0 -4 0 0 -1 -2 -1 -3 -2 -4 0 0 0 -2 4 0 1 0 -3 -3 2 0 0 -2 0 0 1 2 -4 -2 -2 -2 1 2 -1 -4 -4 -3 -1 1 -5 0 2 0 -3 0 2 1 -3 -1 -2 -3 -3 4 0 -1 -1 0 1 0 0 0 0 0 -2 3 0 -2 0 -2 0 2 2 0 -1 3 0 -1 1 0 0 1 2 1 2 -1 -4 0 -2 0 0 -2 0 -1 0 -1 -5 0 0 0 5 -1 0 1 -5 0 -1 3 2 1 -1 1 -1 0 -1 5 0 1 1 0 -2 5 -3 0 0 2 4 0 0 -1 4 0 3 -1 0 1 0 4 0 -1 2 -4 -4 5 0 -3 -4 -3 1 1 -1 2 -3 0 -1 1 5 0 0 0 -1 0 0 -3 3 -1 2 -4 3 1 3 2 3 -5 0 2 0 1 -2 3 -1 1 1 -2 1 0 -1 -1

71 19 177.883730 0 -5 1 -3 -1 0 0 -4 0 3 0 1 1 -5 -1 0 0 3 4 -1 -2 -3 -1 -4 0 4 1 -1 -2 -4 1 0 -1 -2 -3 0 2 0 4 3 0 0 -2 0 0 4 3 -3 1 -3 1 2 0 0 0 1 0 -2 0 2 0 5 2 1 0 0 -5 0 -4 0 0 -1 -2 -1 -3 -2 -4 0 0 0 -2 4 0 1 0 -3 -3 2 0 0 -2 0 0 1 2 -4 -2 -2 -2 1 2 -1 -4 -4 -3 -1 1 -5 0 2 0 -3 0 2 1 -3 -1 -2 -3 -3 4 0 -1 -1 0 1 0 0 0 0 0 -2 3 0 -2 0 -2 0 2 2 0 -1 3 0 -1 1 0 0 1 2 1 2 -1 -4 0 -2 0 0 -2 0 -1 0 -1 -5 0 0 0 5 -1 0 1 -5 0 -1 3 2 1 -1 1 -1 0 -1 5 0 1 1 0 -2 5 -3 0 0 2 4 0 0 -1 4 0 3 -1 0 1 0 4 0 -1 2 -4 -4 5 0 -3 -4 -3 1 1 -1 2 -3 0 -1 1 5 0 0 0 -1 0 0 -3 3 -1 2 -4 3 1 3 2 3 -5 0 2 0 1 -2 3 -1 1 1 -2 1 0 -1 -1

72 19 177.883730 0 -5 1 -3 -1 0 0 -4 0 3 0 1 1 -5 -1 0 0 3 4 -1 -2 -3 -1 -4 0 4 1 -1 -2 -4 1 0 -1 -2 -3 0 2 0 4 3 0 0 -2 0 0 4 3 -3 1 -3 1 2 0 0 0 1 0 -2 0 2 0 5 2 1 0 0 -5 0 -4 0 0 -1 -2 -1 -3 -2 -4 0 0 0 -2 4 0 1 0 -3 -3 2 0 0 -2 0 0 1 2 -4 -2 -2 -2 1 2 -1 -4 -4 -3 -1 1 -5 0 2 0 -3 0 2 1 -3 -1 -2 -3 -3 4 0 -1 -1 0 1 0 0 0 0 0 -2 3 0 -2 0 -2 0 2 2 0 -1 3 0 -1 1 0 0 1 2 1 2 -1 -4 0 -2 0 0 -2 0 -1 0 -1 -5 0 0 0 5 -1 0 1 -5 0 -1 3 2 1 -1 1 -1 0 -1 5 0 1 1 0 -2 5 -3 0 0 2 4 0 0 -1 4 0 3 -1 0 1 0 4 0 -1 2 -4 -4 5 0 -3 -4 -3 1 1 -1 2 -3 0 -1 1 5 0 0 0 -1 0 0 -3 3 -1 2 -4 3 1 3 2 3 -5 0 2 0 1 -2 3 -1 1 1 -2 1 0 -1 -1

73 18 177.883730 0 -5 1 -3 -1 0 0 -4 0 3 0 1 1 -5 -1 0 0 3 4 -1 -2 -3 -1 -4 0 4 1 -1 -2 -4 1 0 -1 -2 -3 0 2 0 4 3 0 0 -2 0 0 4 3 -3 1 -3 1 2 0 0 0 1 0 -2 0 2 0 5 2 1 0 0 -5 0 -4 0 0 -1 -2 -1 -3 -2 -4 0 0 0 -2 4 0 1 0 -3 -3 2 0 0 -2 0 0 1 2 -4 -2 -2 -2 1 2 -1 -4 -4 -3 -1 1 -5 0 2 0 -3 0 2 1 -3 -1 -2 -3 -3 4 0 -1 -1 0 1 0 0 0 0 0 -2 3 0 -2 0 -2 0 2 2 0 -1 3 0 -1 1 0 0 1 2 1 2 -1 -4 0 -2 0 0 -2 0 -1 0 -1 -5 0 0 0 5 -1 0 1 -5 0 -1 3 2 1 -1 1 -1 0 -1 5 0 1 1 0 -2 5 -3 0 0 2 4 0 0 -1 4 0 3 -1 0 1 0 4 0 -1 2 -4 -4 5 0 -3 -4 -3 1 1 -1 2 -3 0 -1 1 5 0 0 0 -1 0 0 -3 3 -1 2 -4 3 1 3 2 3 -5 0 2 0 1 -2 3 -1 1 1 -2 1 0 -1 -1

74 17 177.883730 0 -5 1 -3 -1 0 0 -4 0 3 0 1 1 -5 -1 0 0 3 4 -1 -2 -3 -1 -4 0 4 1 -1 -2 -4 1 0 -1 -2 -3 0 2 0 4 3 0 0 -2 0 0 4 3 -3 1 -3 1 2 0 0 0 1 0 -2 0 2 0 5 2 1 0 0 -5 0 -4 0 0 -1 -2 -1 -3 -2 -4 0 0 0 -2 4 0 1 0 -3 -3 2 0 0 -2 0 0 1 2 -4 -2 -2 -2 1 2 -1 -4 -4 -3 -1 1 -5 0 2 0 -3 0 2 1 -3 -1 -2 -3 -3 4 0 -1 -1 0 1 0 0 0 0 0 -2 3 0 -2 0 -2 0 2 2 0 -1 3 0 -1 1 0 0 1 2 1 2 -1 -4 0 -2 0 0 -2 0 -1 0 -1 -5 0 0 0 5 -1 0 1 -5 0 -1 3 2 1 -1 1 -1 0 -1 5 0 1 1 0 -2 5 -3 0 0 2 4 0 0 -1 4 0 3 -1 0 1 0 4 0 -1 2 -4 -4 5 0 -3 -4 -3 1 1 -1 2 -3 0 -1 1 5 0 0 0 -1 0 0 -3 3 -1 2 -4 3 1 3 2 3 -5 0 2 0 1 -2 3 -1 1 1 -2 1 0 -1 -1

75 17 177.883730 0 -5 1 -3 -1 0 0 -4 0 3 0 1 1 -5 -1 0 0 3 4 -1 -2 -3 -1 -4 0 4 1 -1 -2 -4 1 0 -1 -2 -3 0 2 0 4 3 0 0 -2 0 0 4 3 -3 1 -3 1 2 0 0 0 1 0 -2 0 2 0 5 2 1 0 0 -5 0 -4 0 0 -1 -2 -1 -3 -2 -4 0 0 0 -2 4 0 1 0 -3 -3 2 0 0 -2 0 0 1 2 -4 -2 -2 -2 1 2 -1 -4 -4 -3 -1 1 -5 0 2 0 -3 0 2 1 -3 -1 -2 -3 -3 4 0 -1 -1 0 1 0 0 0 0 0 -2 3 0 -2 0 -2 0 2 2 0 -1 3 0 -1 1 0 0 1 2 1 2 -1 -4 0 -2 0 0 -2 0 -1 0 -1 -5 0 0 0 5 -1 0 1 -5 0 -1 3 2 1 -1 1 -1 0 -1 5 0 1 1 0 -2 5 -3 0 0 2 4 0 0 -1 4 0 3 -1 0 1 0 4 0 -1 2 -4 -4 5 0 -3 -4 -3 1 1 -1 2 -3 0 -1 1 5 0 0 0 -1 0 0 -3 3 -1 2 -4 3 1 3 2 3 -5 0 2 0 1 -2 3 -1 1 1 -2 1 0 -1 -1

76 16 177.883730 0 -5 1 -3 -1 0 0 -4 0 3 0 1 1 -5 -1 0 0 3 4 -1 -2 -3 -1 -4 0 4 1 -1 -2 -4 1 0 -1 -2 -3 0 2 0 4 3 0 0 -2 0 0 4 3 -3 1 -3 1 2 0 0 0 1 0 -2 0 2 0 5 2 1 0 0 -5 0 -4 0 0 -1 -2 -1 -3 -2 -4 0 0 0 -2 4 0 1 0 -3 -3 2 0 0 -2 0 0 1 2 -4 -2 -2 -2 1 2 -1 -4 -4 -3 -1 1 -5 0 2 0 -3 0 2 1 -3 -1 -2 -3 -3 4 0 -1 -1 0 1 0 0 0 0 0 -2 3 0 -2 0 -2 0 2 2 0 -1 3 0 -1 1 0 0 1 2 1 2 -1 -4 0 -2 0 0 -2 0 -1 0 -1 -5 0 0 0 5 -1 0 1 -5 0 -1 3 2 1 -1 1 -1 0 -1 5 0 1 1 0 -2 5 -3 0 0 2 4 0 0 -1 4 0 3 -1 0 1 0 4 0 -1 2 -4 -4 5 0 -3 -4 -3 1 1 -1 2 -3 0 -1 1 5 0 0 0 -1 0 0 -3 3 -1 2 -4 3 1 3 2 3 -5 0 2 0 1 -2 3 -1 1 1 -2 1 0 -1 -1

77 15 177.883730 0 -5 1 -3 -1 0 0 -4 0 3 0 1 1 -5 -1 0 0 3 4 -1 -2 -3 -1 -4 0 4 1 -1 -2 -4 1 0 -1 -2 -3 0 2 0 4 3 0 0 -2 0 0 4 3 -3 1 -3 1 2 0 0 0 1 0 -2 0 2 0 5 2 1 0 0 -5 0 -4 0 0 -1 -2 -1 -3 -2 -4 0 0 0 -2 4 0 1 0 -3 -3 2 0 0 -2 0 0 1 2 -4 -2 -2 -2 1 2 -1 -4 -4 -3 -1 1 -5 0 2 0 -3 0 2 1 -3 -1 -2 -3 -3 4 0 -1 -1 0 1 0 0 0 0 0 -2 3 0 -2 0 -2 0 2 2 0 -1 3 0 -1 1 0 0 1 2 1 2 -1 -4 0 -2 0 0 -2 0 -1 0 -1 -5 0 0 0 5 -1 0 1 -5 0 -1 3 2 1 -1 1 -1 0 -1 5 0 1 1 0 -2 5 -3 0 0 2 4 0 0 -1 4 0 3 -1 0 1 0 4 0 -1 2 -4 -4 5 0 -3 -4 -3 1 1 -1 2 -3 0 -1 1 5 0 0 0 -1 0 0 -3 3 -1 2 -4 3 1 3 2 3 -5 0 2 0 1 -2 3 -1 1 1 -2 1 0 -1 -1

78 15 177.883730 0 -5 1 -3 -1 0 0 -4 0 3 0 1 1 -5 -1 0 0 3 4 -1 -2 -3 -1 -4 0 4 1 -1 -2 -4 1 0 -1 -2 -3 0 2 0 4 3 0 0 -2 0 0 4 3 -3 1 -3 1 2 0 0 0 1 0 -2 0 2 0 5 2 1 0 0 -5 0 -4 0 0 -1 -2 -1 -3 -2 -4 0 0 0 -2 4 0 1 0 -3 -3 2 0 0 -2 0 0 1 2 -4 -2 -2 -2 1 2 -1 -4 -4 -3 -1 1 -5 0 2 0 -3 0 2 1 -3 -1 -2 -3 -3 4 0 -1 -1 0 1 0 0 0 0 0 -2 3 0 -2 0 -2 0 2 2 0 -1 3 0 -1 1 0 0 1 2 1 2 -1 -4 0 -2 0 0 -2 0 -1 0 -1 -5 0 0 0 5 -1 0 1 -5 0 -1 3 2 1 -1 1 -1 0 -1 5 0 1 1 0 -2 5 -3 0 0 2 4 0 0 -1 4 0 3 -1 0 1 0 4 0 -1 2 -4 -4 5 0 -3 -4 -3 1 1 -1 2 -3 0 -1 1 5 0 0 0 -1 0 0 -3 3 -1 2 -4 3 1 3 2 3 -5 0 2 0 1 -2 3 -1 1 1 -2 1 0 -1 -1

79 14 177.883730 0 -5 1 -3 -1 0 0 -4 0 3 0 1 1 -5 -1 0 0 3 4 -1 -2 -3 -1 -4 0 4 1 -1 -2 -4 1 0 -1 -2 -3 0 2 0 4 3 0 0 -2 0 0 4 3 -3 1 -3 1 2 0 0 0 1 0 -2 0 2 0 5 2 1 0 0 -5 0 -4 0 0 -1 -2 -1 -3 -2 -4 0 0 0 -2 4 0 1 0 -3 -3 2 0 0 -2 0 0 1 2 -4 -2 -2 -2 1 2 -1 -4 -4 -3 -1 1 -5 0 2 0 -3 0 2 1 -3 -1 -2 -3 -3 4 0 -1 -1 0 1 0 0 0 0 0 -2 3 0 -2 0 -2 0 2 2 0 -1 3 0 -1 1 0 0 1 2 1 2 -1 -4 0 -2 0 0 -2 0 -1 0 -1 -5 0 0 0 5 -1 0 1 -5 0 -1 3 2 1 -1 1 -1 0 -1 5 0 1 1 0 -2 5 -3 0 0 2 4 0 0 -1 4 0 3 -1 0 1 0 4 0 -1 2 -4 -4 5 0 -3 -4 -3 1 1 -1 2 -3 0 -1 1 5 0 0 0 -1 0 0 -3 3 -1 2 -4 3 1 3 2 3 -5 0 2 0 1 -2 3 -1 1 1 -2 1 0 -1 -1

80 14 177.883730 0 -5 1 -3 -1 0 0 -4 0 3 0 1 1 -5 -1 0 0 3 4 -1 -2 -3 -1 -4 0 4 1 -1 -2 -4 1 0 -1 -2 -3 0 2 0 4 3 0 0 -2 0 0 4 3 -3 1 -3 1 2 0 0 0 1 0 -2 0 2 0 5 2 1 0 0 -5 0 -4 0 0 -1 -2 -1 -3 -2 -4 0 0 0 -2 4 0 1 0 -3 -3 2 0 0 -2 0 0 1 2 -4 -2 -2 -2 1 2 -1 -4 -4 -3 -1 1 -5 0 2 0 -3 0 2 1 -3 -1 -2 -3 -3 4 0 -1 -1 0 1 0 0 0 0 0 -2 3 0 -2 0 -2 0 2 2 0 -1 3 0 -1 1 0 0 1 2 1 2 -1 -4 0 -2 0 0 -2 0 -1 0 -1 -5 0 0 0 5 -1 0 1 -5 0 -1 3 2 1 -1 1 -1 0 -1 5 0 1 1 0 -2 5 -3 0 0 2 4 0 0 -1 4 0 3 -1 0 1 0 4 0 -1 2 -4 -4 5 0 -3 -4 -3 1 1 -1 2 -3 0 -1 1 5 0 0 0 -1 0 0 -3 3 -1 2 -4 3 1 3 2 3 -5 0 2 0 1 -2 3 -1 1 1 -2 1 0 -1 -1

