107 464 168.326787 1 2 0 0 -1 -2 -3 0 -4 2 0 -3 3 0 1 5 0 0 1 2 1 0 -1 1 0 0 -1 0 0 1 2 0 2 -1 0 0 -1 -1 -5 4 -1 -3 -1 0 -1 -1 3 0 0 1 -1 0 -1 -2 -1 -2 -2 1 -1 2 -2 0 -1 1 -2 1 0 -5 0 -1 -2 -2 0 0 -4 -4 0 0 -1 1 -1 1 0 2 1 -2 1 0 0 0 -1 0 0 3 0 1 0 1 -2 0 2 0 0 0 4 0 -1 0 -3 1 -4 3 -5 -1 3 0 1 0 2 0 -1 2 1 0 -1 2 -1 0 0 2 -1 1 0 -2 0 2 0 0 0 4 0 -3 0 -1 0 -2 -1 -1 -1 0 2 3 0 -1 0 0 1 -1 0 -1 4 0 2 0 -1 4 0 0 0 0 1 3 -1 0 -2 -1 1 0 -2 0 0 1 0 -1 3 -1 -2 2 0 -3 0 -2 -4 -1 0 0 0 -3 2 -1 -1 -1 0 0 -4 0 4 -2 0 1 0 1 0 -3 -2 -3 0 0 -1 -1 0 1 0 0 0 0 -4 0 0 1 1 3 0 0 0 1 0 -2 0 0 1 1 0 -3 0 0 0 -3 0 0 0 3 -5 -1 0

108 39 168.326787 1 2 0 0 -1 -2 -3 0 -4 2 0 -3 3 0 1 5 0 0 1 2 1 0 -1 1 0 0 -1 0 0 1 2 0 2 -1 0 0 -1 -1 -5 4 -1 -3 -1 0 -1 -1 3 0 0 1 -1 0 -1 -2 -1 -2 -2 1 -1 2 -2 0 -1 1 -2 1 0 -5 0 -1 -2 -2 0 0 -4 -4 0 0 -1 1 -1 1 0 2 1 -2 1 0 0 0 -1 0 0 3 0 1 0 1 -2 0 2 0 0 0 4 0 -1 0 -3 1 -4 3 -5 -1 3 0 1 0 2 0 -1 2 1 0 -1 2 -1 0 0 2 -1 1 0 -2 0 2 0 0 0 4 0 -3 0 -1 0 -2 -1 -1 -1 0 2 3 0 -1 0 0 1 -1 0 -1 4 0 2 0 -1 4 0 0 0 0 1 3 -1 0 -2 -1 1 0 -2 0 0 1 0 -1 3 -1 -2 2 0 -3 0 -2 -4 -1 0 0 0 -3 2 -1 -1 -1 0 0 -4 0 4 -2 0 1 0 1 0 -3 -2 -3 0 0 -1 -1 0 1 0 0 0 0 -4 0 0 1 1 3 0 0 0 1 0 -2 0 0 1 1 0 -3 0 0 0 -3 0 0 0 3 -5 -1 0

109 38 168.326787 1 2 0 0 -1 -2 -3 0 -4 2 0 -3 3 0 1 5 0 0 1 2 1 0 -1 1 0 0 -1 0 0 1 2 0 2 -1 0 0 -1 -1 -5 4 -1 -3 -1 0 -1 -1 3 0 0 1 -1 0 -1 -2 -1 -2 -2 1 -1 2 -2 0 -1 1 -2 1 0 -5 0 -1 -2 -2 0 0 -4 -4 0 0 -1 1 -1 1 0 2 1 -2 1 0 0 0 -1 0 0 3 0 1 0 1 -2 0 2 0 0 0 4 0 -1 0 -3 1 -4 3 -5 -1 3 0 1 0 2 0 -1 2 1 0 -1 2 -1 0 0 2 -1 1 0 -2 0 2 0 0 0 4 0 -3 0 -1 0 -2 -1 -1 -1 0 2 3 0 -1 0 0 1 -1 0 -1 4 0 2 0 -1 4 0 0 0 0 1 3 -1 0 -2 -1 1 0 -2 0 0 1 0 -1 3 -1 -2 2 0 -3 0 -2 -4 -1 0 0 0 -3 2 -1 -1 -1 0 0 -4 0 4 -2 0 1 0 1 0 -3 -2 -3 0 0 -1 -1 0 1 0 0 0 0 -4 0 0 1 1 3 0 0 0 1 0 -2 0 0 1 1 0 -3 0 0 0 -3 0 0 0 3 -5 -1 0

110 38 168.326787 1 2 0 0 -1 -2 -3 0 -4 2 0 -3 3 0 1 5 0 0 1 2 1 0 -1 1 0 0 -1 0 0 1 2 0 2 -1 0 0 -1 -1 -5 4 -1 -3 -1 0 -1 -1 3 0 0 1 -1 0 -1 -2 -1 -2 -2 1 -1 2 -2 0 -1 1 -2 1 0 -5 0 -1 -2 -2 0 0 -4 -4 0 0 -1 1 -1 1 0 2 1 -2 1 0 0 0 -1 0 0 3 0 1 0 1 -2 0 2 0 0 0 4 0 -1 0 -3 1 -4 3 -5 -1 3 0 1 0 2 0 -1 2 1 0 -1 2 -1 0 0 2 -1 1 0 -2 0 2 0 0 0 4 0 -3 0 -1 0 -2 -1 -1 -1 0 2 3 0 -1 0 0 1 -1 0 -1 4 0 2 0 -1 4 0 0 0 0 1 3 -1 0 -2 -1 1 0 -2 0 0 1 0 -1 3 -1 -2 2 0 -3 0 -2 -4 -1 0 0 0 -3 2 -1 -1 -1 0 0 -4 0 4 -2 0 1 0 1 0 -3 -2 -3 0 0 -1 -1 0 1 0 0 0 0 -4 0 0 1 1 3 0 0 0 1 0 -2 0 0 1 1 0 -3 0 0 0 -3 0 0 0 3 -5 -1 0

111 38 168.326787 1 2 0 0 -1 -2 -3 0 -4 2 0 -3 3 0 1 5 0 0 1 2 1 0 -1 1 0 0 -1 0 0 1 2 0 2 -1 0 0 -1 -1 -5 4 -1 -3 -1 0 -1 -1 3 0 0 1 -1 0 -1 -2 -1 -2 -2 1 -1 2 -2 0 -1 1 -2 1 0 -5 0 -1 -2 -2 0 0 -4 -4 0 0 -1 1 -1 1 0 2 1 -2 1 0 0 0 -1 0 0 3 0 1 0 1 -2 0 2 0 0 0 4 0 -1 0 -3 1 -4 3 -5 -1 3 0 1 0 2 0 -1 2 1 0 -1 2 -1 0 0 2 -1 1 0 -2 0 2 0 0 0 4 0 -3 0 -1 0 -2 -1 -1 -1 0 2 3 0 -1 0 0 1 -1 0 -1 4 0 2 0 -1 4 0 0 0 0 1 3 -1 0 -2 -1 1 0 -2 0 0 1 0 -1 3 -1 -2 2 0 -3 0 -2 -4 -1 0 0 0 -3 2 -1 -1 -1 0 0 -4 0 4 -2 0 1 0 1 0 -3 -2 -3 0 0 -1 -1 0 1 0 0 0 0 -4 0 0 1 1 3 0 0 0 1 0 -2 0 0 1 1 0 -3 0 0 0 -3 0 0 0 3 -5 -1 0

112 38 168.326787 1 2 0 0 -1 -2 -3 0 -4 2 0 -3 3 0 1 5 0 0 1 2 1 0 -1 1 0 0 -1 0 0 1 2 0 2 -1 0 0 -1 -1 -5 4 -1 -3 -1 0 -1 -1 3 0 0 1 -1 0 -1 -2 -1 -2 -2 1 -1 2 -2 0 -1 1 -2 1 0 -5 0 -1 -2 -2 0 0 -4 -4 0 0 -1 1 -1 1 0 2 1 -2 1 0 0 0 -1 0 0 3 0 1 0 1 -2 0 2 0 0 0 4 0 -1 0 -3 1 -4 3 -5 -1 3 0 1 0 2 0 -1 2 1 0 -1 2 -1 0 0 2 -1 1 0 -2 0 2 0 0 0 4 0 -3 0 -1 0 -2 -1 -1 -1 0 2 3 0 -1 0 0 1 -1 0 -1 4 0 2 0 -1 4 0 0 0 0 1 3 -1 0 -2 -1 1 0 -2 0 0 1 0 -1 3 -1 -2 2 0 -3 0 -2 -4 -1 0 0 0 -3 2 -1 -1 -1 0 0 -4 0 4 -2 0 1 0 1 0 -3 -2 -3 0 0 -1 -1 0 1 0 0 0 0 -4 0 0 1 1 3 0 0 0 1 0 -2 0 0 1 1 0 -3 0 0 0 -3 0 0 0 3 -5 -1 0

113 37 168.326787 1 2 0 0 -1 -2 -3 0 -4 2 0 -3 3 0 1 5 0 0 1 2 1 0 -1 1 0 0 -1 0 0 1 2 0 2 -1 0 0 -1 -1 -5 4 -1 -3 -1 0 -1 -1 3 0 0 1 -1 0 -1 -2 -1 -2 -2 1 -1 2 -2 0 -1 1 -2 1 0 -5 0 -1 -2 -2 0 0 -4 -4 0 0 -1 1 -1 1 0 2 1 -2 1 0 0 0 -1 0 0 3 0 1 0 1 -2 0 2 0 0 0 4 0 -1 0 -3 1 -4 3 -5 -1 3 0 1 0 2 0 -1 2 1 0 -1 2 -1 0 0 2 -1 1 0 -2 0 2 0 0 0 4 0 -3 0 -1 0 -2 -1 -1 -1 0 2 3 0 -1 0 0 1 -1 0 -1 4 0 2 0 -1 4 0 0 0 0 1 3 -1 0 -2 -1 1 0 -2 0 0 1 0 -1 3 -1 -2 2 0 -3 0 -2 -4 -1 0 0 0 -3 2 -1 -1 -1 0 0 -4 0 4 -2 0 1 0 1 0 -3 -2 -3 0 0 -1 -1 0 1 0 0 0 0 -4 0 0 1 1 3 0 0 0 1 0 -2 0 0 1 1 0 -3 0 0 0 -3 0 0 0 3 -5 -1 0

114 37 168.326787 1 2 0 0 -1 -2 -3 0 -4 2 0 -3 3 0 1 5 0 0 1 2 1 0 -1 1 0 0 -1 0 0 1 2 0 2 -1 0 0 -1 -1 -5 4 -1 -3 -1 0 -1 -1 3 0 0 1 -1 0 -1 -2 -1 -2 -2 1 -1 2 -2 0 -1 1 -2 1 0 -5 0 -1 -2 -2 0 0 -4 -4 0 0 -1 1 -1 1 0 2 1 -2 1 0 0 0 -1 0 0 3 0 1 0 1 -2 0 2 0 0 0 4 0 -1 0 -3 1 -4 3 -5 -1 3 0 1 0 2 0 -1 2 1 0 -1 2 -1 0 0 2 -1 1 0 -2 0 2 0 0 0 4 0 -3 0 -1 0 -2 -1 -1 -1 0 2 3 0 -1 0 0 1 -1 0 -1 4 0 2 0 -1 4 0 0 0 0 1 3 -1 0 -2 -1 1 0 -2 0 0 1 0 -1 3 -1 -2 2 0 -3 0 -2 -4 -1 0 0 0 -3 2 -1 -1 -1 0 0 -4 0 4 -2 0 1 0 1 0 -3 -2 -3 0 0 -1 -1 0 1 0 0 0 0 -4 0 0 1 1 3 0 0 0 1 0 -2 0 0 1 1 0 -3 0 0 0 -3 0 0 0 3 -5 -1 0

115 36 168.326787 1 2 0 0 -1 -2 -3 0 -4 2 0 -3 3 0 1 5 0 0 1 2 1 0 -1 1 0 0 -1 0 0 1 2 0 2 -1 0 0 -1 -1 -5 4 -1 -3 -1 0 -1 -1 3 0 0 1 -1 0 -1 -2 -1 -2 -2 1 -1 2 -2 0 -1 1 -2 1 0 -5 0 -1 -2 -2 0 0 -4 -4 0 0 -1 1 -1 1 0 2 1 -2 1 0 0 0 -1 0 0 3 0 1 0 1 -2 0 2 0 0 0 4 0 -1 0 -3 1 -4 3 -5 -1 3 0 1 0 2 0 -1 2 1 0 -1 2 -1 0 0 2 -1 1 0 -2 0 2 0 0 0 4 0 -3 0 -1 0 -2 -1 -1 -1 0 2 3 0 -1 0 0 1 -1 0 -1 4 0 2 0 -1 4 0 0 0 0 1 3 -1 0 -2 -1 1 0 -2 0 0 1 0 -1 3 -1 -2 2 0 -3 0 -2 -4 -1 0 0 0 -3 2 -1 -1 -1 0 0 -4 0 4 -2 0 1 0 1 0 -3 -2 -3 0 0 -1 -1 0 1 0 0 0 0 -4 0 0 1 1 3 0 0 0 1 0 -2 0 0 1 1 0 -3 0 0 0 -3 0 0 0 3 -5 -1 0

116 36 168.326787 1 2 0 0 -1 -2 -3 0 -4 2 0 -3 3 0 1 5 0 0 1 2 1 0 -1 1 0 0 -1 0 0 1 2 0 2 -1 0 0 -1 -1 -5 4 -1 -3 -1 0 -1 -1 3 0 0 1 -1 0 -1 -2 -1 -2 -2 1 -1 2 -2 0 -1 1 -2 1 0 -5 0 -1 -2 -2 0 0 -4 -4 0 0 -1 1 -1 1 0 2 1 -2 1 0 0 0 -1 0 0 3 0 1 0 1 -2 0 2 0 0 0 4 0 -1 0 -3 1 -4 3 -5 -1 3 0 1 0 2 0 -1 2 1 0 -1 2 -1 0 0 2 -1 1 0 -2 0 2 0 0 0 4 0 -3 0 -1 0 -2 -1 -1 -1 0 2 3 0 -1 0 0 1 -1 0 -1 4 0 2 0 -1 4 0 0 0 0 1 3 -1 0 -2 -1 1 0 -2 0 0 1 0 -1 3 -1 -2 2 0 -3 0 -2 -4 -1 0 0 0 -3 2 -1 -1 -1 0 0 -4 0 4 -2 0 1 0 1 0 -3 -2 -3 0 0 -1 -1 0 1 0 0 0 0 -4 0 0 1 1 3 0 0 0 1 0 -2 0 0 1 1 0 -3 0 0 0 -3 0 0 0 3 -5 -1 0

117 36 168.326787 1 2 0 0 -1 -2 -3 0 -4 2 0 -3 3 0 1 5 0 0 1 2 1 0 -1 1 0 0 -1 0 0 1 2 0 2 -1 0 0 -1 -1 -5 4 -1 -3 -1 0 -1 -1 3 0 0 1 -1 0 -1 -2 -1 -2 -2 1 -1 2 -2 0 -1 1 -2 1 0 -5 0 -1 -2 -2 0 0 -4 -4 0 0 -1 1 -1 1 0 2 1 -2 1 0 0 0 -1 0 0 3 0 1 0 1 -2 0 2 0 0 0 4 0 -1 0 -3 1 -4 3 -5 -1 3 0 1 0 2 0 -1 2 1 0 -1 2 -1 0 0 2 -1 1 0 -2 0 2 0 0 0 4 0 -3 0 -1 0 -2 -1 -1 -1 0 2 3 0 -1 0 0 1 -1 0 -1 4 0 2 0 -1 4 0 0 0 0 1 3 -1 0 -2 -1 1 0 -2 0 0 1 0 -1 3 -1 -2 2 0 -3 0 -2 -4 -1 0 0 0 -3 2 -1 -1 -1 0 0 -4 0 4 -2 0 1 0 1 0 -3 -2 -3 0 0 -1 -1 0 1 0 0 0 0 -4 0 0 1 1 3 0 0 0 1 0 -2 0 0 1 1 0 -3 0 0 0 -3 0 0 0 3 -5 -1 0

50 455 171.556956 -1 1 -2 -1 -2 -1 -5 0 -2 1 0 -4 4 -5 1 1 0 1 2 3 0 -3 0 0 0 0 0 0 0 3 3 0 1 -2 2 0 0 0 -4 4 0 -3 -2 0 -1 -1 5 0 0 2 -3 1 0 -4 -2 -2 -2 3 -1 0 -3 1 -1 1 0 2 4 -5 0 0 0 -2 1 0 4 0 0 3 0 -1 0 2 -1 2 0 -2 1 1 -1 0 1 -1 0 0 0 1 0 1 0 0 2 0 0 0 3 -1 0 0 -1 2 -2 1 1 0 4 0 3 -1 -1 -1 -1 -1 0 0 0 1 -1 0 0 -2 -2 1 2 2 -1 1 0 -2 1 0 0 5 0 -1 0 -2 4 -2 0 1 2 4 1 1 1 0 0 -2 0 2 4 0 1 0 -1 3 0 -1 -1 2 0 4 0 -1 -2 1 1 0 -3 0 -1 0 0 0 0 0 -3 1 0 -2 0 -3 -3 0 -2 0 0 -4 2 -1 2 1 0 -1 -4 0 1 -3 0 0 0 0 3 -4 -1 -3 0 0 0 -1 1 1 -1 3 0 0 -4 0 0 0 0 1 0 0 0 1 0 -1 0 1 2 2 0 -3 0 -1 1 -3 -2 0 1 2 -5 -1 0

51 39 171.556956 -1 1 -2 -1 -2 -1 -5 0 -2 1 0 -4 4 -5 1 1 0 1 2 3 0 -3 0 0 0 0 0 0 0 3 3 0 1 -2 2 0 0 0 -4 4 0 -3 -2 0 -1 -1 5 0 0 2 -3 1 0 -4 -2 -2 -2 3 -1 0 -3 1 -1 1 0 2 4 -5 0 0 0 -2 1 0 4 0 0 3 0 -1 0 2 -1 2 0 -2 1 1 -1 0 1 -1 0 0 0 1 0 1 0 0 2 0 0 0 3 -1 0 0 -1 2 -2 1 1 0 4 0 3 -1 -1 -1 -1 -1 0 0 0 1 -1 0 0 -2 -2 1 2 2 -1 1 0 -2 1 0 0 5 0 -1 0 -2 4 -2 0 1 2 4 1 1 1 0 0 -2 0 2 4 0 1 0 -1 3 0 -1 -1 2 0 4 0 -1 -2 1 1 0 -3 0 -1 0 0 0 0 0 -3 1 0 -2 0 -3 -3 0 -2 0 0 -4 2 -1 2 1 0 -1 -4 0 1 -3 0 0 0 0 3 -4 -1 -3 0 0 0 -1 1 1 -1 3 0 0 -4 0 0 0 0 1 0 0 0 1 0 -1 0 1 2 2 0 -3 0 -1 1 -3 -2 0 1 2 -5 -1 0

52 39 171.556956 -1 1 -2 -1 -2 -1 -5 0 -2 1 0 -4 4 -5 1 1 0 1 2 3 0 -3 0 0 0 0 0 0 0 3 3 0 1 -2 2 0 0 0 -4 4 0 -3 -2 0 -1 -1 5 0 0 2 -3 1 0 -4 -2 -2 -2 3 -1 0 -3 1 -1 1 0 2 4 -5 0 0 0 -2 1 0 4 0 0 3 0 -1 0 2 -1 2 0 -2 1 1 -1 0 1 -1 0 0 0 1 0 1 0 0 2 0 0 0 3 -1 0 0 -1 2 -2 1 1 0 4 0 3 -1 -1 -1 -1 -1 0 0 0 1 -1 0 0 -2 -2 1 2 2 -1 1 0 -2 1 0 0 5 0 -1 0 -2 4 -2 0 1 2 4 1 1 1 0 0 -2 0 2 4 0 1 0 -1 3 0 -1 -1 2 0 4 0 -1 -2 1 1 0 -3 0 -1 0 0 0 0 0 -3 1 0 -2 0 -3 -3 0 -2 0 0 -4 2 -1 2 1 0 -1 -4 0 1 -3 0 0 0 0 3 -4 -1 -3 0 0 0 -1 1 1 -1 3 0 0 -4 0 0 0 0 1 0 0 0 1 0 -1 0 1 2 2 0 -3 0 -1 1 -3 -2 0 1 2 -5 -1 0

53 39 171.556956 -1 1 -2 -1 -2 -1 -5 0 -2 1 0 -4 4 -5 1 1 0 1 2 3 0 -3 0 0 0 0 0 0 0 3 3 0 1 -2 2 0 0 0 -4 4 0 -3 -2 0 -1 -1 5 0 0 2 -3 1 0 -4 -2 -2 -2 3 -1 0 -3 1 -1 1 0 2 4 -5 0 0 0 -2 1 0 4 0 0 3 0 -1 0 2 -1 2 0 -2 1 1 -1 0 1 -1 0 0 0 1 0 1 0 0 2 0 0 0 3 -1 0 0 -1 2 -2 1 1 0 4 0 3 -1 -1 -1 -1 -1 0 0 0 1 -1 0 0 -2 -2 1 2 2 -1 1 0 -2 1 0 0 5 0 -1 0 -2 4 -2 0 1 2 4 1 1 1 0 0 -2 0 2 4 0 1 0 -1 3 0 -1 -1 2 0 4 0 -1 -2 1 1 0 -3 0 -1 0 0 0 0 0 -3 1 0 -2 0 -3 -3 0 -2 0 0 -4 2 -1 2 1 0 -1 -4 0 1 -3 0 0 0 0 3 -4 -1 -3 0 0 0 -1 1 1 -1 3 0 0 -4 0 0 0 0 1 0 0 0 1 0 -1 0 1 2 2 0 -3 0 -1 1 -3 -2 0 1 2 -5 -1 0

54 38 171.556956 -1 1 -2 -1 -2 -1 -5 0 -2 1 0 -4 4 -5 1 1 0 1 2 3 0 -3 0 0 0 0 0 0 0 3 3 0 1 -2 2 0 0 0 -4 4 0 -3 -2 0 -1 -1 5 0 0 2 -3 1 0 -4 -2 -2 -2 3 -1 0 -3 1 -1 1 0 2 4 -5 0 0 0 -2 1 0 4 0 0 3 0 -1 0 2 -1 2 0 -2 1 1 -1 0 1 -1 0 0 0 1 0 1 0 0 2 0 0 0 3 -1 0 0 -1 2 -2 1 1 0 4 0 3 -1 -1 -1 -1 -1 0 0 0 1 -1 0 0 -2 -2 1 2 2 -1 1 0 -2 1 0 0 5 0 -1 0 -2 4 -2 0 1 2 4 1 1 1 0 0 -2 0 2 4 0 1 0 -1 3 0 -1 -1 2 0 4 0 -1 -2 1 1 0 -3 0 -1 0 0 0 0 0 -3 1 0 -2 0 -3 -3 0 -2 0 0 -4 2 -1 2 1 0 -1 -4 0 1 -3 0 0 0 0 3 -4 -1 -3 0 0 0 -1 1 1 -1 3 0 0 -4 0 0 0 0 1 0 0 0 1 0 -1 0 1 2 2 0 -3 0 -1 1 -3 -2 0 1 2 -5 -1 0

55 38 171.556956 -1 1 -2 -1 -2 -1 -5 0 -2 1 0 -4 4 -5 1 1 0 1 2 3 0 -3 0 0 0 0 0 0 0 3 3 0 1 -2 2 0 0 0 -4 4 0 -3 -2 0 -1 -1 5 0 0 2 -3 1 0 -4 -2 -2 -2 3 -1 0 -3 1 -1 1 0 2 4 -5 0 0 0 -2 1 0 4 0 0 3 0 -1 0 2 -1 2 0 -2 1 1 -1 0 1 -1 0 0 0 1 0 1 0 0 2 0 0 0 3 -1 0 0 -1 2 -2 1 1 0 4 0 3 -1 -1 -1 -1 -1 0 0 0 1 -1 0 0 -2 -2 1 2 2 -1 1 0 -2 1 0 0 5 0 -1 0 -2 4 -2 0 1 2 4 1 1 1 0 0 -2 0 2 4 0 1 0 -1 3 0 -1 -1 2 0 4 0 -1 -2 1 1 0 -3 0 -1 0 0 0 0 0 -3 1 0 -2 0 -3 -3 0 -2 0 0 -4 2 -1 2 1 0 -1 -4 0 1 -3 0 0 0 0 3 -4 -1 -3 0 0 0 -1 1 1 -1 3 0 0 -4 0 0 0 0 1 0 0 0 1 0 -1 0 1 2 2 0 -3 0 -1 1 -3 -2 0 1 2 -5 -1 0

56 37 171.556956 -1 1 -2 -1 -2 -1 -5 0 -2 1 0 -4 4 -5 1 1 0 1 2 3 0 -3 0 0 0 0 0 0 0 3 3 0 1 -2 2 0 0 0 -4 4 0 -3 -2 0 -1 -1 5 0 0 2 -3 1 0 -4 -2 -2 -2 3 -1 0 -3 1 -1 1 0 2 4 -5 0 0 0 -2 1 0 4 0 0 3 0 -1 0 2 -1 2 0 -2 1 1 -1 0 1 -1 0 0 0 1 0 1 0 0 2 0 0 0 3 -1 0 0 -1 2 -2 1 1 0 4 0 3 -1 -1 -1 -1 -1 0 0 0 1 -1 0 0 -2 -2 1 2 2 -1 1 0 -2 1 0 0 5 0 -1 0 -2 4 -2 0 1 2 4 1 1 1 0 0 -2 0 2 4 0 1 0 -1 3 0 -1 -1 2 0 4 0 -1 -2 1 1 0 -3 0 -1 0 0 0 0 0 -3 1 0 -2 0 -3 -3 0 -2 0 0 -4 2 -1 2 1 0 -1 -4 0 1 -3 0 0 0 0 3 -4 -1 -3 0 0 0 -1 1 1 -1 3 0 0 -4 0 0 0 0 1 0 0 0 1 0 -1 0 1 2 2 0 -3 0 -1 1 -3 -2 0 1 2 -5 -1 0

57 35 171.556956 -1 1 -2 -1 -2 -1 -5 0 -2 1 0 -4 4 -5 1 1 0 1 2 3 0 -3 0 0 0 0 0 0 0 3 3 0 1 -2 2 0 0 0 -4 4 0 -3 -2 0 -1 -1 5 0 0 2 -3 1 0 -4 -2 -2 -2 3 -1 0 -3 1 -1 1 0 2 4 -5 0 0 0 -2 1 0 4 0 0 3 0 -1 0 2 -1 2 0 -2 1 1 -1 0 1 -1 0 0 0 1 0 1 0 0 2 0 0 0 3 -1 0 0 -1 2 -2 1 1 0 4 0 3 -1 -1 -1 -1 -1 0 0 0 1 -1 0 0 -2 -2 1 2 2 -1 1 0 -2 1 0 0 5 0 -1 0 -2 4 -2 0 1 2 4 1 1 1 0 0 -2 0 2 4 0 1 0 -1 3 0 -1 -1 2 0 4 0 -1 -2 1 1 0 -3 0 -1 0 0 0 0 0 -3 1 0 -2 0 -3 -3 0 -2 0 0 -4 2 -1 2 1 0 -1 -4 0 1 -3 0 0 0 0 3 -4 -1 -3 0 0 0 -1 1 1 -1 3 0 0 -4 0 0 0 0 1 0 0 0 1 0 -1 0 1 2 2 0 -3 0 -1 1 -3 -2 0 1 2 -5 -1 0

58 34 171.556956 -1 1 -2 -1 -2 -1 -5 0 -2 1 0 -4 4 -5 1 1 0 1 2 3 0 -3 0 0 0 0 0 0 0 3 3 0 1 -2 2 0 0 0 -4 4 0 -3 -2 0 -1 -1 5 0 0 2 -3 1 0 -4 -2 -2 -2 3 -1 0 -3 1 -1 1 0 2 4 -5 0 0 0 -2 1 0 4 0 0 3 0 -1 0 2 -1 2 0 -2 1 1 -1 0 1 -1 0 0 0 1 0 1 0 0 2 0 0 0 3 -1 0 0 -1 2 -2 1 1 0 4 0 3 -1 -1 -1 -1 -1 0 0 0 1 -1 0 0 -2 -2 1 2 2 -1 1 0 -2 1 0 0 5 0 -1 0 -2 4 -2 0 1 2 4 1 1 1 0 0 -2 0 2 4 0 1 0 -1 3 0 -1 -1 2 0 4 0 -1 -2 1 1 0 -3 0 -1 0 0 0 0 0 -3 1 0 -2 0 -3 -3 0 -2 0 0 -4 2 -1 2 1 0 -1 -4 0 1 -3 0 0 0 0 3 -4 -1 -3 0 0 0 -1 1 1 -1 3 0 0 -4 0 0 0 0 1 0 0 0 1 0 -1 0 1 2 2 0 -3 0 -1 1 -3 -2 0 1 2 -5 -1 0

