114 512 306.433598 0 -3 -2 0 2 -3 3 -1 2 -4 -2 3 -4 0 -5 -3 -2 1 0 0 0 0 5 -3 0 0 -4 0 0 3 5 5 1 0 3 -3 -1 -2 3 -1 3 5 0 -1 3 1 -1 3 -1 -4 0 4 -1 2 3 0 -3 3 5 -1 -3 0 1 5 -4 -4 -2 0 -4 -4 0 -1 3 0 1 -4 0 2 4 -1 -2 0 -1 -4 2 1 -5 -2 2 2 -4 -3 1 -3 3 0 -4 0 1 -4 3 0 -4 -4 -1 -2 0 -1 2 4 4 5 4 4 -1 -3 4 1 -2 -4 0 1 5 -1 4 -3 0 3 3 4 1 0 -4 -2 2 3 -3 5 -1 -1 -3 -1 0 -3 2 0 -1 -2 0 -4 0 1 -2 0 0 -4 -3 2 -4 0 -3 4 4 -1 1 0 0 0 5 2 0 2 0 3 -1 -1 -2 -4 2 -3 -2 3 0 0 0 -1 0 -4 3 -2 3 2 0 2 3 2 4 1 -2 -3 0 -2 -2 0 0 -2 1 0 2 3 -1 -4 -1 -1 2 3 2 0 -1 1 0 -2 -1 3 -3 5 4 -1 1 -3 1 4 -4 3 4 0 5 4 -3 -2 0 0 -4 -3 -4 -1 1 -2 0 -4 -1 -2 -4 0 -1

115 39 306.433598 0 -3 -2 0 2 -3 3 -1 2 -4 -2 3 -4 0 -5 -3 -2 1 0 0 0 0 5 -3 0 0 -4 0 0 3 5 5 1 0 3 -3 -1 -2 3 -1 3 5 0 -1 3 1 -1 3 -1 -4 0 4 -1 2 3 0 -3 3 5 -1 -3 0 1 5 -4 -4 -2 0 -4 -4 0 -1 3 0 1 -4 0 2 4 -1 -2 0 -1 -4 2 1 -5 -2 2 2 -4 -3 1 -3 3 0 -4 0 1 -4 3 0 -4 -4 -1 -2 0 -1 2 4 4 5 4 4 -1 -3 4 1 -2 -4 0 1 5 -1 4 -3 0 3 3 4 1 0 -4 -2 2 3 -3 5 -1 -1 -3 -1 0 -3 2 0 -1 -2 0 -4 0 1 -2 0 0 -4 -3 2 -4 0 -3 4 4 -1 1 0 0 0 5 2 0 2 0 3 -1 -1 -2 -4 2 -3 -2 3 0 0 0 -1 0 -4 3 -2 3 2 0 2 3 2 4 1 -2 -3 0 -2 -2 0 0 -2 1 0 2 3 -1 -4 -1 -1 2 3 2 0 -1 1 0 -2 -1 3 -3 5 4 -1 1 -3 1 4 -4 3 4 0 5 4 -3 -2 0 0 -4 -3 -4 -1 1 -2 0 -4 -1 -2 -4 0 -1

116 37 306.433598 0 -3 -2 0 2 -3 3 -1 2 -4 -2 3 -4 0 -5 -3 -2 1 0 0 0 0 5 -3 0 0 -4 0 0 3 5 5 1 0 3 -3 -1 -2 3 -1 3 5 0 -1 3 1 -1 3 -1 -4 0 4 -1 2 3 0 -3 3 5 -1 -3 0 1 5 -4 -4 -2 0 -4 -4 0 -1 3 0 1 -4 0 2 4 -1 -2 0 -1 -4 2 1 -5 -2 2 2 -4 -3 1 -3 3 0 -4 0 1 -4 3 0 -4 -4 -1 -2 0 -1 2 4 4 5 4 4 -1 -3 4 1 -2 -4 0 1 5 -1 4 -3 0 3 3 4 1 0 -4 -2 2 3 -3 5 -1 -1 -3 -1 0 -3 2 0 -1 -2 0 -4 0 1 -2 0 0 -4 -3 2 -4 0 -3 4 4 -1 1 0 0 0 5 2 0 2 0 3 -1 -1 -2 -4 2 -3 -2 3 0 0 0 -1 0 -4 3 -2 3 2 0 2 3 2 4 1 -2 -3 0 -2 -2 0 0 -2 1 0 2 3 -1 -4 -1 -1 2 3 2 0 -1 1 0 -2 -1 3 -3 5 4 -1 1 -3 1 4 -4 3 4 0 5 4 -3 -2 0 0 -4 -3 -4 -1 1 -2 0 -4 -1 -2 -4 0 -1

117 37 306.433598 0 -3 -2 0 2 -3 3 -1 2 -4 -2 3 -4 0 -5 -3 -2 1 0 0 0 0 5 -3 0 0 -4 0 0 3 5 5 1 0 3 -3 -1 -2 3 -1 3 5 0 -1 3 1 -1 3 -1 -4 0 4 -1 2 3 0 -3 3 5 -1 -3 0 1 5 -4 -4 -2 0 -4 -4 0 -1 3 0 1 -4 0 2 4 -1 -2 0 -1 -4 2 1 -5 -2 2 2 -4 -3 1 -3 3 0 -4 0 1 -4 3 0 -4 -4 -1 -2 0 -1 2 4 4 5 4 4 -1 -3 4 1 -2 -4 0 1 5 -1 4 -3 0 3 3 4 1 0 -4 -2 2 3 -3 5 -1 -1 -3 -1 0 -3 2 0 -1 -2 0 -4 0 1 -2 0 0 -4 -3 2 -4 0 -3 4 4 -1 1 0 0 0 5 2 0 2 0 3 -1 -1 -2 -4 2 -3 -2 3 0 0 0 -1 0 -4 3 -2 3 2 0 2 3 2 4 1 -2 -3 0 -2 -2 0 0 -2 1 0 2 3 -1 -4 -1 -1 2 3 2 0 -1 1 0 -2 -1 3 -3 5 4 -1 1 -3 1 4 -4 3 4 0 5 4 -3 -2 0 0 -4 -3 -4 -1 1 -2 0 -4 -1 -2 -4 0 -1

118 34 306.433598 0 -3 -2 0 2 -3 3 -1 2 -4 -2 3 -4 0 -5 -3 -2 1 0 0 0 0 5 -3 0 0 -4 0 0 3 5 5 1 0 3 -3 -1 -2 3 -1 3 5 0 -1 3 1 -1 3 -1 -4 0 4 -1 2 3 0 -3 3 5 -1 -3 0 1 5 -4 -4 -2 0 -4 -4 0 -1 3 0 1 -4 0 2 4 -1 -2 0 -1 -4 2 1 -5 -2 2 2 -4 -3 1 -3 3 0 -4 0 1 -4 3 0 -4 -4 -1 -2 0 -1 2 4 4 5 4 4 -1 -3 4 1 -2 -4 0 1 5 -1 4 -3 0 3 3 4 1 0 -4 -2 2 3 -3 5 -1 -1 -3 -1 0 -3 2 0 -1 -2 0 -4 0 1 -2 0 0 -4 -3 2 -4 0 -3 4 4 -1 1 0 0 0 5 2 0 2 0 3 -1 -1 -2 -4 2 -3 -2 3 0 0 0 -1 0 -4 3 -2 3 2 0 2 3 2 4 1 -2 -3 0 -2 -2 0 0 -2 1 0 2 3 -1 -4 -1 -1 2 3 2 0 -1 1 0 -2 -1 3 -3 5 4 -1 1 -3 1 4 -4 3 4 0 5 4 -3 -2 0 0 -4 -3 -4 -1 1 -2 0 -4 -1 -2 -4 0 -1

119 31 306.433598 0 -3 -2 0 2 -3 3 -1 2 -4 -2 3 -4 0 -5 -3 -2 1 0 0 0 0 5 -3 0 0 -4 0 0 3 5 5 1 0 3 -3 -1 -2 3 -1 3 5 0 -1 3 1 -1 3 -1 -4 0 4 -1 2 3 0 -3 3 5 -1 -3 0 1 5 -4 -4 -2 0 -4 -4 0 -1 3 0 1 -4 0 2 4 -1 -2 0 -1 -4 2 1 -5 -2 2 2 -4 -3 1 -3 3 0 -4 0 1 -4 3 0 -4 -4 -1 -2 0 -1 2 4 4 5 4 4 -1 -3 4 1 -2 -4 0 1 5 -1 4 -3 0 3 3 4 1 0 -4 -2 2 3 -3 5 -1 -1 -3 -1 0 -3 2 0 -1 -2 0 -4 0 1 -2 0 0 -4 -3 2 -4 0 -3 4 4 -1 1 0 0 0 5 2 0 2 0 3 -1 -1 -2 -4 2 -3 -2 3 0 0 0 -1 0 -4 3 -2 3 2 0 2 3 2 4 1 -2 -3 0 -2 -2 0 0 -2 1 0 2 3 -1 -4 -1 -1 2 3 2 0 -1 1 0 -2 -1 3 -3 5 4 -1 1 -3 1 4 -4 3 4 0 5 4 -3 -2 0 0 -4 -3 -4 -1 1 -2 0 -4 -1 -2 -4 0 -1

106 284 308.101103 0 -2 5 -3 2 -3 5 1 2 -4 -2 3 -4 0 -5 -3 -2 1 -1 0 0 0 0 -3 -4 1 -4 0 0 5 0 5 1 0 5 -3 -1 0 3 2 3 5 0 3 3 1 -1 3 2 -4 0 0 -1 2 1 0 -3 3 5 -1 -3 0 -4 5 -2 -4 -2 0 -4 -4 0 -1 3 0 1 2 -4 1 4 -1 -2 -1 2 -4 2 4 -5 -2 2 2 -4 -3 1 -3 -1 0 -2 0 1 -1 3 0 -4 -4 -1 -2 0 2 2 4 4 5 -3 3 -1 -3 0 1 -2 -4 0 1 5 -1 4 -3 0 3 3 4 1 0 -4 5 2 3 -3 5 -1 -1 1 -2 -1 -3 2 0 -1 -4 1 -4 0 0 -2 0 0 -4 -3 2 -4 0 -3 4 4 -1 -1 1 0 0 5 2 0 2 0 3 -1 -1 -3 -4 2 -3 -2 5 0 0 0 -1 0 0 3 -2 3 2 0 2 3 1 -1 1 -2 3 0 -2 -2 0 0 -2 1 -1 2 -2 -1 -4 2 -1 -2 3 4 0 4 1 5 -2 -3 3 -3 5 4 -1 2 -3 1 4 -4 3 4 0 5 4 -3 -2 0 0 -4 -3 -4 -1 1 -2 0 -4 -2 -2 -4 -4 -1

107 39 308.101103 0 -2 5 -3 2 -3 5 1 2 -4 -2 3 -4 0 -5 -3 -2 1 -1 0 0 0 0 -3 -4 1 -4 0 0 5 0 5 1 0 5 -3 -1 0 3 2 3 5 0 3 3 1 -1 3 2 -4 0 0 -1 2 1 0 -3 3 5 -1 -3 0 -4 5 -2 -4 -2 0 -4 -4 0 -1 3 0 1 2 -4 1 4 -1 -2 -1 2 -4 2 4 -5 -2 2 2 -4 -3 1 -3 -1 0 -2 0 1 -1 3 0 -4 -4 -1 -2 0 2 2 4 4 5 -3 3 -1 -3 0 1 -2 -4 0 1 5 -1 4 -3 0 3 3 4 1 0 -4 5 2 3 -3 5 -1 -1 1 -2 -1 -3 2 0 -1 -4 1 -4 0 0 -2 0 0 -4 -3 2 -4 0 -3 4 4 -1 -1 1 0 0 5 2 0 2 0 3 -1 -1 -3 -4 2 -3 -2 5 0 0 0 -1 0 0 3 -2 3 2 0 2 3 1 -1 1 -2 3 0 -2 -2 0 0 -2 1 -1 2 -2 -1 -4 2 -1 -2 3 4 0 4 1 5 -2 -3 3 -3 5 4 -1 2 -3 1 4 -4 3 4 0 5 4 -3 -2 0 0 -4 -3 -4 -1 1 -2 0 -4 -2 -2 -4 -4 -1

108 37 308.101103 0 -2 5 -3 2 -3 5 1 2 -4 -2 3 -4 0 -5 -3 -2 1 -1 0 0 0 0 -3 -4 1 -4 0 0 5 0 5 1 0 5 -3 -1 0 3 2 3 5 0 3 3 1 -1 3 2 -4 0 0 -1 2 1 0 -3 3 5 -1 -3 0 -4 5 -2 -4 -2 0 -4 -4 0 -1 3 0 1 2 -4 1 4 -1 -2 -1 2 -4 2 4 -5 -2 2 2 -4 -3 1 -3 -1 0 -2 0 1 -1 3 0 -4 -4 -1 -2 0 2 2 4 4 5 -3 3 -1 -3 0 1 -2 -4 0 1 5 -1 4 -3 0 3 3 4 1 0 -4 5 2 3 -3 5 -1 -1 1 -2 -1 -3 2 0 -1 -4 1 -4 0 0 -2 0 0 -4 -3 2 -4 0 -3 4 4 -1 -1 1 0 0 5 2 0 2 0 3 -1 -1 -3 -4 2 -3 -2 5 0 0 0 -1 0 0 3 -2 3 2 0 2 3 1 -1 1 -2 3 0 -2 -2 0 0 -2 1 -1 2 -2 -1 -4 2 -1 -2 3 4 0 4 1 5 -2 -3 3 -3 5 4 -1 2 -3 1 4 -4 3 4 0 5 4 -3 -2 0 0 -4 -3 -4 -1 1 -2 0 -4 -2 -2 -4 -4 -1

109 33 308.101103 0 -2 5 -3 2 -3 5 1 2 -4 -2 3 -4 0 -5 -3 -2 1 -1 0 0 0 0 -3 -4 1 -4 0 0 5 0 5 1 0 5 -3 -1 0 3 2 3 5 0 3 3 1 -1 3 2 -4 0 0 -1 2 1 0 -3 3 5 -1 -3 0 -4 5 -2 -4 -2 0 -4 -4 0 -1 3 0 1 2 -4 1 4 -1 -2 -1 2 -4 2 4 -5 -2 2 2 -4 -3 1 -3 -1 0 -2 0 1 -1 3 0 -4 -4 -1 -2 0 2 2 4 4 5 -3 3 -1 -3 0 1 -2 -4 0 1 5 -1 4 -3 0 3 3 4 1 0 -4 5 2 3 -3 5 -1 -1 1 -2 -1 -3 2 0 -1 -4 1 -4 0 0 -2 0 0 -4 -3 2 -4 0 -3 4 4 -1 -1 1 0 0 5 2 0 2 0 3 -1 -1 -3 -4 2 -3 -2 5 0 0 0 -1 0 0 3 -2 3 2 0 2 3 1 -1 1 -2 3 0 -2 -2 0 0 -2 1 -1 2 -2 -1 -4 2 -1 -2 3 4 0 4 1 5 -2 -3 3 -3 5 4 -1 2 -3 1 4 -4 3 4 0 5 4 -3 -2 0 0 -4 -3 -4 -1 1 -2 0 -4 -2 -2 -4 -4 -1

110 29 308.101103 0 -2 5 -3 2 -3 5 1 2 -4 -2 3 -4 0 -5 -3 -2 1 -1 0 0 0 0 -3 -4 1 -4 0 0 5 0 5 1 0 5 -3 -1 0 3 2 3 5 0 3 3 1 -1 3 2 -4 0 0 -1 2 1 0 -3 3 5 -1 -3 0 -4 5 -2 -4 -2 0 -4 -4 0 -1 3 0 1 2 -4 1 4 -1 -2 -1 2 -4 2 4 -5 -2 2 2 -4 -3 1 -3 -1 0 -2 0 1 -1 3 0 -4 -4 -1 -2 0 2 2 4 4 5 -3 3 -1 -3 0 1 -2 -4 0 1 5 -1 4 -3 0 3 3 4 1 0 -4 5 2 3 -3 5 -1 -1 1 -2 -1 -3 2 0 -1 -4 1 -4 0 0 -2 0 0 -4 -3 2 -4 0 -3 4 4 -1 -1 1 0 0 5 2 0 2 0 3 -1 -1 -3 -4 2 -3 -2 5 0 0 0 -1 0 0 3 -2 3 2 0 2 3 1 -1 1 -2 3 0 -2 -2 0 0 -2 1 -1 2 -2 -1 -4 2 -1 -2 3 4 0 4 1 5 -2 -3 3 -3 5 4 -1 2 -3 1 4 -4 3 4 0 5 4 -3 -2 0 0 -4 -3 -4 -1 1 -2 0 -4 -2 -2 -4 -4 -1

111 29 308.101103 0 -2 5 -3 2 -3 5 1 2 -4 -2 3 -4 0 -5 -3 -2 1 -1 0 0 0 0 -3 -4 1 -4 0 0 5 0 5 1 0 5 -3 -1 0 3 2 3 5 0 3 3 1 -1 3 2 -4 0 0 -1 2 1 0 -3 3 5 -1 -3 0 -4 5 -2 -4 -2 0 -4 -4 0 -1 3 0 1 2 -4 1 4 -1 -2 -1 2 -4 2 4 -5 -2 2 2 -4 -3 1 -3 -1 0 -2 0 1 -1 3 0 -4 -4 -1 -2 0 2 2 4 4 5 -3 3 -1 -3 0 1 -2 -4 0 1 5 -1 4 -3 0 3 3 4 1 0 -4 5 2 3 -3 5 -1 -1 1 -2 -1 -3 2 0 -1 -4 1 -4 0 0 -2 0 0 -4 -3 2 -4 0 -3 4 4 -1 -1 1 0 0 5 2 0 2 0 3 -1 -1 -3 -4 2 -3 -2 5 0 0 0 -1 0 0 3 -2 3 2 0 2 3 1 -1 1 -2 3 0 -2 -2 0 0 -2 1 -1 2 -2 -1 -4 2 -1 -2 3 4 0 4 1 5 -2 -3 3 -3 5 4 -1 2 -3 1 4 -4 3 4 0 5 4 -3 -2 0 0 -4 -3 -4 -1 1 -2 0 -4 -2 -2 -4 -4 -1

112 27 308.101103 0 -2 5 -3 2 -3 5 1 2 -4 -2 3 -4 0 -5 -3 -2 1 -1 0 0 0 0 -3 -4 1 -4 0 0 5 0 5 1 0 5 -3 -1 0 3 2 3 5 0 3 3 1 -1 3 2 -4 0 0 -1 2 1 0 -3 3 5 -1 -3 0 -4 5 -2 -4 -2 0 -4 -4 0 -1 3 0 1 2 -4 1 4 -1 -2 -1 2 -4 2 4 -5 -2 2 2 -4 -3 1 -3 -1 0 -2 0 1 -1 3 0 -4 -4 -1 -2 0 2 2 4 4 5 -3 3 -1 -3 0 1 -2 -4 0 1 5 -1 4 -3 0 3 3 4 1 0 -4 5 2 3 -3 5 -1 -1 1 -2 -1 -3 2 0 -1 -4 1 -4 0 0 -2 0 0 -4 -3 2 -4 0 -3 4 4 -1 -1 1 0 0 5 2 0 2 0 3 -1 -1 -3 -4 2 -3 -2 5 0 0 0 -1 0 0 3 -2 3 2 0 2 3 1 -1 1 -2 3 0 -2 -2 0 0 -2 1 -1 2 -2 -1 -4 2 -1 -2 3 4 0 4 1 5 -2 -3 3 -3 5 4 -1 2 -3 1 4 -4 3 4 0 5 4 -3 -2 0 0 -4 -3 -4 -1 1 -2 0 -4 -2 -2 -4 -4 -1

113 25 308.101103 0 -2 5 -3 2 -3 5 1 2 -4 -2 3 -4 0 -5 -3 -2 1 -1 0 0 0 0 -3 -4 1 -4 0 0 5 0 5 1 0 5 -3 -1 0 3 2 3 5 0 3 3 1 -1 3 2 -4 0 0 -1 2 1 0 -3 3 5 -1 -3 0 -4 5 -2 -4 -2 0 -4 -4 0 -1 3 0 1 2 -4 1 4 -1 -2 -1 2 -4 2 4 -5 -2 2 2 -4 -3 1 -3 -1 0 -2 0 1 -1 3 0 -4 -4 -1 -2 0 2 2 4 4 5 -3 3 -1 -3 0 1 -2 -4 0 1 5 -1 4 -3 0 3 3 4 1 0 -4 5 2 3 -3 5 -1 -1 1 -2 -1 -3 2 0 -1 -4 1 -4 0 0 -2 0 0 -4 -3 2 -4 0 -3 4 4 -1 -1 1 0 0 5 2 0 2 0 3 -1 -1 -3 -4 2 -3 -2 5 0 0 0 -1 0 0 3 -2 3 2 0 2 3 1 -1 1 -2 3 0 -2 -2 0 0 -2 1 -1 2 -2 -1 -4 2 -1 -2 3 4 0 4 1 5 -2 -3 3 -3 5 4 -1 2 -3 1 4 -4 3 4 0 5 4 -3 -2 0 0 -4 -3 -4 -1 1 -2 0 -4 -2 -2 -4 -4 -1

114 24 308.101103 0 -2 5 -3 2 -3 5 1 2 -4 -2 3 -4 0 -5 -3 -2 1 -1 0 0 0 0 -3 -4 1 -4 0 0 5 0 5 1 0 5 -3 -1 0 3 2 3 5 0 3 3 1 -1 3 2 -4 0 0 -1 2 1 0 -3 3 5 -1 -3 0 -4 5 -2 -4 -2 0 -4 -4 0 -1 3 0 1 2 -4 1 4 -1 -2 -1 2 -4 2 4 -5 -2 2 2 -4 -3 1 -3 -1 0 -2 0 1 -1 3 0 -4 -4 -1 -2 0 2 2 4 4 5 -3 3 -1 -3 0 1 -2 -4 0 1 5 -1 4 -3 0 3 3 4 1 0 -4 5 2 3 -3 5 -1 -1 1 -2 -1 -3 2 0 -1 -4 1 -4 0 0 -2 0 0 -4 -3 2 -4 0 -3 4 4 -1 -1 1 0 0 5 2 0 2 0 3 -1 -1 -3 -4 2 -3 -2 5 0 0 0 -1 0 0 3 -2 3 2 0 2 3 1 -1 1 -2 3 0 -2 -2 0 0 -2 1 -1 2 -2 -1 -4 2 -1 -2 3 4 0 4 1 5 -2 -3 3 -3 5 4 -1 2 -3 1 4 -4 3 4 0 5 4 -3 -2 0 0 -4 -3 -4 -1 1 -2 0 -4 -2 -2 -4 -4 -1

115 22 308.101103 0 -2 5 -3 2 -3 5 1 2 -4 -2 3 -4 0 -5 -3 -2 1 -1 0 0 0 0 -3 -4 1 -4 0 0 5 0 5 1 0 5 -3 -1 0 3 2 3 5 0 3 3 1 -1 3 2 -4 0 0 -1 2 1 0 -3 3 5 -1 -3 0 -4 5 -2 -4 -2 0 -4 -4 0 -1 3 0 1 2 -4 1 4 -1 -2 -1 2 -4 2 4 -5 -2 2 2 -4 -3 1 -3 -1 0 -2 0 1 -1 3 0 -4 -4 -1 -2 0 2 2 4 4 5 -3 3 -1 -3 0 1 -2 -4 0 1 5 -1 4 -3 0 3 3 4 1 0 -4 5 2 3 -3 5 -1 -1 1 -2 -1 -3 2 0 -1 -4 1 -4 0 0 -2 0 0 -4 -3 2 -4 0 -3 4 4 -1 -1 1 0 0 5 2 0 2 0 3 -1 -1 -3 -4 2 -3 -2 5 0 0 0 -1 0 0 3 -2 3 2 0 2 3 1 -1 1 -2 3 0 -2 -2 0 0 -2 1 -1 2 -2 -1 -4 2 -1 -2 3 4 0 4 1 5 -2 -3 3 -3 5 4 -1 2 -3 1 4 -4 3 4 0 5 4 -3 -2 0 0 -4 -3 -4 -1 1 -2 0 -4 -2 -2 -4 -4 -1

116 21 308.101103 0 -2 5 -3 2 -3 5 1 2 -4 -2 3 -4 0 -5 -3 -2 1 -1 0 0 0 0 -3 -4 1 -4 0 0 5 0 5 1 0 5 -3 -1 0 3 2 3 5 0 3 3 1 -1 3 2 -4 0 0 -1 2 1 0 -3 3 5 -1 -3 0 -4 5 -2 -4 -2 0 -4 -4 0 -1 3 0 1 2 -4 1 4 -1 -2 -1 2 -4 2 4 -5 -2 2 2 -4 -3 1 -3 -1 0 -2 0 1 -1 3 0 -4 -4 -1 -2 0 2 2 4 4 5 -3 3 -1 -3 0 1 -2 -4 0 1 5 -1 4 -3 0 3 3 4 1 0 -4 5 2 3 -3 5 -1 -1 1 -2 -1 -3 2 0 -1 -4 1 -4 0 0 -2 0 0 -4 -3 2 -4 0 -3 4 4 -1 -1 1 0 0 5 2 0 2 0 3 -1 -1 -3 -4 2 -3 -2 5 0 0 0 -1 0 0 3 -2 3 2 0 2 3 1 -1 1 -2 3 0 -2 -2 0 0 -2 1 -1 2 -2 -1 -4 2 -1 -2 3 4 0 4 1 5 -2 -3 3 -3 5 4 -1 2 -3 1 4 -4 3 4 0 5 4 -3 -2 0 0 -4 -3 -4 -1 1 -2 0 -4 -2 -2 -4 -4 -1

117 21 308.101103 0 -2 5 -3 2 -3 5 1 2 -4 -2 3 -4 0 -5 -3 -2 1 -1 0 0 0 0 -3 -4 1 -4 0 0 5 0 5 1 0 5 -3 -1 0 3 2 3 5 0 3 3 1 -1 3 2 -4 0 0 -1 2 1 0 -3 3 5 -1 -3 0 -4 5 -2 -4 -2 0 -4 -4 0 -1 3 0 1 2 -4 1 4 -1 -2 -1 2 -4 2 4 -5 -2 2 2 -4 -3 1 -3 -1 0 -2 0 1 -1 3 0 -4 -4 -1 -2 0 2 2 4 4 5 -3 3 -1 -3 0 1 -2 -4 0 1 5 -1 4 -3 0 3 3 4 1 0 -4 5 2 3 -3 5 -1 -1 1 -2 -1 -3 2 0 -1 -4 1 -4 0 0 -2 0 0 -4 -3 2 -4 0 -3 4 4 -1 -1 1 0 0 5 2 0 2 0 3 -1 -1 -3 -4 2 -3 -2 5 0 0 0 -1 0 0 3 -2 3 2 0 2 3 1 -1 1 -2 3 0 -2 -2 0 0 -2 1 -1 2 -2 -1 -4 2 -1 -2 3 4 0 4 1 5 -2 -3 3 -3 5 4 -1 2 -3 1 4 -4 3 4 0 5 4 -3 -2 0 0 -4 -3 -4 -1 1 -2 0 -4 -2 -2 -4 -4 -1

118 20 308.101103 0 -2 5 -3 2 -3 5 1 2 -4 -2 3 -4 0 -5 -3 -2 1 -1 0 0 0 0 -3 -4 1 -4 0 0 5 0 5 1 0 5 -3 -1 0 3 2 3 5 0 3 3 1 -1 3 2 -4 0 0 -1 2 1 0 -3 3 5 -1 -3 0 -4 5 -2 -4 -2 0 -4 -4 0 -1 3 0 1 2 -4 1 4 -1 -2 -1 2 -4 2 4 -5 -2 2 2 -4 -3 1 -3 -1 0 -2 0 1 -1 3 0 -4 -4 -1 -2 0 2 2 4 4 5 -3 3 -1 -3 0 1 -2 -4 0 1 5 -1 4 -3 0 3 3 4 1 0 -4 5 2 3 -3 5 -1 -1 1 -2 -1 -3 2 0 -1 -4 1 -4 0 0 -2 0 0 -4 -3 2 -4 0 -3 4 4 -1 -1 1 0 0 5 2 0 2 0 3 -1 -1 -3 -4 2 -3 -2 5 0 0 0 -1 0 0 3 -2 3 2 0 2 3 1 -1 1 -2 3 0 -2 -2 0 0 -2 1 -1 2 -2 -1 -4 2 -1 -2 3 4 0 4 1 5 -2 -3 3 -3 5 4 -1 2 -3 1 4 -4 3 4 0 5 4 -3 -2 0 0 -4 -3 -4 -1 1 -2 0 -4 -2 -2 -4 -4 -1

119 17 308.101103 0 -2 5 -3 2 -3 5 1 2 -4 -2 3 -4 0 -5 -3 -2 1 -1 0 0 0 0 -3 -4 1 -4 0 0 5 0 5 1 0 5 -3 -1 0 3 2 3 5 0 3 3 1 -1 3 2 -4 0 0 -1 2 1 0 -3 3 5 -1 -3 0 -4 5 -2 -4 -2 0 -4 -4 0 -1 3 0 1 2 -4 1 4 -1 -2 -1 2 -4 2 4 -5 -2 2 2 -4 -3 1 -3 -1 0 -2 0 1 -1 3 0 -4 -4 -1 -2 0 2 2 4 4 5 -3 3 -1 -3 0 1 -2 -4 0 1 5 -1 4 -3 0 3 3 4 1 0 -4 5 2 3 -3 5 -1 -1 1 -2 -1 -3 2 0 -1 -4 1 -4 0 0 -2 0 0 -4 -3 2 -4 0 -3 4 4 -1 -1 1 0 0 5 2 0 2 0 3 -1 -1 -3 -4 2 -3 -2 5 0 0 0 -1 0 0 3 -2 3 2 0 2 3 1 -1 1 -2 3 0 -2 -2 0 0 -2 1 -1 2 -2 -1 -4 2 -1 -2 3 4 0 4 1 5 -2 -3 3 -3 5 4 -1 2 -3 1 4 -4 3 4 0 5 4 -3 -2 0 0 -4 -3 -4 -1 1 -2 0 -4 -2 -2 -4 -4 -1

