
0 47 584.011148 -3 1 1 3 3 -3 1 0 -1 0 -2 -3 2 -2 0 4 -3 -3 -1 5 4 4 -4 5 0 2 4 1 0 4 -3 2 0 2 0 -2 3 -4 3 -3 0 5 -1 -3 -3 2 5 -1 4 -1 -2 2 -2 -2 2 2 5 1 -2 0 0 -1 -3 4 -4 1 -3 4 1 4 5 -4 3 -1 -3 5 -4 -3 -1 4 0 0 1 3 3 -1 0 2 4 1 -3 -1 5 -1 -3 5 4 -2 3 0 -3 3 0 5 -3 2 4 -3 4 -3 5 -1 2 0 -3 0 3 0 -4 2 -3 -2 5 -4 0 -3 -4 0 0 4 4 0 2 -1 0 3 5 -1 4 3 0 3 -3 -3 -1 -2 0 -3 3 1 3 4 4 3 5 -1 4 5 3 -2 4 1 3 0 4 -3 -2 4 0 -4 1 4 4 3 5 -2 -4 0 0 3 -3 -2 1 5 5 1 -1 4 1 -4 -3 0 1 4 4 0 -4 -4 -1 0 -3 5 -1 -4 3 -1 -1 3 4 2 0 5 4 -3 4 4 3 -3 2 -1 -3 4 2 3 2 0 -2 2 1 0 -3 3 0 0 4 -2 3 -3 5 1 4 0 0 3 2 -1 1 0 0 -1 2 1 -3 -1 -1

0 8 498.242053 4 -1 0 0 2 1 2 5 5 0 2 4 0 -2 -2 -2 2 -2 -1 4 5 0 -4 -4 4 0 0 -2 0 3 -3 0 -3 1 4 3 -2 1 3 -3 -4 0 5 0 3 -2 3 0 0 -3 -1 -1 1 0 -1 0 4 4 2 -1 2 4 2 3 0 1 1 1 -3 -1 3 -2 4 3 3 1 5 1 -4 -1 2 0 2 -2 3 -4 2 2 4 0 -4 0 -2 3 -2 2 -1 4 -1 0 -2 -4 2 -4 4 0 2 3 -4 2 -3 3 -4 4 -4 4 4 2 1 3 -3 1 -2 -1 -1 0 -4 2 0 -1 -3 1 0 4 1 -2 -1 -2 -4 0 5 -2 -3 -4 -4 -3 5 5 4 0 2 5 -4 5 -1 0 0 -1 -4 4 2 -2 0 -4 -4 -4 -1 0 -1 0 3 -2 1 4 -1 2 -4 -2 1 4 3 -1 3 3 -1 -3 -2 3 0 -1 2 -3 0 -4 -2 1 -4 1 5 0 5 3 2 1 1 5 -2 1 -2 4 0 5 -2 -1 3 0 0 5 -1 4 -2 5 -4 3 5 -2 -1 -4 3 -1 0 3 -4 -3 -1 2 -4 0 -1 -2 0 3 -3 1 -4 4 -3 0 4 0 -1 -3 0 -1 4

0 9 331.510070 0 1 -2 0 -1 0 5 -3 0 -4 0 -3 -3 5 0 -1 -1 -2 0 5 -2 0 -3 2 -2 1 -4 -1 5 -1 -2 -1 5 0 3 -1 4 2 0 0 3 3 1 4 3 -4 -2 -4 -2 2 -4 0 -3 -3 -2 -1 2 -2 2 2 1 5 5 0 -1 3 4 -2 0 -2 2 -2 -4 -2 -4 3 -1 -2 3 0 5 4 -4 -4 5 -2 0 2 0 -4 -1 -4 -4 -1 1 0 -4 0 1 0 1 -1 2 2 0 2 0 3 5 -2 -1 4 -4 0 4 -4 1 -2 3 -3 -1 -4 -3 0 -1 3 3 0 -2 -1 4 3 1 0 0 -3 -2 4 5 -2 -4 -1 -4 -4 2 5 -3 -1 -3 4 0 0 4 1 4 -2 -1 1 1 0 5 0 -1 1 -4 3 2 -1 1 2 0 2 5 0 2 2 0 3 5 1 1 0 -3 0 5 -4 3 -1 1 0 4 1 4 -3 -3 4 5 4 -2 1 0 2 -2 0 -3 5 -2 1 3 -2 -2 0 1 -1 4 1 -1 2 4 5 -4 2 0 4 4 2 3 4 0 5 0 -4 2 1 1 4 1 3 0 -1 5 1 3 1 5 1 -3 -2 -1 -4 -3 -1 3 2 -2

0 22 318.952934 5 5 0 3 -2 2 -4 2 5 0 5 -4 0 5 0 1 5 4 5 0 0 -1 -4 -1 -4 4 2 1 -4 5 2 -4 4 -3 4 -4 3 4 3 2 0 2 2 3 2 -2 -1 2 -3 -1 -4 0 1 -3 3 2 5 0 -1 -4 0 5 -3 -2 -4 5 -1 4 4 -3 1 -2 3 -1 -4 0 0 0 -3 1 3 -3 -3 -1 -2 5 -4 -2 0 0 -1 3 -1 0 -4 0 0 0 -1 -2 1 4 0 -1 -2 1 3 2 5 4 -1 3 -4 0 -3 -1 -1 -3 1 2 0 4 0 4 -1 1 -1 3 -4 1 5 1 0 0 4 2 -4 2 -1 -4 1 1 3 2 -4 4 5 0 -4 1 -4 1 0 1 0 4 -3 2 1 -3 -1 1 2 3 -4 1 0 -4 -1 2 -3 4 -1 4 0 0 3 0 3 4 -3 4 0 1 0 4 0 0 1 5 2 4 0 0 1 0 5 -4 1 -2 2 3 -3 -4 2 2 0 0 -3 -2 -2 -2 -4 2 4 0 0 -2 -4 -4 -2 2 5 2 -4 1 -2 -4 1 4 -1 -1 1 0 0 -2 -4 4 2 -2 -3 4 0 -3 0 -2 1 -4 0 2 -3 2 -1 -4 -1

0 85 308.362374 -2 -4 -1 4 4 5 -2 2 -4 -3 1 3 -3 2 4 5 -1 0 4 3 -1 -1 4 0 5 1 5 -1 -2 4 0 0 4 4 -1 3 4 0 0 5 2 -4 2 3 2 1 2 -4 -4 0 3 0 4 2 3 3 -2 2 -3 0 0 1 4 0 0 -2 -3 -1 3 0 -2 0 1 5 -2 -2 0 4 -1 1 0 -3 5 -2 3 2 -4 5 0 -3 0 4 3 -1 -2 -1 1 0 1 -1 5 4 3 0 3 5 3 -1 4 -4 4 -2 -3 3 0 4 0 0 4 4 2 -2 3 0 0 -4 3 -4 0 0 0 -1 -2 -2 3 -4 -2 0 -1 -4 1 -3 -1 2 5 3 1 0 -1 0 -1 -4 1 -3 0 -3 -3 -1 -2 0 2 2 4 5 4 2 5 -3 -2 -1 -3 3 0 0 0 0 -1 5 4 1 0 -2 2 5 -1 -3 -3 0 0 -1 5 -2 5 3 -3 4 0 -3 5 1 0 -3 0 5 1 4 -1 4 4 -2 0 -2 0 -3 -2 4 -1 -1 -1 3 2 -1 5 2 -3 -3 0 1 -1 0 -2 3 1 1 3 -2 0 -3 -4 -1 -1 1 0 4 2 2 3 5 -4 -3 3 2 0 3 -1

0 89 250.045773 -2 4 1 0 2 1 3 -3 -1 4 -3 4 -4 0 2 2 -3 5 0 0 -2 -3 -2 -3 1 2 -3 -2 1 -3 0 3 -4 -4 -3 2 1 5 4 5 3 -4 3 4 0 0 1 1 0 -3 -4 2 -2 -2 3 3 4 5 -4 0 -3 0 -2 -3 1 0 4 -2 0 2 -3 -3 3 5 -4 -2 0 2 3 4 3 4 0 -4 -4 -1 4 5 -2 4 0 -1 -1 2 0 5 -4 -2 -3 0 5 -2 2 2 -3 2 4 1 0 2 0 -3 1 5 -2 2 -1 -4 2 0 4 -4 4 -2 3 -1 -3 4 1 -1 -1 0 0 5 -2 2 2 -3 -2 -4 4 2 -2 0 2 0 -4 5 0 2 0 -1 3 -1 1 1 1 2 0 -3 5 3 2 0 2 5 -3 0 -4 0 0 5 -3 1 -1 4 -4 0 3 0 -3 -2 3 5 1 -1 0 -3 -4 5 -1 -4 2 -4 0 0 5 2 3 -4 -3 -2 -4 -1 4 0 -3 4 3 4 0 5 -3 -3 5 2 0 0 4 1 0 -2 1 -3 -2 -3 0 -2 3 -1 -1 5 1 -1 -2 0 2 -1 -1 0 -2 2 0 -1 4 0 5 -1 4 4 5 -2 -4 0 0

8 630 241.961382 0 4 1 0 1 1 2 -2 -1 1 -1 2 3 -2 2 2 -3 3 0 -2 -2 -4 -1 1 2 2 0 0 -1 -4 -1 5 -2 -1 -1 2 1 3 4 2 3 -4 0 4 0 1 0 0 0 -2 0 1 -1 0 1 1 0 2 -5 0 -2 -2 -2 -3 0 0 4 -1 0 0 -1 -4 0 -3 -5 -3 0 3 4 -5 3 3 0 -5 -4 0 4 4 -1 3 -1 -1 0 1 0 -2 -2 0 0 0 3 0 1 0 -3 -1 5 0 0 0 0 -4 0 3 0 0 0 -3 1 -1 3 -5 4 -2 5 -2 -1 4 4 -2 -1 -1 1 5 -1 0 3 0 1 -3 3 3 -1 -1 0 0 -4 5 0 1 0 0 5 0 1 1 3 0 0 0 2 4 2 0 0 4 0 0 -5 -1 2 4 -1 1 1 5 -3 0 4 1 0 -2 2 4 0 -3 0 0 -5 1 0 -4 2 4 -1 1 3 0 1 -4 0 -2 -2 -2 4 0 -2 2 2 1 0 4 -2 -1 3 2 1 1 5 2 1 -1 -1 -4 -2 -2 0 -1 3 0 0 2 0 0 -2 0 0 -1 0 0 -2 0 0 1 0 -1 -5 -1 2 2 5 1 -4 1 0

11 371 231.191408 -2 -1 1 -1 4 1 3 -3 5 2 -3 4 -4 0 2 2 -3 5 0 0 -1 -3 2 -3 1 2 -2 -2 0 -2 0 4 0 -4 -3 2 1 4 4 5 3 -4 3 4 0 0 1 1 0 -3 -2 1 -2 -2 2 3 4 4 -5 0 -2 0 -2 -3 2 0 4 -2 0 2 -3 -3 3 5 -4 -3 0 2 0 5 3 4 0 -4 -5 0 4 4 -2 -1 0 -1 -1 0 0 -4 -4 -1 -3 0 5 -2 2 2 -3 4 4 0 0 2 0 -4 0 5 -2 2 -1 -2 2 0 3 -2 4 -2 3 -1 -3 4 1 0 -1 -1 0 0 -2 2 2 -1 -2 -4 4 -3 -3 -1 1 0 -4 5 0 1 0 0 3 -1 0 0 2 2 0 -3 5 3 2 0 2 5 4 0 -4 0 0 0 -3 1 0 0 -4 0 3 4 -2 -2 3 5 0 -1 0 -1 -4 5 -1 -4 2 -4 0 -1 5 2 3 -4 -3 -2 -4 -1 4 0 -3 4 3 3 0 4 -3 -3 5 1 0 0 5 1 0 -2 0 -3 -2 -2 0 -2 3 -4 -1 5 -3 -1 -3 0 1 -1 -1 0 -3 2 0 0 3 0 -4 0 5 4 4 -2 -4 0 -1

11 606 229.675948 0 1 1 0 1 4 -4 -1 3 1 0 -3 4 4 0 2 -3 -3 3 0 -4 0 0 -4 1 2 1 -1 0 5 0 2 1 -2 0 -2 -3 -3 1 -2 1 0 3 0 4 0 3 3 1 2 -3 2 -1 1 2 -2 0 -1 0 5 -1 2 -3 4 1 2 4 3 1 1 2 -4 -3 -4 2 -5 -4 2 0 4 0 5 0 4 2 -2 3 5 1 -1 -2 4 -2 -1 -5 0 -1 4 -1 0 0 5 1 2 2 4 1 -3 0 1 4 4 1 0 5 -2 4 4 1 1 0 -2 -4 -2 4 2 2 1 3 0 5 -3 -2 1 0 4 0 -2 3 1 4 2 0 -1 1 0 1 2 -4 0 4 -4 -3 4 5 0 3 4 4 -1 2 4 1 -1 -4 5 -3 0 -5 5 5 0 0 0 -4 1 0 0 -4 -4 4 -3 -3 4 0 4 -2 0 0 0 4 -3 5 -1 0 5 -3 0 -1 0 -1 0 2 5 0 1 -3 3 3 3 3 3 -1 5 4 1 -1 0 0 2 4 -4 -2 3 0 -2 3 2 1 -3 3 -1 1 0 5 0 0 -1 0 0 -1 0 -2 0 0 1 -5 0 -1 3 4 0 -4 -1 1

12 407 217.767484 -4 -1 0 -1 3 2 -4 -1 5 0 -1 1 4 -1 2 2 -3 4 0 -1 -2 1 2 0 1 -2 -2 -1 0 -2 0 4 0 -3 -3 2 1 3 4 5 1 -4 2 4 1 1 0 3 -1 4 -2 0 -1 1 0 2 0 4 -4 0 3 -1 -2 -3 0 0 4 4 0 0 0 -4 2 -4 -4 -3 0 2 0 -4 3 4 1 -5 -4 0 4 4 0 -1 -1 0 -2 2 0 -4 -1 0 0 0 4 0 0 2 -4 0 5 0 0 2 -3 -4 0 3 -1 0 -1 -2 1 0 3 -2 4 -2 4 -2 -3 4 3 0 0 0 0 4 0 0 2 -1 3 -3 4 3 -3 -1 1 0 -4 5 0 1 1 0 3 0 0 0 2 1 0 -1 5 4 2 1 1 5 0 0 -4 0 1 0 -2 0 0 0 -3 0 3 0 4 -1 4 4 0 -2 0 0 -4 0 0 -4 2 -5 0 0 4 -1 -1 -5 0 -3 -3 -1 5 -1 -2 2 3 3 0 4 -2 -2 5 1 -2 -2 5 2 0 1 0 -4 -1 -2 2 -2 3 0 -1 4 -3 0 -2 0 1 -1 -1 1 -3 1 0 0 3 0 -5 1 4 3 4 0 -4 0 1

14 294 214.554796 0 -1 1 -1 1 2 -4 -3 5 4 -3 3 -4 -1 2 2 -3 4 0 0 -2 1 -1 2 2 2 -3 0 0 -3 0 5 -2 -3 -3 2 0 4 4 5 3 -4 2 4 0 0 1 0 0 -3 -4 1 -1 0 2 2 0 2 -4 0 -2 2 -2 -3 2 0 4 -2 0 1 -3 -3 3 -4 -4 -3 -2 2 3 5 2 4 1 -4 -4 -1 4 5 -1 4 -1 0 -1 2 0 -4 -4 0 0 0 5 -1 0 2 -4 -1 5 0 0 2 0 -4 0 3 -2 0 -1 -4 2 0 3 -5 4 -2 5 -3 -1 4 4 -1 0 -1 0 5 -1 2 2 -1 3 -4 4 -3 -2 -1 1 0 -3 5 0 1 0 0 4 -1 1 0 2 2 0 -2 4 4 2 1 0 5 0 -1 -4 0 0 5 -2 1 -1 5 -3 0 3 1 -1 -2 3 4 0 -1 0 -1 -3 3 0 -4 2 -4 0 -1 4 1 2 -5 0 -3 -2 -2 4 0 -3 4 3 3 0 4 -2 -3 5 1 -2 -2 4 1 0 -2 -1 -3 -2 -2 0 -1 3 0 -1 -1 0 0 -2 0 1 -2 -1 1 -3 1 0 1 4 0 -4 0 4 2 4 1 -4 0 0

14 411 177.496160 0 -1 1 0 1 0 -4 -1 -1 0 -2 3 4 -2 3 2 -3 4 0 -1 -2 -4 -1 -1 1 2 -2 0 0 -2 0 5 0 -4 -4 1 0 3 4 2 3 -4 0 4 0 0 0 1 -1 -4 0 1 -1 0 0 1 2 4 -4 0 -3 -1 -2 -3 0 0 4 -3 0 0 0 -4 2 -3 -5 -3 0 2 3 -5 3 3 1 -5 -4 0 3 4 -1 3 -1 0 -1 2 0 -4 -1 0 -1 0 3 0 0 3 -4 -1 5 0 0 0 0 -4 0 3 -1 2 0 -2 1 -1 3 -2 5 -2 5 -2 -3 4 4 -2 -1 -1 1 4 0 0 2 0 3 -3 4 3 -3 -1 1 0 -4 5 0 1 0 0 3 0 1 0 2 1 0 -1 5 4 2 0 1 5 -2 0 -5 0 1 0 -1 0 1 5 -3 0 2 1 -1 -1 4 4 0 -2 0 0 -3 3 0 -4 2 -5 0 0 4 -1 -1 -4 0 -2 -2 -1 4 0 -3 3 2 4 0 4 -2 -2 4 2 -2 1 5 1 0 -2 0 -3 0 -2 0 -1 3 0 -1 5 2 0 -2 0 0 -1 0 1 -3 1 0 0 0 0 -5 0 4 3 4 1 -4 0 -1

26 124 177.446575 -4 -1 0 -1 4 3 -4 -3 -1 2 -2 1 -2 -1 2 2 -3 4 0 -1 -2 1 -1 -1 1 2 -2 0 0 -4 0 4 0 -4 0 2 -1 5 2 2 3 -4 2 4 -4 0 1 1 -1 4 -2 1 -1 0 -1 -2 0 4 -4 2 3 0 -2 -1 2 0 4 4 0 1 0 -4 3 -4 -4 -3 -4 2 0 5 3 5 -1 -4 -4 0 4 4 0 3 -1 0 -2 0 -1 -4 -1 0 0 0 4 3 0 2 -4 4 3 0 0 2 -1 -4 -4 3 -1 0 4 -3 1 0 -3 -2 5 -2 5 -1 -3 1 3 -1 -1 -1 0 4 -1 0 2 -2 3 -3 4 1 -3 -2 0 0 1 5 1 1 0 -4 4 0 -1 0 2 0 3 -2 -3 4 2 1 0 5 4 0 -2 0 0 0 -3 -4 0 0 -3 0 2 -4 4 -3 3 4 0 4 -2 1 0 0 0 -3 2 -5 0 0 4 -4 3 -4 -1 -1 2 -1 4 0 -3 3 3 3 0 4 -4 -5 4 1 -2 -2 5 2 2 -2 0 -3 -1 -2 0 -1 3 0 -1 -1 -3 0 -1 0 1 -1 0 1 -3 5 0 1 1 0 -5 1 2 3 5 0 -4 0 -1

30 473 164.079498 -4 4 1 -2 1 3 -4 -3 -1 0 0 1 3 -2 3 2 -3 2 0 -1 -2 -4 2 -1 0 2 -2 0 0 -4 0 4 0 -4 -3 0 0 -3 4 2 1 -4 2 4 0 1 0 1 -1 4 -4 2 -1 0 -1 -1 2 2 -5 0 3 0 -2 -1 2 0 3 4 0 1 -3 -4 2 -4 2 -5 -2 2 1 -4 2 4 1 -4 -2 -1 4 4 -1 -1 -1 0 -2 0 -1 -4 -3 0 0 0 4 3 2 2 -4 4 3 0 0 2 -1 -4 0 0 5 2 4 -2 1 1 3 -2 2 -2 0 -1 2 1 3 -1 -1 0 1 5 0 0 2 -1 3 -3 4 1 -3 -2 0 0 -3 5 1 1 0 -4 4 0 0 0 3 1 0 -1 3 3 2 0 0 4 -2 -2 -5 0 0 0 -2 0 1 0 -1 1 1 0 4 -2 3 4 0 4 0 -1 0 3 0 -3 2 4 0 0 4 -4 3 -4 -1 0 2 -1 4 -1 -2 3 3 3 0 0 -1 -1 4 1 0 -2 5 2 2 -2 0 -3 0 -2 2 -1 3 0 -1 -1 -3 0 -1 0 1 -1 -1 1 -3 0 0 0 1 0 -4 1 2 3 4 0 -4 0 1

97 507 153.616808 0 -1 0 -1 4 0 -4 -3 -1 2 -1 1 4 -1 2 2 -3 4 0 0 -2 1 2 2 1 2 -2 0 0 -2 -1 5 0 -4 -3 2 -1 5 3 4 3 -4 2 4 0 0 0 1 -1 4 -1 -1 -1 -1 -1 -2 0 4 -1 0 -3 0 -3 -1 2 0 3 4 0 1 -2 -4 3 -4 -4 -3 -4 2 0 -4 3 4 -1 -4 -4 3 4 4 -1 -2 0 0 -2 0 -1 0 -2 0 -2 0 4 3 0 2 -4 1 5 0 0 3 -1 -4 -1 2 5 -2 4 -3 1 1 0 -4 5 -2 5 -2 -3 1 3 -1 0 0 0 5 0 0 2 -2 3 -5 4 1 -3 -2 0 0 -3 5 0 1 0 0 4 0 -1 0 0 0 3 -2 -3 3 2 1 0 5 4 -1 -5 0 0 0 -3 -4 0 0 -2 1 2 -4 4 -2 3 4 0 4 -2 0 0 3 0 -3 3 -5 0 0 4 -4 3 -4 -1 -1 2 -2 4 0 -3 4 2 3 0 4 -4 -4 4 2 0 -2 1 2 2 -2 0 -3 -1 -2 0 -1 3 -4 -1 -1 -3 0 0 0 1 -1 0 0 -3 5 0 0 0 0 -5 0 2 4 4 0 -4 0 -1

