100 16 205.013144 -4 0 4 5 0 -3 2 -3 0 4 3 -2 2 -2 3 0 2 1 -1 -1 -5 0 1 -1 -3 0 -2 2 -3 -1 -2 -1 0 5 5 0 0 3 0 -3 4 -2 3 -3 1 0 0 0 0 -3 -2 2 -4 2 2 5 0 -1 -3 5 0 -1 4 4 -2 -2 1 -1 1 2 3 -1 1 0 2 -1 3 -1 -3 -1 1 -4 -4 -1 0 2 -3 -2 -2 0 0 -3 -3 0 1 3 -2 0 -4 3 0 -1 1 -2 -2 4 0 0 2 4 0 0 0 -1 0 1 0 -2 -4 -4 0 -3 3 0 2 2 1 -2 4 1 0 4 0 -4 0 1 0 0 -2 3 -1 -1 -2 3 -2 -4 0 -4 -3 -3 0 -2 2 -3 5 3 -1 5 -1 3 -2 4 0 2 -4 -1 0 0 3 -3 5 0 1 0 0 3 0 -2 2 -5 3 0 0 -1 -4 1 0 4 0 1 4 0 -1 5 1 2 -2 -2 4 0 -1 -3 2 0 -1 0 5 1 2 0 -5 0 0 0 1 4 -2 4 3 -1 4 2 -3 0 -4 5 1 -3 5 1 3 5 -3 -2 -2 -3 -1 4 2 0 -2 0 -2 0 4 0 4 3 4 -1 0 2 0 1 -1

81 431 205.013144 -4 0 4 5 0 -3 2 -3 0 4 3 -2 2 -2 3 0 2 1 -1 -1 -5 0 1 -1 -3 0 -2 2 -3 -1 -2 -1 0 5 5 0 0 3 0 -3 4 -2 3 -3 1 0 0 0 0 -3 -2 2 -4 2 2 5 0 -1 -3 5 0 -1 4 4 -2 -2 1 -1 1 2 3 -1 1 0 2 -1 3 -1 -3 -1 1 -4 -4 -1 0 2 -3 -2 -2 0 0 -3 -3 0 1 3 -2 0 -4 3 0 -1 1 -2 -2 4 0 0 2 4 0 0 0 -1 0 1 0 -2 -4 -4 0 -3 3 0 2 2 1 -2 4 1 0 4 0 -4 0 1 0 0 -2 3 -1 -1 -2 3 -2 -4 0 -4 -3 -3 0 -2 2 -3 5 3 -1 5 -1 3 -2 4 0 2 -4 -1 0 0 3 -3 5 0 1 0 0 3 0 -2 2 -5 3 0 0 -1 -4 1 0 4 0 1 4 0 -1 5 1 2 -2 -2 4 0 -1 -3 2 0 -1 0 5 1 2 0 -5 0 0 0 1 4 -2 4 3 -1 4 2 -3 0 -4 5 1 -3 5 1 3 5 -3 -2 -2 -3 -1 4 2 0 -2 0 -2 0 4 0 4 3 4 -1 0 2 0 1 -1

82 38 205.013144 -4 0 4 5 0 -3 2 -3 0 4 3 -2 2 -2 3 0 2 1 -1 -1 -5 0 1 -1 -3 0 -2 2 -3 -1 -2 -1 0 5 5 0 0 3 0 -3 4 -2 3 -3 1 0 0 0 0 -3 -2 2 -4 2 2 5 0 -1 -3 5 0 -1 4 4 -2 -2 1 -1 1 2 3 -1 1 0 2 -1 3 -1 -3 -1 1 -4 -4 -1 0 2 -3 -2 -2 0 0 -3 -3 0 1 3 -2 0 -4 3 0 -1 1 -2 -2 4 0 0 2 4 0 0 0 -1 0 1 0 -2 -4 -4 0 -3 3 0 2 2 1 -2 4 1 0 4 0 -4 0 1 0 0 -2 3 -1 -1 -2 3 -2 -4 0 -4 -3 -3 0 -2 2 -3 5 3 -1 5 -1 3 -2 4 0 2 -4 -1 0 0 3 -3 5 0 1 0 0 3 0 -2 2 -5 3 0 0 -1 -4 1 0 4 0 1 4 0 -1 5 1 2 -2 -2 4 0 -1 -3 2 0 -1 0 5 1 2 0 -5 0 0 0 1 4 -2 4 3 -1 4 2 -3 0 -4 5 1 -3 5 1 3 5 -3 -2 -2 -3 -1 4 2 0 -2 0 -2 0 4 0 4 3 4 -1 0 2 0 1 -1

83 37 205.013144 -4 0 4 5 0 -3 2 -3 0 4 3 -2 2 -2 3 0 2 1 -1 -1 -5 0 1 -1 -3 0 -2 2 -3 -1 -2 -1 0 5 5 0 0 3 0 -3 4 -2 3 -3 1 0 0 0 0 -3 -2 2 -4 2 2 5 0 -1 -3 5 0 -1 4 4 -2 -2 1 -1 1 2 3 -1 1 0 2 -1 3 -1 -3 -1 1 -4 -4 -1 0 2 -3 -2 -2 0 0 -3 -3 0 1 3 -2 0 -4 3 0 -1 1 -2 -2 4 0 0 2 4 0 0 0 -1 0 1 0 -2 -4 -4 0 -3 3 0 2 2 1 -2 4 1 0 4 0 -4 0 1 0 0 -2 3 -1 -1 -2 3 -2 -4 0 -4 -3 -3 0 -2 2 -3 5 3 -1 5 -1 3 -2 4 0 2 -4 -1 0 0 3 -3 5 0 1 0 0 3 0 -2 2 -5 3 0 0 -1 -4 1 0 4 0 1 4 0 -1 5 1 2 -2 -2 4 0 -1 -3 2 0 -1 0 5 1 2 0 -5 0 0 0 1 4 -2 4 3 -1 4 2 -3 0 -4 5 1 -3 5 1 3 5 -3 -2 -2 -3 -1 4 2 0 -2 0 -2 0 4 0 4 3 4 -1 0 2 0 1 -1

84 35 205.013144 -4 0 4 5 0 -3 2 -3 0 4 3 -2 2 -2 3 0 2 1 -1 -1 -5 0 1 -1 -3 0 -2 2 -3 -1 -2 -1 0 5 5 0 0 3 0 -3 4 -2 3 -3 1 0 0 0 0 -3 -2 2 -4 2 2 5 0 -1 -3 5 0 -1 4 4 -2 -2 1 -1 1 2 3 -1 1 0 2 -1 3 -1 -3 -1 1 -4 -4 -1 0 2 -3 -2 -2 0 0 -3 -3 0 1 3 -2 0 -4 3 0 -1 1 -2 -2 4 0 0 2 4 0 0 0 -1 0 1 0 -2 -4 -4 0 -3 3 0 2 2 1 -2 4 1 0 4 0 -4 0 1 0 0 -2 3 -1 -1 -2 3 -2 -4 0 -4 -3 -3 0 -2 2 -3 5 3 -1 5 -1 3 -2 4 0 2 -4 -1 0 0 3 -3 5 0 1 0 0 3 0 -2 2 -5 3 0 0 -1 -4 1 0 4 0 1 4 0 -1 5 1 2 -2 -2 4 0 -1 -3 2 0 -1 0 5 1 2 0 -5 0 0 0 1 4 -2 4 3 -1 4 2 -3 0 -4 5 1 -3 5 1 3 5 -3 -2 -2 -3 -1 4 2 0 -2 0 -2 0 4 0 4 3 4 -1 0 2 0 1 -1

85 33 205.013144 -4 0 4 5 0 -3 2 -3 0 4 3 -2 2 -2 3 0 2 1 -1 -1 -5 0 1 -1 -3 0 -2 2 -3 -1 -2 -1 0 5 5 0 0 3 0 -3 4 -2 3 -3 1 0 0 0 0 -3 -2 2 -4 2 2 5 0 -1 -3 5 0 -1 4 4 -2 -2 1 -1 1 2 3 -1 1 0 2 -1 3 -1 -3 -1 1 -4 -4 -1 0 2 -3 -2 -2 0 0 -3 -3 0 1 3 -2 0 -4 3 0 -1 1 -2 -2 4 0 0 2 4 0 0 0 -1 0 1 0 -2 -4 -4 0 -3 3 0 2 2 1 -2 4 1 0 4 0 -4 0 1 0 0 -2 3 -1 -1 -2 3 -2 -4 0 -4 -3 -3 0 -2 2 -3 5 3 -1 5 -1 3 -2 4 0 2 -4 -1 0 0 3 -3 5 0 1 0 0 3 0 -2 2 -5 3 0 0 -1 -4 1 0 4 0 1 4 0 -1 5 1 2 -2 -2 4 0 -1 -3 2 0 -1 0 5 1 2 0 -5 0 0 0 1 4 -2 4 3 -1 4 2 -3 0 -4 5 1 -3 5 1 3 5 -3 -2 -2 -3 -1 4 2 0 -2 0 -2 0 4 0 4 3 4 -1 0 2 0 1 -1

86 32 205.013144 -4 0 4 5 0 -3 2 -3 0 4 3 -2 2 -2 3 0 2 1 -1 -1 -5 0 1 -1 -3 0 -2 2 -3 -1 -2 -1 0 5 5 0 0 3 0 -3 4 -2 3 -3 1 0 0 0 0 -3 -2 2 -4 2 2 5 0 -1 -3 5 0 -1 4 4 -2 -2 1 -1 1 2 3 -1 1 0 2 -1 3 -1 -3 -1 1 -4 -4 -1 0 2 -3 -2 -2 0 0 -3 -3 0 1 3 -2 0 -4 3 0 -1 1 -2 -2 4 0 0 2 4 0 0 0 -1 0 1 0 -2 -4 -4 0 -3 3 0 2 2 1 -2 4 1 0 4 0 -4 0 1 0 0 -2 3 -1 -1 -2 3 -2 -4 0 -4 -3 -3 0 -2 2 -3 5 3 -1 5 -1 3 -2 4 0 2 -4 -1 0 0 3 -3 5 0 1 0 0 3 0 -2 2 -5 3 0 0 -1 -4 1 0 4 0 1 4 0 -1 5 1 2 -2 -2 4 0 -1 -3 2 0 -1 0 5 1 2 0 -5 0 0 0 1 4 -2 4 3 -1 4 2 -3 0 -4 5 1 -3 5 1 3 5 -3 -2 -2 -3 -1 4 2 0 -2 0 -2 0 4 0 4 3 4 -1 0 2 0 1 -1

87 30 205.013144 -4 0 4 5 0 -3 2 -3 0 4 3 -2 2 -2 3 0 2 1 -1 -1 -5 0 1 -1 -3 0 -2 2 -3 -1 -2 -1 0 5 5 0 0 3 0 -3 4 -2 3 -3 1 0 0 0 0 -3 -2 2 -4 2 2 5 0 -1 -3 5 0 -1 4 4 -2 -2 1 -1 1 2 3 -1 1 0 2 -1 3 -1 -3 -1 1 -4 -4 -1 0 2 -3 -2 -2 0 0 -3 -3 0 1 3 -2 0 -4 3 0 -1 1 -2 -2 4 0 0 2 4 0 0 0 -1 0 1 0 -2 -4 -4 0 -3 3 0 2 2 1 -2 4 1 0 4 0 -4 0 1 0 0 -2 3 -1 -1 -2 3 -2 -4 0 -4 -3 -3 0 -2 2 -3 5 3 -1 5 -1 3 -2 4 0 2 -4 -1 0 0 3 -3 5 0 1 0 0 3 0 -2 2 -5 3 0 0 -1 -4 1 0 4 0 1 4 0 -1 5 1 2 -2 -2 4 0 -1 -3 2 0 -1 0 5 1 2 0 -5 0 0 0 1 4 -2 4 3 -1 4 2 -3 0 -4 5 1 -3 5 1 3 5 -3 -2 -2 -3 -1 4 2 0 -2 0 -2 0 4 0 4 3 4 -1 0 2 0 1 -1

88 29 205.013144 -4 0 4 5 0 -3 2 -3 0 4 3 -2 2 -2 3 0 2 1 -1 -1 -5 0 1 -1 -3 0 -2 2 -3 -1 -2 -1 0 5 5 0 0 3 0 -3 4 -2 3 -3 1 0 0 0 0 -3 -2 2 -4 2 2 5 0 -1 -3 5 0 -1 4 4 -2 -2 1 -1 1 2 3 -1 1 0 2 -1 3 -1 -3 -1 1 -4 -4 -1 0 2 -3 -2 -2 0 0 -3 -3 0 1 3 -2 0 -4 3 0 -1 1 -2 -2 4 0 0 2 4 0 0 0 -1 0 1 0 -2 -4 -4 0 -3 3 0 2 2 1 -2 4 1 0 4 0 -4 0 1 0 0 -2 3 -1 -1 -2 3 -2 -4 0 -4 -3 -3 0 -2 2 -3 5 3 -1 5 -1 3 -2 4 0 2 -4 -1 0 0 3 -3 5 0 1 0 0 3 0 -2 2 -5 3 0 0 -1 -4 1 0 4 0 1 4 0 -1 5 1 2 -2 -2 4 0 -1 -3 2 0 -1 0 5 1 2 0 -5 0 0 0 1 4 -2 4 3 -1 4 2 -3 0 -4 5 1 -3 5 1 3 5 -3 -2 -2 -3 -1 4 2 0 -2 0 -2 0 4 0 4 3 4 -1 0 2 0 1 -1

89 27 205.013144 -4 0 4 5 0 -3 2 -3 0 4 3 -2 2 -2 3 0 2 1 -1 -1 -5 0 1 -1 -3 0 -2 2 -3 -1 -2 -1 0 5 5 0 0 3 0 -3 4 -2 3 -3 1 0 0 0 0 -3 -2 2 -4 2 2 5 0 -1 -3 5 0 -1 4 4 -2 -2 1 -1 1 2 3 -1 1 0 2 -1 3 -1 -3 -1 1 -4 -4 -1 0 2 -3 -2 -2 0 0 -3 -3 0 1 3 -2 0 -4 3 0 -1 1 -2 -2 4 0 0 2 4 0 0 0 -1 0 1 0 -2 -4 -4 0 -3 3 0 2 2 1 -2 4 1 0 4 0 -4 0 1 0 0 -2 3 -1 -1 -2 3 -2 -4 0 -4 -3 -3 0 -2 2 -3 5 3 -1 5 -1 3 -2 4 0 2 -4 -1 0 0 3 -3 5 0 1 0 0 3 0 -2 2 -5 3 0 0 -1 -4 1 0 4 0 1 4 0 -1 5 1 2 -2 -2 4 0 -1 -3 2 0 -1 0 5 1 2 0 -5 0 0 0 1 4 -2 4 3 -1 4 2 -3 0 -4 5 1 -3 5 1 3 5 -3 -2 -2 -3 -1 4 2 0 -2 0 -2 0 4 0 4 3 4 -1 0 2 0 1 -1

90 26 205.013144 -4 0 4 5 0 -3 2 -3 0 4 3 -2 2 -2 3 0 2 1 -1 -1 -5 0 1 -1 -3 0 -2 2 -3 -1 -2 -1 0 5 5 0 0 3 0 -3 4 -2 3 -3 1 0 0 0 0 -3 -2 2 -4 2 2 5 0 -1 -3 5 0 -1 4 4 -2 -2 1 -1 1 2 3 -1 1 0 2 -1 3 -1 -3 -1 1 -4 -4 -1 0 2 -3 -2 -2 0 0 -3 -3 0 1 3 -2 0 -4 3 0 -1 1 -2 -2 4 0 0 2 4 0 0 0 -1 0 1 0 -2 -4 -4 0 -3 3 0 2 2 1 -2 4 1 0 4 0 -4 0 1 0 0 -2 3 -1 -1 -2 3 -2 -4 0 -4 -3 -3 0 -2 2 -3 5 3 -1 5 -1 3 -2 4 0 2 -4 -1 0 0 3 -3 5 0 1 0 0 3 0 -2 2 -5 3 0 0 -1 -4 1 0 4 0 1 4 0 -1 5 1 2 -2 -2 4 0 -1 -3 2 0 -1 0 5 1 2 0 -5 0 0 0 1 4 -2 4 3 -1 4 2 -3 0 -4 5 1 -3 5 1 3 5 -3 -2 -2 -3 -1 4 2 0 -2 0 -2 0 4 0 4 3 4 -1 0 2 0 1 -1

91 26 205.013144 -4 0 4 5 0 -3 2 -3 0 4 3 -2 2 -2 3 0 2 1 -1 -1 -5 0 1 -1 -3 0 -2 2 -3 -1 -2 -1 0 5 5 0 0 3 0 -3 4 -2 3 -3 1 0 0 0 0 -3 -2 2 -4 2 2 5 0 -1 -3 5 0 -1 4 4 -2 -2 1 -1 1 2 3 -1 1 0 2 -1 3 -1 -3 -1 1 -4 -4 -1 0 2 -3 -2 -2 0 0 -3 -3 0 1 3 -2 0 -4 3 0 -1 1 -2 -2 4 0 0 2 4 0 0 0 -1 0 1 0 -2 -4 -4 0 -3 3 0 2 2 1 -2 4 1 0 4 0 -4 0 1 0 0 -2 3 -1 -1 -2 3 -2 -4 0 -4 -3 -3 0 -2 2 -3 5 3 -1 5 -1 3 -2 4 0 2 -4 -1 0 0 3 -3 5 0 1 0 0 3 0 -2 2 -5 3 0 0 -1 -4 1 0 4 0 1 4 0 -1 5 1 2 -2 -2 4 0 -1 -3 2 0 -1 0 5 1 2 0 -5 0 0 0 1 4 -2 4 3 -1 4 2 -3 0 -4 5 1 -3 5 1 3 5 -3 -2 -2 -3 -1 4 2 0 -2 0 -2 0 4 0 4 3 4 -1 0 2 0 1 -1

92 26 205.013144 -4 0 4 5 0 -3 2 -3 0 4 3 -2 2 -2 3 0 2 1 -1 -1 -5 0 1 -1 -3 0 -2 2 -3 -1 -2 -1 0 5 5 0 0 3 0 -3 4 -2 3 -3 1 0 0 0 0 -3 -2 2 -4 2 2 5 0 -1 -3 5 0 -1 4 4 -2 -2 1 -1 1 2 3 -1 1 0 2 -1 3 -1 -3 -1 1 -4 -4 -1 0 2 -3 -2 -2 0 0 -3 -3 0 1 3 -2 0 -4 3 0 -1 1 -2 -2 4 0 0 2 4 0 0 0 -1 0 1 0 -2 -4 -4 0 -3 3 0 2 2 1 -2 4 1 0 4 0 -4 0 1 0 0 -2 3 -1 -1 -2 3 -2 -4 0 -4 -3 -3 0 -2 2 -3 5 3 -1 5 -1 3 -2 4 0 2 -4 -1 0 0 3 -3 5 0 1 0 0 3 0 -2 2 -5 3 0 0 -1 -4 1 0 4 0 1 4 0 -1 5 1 2 -2 -2 4 0 -1 -3 2 0 -1 0 5 1 2 0 -5 0 0 0 1 4 -2 4 3 -1 4 2 -3 0 -4 5 1 -3 5 1 3 5 -3 -2 -2 -3 -1 4 2 0 -2 0 -2 0 4 0 4 3 4 -1 0 2 0 1 -1

93 24 205.013144 -4 0 4 5 0 -3 2 -3 0 4 3 -2 2 -2 3 0 2 1 -1 -1 -5 0 1 -1 -3 0 -2 2 -3 -1 -2 -1 0 5 5 0 0 3 0 -3 4 -2 3 -3 1 0 0 0 0 -3 -2 2 -4 2 2 5 0 -1 -3 5 0 -1 4 4 -2 -2 1 -1 1 2 3 -1 1 0 2 -1 3 -1 -3 -1 1 -4 -4 -1 0 2 -3 -2 -2 0 0 -3 -3 0 1 3 -2 0 -4 3 0 -1 1 -2 -2 4 0 0 2 4 0 0 0 -1 0 1 0 -2 -4 -4 0 -3 3 0 2 2 1 -2 4 1 0 4 0 -4 0 1 0 0 -2 3 -1 -1 -2 3 -2 -4 0 -4 -3 -3 0 -2 2 -3 5 3 -1 5 -1 3 -2 4 0 2 -4 -1 0 0 3 -3 5 0 1 0 0 3 0 -2 2 -5 3 0 0 -1 -4 1 0 4 0 1 4 0 -1 5 1 2 -2 -2 4 0 -1 -3 2 0 -1 0 5 1 2 0 -5 0 0 0 1 4 -2 4 3 -1 4 2 -3 0 -4 5 1 -3 5 1 3 5 -3 -2 -2 -3 -1 4 2 0 -2 0 -2 0 4 0 4 3 4 -1 0 2 0 1 -1

94 22 205.013144 -4 0 4 5 0 -3 2 -3 0 4 3 -2 2 -2 3 0 2 1 -1 -1 -5 0 1 -1 -3 0 -2 2 -3 -1 -2 -1 0 5 5 0 0 3 0 -3 4 -2 3 -3 1 0 0 0 0 -3 -2 2 -4 2 2 5 0 -1 -3 5 0 -1 4 4 -2 -2 1 -1 1 2 3 -1 1 0 2 -1 3 -1 -3 -1 1 -4 -4 -1 0 2 -3 -2 -2 0 0 -3 -3 0 1 3 -2 0 -4 3 0 -1 1 -2 -2 4 0 0 2 4 0 0 0 -1 0 1 0 -2 -4 -4 0 -3 3 0 2 2 1 -2 4 1 0 4 0 -4 0 1 0 0 -2 3 -1 -1 -2 3 -2 -4 0 -4 -3 -3 0 -2 2 -3 5 3 -1 5 -1 3 -2 4 0 2 -4 -1 0 0 3 -3 5 0 1 0 0 3 0 -2 2 -5 3 0 0 -1 -4 1 0 4 0 1 4 0 -1 5 1 2 -2 -2 4 0 -1 -3 2 0 -1 0 5 1 2 0 -5 0 0 0 1 4 -2 4 3 -1 4 2 -3 0 -4 5 1 -3 5 1 3 5 -3 -2 -2 -3 -1 4 2 0 -2 0 -2 0 4 0 4 3 4 -1 0 2 0 1 -1

95 22 205.013144 -4 0 4 5 0 -3 2 -3 0 4 3 -2 2 -2 3 0 2 1 -1 -1 -5 0 1 -1 -3 0 -2 2 -3 -1 -2 -1 0 5 5 0 0 3 0 -3 4 -2 3 -3 1 0 0 0 0 -3 -2 2 -4 2 2 5 0 -1 -3 5 0 -1 4 4 -2 -2 1 -1 1 2 3 -1 1 0 2 -1 3 -1 -3 -1 1 -4 -4 -1 0 2 -3 -2 -2 0 0 -3 -3 0 1 3 -2 0 -4 3 0 -1 1 -2 -2 4 0 0 2 4 0 0 0 -1 0 1 0 -2 -4 -4 0 -3 3 0 2 2 1 -2 4 1 0 4 0 -4 0 1 0 0 -2 3 -1 -1 -2 3 -2 -4 0 -4 -3 -3 0 -2 2 -3 5 3 -1 5 -1 3 -2 4 0 2 -4 -1 0 0 3 -3 5 0 1 0 0 3 0 -2 2 -5 3 0 0 -1 -4 1 0 4 0 1 4 0 -1 5 1 2 -2 -2 4 0 -1 -3 2 0 -1 0 5 1 2 0 -5 0 0 0 1 4 -2 4 3 -1 4 2 -3 0 -4 5 1 -3 5 1 3 5 -3 -2 -2 -3 -1 4 2 0 -2 0 -2 0 4 0 4 3 4 -1 0 2 0 1 -1

96 21 205.013144 -4 0 4 5 0 -3 2 -3 0 4 3 -2 2 -2 3 0 2 1 -1 -1 -5 0 1 -1 -3 0 -2 2 -3 -1 -2 -1 0 5 5 0 0 3 0 -3 4 -2 3 -3 1 0 0 0 0 -3 -2 2 -4 2 2 5 0 -1 -3 5 0 -1 4 4 -2 -2 1 -1 1 2 3 -1 1 0 2 -1 3 -1 -3 -1 1 -4 -4 -1 0 2 -3 -2 -2 0 0 -3 -3 0 1 3 -2 0 -4 3 0 -1 1 -2 -2 4 0 0 2 4 0 0 0 -1 0 1 0 -2 -4 -4 0 -3 3 0 2 2 1 -2 4 1 0 4 0 -4 0 1 0 0 -2 3 -1 -1 -2 3 -2 -4 0 -4 -3 -3 0 -2 2 -3 5 3 -1 5 -1 3 -2 4 0 2 -4 -1 0 0 3 -3 5 0 1 0 0 3 0 -2 2 -5 3 0 0 -1 -4 1 0 4 0 1 4 0 -1 5 1 2 -2 -2 4 0 -1 -3 2 0 -1 0 5 1 2 0 -5 0 0 0 1 4 -2 4 3 -1 4 2 -3 0 -4 5 1 -3 5 1 3 5 -3 -2 -2 -3 -1 4 2 0 -2 0 -2 0 4 0 4 3 4 -1 0 2 0 1 -1

97 19 205.013144 -4 0 4 5 0 -3 2 -3 0 4 3 -2 2 -2 3 0 2 1 -1 -1 -5 0 1 -1 -3 0 -2 2 -3 -1 -2 -1 0 5 5 0 0 3 0 -3 4 -2 3 -3 1 0 0 0 0 -3 -2 2 -4 2 2 5 0 -1 -3 5 0 -1 4 4 -2 -2 1 -1 1 2 3 -1 1 0 2 -1 3 -1 -3 -1 1 -4 -4 -1 0 2 -3 -2 -2 0 0 -3 -3 0 1 3 -2 0 -4 3 0 -1 1 -2 -2 4 0 0 2 4 0 0 0 -1 0 1 0 -2 -4 -4 0 -3 3 0 2 2 1 -2 4 1 0 4 0 -4 0 1 0 0 -2 3 -1 -1 -2 3 -2 -4 0 -4 -3 -3 0 -2 2 -3 5 3 -1 5 -1 3 -2 4 0 2 -4 -1 0 0 3 -3 5 0 1 0 0 3 0 -2 2 -5 3 0 0 -1 -4 1 0 4 0 1 4 0 -1 5 1 2 -2 -2 4 0 -1 -3 2 0 -1 0 5 1 2 0 -5 0 0 0 1 4 -2 4 3 -1 4 2 -3 0 -4 5 1 -3 5 1 3 5 -3 -2 -2 -3 -1 4 2 0 -2 0 -2 0 4 0 4 3 4 -1 0 2 0 1 -1

98 18 205.013144 -4 0 4 5 0 -3 2 -3 0 4 3 -2 2 -2 3 0 2 1 -1 -1 -5 0 1 -1 -3 0 -2 2 -3 -1 -2 -1 0 5 5 0 0 3 0 -3 4 -2 3 -3 1 0 0 0 0 -3 -2 2 -4 2 2 5 0 -1 -3 5 0 -1 4 4 -2 -2 1 -1 1 2 3 -1 1 0 2 -1 3 -1 -3 -1 1 -4 -4 -1 0 2 -3 -2 -2 0 0 -3 -3 0 1 3 -2 0 -4 3 0 -1 1 -2 -2 4 0 0 2 4 0 0 0 -1 0 1 0 -2 -4 -4 0 -3 3 0 2 2 1 -2 4 1 0 4 0 -4 0 1 0 0 -2 3 -1 -1 -2 3 -2 -4 0 -4 -3 -3 0 -2 2 -3 5 3 -1 5 -1 3 -2 4 0 2 -4 -1 0 0 3 -3 5 0 1 0 0 3 0 -2 2 -5 3 0 0 -1 -4 1 0 4 0 1 4 0 -1 5 1 2 -2 -2 4 0 -1 -3 2 0 -1 0 5 1 2 0 -5 0 0 0 1 4 -2 4 3 -1 4 2 -3 0 -4 5 1 -3 5 1 3 5 -3 -2 -2 -3 -1 4 2 0 -2 0 -2 0 4 0 4 3 4 -1 0 2 0 1 -1

99 17 205.013144 -4 0 4 5 0 -3 2 -3 0 4 3 -2 2 -2 3 0 2 1 -1 -1 -5 0 1 -1 -3 0 -2 2 -3 -1 -2 -1 0 5 5 0 0 3 0 -3 4 -2 3 -3 1 0 0 0 0 -3 -2 2 -4 2 2 5 0 -1 -3 5 0 -1 4 4 -2 -2 1 -1 1 2 3 -1 1 0 2 -1 3 -1 -3 -1 1 -4 -4 -1 0 2 -3 -2 -2 0 0 -3 -3 0 1 3 -2 0 -4 3 0 -1 1 -2 -2 4 0 0 2 4 0 0 0 -1 0 1 0 -2 -4 -4 0 -3 3 0 2 2 1 -2 4 1 0 4 0 -4 0 1 0 0 -2 3 -1 -1 -2 3 -2 -4 0 -4 -3 -3 0 -2 2 -3 5 3 -1 5 -1 3 -2 4 0 2 -4 -1 0 0 3 -3 5 0 1 0 0 3 0 -2 2 -5 3 0 0 -1 -4 1 0 4 0 1 4 0 -1 5 1 2 -2 -2 4 0 -1 -3 2 0 -1 0 5 1 2 0 -5 0 0 0 1 4 -2 4 3 -1 4 2 -3 0 -4 5 1 -3 5 1 3 5 -3 -2 -2 -3 -1 4 2 0 -2 0 -2 0 4 0 4 3 4 -1 0 2 0 1 -1

