100 20 71.061404 -4 -4 0 3 -3 0 -4 2 -1 -1 0 -1 2 0 -2 -4 0 1 3 2 0 -2 0 -1 0 0 2 -2 4 -1 -2 2 5 0 -5 -3 -3 3 5 2 -1 1 2 -3 -1 -2 0 -1 -3 4 -2 -2 -3 0 -2 3 2 1 0 -1 2 0 -3 1 -3 -2 -1 1 0 0 4 0 0 0 0 0 -2 1 3 -5 -2 2 -4 1 -4 0 -4 3 5 1 1 0 3 0 -1 4 0 -4 2 5 -4 0 0 0 3 4 2 0 -2 1 0 0 -1 -1 -1 0 3 0 -1 -2 3 0 0 0 5 0 4 -4 0 -3 -2 0 1 1 5 0 0 5 0 2 0 -4 4 0 4 1 3 -1 2 -1 0 -1 3 0 -2 1 -4 1 -2 1 -5 -1 -3 3 0 -4 0 0 -1 3 5 -1 0 -4 0 5 -2 2 -2 -1 -2 3 0 -1 0 0 0 4 3 -1 0 4 -1 4 0 0 -3 2 -4 -4 -1 0 0 -1 2 2 -1 -2 -1 0 -2 2 3 1 0 1 -4 4 -1 1 0 -4 0 -3 0 1 2 1 0 4 3 -3 0 1 0 -2 0 -3 0 1 0 0 0 -3 -3 -4 -1 -5 1 -2 -5 1 3 1 1

101 19 71.061404 -4 -4 0 3 -3 0 -4 2 -1 -1 0 -1 2 0 -2 -4 0 1 3 2 0 -2 0 -1 0 0 2 -2 4 -1 -2 2 5 0 -5 -3 -3 3 5 2 -1 1 2 -3 -1 -2 0 -1 -3 4 -2 -2 -3 0 -2 3 2 1 0 -1 2 0 -3 1 -3 -2 -1 1 0 0 4 0 0 0 0 0 -2 1 3 -5 -2 2 -4 1 -4 0 -4 3 5 1 1 0 3 0 -1 4 0 -4 2 5 -4 0 0 0 3 4 2 0 -2 1 0 0 -1 -1 -1 0 3 0 -1 -2 3 0 0 0 5 0 4 -4 0 -3 -2 0 1 1 5 0 0 5 0 2 0 -4 4 0 4 1 3 -1 2 -1 0 -1 3 0 -2 1 -4 1 -2 1 -5 -1 -3 3 0 -4 0 0 -1 3 5 -1 0 -4 0 5 -2 2 -2 -1 -2 3 0 -1 0 0 0 4 3 -1 0 4 -1 4 0 0 -3 2 -4 -4 -1 0 0 -1 2 2 -1 -2 -1 0 -2 2 3 1 0 1 -4 4 -1 1 0 -4 0 -3 0 1 2 1 0 4 3 -3 0 1 0 -2 0 -3 0 1 0 0 0 -3 -3 -4 -1 -5 1 -2 -5 1 3 1 1

102 17 71.061404 -4 -4 0 3 -3 0 -4 2 -1 -1 0 -1 2 0 -2 -4 0 1 3 2 0 -2 0 -1 0 0 2 -2 4 -1 -2 2 5 0 -5 -3 -3 3 5 2 -1 1 2 -3 -1 -2 0 -1 -3 4 -2 -2 -3 0 -2 3 2 1 0 -1 2 0 -3 1 -3 -2 -1 1 0 0 4 0 0 0 0 0 -2 1 3 -5 -2 2 -4 1 -4 0 -4 3 5 1 1 0 3 0 -1 4 0 -4 2 5 -4 0 0 0 3 4 2 0 -2 1 0 0 -1 -1 -1 0 3 0 -1 -2 3 0 0 0 5 0 4 -4 0 -3 -2 0 1 1 5 0 0 5 0 2 0 -4 4 0 4 1 3 -1 2 -1 0 -1 3 0 -2 1 -4 1 -2 1 -5 -1 -3 3 0 -4 0 0 -1 3 5 -1 0 -4 0 5 -2 2 -2 -1 -2 3 0 -1 0 0 0 4 3 -1 0 4 -1 4 0 0 -3 2 -4 -4 -1 0 0 -1 2 2 -1 -2 -1 0 -2 2 3 1 0 1 -4 4 -1 1 0 -4 0 -3 0 1 2 1 0 4 3 -3 0 1 0 -2 0 -3 0 1 0 0 0 -3 -3 -4 -1 -5 1 -2 -5 1 3 1 1

103 16 71.061404 -4 -4 0 3 -3 0 -4 2 -1 -1 0 -1 2 0 -2 -4 0 1 3 2 0 -2 0 -1 0 0 2 -2 4 -1 -2 2 5 0 -5 -3 -3 3 5 2 -1 1 2 -3 -1 -2 0 -1 -3 4 -2 -2 -3 0 -2 3 2 1 0 -1 2 0 -3 1 -3 -2 -1 1 0 0 4 0 0 0 0 0 -2 1 3 -5 -2 2 -4 1 -4 0 -4 3 5 1 1 0 3 0 -1 4 0 -4 2 5 -4 0 0 0 3 4 2 0 -2 1 0 0 -1 -1 -1 0 3 0 -1 -2 3 0 0 0 5 0 4 -4 0 -3 -2 0 1 1 5 0 0 5 0 2 0 -4 4 0 4 1 3 -1 2 -1 0 -1 3 0 -2 1 -4 1 -2 1 -5 -1 -3 3 0 -4 0 0 -1 3 5 -1 0 -4 0 5 -2 2 -2 -1 -2 3 0 -1 0 0 0 4 3 -1 0 4 -1 4 0 0 -3 2 -4 -4 -1 0 0 -1 2 2 -1 -2 -1 0 -2 2 3 1 0 1 -4 4 -1 1 0 -4 0 -3 0 1 2 1 0 4 3 -3 0 1 0 -2 0 -3 0 1 0 0 0 -3 -3 -4 -1 -5 1 -2 -5 1 3 1 1

104 15 71.061404 -4 -4 0 3 -3 0 -4 2 -1 -1 0 -1 2 0 -2 -4 0 1 3 2 0 -2 0 -1 0 0 2 -2 4 -1 -2 2 5 0 -5 -3 -3 3 5 2 -1 1 2 -3 -1 -2 0 -1 -3 4 -2 -2 -3 0 -2 3 2 1 0 -1 2 0 -3 1 -3 -2 -1 1 0 0 4 0 0 0 0 0 -2 1 3 -5 -2 2 -4 1 -4 0 -4 3 5 1 1 0 3 0 -1 4 0 -4 2 5 -4 0 0 0 3 4 2 0 -2 1 0 0 -1 -1 -1 0 3 0 -1 -2 3 0 0 0 5 0 4 -4 0 -3 -2 0 1 1 5 0 0 5 0 2 0 -4 4 0 4 1 3 -1 2 -1 0 -1 3 0 -2 1 -4 1 -2 1 -5 -1 -3 3 0 -4 0 0 -1 3 5 -1 0 -4 0 5 -2 2 -2 -1 -2 3 0 -1 0 0 0 4 3 -1 0 4 -1 4 0 0 -3 2 -4 -4 -1 0 0 -1 2 2 -1 -2 -1 0 -2 2 3 1 0 1 -4 4 -1 1 0 -4 0 -3 0 1 2 1 0 4 3 -3 0 1 0 -2 0 -3 0 1 0 0 0 -3 -3 -4 -1 -5 1 -2 -5 1 3 1 1

105 14 71.061404 -4 -4 0 3 -3 0 -4 2 -1 -1 0 -1 2 0 -2 -4 0 1 3 2 0 -2 0 -1 0 0 2 -2 4 -1 -2 2 5 0 -5 -3 -3 3 5 2 -1 1 2 -3 -1 -2 0 -1 -3 4 -2 -2 -3 0 -2 3 2 1 0 -1 2 0 -3 1 -3 -2 -1 1 0 0 4 0 0 0 0 0 -2 1 3 -5 -2 2 -4 1 -4 0 -4 3 5 1 1 0 3 0 -1 4 0 -4 2 5 -4 0 0 0 3 4 2 0 -2 1 0 0 -1 -1 -1 0 3 0 -1 -2 3 0 0 0 5 0 4 -4 0 -3 -2 0 1 1 5 0 0 5 0 2 0 -4 4 0 4 1 3 -1 2 -1 0 -1 3 0 -2 1 -4 1 -2 1 -5 -1 -3 3 0 -4 0 0 -1 3 5 -1 0 -4 0 5 -2 2 -2 -1 -2 3 0 -1 0 0 0 4 3 -1 0 4 -1 4 0 0 -3 2 -4 -4 -1 0 0 -1 2 2 -1 -2 -1 0 -2 2 3 1 0 1 -4 4 -1 1 0 -4 0 -3 0 1 2 1 0 4 3 -3 0 1 0 -2 0 -3 0 1 0 0 0 -3 -3 -4 -1 -5 1 -2 -5 1 3 1 1

106 11 71.061404 -4 -4 0 3 -3 0 -4 2 -1 -1 0 -1 2 0 -2 -4 0 1 3 2 0 -2 0 -1 0 0 2 -2 4 -1 -2 2 5 0 -5 -3 -3 3 5 2 -1 1 2 -3 -1 -2 0 -1 -3 4 -2 -2 -3 0 -2 3 2 1 0 -1 2 0 -3 1 -3 -2 -1 1 0 0 4 0 0 0 0 0 -2 1 3 -5 -2 2 -4 1 -4 0 -4 3 5 1 1 0 3 0 -1 4 0 -4 2 5 -4 0 0 0 3 4 2 0 -2 1 0 0 -1 -1 -1 0 3 0 -1 -2 3 0 0 0 5 0 4 -4 0 -3 -2 0 1 1 5 0 0 5 0 2 0 -4 4 0 4 1 3 -1 2 -1 0 -1 3 0 -2 1 -4 1 -2 1 -5 -1 -3 3 0 -4 0 0 -1 3 5 -1 0 -4 0 5 -2 2 -2 -1 -2 3 0 -1 0 0 0 4 3 -1 0 4 -1 4 0 0 -3 2 -4 -4 -1 0 0 -1 2 2 -1 -2 -1 0 -2 2 3 1 0 1 -4 4 -1 1 0 -4 0 -3 0 1 2 1 0 4 3 -3 0 1 0 -2 0 -3 0 1 0 0 0 -3 -3 -4 -1 -5 1 -2 -5 1 3 1 1

87 508 71.061404 -4 -4 0 3 -3 0 -4 2 -1 -1 0 -1 2 0 -2 -4 0 1 3 2 0 -2 0 -1 0 0 2 -2 4 -1 -2 2 5 0 -5 -3 -3 3 5 2 -1 1 2 -3 -1 -2 0 -1 -3 4 -2 -2 -3 0 -2 3 2 1 0 -1 2 0 -3 1 -3 -2 -1 1 0 0 4 0 0 0 0 0 -2 1 3 -5 -2 2 -4 1 -4 0 -4 3 5 1 1 0 3 0 -1 4 0 -4 2 5 -4 0 0 0 3 4 2 0 -2 1 0 0 -1 -1 -1 0 3 0 -1 -2 3 0 0 0 5 0 4 -4 0 -3 -2 0 1 1 5 0 0 5 0 2 0 -4 4 0 4 1 3 -1 2 -1 0 -1 3 0 -2 1 -4 1 -2 1 -5 -1 -3 3 0 -4 0 0 -1 3 5 -1 0 -4 0 5 -2 2 -2 -1 -2 3 0 -1 0 0 0 4 3 -1 0 4 -1 4 0 0 -3 2 -4 -4 -1 0 0 -1 2 2 -1 -2 -1 0 -2 2 3 1 0 1 -4 4 -1 1 0 -4 0 -3 0 1 2 1 0 4 3 -3 0 1 0 -2 0 -3 0 1 0 0 0 -3 -3 -4 -1 -5 1 -2 -5 1 3 1 1

88 39 71.061404 -4 -4 0 3 -3 0 -4 2 -1 -1 0 -1 2 0 -2 -4 0 1 3 2 0 -2 0 -1 0 0 2 -2 4 -1 -2 2 5 0 -5 -3 -3 3 5 2 -1 1 2 -3 -1 -2 0 -1 -3 4 -2 -2 -3 0 -2 3 2 1 0 -1 2 0 -3 1 -3 -2 -1 1 0 0 4 0 0 0 0 0 -2 1 3 -5 -2 2 -4 1 -4 0 -4 3 5 1 1 0 3 0 -1 4 0 -4 2 5 -4 0 0 0 3 4 2 0 -2 1 0 0 -1 -1 -1 0 3 0 -1 -2 3 0 0 0 5 0 4 -4 0 -3 -2 0 1 1 5 0 0 5 0 2 0 -4 4 0 4 1 3 -1 2 -1 0 -1 3 0 -2 1 -4 1 -2 1 -5 -1 -3 3 0 -4 0 0 -1 3 5 -1 0 -4 0 5 -2 2 -2 -1 -2 3 0 -1 0 0 0 4 3 -1 0 4 -1 4 0 0 -3 2 -4 -4 -1 0 0 -1 2 2 -1 -2 -1 0 -2 2 3 1 0 1 -4 4 -1 1 0 -4 0 -3 0 1 2 1 0 4 3 -3 0 1 0 -2 0 -3 0 1 0 0 0 -3 -3 -4 -1 -5 1 -2 -5 1 3 1 1

89 37 71.061404 -4 -4 0 3 -3 0 -4 2 -1 -1 0 -1 2 0 -2 -4 0 1 3 2 0 -2 0 -1 0 0 2 -2 4 -1 -2 2 5 0 -5 -3 -3 3 5 2 -1 1 2 -3 -1 -2 0 -1 -3 4 -2 -2 -3 0 -2 3 2 1 0 -1 2 0 -3 1 -3 -2 -1 1 0 0 4 0 0 0 0 0 -2 1 3 -5 -2 2 -4 1 -4 0 -4 3 5 1 1 0 3 0 -1 4 0 -4 2 5 -4 0 0 0 3 4 2 0 -2 1 0 0 -1 -1 -1 0 3 0 -1 -2 3 0 0 0 5 0 4 -4 0 -3 -2 0 1 1 5 0 0 5 0 2 0 -4 4 0 4 1 3 -1 2 -1 0 -1 3 0 -2 1 -4 1 -2 1 -5 -1 -3 3 0 -4 0 0 -1 3 5 -1 0 -4 0 5 -2 2 -2 -1 -2 3 0 -1 0 0 0 4 3 -1 0 4 -1 4 0 0 -3 2 -4 -4 -1 0 0 -1 2 2 -1 -2 -1 0 -2 2 3 1 0 1 -4 4 -1 1 0 -4 0 -3 0 1 2 1 0 4 3 -3 0 1 0 -2 0 -3 0 1 0 0 0 -3 -3 -4 -1 -5 1 -2 -5 1 3 1 1

90 34 71.061404 -4 -4 0 3 -3 0 -4 2 -1 -1 0 -1 2 0 -2 -4 0 1 3 2 0 -2 0 -1 0 0 2 -2 4 -1 -2 2 5 0 -5 -3 -3 3 5 2 -1 1 2 -3 -1 -2 0 -1 -3 4 -2 -2 -3 0 -2 3 2 1 0 -1 2 0 -3 1 -3 -2 -1 1 0 0 4 0 0 0 0 0 -2 1 3 -5 -2 2 -4 1 -4 0 -4 3 5 1 1 0 3 0 -1 4 0 -4 2 5 -4 0 0 0 3 4 2 0 -2 1 0 0 -1 -1 -1 0 3 0 -1 -2 3 0 0 0 5 0 4 -4 0 -3 -2 0 1 1 5 0 0 5 0 2 0 -4 4 0 4 1 3 -1 2 -1 0 -1 3 0 -2 1 -4 1 -2 1 -5 -1 -3 3 0 -4 0 0 -1 3 5 -1 0 -4 0 5 -2 2 -2 -1 -2 3 0 -1 0 0 0 4 3 -1 0 4 -1 4 0 0 -3 2 -4 -4 -1 0 0 -1 2 2 -1 -2 -1 0 -2 2 3 1 0 1 -4 4 -1 1 0 -4 0 -3 0 1 2 1 0 4 3 -3 0 1 0 -2 0 -3 0 1 0 0 0 -3 -3 -4 -1 -5 1 -2 -5 1 3 1 1

91 31 71.061404 -4 -4 0 3 -3 0 -4 2 -1 -1 0 -1 2 0 -2 -4 0 1 3 2 0 -2 0 -1 0 0 2 -2 4 -1 -2 2 5 0 -5 -3 -3 3 5 2 -1 1 2 -3 -1 -2 0 -1 -3 4 -2 -2 -3 0 -2 3 2 1 0 -1 2 0 -3 1 -3 -2 -1 1 0 0 4 0 0 0 0 0 -2 1 3 -5 -2 2 -4 1 -4 0 -4 3 5 1 1 0 3 0 -1 4 0 -4 2 5 -4 0 0 0 3 4 2 0 -2 1 0 0 -1 -1 -1 0 3 0 -1 -2 3 0 0 0 5 0 4 -4 0 -3 -2 0 1 1 5 0 0 5 0 2 0 -4 4 0 4 1 3 -1 2 -1 0 -1 3 0 -2 1 -4 1 -2 1 -5 -1 -3 3 0 -4 0 0 -1 3 5 -1 0 -4 0 5 -2 2 -2 -1 -2 3 0 -1 0 0 0 4 3 -1 0 4 -1 4 0 0 -3 2 -4 -4 -1 0 0 -1 2 2 -1 -2 -1 0 -2 2 3 1 0 1 -4 4 -1 1 0 -4 0 -3 0 1 2 1 0 4 3 -3 0 1 0 -2 0 -3 0 1 0 0 0 -3 -3 -4 -1 -5 1 -2 -5 1 3 1 1

92 30 71.061404 -4 -4 0 3 -3 0 -4 2 -1 -1 0 -1 2 0 -2 -4 0 1 3 2 0 -2 0 -1 0 0 2 -2 4 -1 -2 2 5 0 -5 -3 -3 3 5 2 -1 1 2 -3 -1 -2 0 -1 -3 4 -2 -2 -3 0 -2 3 2 1 0 -1 2 0 -3 1 -3 -2 -1 1 0 0 4 0 0 0 0 0 -2 1 3 -5 -2 2 -4 1 -4 0 -4 3 5 1 1 0 3 0 -1 4 0 -4 2 5 -4 0 0 0 3 4 2 0 -2 1 0 0 -1 -1 -1 0 3 0 -1 -2 3 0 0 0 5 0 4 -4 0 -3 -2 0 1 1 5 0 0 5 0 2 0 -4 4 0 4 1 3 -1 2 -1 0 -1 3 0 -2 1 -4 1 -2 1 -5 -1 -3 3 0 -4 0 0 -1 3 5 -1 0 -4 0 5 -2 2 -2 -1 -2 3 0 -1 0 0 0 4 3 -1 0 4 -1 4 0 0 -3 2 -4 -4 -1 0 0 -1 2 2 -1 -2 -1 0 -2 2 3 1 0 1 -4 4 -1 1 0 -4 0 -3 0 1 2 1 0 4 3 -3 0 1 0 -2 0 -3 0 1 0 0 0 -3 -3 -4 -1 -5 1 -2 -5 1 3 1 1

93 27 71.061404 -4 -4 0 3 -3 0 -4 2 -1 -1 0 -1 2 0 -2 -4 0 1 3 2 0 -2 0 -1 0 0 2 -2 4 -1 -2 2 5 0 -5 -3 -3 3 5 2 -1 1 2 -3 -1 -2 0 -1 -3 4 -2 -2 -3 0 -2 3 2 1 0 -1 2 0 -3 1 -3 -2 -1 1 0 0 4 0 0 0 0 0 -2 1 3 -5 -2 2 -4 1 -4 0 -4 3 5 1 1 0 3 0 -1 4 0 -4 2 5 -4 0 0 0 3 4 2 0 -2 1 0 0 -1 -1 -1 0 3 0 -1 -2 3 0 0 0 5 0 4 -4 0 -3 -2 0 1 1 5 0 0 5 0 2 0 -4 4 0 4 1 3 -1 2 -1 0 -1 3 0 -2 1 -4 1 -2 1 -5 -1 -3 3 0 -4 0 0 -1 3 5 -1 0 -4 0 5 -2 2 -2 -1 -2 3 0 -1 0 0 0 4 3 -1 0 4 -1 4 0 0 -3 2 -4 -4 -1 0 0 -1 2 2 -1 -2 -1 0 -2 2 3 1 0 1 -4 4 -1 1 0 -4 0 -3 0 1 2 1 0 4 3 -3 0 1 0 -2 0 -3 0 1 0 0 0 -3 -3 -4 -1 -5 1 -2 -5 1 3 1 1

94 26 71.061404 -4 -4 0 3 -3 0 -4 2 -1 -1 0 -1 2 0 -2 -4 0 1 3 2 0 -2 0 -1 0 0 2 -2 4 -1 -2 2 5 0 -5 -3 -3 3 5 2 -1 1 2 -3 -1 -2 0 -1 -3 4 -2 -2 -3 0 -2 3 2 1 0 -1 2 0 -3 1 -3 -2 -1 1 0 0 4 0 0 0 0 0 -2 1 3 -5 -2 2 -4 1 -4 0 -4 3 5 1 1 0 3 0 -1 4 0 -4 2 5 -4 0 0 0 3 4 2 0 -2 1 0 0 -1 -1 -1 0 3 0 -1 -2 3 0 0 0 5 0 4 -4 0 -3 -2 0 1 1 5 0 0 5 0 2 0 -4 4 0 4 1 3 -1 2 -1 0 -1 3 0 -2 1 -4 1 -2 1 -5 -1 -3 3 0 -4 0 0 -1 3 5 -1 0 -4 0 5 -2 2 -2 -1 -2 3 0 -1 0 0 0 4 3 -1 0 4 -1 4 0 0 -3 2 -4 -4 -1 0 0 -1 2 2 -1 -2 -1 0 -2 2 3 1 0 1 -4 4 -1 1 0 -4 0 -3 0 1 2 1 0 4 3 -3 0 1 0 -2 0 -3 0 1 0 0 0 -3 -3 -4 -1 -5 1 -2 -5 1 3 1 1

95 26 71.061404 -4 -4 0 3 -3 0 -4 2 -1 -1 0 -1 2 0 -2 -4 0 1 3 2 0 -2 0 -1 0 0 2 -2 4 -1 -2 2 5 0 -5 -3 -3 3 5 2 -1 1 2 -3 -1 -2 0 -1 -3 4 -2 -2 -3 0 -2 3 2 1 0 -1 2 0 -3 1 -3 -2 -1 1 0 0 4 0 0 0 0 0 -2 1 3 -5 -2 2 -4 1 -4 0 -4 3 5 1 1 0 3 0 -1 4 0 -4 2 5 -4 0 0 0 3 4 2 0 -2 1 0 0 -1 -1 -1 0 3 0 -1 -2 3 0 0 0 5 0 4 -4 0 -3 -2 0 1 1 5 0 0 5 0 2 0 -4 4 0 4 1 3 -1 2 -1 0 -1 3 0 -2 1 -4 1 -2 1 -5 -1 -3 3 0 -4 0 0 -1 3 5 -1 0 -4 0 5 -2 2 -2 -1 -2 3 0 -1 0 0 0 4 3 -1 0 4 -1 4 0 0 -3 2 -4 -4 -1 0 0 -1 2 2 -1 -2 -1 0 -2 2 3 1 0 1 -4 4 -1 1 0 -4 0 -3 0 1 2 1 0 4 3 -3 0 1 0 -2 0 -3 0 1 0 0 0 -3 -3 -4 -1 -5 1 -2 -5 1 3 1 1

96 24 71.061404 -4 -4 0 3 -3 0 -4 2 -1 -1 0 -1 2 0 -2 -4 0 1 3 2 0 -2 0 -1 0 0 2 -2 4 -1 -2 2 5 0 -5 -3 -3 3 5 2 -1 1 2 -3 -1 -2 0 -1 -3 4 -2 -2 -3 0 -2 3 2 1 0 -1 2 0 -3 1 -3 -2 -1 1 0 0 4 0 0 0 0 0 -2 1 3 -5 -2 2 -4 1 -4 0 -4 3 5 1 1 0 3 0 -1 4 0 -4 2 5 -4 0 0 0 3 4 2 0 -2 1 0 0 -1 -1 -1 0 3 0 -1 -2 3 0 0 0 5 0 4 -4 0 -3 -2 0 1 1 5 0 0 5 0 2 0 -4 4 0 4 1 3 -1 2 -1 0 -1 3 0 -2 1 -4 1 -2 1 -5 -1 -3 3 0 -4 0 0 -1 3 5 -1 0 -4 0 5 -2 2 -2 -1 -2 3 0 -1 0 0 0 4 3 -1 0 4 -1 4 0 0 -3 2 -4 -4 -1 0 0 -1 2 2 -1 -2 -1 0 -2 2 3 1 0 1 -4 4 -1 1 0 -4 0 -3 0 1 2 1 0 4 3 -3 0 1 0 -2 0 -3 0 1 0 0 0 -3 -3 -4 -1 -5 1 -2 -5 1 3 1 1

97 23 71.061404 -4 -4 0 3 -3 0 -4 2 -1 -1 0 -1 2 0 -2 -4 0 1 3 2 0 -2 0 -1 0 0 2 -2 4 -1 -2 2 5 0 -5 -3 -3 3 5 2 -1 1 2 -3 -1 -2 0 -1 -3 4 -2 -2 -3 0 -2 3 2 1 0 -1 2 0 -3 1 -3 -2 -1 1 0 0 4 0 0 0 0 0 -2 1 3 -5 -2 2 -4 1 -4 0 -4 3 5 1 1 0 3 0 -1 4 0 -4 2 5 -4 0 0 0 3 4 2 0 -2 1 0 0 -1 -1 -1 0 3 0 -1 -2 3 0 0 0 5 0 4 -4 0 -3 -2 0 1 1 5 0 0 5 0 2 0 -4 4 0 4 1 3 -1 2 -1 0 -1 3 0 -2 1 -4 1 -2 1 -5 -1 -3 3 0 -4 0 0 -1 3 5 -1 0 -4 0 5 -2 2 -2 -1 -2 3 0 -1 0 0 0 4 3 -1 0 4 -1 4 0 0 -3 2 -4 -4 -1 0 0 -1 2 2 -1 -2 -1 0 -2 2 3 1 0 1 -4 4 -1 1 0 -4 0 -3 0 1 2 1 0 4 3 -3 0 1 0 -2 0 -3 0 1 0 0 0 -3 -3 -4 -1 -5 1 -2 -5 1 3 1 1

98 22 71.061404 -4 -4 0 3 -3 0 -4 2 -1 -1 0 -1 2 0 -2 -4 0 1 3 2 0 -2 0 -1 0 0 2 -2 4 -1 -2 2 5 0 -5 -3 -3 3 5 2 -1 1 2 -3 -1 -2 0 -1 -3 4 -2 -2 -3 0 -2 3 2 1 0 -1 2 0 -3 1 -3 -2 -1 1 0 0 4 0 0 0 0 0 -2 1 3 -5 -2 2 -4 1 -4 0 -4 3 5 1 1 0 3 0 -1 4 0 -4 2 5 -4 0 0 0 3 4 2 0 -2 1 0 0 -1 -1 -1 0 3 0 -1 -2 3 0 0 0 5 0 4 -4 0 -3 -2 0 1 1 5 0 0 5 0 2 0 -4 4 0 4 1 3 -1 2 -1 0 -1 3 0 -2 1 -4 1 -2 1 -5 -1 -3 3 0 -4 0 0 -1 3 5 -1 0 -4 0 5 -2 2 -2 -1 -2 3 0 -1 0 0 0 4 3 -1 0 4 -1 4 0 0 -3 2 -4 -4 -1 0 0 -1 2 2 -1 -2 -1 0 -2 2 3 1 0 1 -4 4 -1 1 0 -4 0 -3 0 1 2 1 0 4 3 -3 0 1 0 -2 0 -3 0 1 0 0 0 -3 -3 -4 -1 -5 1 -2 -5 1 3 1 1

99 22 71.061404 -4 -4 0 3 -3 0 -4 2 -1 -1 0 -1 2 0 -2 -4 0 1 3 2 0 -2 0 -1 0 0 2 -2 4 -1 -2 2 5 0 -5 -3 -3 3 5 2 -1 1 2 -3 -1 -2 0 -1 -3 4 -2 -2 -3 0 -2 3 2 1 0 -1 2 0 -3 1 -3 -2 -1 1 0 0 4 0 0 0 0 0 -2 1 3 -5 -2 2 -4 1 -4 0 -4 3 5 1 1 0 3 0 -1 4 0 -4 2 5 -4 0 0 0 3 4 2 0 -2 1 0 0 -1 -1 -1 0 3 0 -1 -2 3 0 0 0 5 0 4 -4 0 -3 -2 0 1 1 5 0 0 5 0 2 0 -4 4 0 4 1 3 -1 2 -1 0 -1 3 0 -2 1 -4 1 -2 1 -5 -1 -3 3 0 -4 0 0 -1 3 5 -1 0 -4 0 5 -2 2 -2 -1 -2 3 0 -1 0 0 0 4 3 -1 0 4 -1 4 0 0 -3 2 -4 -4 -1 0 0 -1 2 2 -1 -2 -1 0 -2 2 3 1 0 1 -4 4 -1 1 0 -4 0 -3 0 1 2 1 0 4 3 -3 0 1 0 -2 0 -3 0 1 0 0 0 -3 -3 -4 -1 -5 1 -2 -5 1 3 1 1

