100 31 119.723693 -3 4 -1 0 -1 -2 0 -1 1 -3 0 -1 1 -3 4 -3 -1 0 3 5 0 0 -1 -2 3 -2 0 0 4 3 -1 -1 -4 2 -3 -1 0 -3 5 0 -4 -2 0 1 0 -4 0 2 0 -1 -1 -4 -4 1 -4 0 -1 0 -4 0 0 0 3 3 0 2 -4 -2 0 -1 0 0 0 0 -2 4 -2 -1 -3 5 3 0 -1 1 -4 0 -1 0 0 -1 1 -2 2 0 -3 5 2 4 2 1 3 -2 1 0 4 2 -2 2 -3 1 -4 -1 1 1 3 -3 -4 -2 0 5 0 4 -2 0 2 -1 0 2 0 2 -3 0 0 1 3 5 0 4 2 -2 2 2 0 2 -1 1 2 -1 -1 0 1 -4 2 -3 -1 3 -1 0 -3 3 0 0 0 4 0 3 5 0 2 0 1 0 0 0 2 -2 5 2 -2 -1 3 -3 0 1 -3 2 0 1 4 1 -1 1 1 0 4 3 -4 3 0 0 -1 4 2 -2 0 -3 0 1 -2 0 0 5 2 2 3 3 -3 -3 0 -1 3 -3 -4 1 1 4 0 4 1 3 5 5 3 -2 0 -1 0 -5 0 0 -4 5 0 0 2 -3 -3 -3 -3 4 -1 0 3 4 -2

101 28 119.723693 -3 4 -1 0 -1 -2 0 -1 1 -3 0 -1 1 -3 4 -3 -1 0 3 5 0 0 -1 -2 3 -2 0 0 4 3 -1 -1 -4 2 -3 -1 0 -3 5 0 -4 -2 0 1 0 -4 0 2 0 -1 -1 -4 -4 1 -4 0 -1 0 -4 0 0 0 3 3 0 2 -4 -2 0 -1 0 0 0 0 -2 4 -2 -1 -3 5 3 0 -1 1 -4 0 -1 0 0 -1 1 -2 2 0 -3 5 2 4 2 1 3 -2 1 0 4 2 -2 2 -3 1 -4 -1 1 1 3 -3 -4 -2 0 5 0 4 -2 0 2 -1 0 2 0 2 -3 0 0 1 3 5 0 4 2 -2 2 2 0 2 -1 1 2 -1 -1 0 1 -4 2 -3 -1 3 -1 0 -3 3 0 0 0 4 0 3 5 0 2 0 1 0 0 0 2 -2 5 2 -2 -1 3 -3 0 1 -3 2 0 1 4 1 -1 1 1 0 4 3 -4 3 0 0 -1 4 2 -2 0 -3 0 1 -2 0 0 5 2 2 3 3 -3 -3 0 -1 3 -3 -4 1 1 4 0 4 1 3 5 5 3 -2 0 -1 0 -5 0 0 -4 5 0 0 2 -3 -3 -3 -3 4 -1 0 3 4 -2

102 27 119.723693 -3 4 -1 0 -1 -2 0 -1 1 -3 0 -1 1 -3 4 -3 -1 0 3 5 0 0 -1 -2 3 -2 0 0 4 3 -1 -1 -4 2 -3 -1 0 -3 5 0 -4 -2 0 1 0 -4 0 2 0 -1 -1 -4 -4 1 -4 0 -1 0 -4 0 0 0 3 3 0 2 -4 -2 0 -1 0 0 0 0 -2 4 -2 -1 -3 5 3 0 -1 1 -4 0 -1 0 0 -1 1 -2 2 0 -3 5 2 4 2 1 3 -2 1 0 4 2 -2 2 -3 1 -4 -1 1 1 3 -3 -4 -2 0 5 0 4 -2 0 2 -1 0 2 0 2 -3 0 0 1 3 5 0 4 2 -2 2 2 0 2 -1 1 2 -1 -1 0 1 -4 2 -3 -1 3 -1 0 -3 3 0 0 0 4 0 3 5 0 2 0 1 0 0 0 2 -2 5 2 -2 -1 3 -3 0 1 -3 2 0 1 4 1 -1 1 1 0 4 3 -4 3 0 0 -1 4 2 -2 0 -3 0 1 -2 0 0 5 2 2 3 3 -3 -3 0 -1 3 -3 -4 1 1 4 0 4 1 3 5 5 3 -2 0 -1 0 -5 0 0 -4 5 0 0 2 -3 -3 -3 -3 4 -1 0 3 4 -2

103 25 119.723693 -3 4 -1 0 -1 -2 0 -1 1 -3 0 -1 1 -3 4 -3 -1 0 3 5 0 0 -1 -2 3 -2 0 0 4 3 -1 -1 -4 2 -3 -1 0 -3 5 0 -4 -2 0 1 0 -4 0 2 0 -1 -1 -4 -4 1 -4 0 -1 0 -4 0 0 0 3 3 0 2 -4 -2 0 -1 0 0 0 0 -2 4 -2 -1 -3 5 3 0 -1 1 -4 0 -1 0 0 -1 1 -2 2 0 -3 5 2 4 2 1 3 -2 1 0 4 2 -2 2 -3 1 -4 -1 1 1 3 -3 -4 -2 0 5 0 4 -2 0 2 -1 0 2 0 2 -3 0 0 1 3 5 0 4 2 -2 2 2 0 2 -1 1 2 -1 -1 0 1 -4 2 -3 -1 3 -1 0 -3 3 0 0 0 4 0 3 5 0 2 0 1 0 0 0 2 -2 5 2 -2 -1 3 -3 0 1 -3 2 0 1 4 1 -1 1 1 0 4 3 -4 3 0 0 -1 4 2 -2 0 -3 0 1 -2 0 0 5 2 2 3 3 -3 -3 0 -1 3 -3 -4 1 1 4 0 4 1 3 5 5 3 -2 0 -1 0 -5 0 0 -4 5 0 0 2 -3 -3 -3 -3 4 -1 0 3 4 -2

104 24 119.723693 -3 4 -1 0 -1 -2 0 -1 1 -3 0 -1 1 -3 4 -3 -1 0 3 5 0 0 -1 -2 3 -2 0 0 4 3 -1 -1 -4 2 -3 -1 0 -3 5 0 -4 -2 0 1 0 -4 0 2 0 -1 -1 -4 -4 1 -4 0 -1 0 -4 0 0 0 3 3 0 2 -4 -2 0 -1 0 0 0 0 -2 4 -2 -1 -3 5 3 0 -1 1 -4 0 -1 0 0 -1 1 -2 2 0 -3 5 2 4 2 1 3 -2 1 0 4 2 -2 2 -3 1 -4 -1 1 1 3 -3 -4 -2 0 5 0 4 -2 0 2 -1 0 2 0 2 -3 0 0 1 3 5 0 4 2 -2 2 2 0 2 -1 1 2 -1 -1 0 1 -4 2 -3 -1 3 -1 0 -3 3 0 0 0 4 0 3 5 0 2 0 1 0 0 0 2 -2 5 2 -2 -1 3 -3 0 1 -3 2 0 1 4 1 -1 1 1 0 4 3 -4 3 0 0 -1 4 2 -2 0 -3 0 1 -2 0 0 5 2 2 3 3 -3 -3 0 -1 3 -3 -4 1 1 4 0 4 1 3 5 5 3 -2 0 -1 0 -5 0 0 -4 5 0 0 2 -3 -3 -3 -3 4 -1 0 3 4 -2

95 188 119.723693 -3 4 -1 0 -1 -2 0 -1 1 -3 0 -1 1 -3 4 -3 -1 0 3 5 0 0 -1 -2 3 -2 0 0 4 3 -1 -1 -4 2 -3 -1 0 -3 5 0 -4 -2 0 1 0 -4 0 2 0 -1 -1 -4 -4 1 -4 0 -1 0 -4 0 0 0 3 3 0 2 -4 -2 0 -1 0 0 0 0 -2 4 -2 -1 -3 5 3 0 -1 1 -4 0 -1 0 0 -1 1 -2 2 0 -3 5 2 4 2 1 3 -2 1 0 4 2 -2 2 -3 1 -4 -1 1 1 3 -3 -4 -2 0 5 0 4 -2 0 2 -1 0 2 0 2 -3 0 0 1 3 5 0 4 2 -2 2 2 0 2 -1 1 2 -1 -1 0 1 -4 2 -3 -1 3 -1 0 -3 3 0 0 0 4 0 3 5 0 2 0 1 0 0 0 2 -2 5 2 -2 -1 3 -3 0 1 -3 2 0 1 4 1 -1 1 1 0 4 3 -4 3 0 0 -1 4 2 -2 0 -3 0 1 -2 0 0 5 2 2 3 3 -3 -3 0 -1 3 -3 -4 1 1 4 0 4 1 3 5 5 3 -2 0 -1 0 -5 0 0 -4 5 0 0 2 -3 -3 -3 -3 4 -1 0 3 4 -2

96 36 119.723693 -3 4 -1 0 -1 -2 0 -1 1 -3 0 -1 1 -3 4 -3 -1 0 3 5 0 0 -1 -2 3 -2 0 0 4 3 -1 -1 -4 2 -3 -1 0 -3 5 0 -4 -2 0 1 0 -4 0 2 0 -1 -1 -4 -4 1 -4 0 -1 0 -4 0 0 0 3 3 0 2 -4 -2 0 -1 0 0 0 0 -2 4 -2 -1 -3 5 3 0 -1 1 -4 0 -1 0 0 -1 1 -2 2 0 -3 5 2 4 2 1 3 -2 1 0 4 2 -2 2 -3 1 -4 -1 1 1 3 -3 -4 -2 0 5 0 4 -2 0 2 -1 0 2 0 2 -3 0 0 1 3 5 0 4 2 -2 2 2 0 2 -1 1 2 -1 -1 0 1 -4 2 -3 -1 3 -1 0 -3 3 0 0 0 4 0 3 5 0 2 0 1 0 0 0 2 -2 5 2 -2 -1 3 -3 0 1 -3 2 0 1 4 1 -1 1 1 0 4 3 -4 3 0 0 -1 4 2 -2 0 -3 0 1 -2 0 0 5 2 2 3 3 -3 -3 0 -1 3 -3 -4 1 1 4 0 4 1 3 5 5 3 -2 0 -1 0 -5 0 0 -4 5 0 0 2 -3 -3 -3 -3 4 -1 0 3 4 -2

97 35 119.723693 -3 4 -1 0 -1 -2 0 -1 1 -3 0 -1 1 -3 4 -3 -1 0 3 5 0 0 -1 -2 3 -2 0 0 4 3 -1 -1 -4 2 -3 -1 0 -3 5 0 -4 -2 0 1 0 -4 0 2 0 -1 -1 -4 -4 1 -4 0 -1 0 -4 0 0 0 3 3 0 2 -4 -2 0 -1 0 0 0 0 -2 4 -2 -1 -3 5 3 0 -1 1 -4 0 -1 0 0 -1 1 -2 2 0 -3 5 2 4 2 1 3 -2 1 0 4 2 -2 2 -3 1 -4 -1 1 1 3 -3 -4 -2 0 5 0 4 -2 0 2 -1 0 2 0 2 -3 0 0 1 3 5 0 4 2 -2 2 2 0 2 -1 1 2 -1 -1 0 1 -4 2 -3 -1 3 -1 0 -3 3 0 0 0 4 0 3 5 0 2 0 1 0 0 0 2 -2 5 2 -2 -1 3 -3 0 1 -3 2 0 1 4 1 -1 1 1 0 4 3 -4 3 0 0 -1 4 2 -2 0 -3 0 1 -2 0 0 5 2 2 3 3 -3 -3 0 -1 3 -3 -4 1 1 4 0 4 1 3 5 5 3 -2 0 -1 0 -5 0 0 -4 5 0 0 2 -3 -3 -3 -3 4 -1 0 3 4 -2

98 33 119.723693 -3 4 -1 0 -1 -2 0 -1 1 -3 0 -1 1 -3 4 -3 -1 0 3 5 0 0 -1 -2 3 -2 0 0 4 3 -1 -1 -4 2 -3 -1 0 -3 5 0 -4 -2 0 1 0 -4 0 2 0 -1 -1 -4 -4 1 -4 0 -1 0 -4 0 0 0 3 3 0 2 -4 -2 0 -1 0 0 0 0 -2 4 -2 -1 -3 5 3 0 -1 1 -4 0 -1 0 0 -1 1 -2 2 0 -3 5 2 4 2 1 3 -2 1 0 4 2 -2 2 -3 1 -4 -1 1 1 3 -3 -4 -2 0 5 0 4 -2 0 2 -1 0 2 0 2 -3 0 0 1 3 5 0 4 2 -2 2 2 0 2 -1 1 2 -1 -1 0 1 -4 2 -3 -1 3 -1 0 -3 3 0 0 0 4 0 3 5 0 2 0 1 0 0 0 2 -2 5 2 -2 -1 3 -3 0 1 -3 2 0 1 4 1 -1 1 1 0 4 3 -4 3 0 0 -1 4 2 -2 0 -3 0 1 -2 0 0 5 2 2 3 3 -3 -3 0 -1 3 -3 -4 1 1 4 0 4 1 3 5 5 3 -2 0 -1 0 -5 0 0 -4 5 0 0 2 -3 -3 -3 -3 4 -1 0 3 4 -2

99 32 119.723693 -3 4 -1 0 -1 -2 0 -1 1 -3 0 -1 1 -3 4 -3 -1 0 3 5 0 0 -1 -2 3 -2 0 0 4 3 -1 -1 -4 2 -3 -1 0 -3 5 0 -4 -2 0 1 0 -4 0 2 0 -1 -1 -4 -4 1 -4 0 -1 0 -4 0 0 0 3 3 0 2 -4 -2 0 -1 0 0 0 0 -2 4 -2 -1 -3 5 3 0 -1 1 -4 0 -1 0 0 -1 1 -2 2 0 -3 5 2 4 2 1 3 -2 1 0 4 2 -2 2 -3 1 -4 -1 1 1 3 -3 -4 -2 0 5 0 4 -2 0 2 -1 0 2 0 2 -3 0 0 1 3 5 0 4 2 -2 2 2 0 2 -1 1 2 -1 -1 0 1 -4 2 -3 -1 3 -1 0 -3 3 0 0 0 4 0 3 5 0 2 0 1 0 0 0 2 -2 5 2 -2 -1 3 -3 0 1 -3 2 0 1 4 1 -1 1 1 0 4 3 -4 3 0 0 -1 4 2 -2 0 -3 0 1 -2 0 0 5 2 2 3 3 -3 -3 0 -1 3 -3 -4 1 1 4 0 4 1 3 5 5 3 -2 0 -1 0 -5 0 0 -4 5 0 0 2 -3 -3 -3 -3 4 -1 0 3 4 -2

100 30 126.674786 -3 4 -1 1 -1 -2 0 -1 1 -3 -1 -1 1 -3 3 -3 4 0 3 5 0 0 -1 -2 3 -2 0 0 4 3 -1 -1 -4 2 -3 -1 0 -3 5 1 -4 -2 -4 1 0 -4 0 2 0 -1 -1 -4 -4 1 -2 0 -1 0 -4 0 0 0 3 3 0 2 -4 -2 0 2 0 0 0 0 -3 4 -2 -1 -3 5 3 0 -1 1 -4 0 -2 0 -4 -1 1 -2 2 0 -3 5 2 4 2 1 -3 -2 1 0 4 2 0 2 0 1 -3 -1 1 1 3 -3 -4 -2 0 5 0 4 -2 0 2 -1 0 2 0 2 -1 0 0 1 1 -1 0 4 2 -2 2 2 0 2 -1 1 4 -1 -1 0 1 -4 2 -3 0 3 -1 0 -3 3 0 0 0 2 0 3 5 0 1 0 1 0 -4 0 2 -2 1 2 -4 0 3 1 1 1 -3 1 -2 1 3 1 -2 5 1 0 4 2 -4 0 0 0 -1 0 2 -2 1 -2 4 1 -3 0 0 5 2 2 3 3 -3 -3 0 -1 0 -3 3 1 2 4 0 4 1 3 5 5 3 -2 1 1 0 -5 0 0 -4 -5 0 1 2 -3 -3 -3 -3 4 -3 0 3 4 0

101 27 126.674786 -3 4 -1 1 -1 -2 0 -1 1 -3 -1 -1 1 -3 3 -3 4 0 3 5 0 0 -1 -2 3 -2 0 0 4 3 -1 -1 -4 2 -3 -1 0 -3 5 1 -4 -2 -4 1 0 -4 0 2 0 -1 -1 -4 -4 1 -2 0 -1 0 -4 0 0 0 3 3 0 2 -4 -2 0 2 0 0 0 0 -3 4 -2 -1 -3 5 3 0 -1 1 -4 0 -2 0 -4 -1 1 -2 2 0 -3 5 2 4 2 1 -3 -2 1 0 4 2 0 2 0 1 -3 -1 1 1 3 -3 -4 -2 0 5 0 4 -2 0 2 -1 0 2 0 2 -1 0 0 1 1 -1 0 4 2 -2 2 2 0 2 -1 1 4 -1 -1 0 1 -4 2 -3 0 3 -1 0 -3 3 0 0 0 2 0 3 5 0 1 0 1 0 -4 0 2 -2 1 2 -4 0 3 1 1 1 -3 1 -2 1 3 1 -2 5 1 0 4 2 -4 0 0 0 -1 0 2 -2 1 -2 4 1 -3 0 0 5 2 2 3 3 -3 -3 0 -1 0 -3 3 1 2 4 0 4 1 3 5 5 3 -2 1 1 0 -5 0 0 -4 -5 0 1 2 -3 -3 -3 -3 4 -3 0 3 4 0

102 26 126.674786 -3 4 -1 1 -1 -2 0 -1 1 -3 -1 -1 1 -3 3 -3 4 0 3 5 0 0 -1 -2 3 -2 0 0 4 3 -1 -1 -4 2 -3 -1 0 -3 5 1 -4 -2 -4 1 0 -4 0 2 0 -1 -1 -4 -4 1 -2 0 -1 0 -4 0 0 0 3 3 0 2 -4 -2 0 2 0 0 0 0 -3 4 -2 -1 -3 5 3 0 -1 1 -4 0 -2 0 -4 -1 1 -2 2 0 -3 5 2 4 2 1 -3 -2 1 0 4 2 0 2 0 1 -3 -1 1 1 3 -3 -4 -2 0 5 0 4 -2 0 2 -1 0 2 0 2 -1 0 0 1 1 -1 0 4 2 -2 2 2 0 2 -1 1 4 -1 -1 0 1 -4 2 -3 0 3 -1 0 -3 3 0 0 0 2 0 3 5 0 1 0 1 0 -4 0 2 -2 1 2 -4 0 3 1 1 1 -3 1 -2 1 3 1 -2 5 1 0 4 2 -4 0 0 0 -1 0 2 -2 1 -2 4 1 -3 0 0 5 2 2 3 3 -3 -3 0 -1 0 -3 3 1 2 4 0 4 1 3 5 5 3 -2 1 1 0 -5 0 0 -4 -5 0 1 2 -3 -3 -3 -3 4 -3 0 3 4 0

103 24 126.674786 -3 4 -1 1 -1 -2 0 -1 1 -3 -1 -1 1 -3 3 -3 4 0 3 5 0 0 -1 -2 3 -2 0 0 4 3 -1 -1 -4 2 -3 -1 0 -3 5 1 -4 -2 -4 1 0 -4 0 2 0 -1 -1 -4 -4 1 -2 0 -1 0 -4 0 0 0 3 3 0 2 -4 -2 0 2 0 0 0 0 -3 4 -2 -1 -3 5 3 0 -1 1 -4 0 -2 0 -4 -1 1 -2 2 0 -3 5 2 4 2 1 -3 -2 1 0 4 2 0 2 0 1 -3 -1 1 1 3 -3 -4 -2 0 5 0 4 -2 0 2 -1 0 2 0 2 -1 0 0 1 1 -1 0 4 2 -2 2 2 0 2 -1 1 4 -1 -1 0 1 -4 2 -3 0 3 -1 0 -3 3 0 0 0 2 0 3 5 0 1 0 1 0 -4 0 2 -2 1 2 -4 0 3 1 1 1 -3 1 -2 1 3 1 -2 5 1 0 4 2 -4 0 0 0 -1 0 2 -2 1 -2 4 1 -3 0 0 5 2 2 3 3 -3 -3 0 -1 0 -3 3 1 2 4 0 4 1 3 5 5 3 -2 1 1 0 -5 0 0 -4 -5 0 1 2 -3 -3 -3 -3 4 -3 0 3 4 0

104 23 126.674786 -3 4 -1 1 -1 -2 0 -1 1 -3 -1 -1 1 -3 3 -3 4 0 3 5 0 0 -1 -2 3 -2 0 0 4 3 -1 -1 -4 2 -3 -1 0 -3 5 1 -4 -2 -4 1 0 -4 0 2 0 -1 -1 -4 -4 1 -2 0 -1 0 -4 0 0 0 3 3 0 2 -4 -2 0 2 0 0 0 0 -3 4 -2 -1 -3 5 3 0 -1 1 -4 0 -2 0 -4 -1 1 -2 2 0 -3 5 2 4 2 1 -3 -2 1 0 4 2 0 2 0 1 -3 -1 1 1 3 -3 -4 -2 0 5 0 4 -2 0 2 -1 0 2 0 2 -1 0 0 1 1 -1 0 4 2 -2 2 2 0 2 -1 1 4 -1 -1 0 1 -4 2 -3 0 3 -1 0 -3 3 0 0 0 2 0 3 5 0 1 0 1 0 -4 0 2 -2 1 2 -4 0 3 1 1 1 -3 1 -2 1 3 1 -2 5 1 0 4 2 -4 0 0 0 -1 0 2 -2 1 -2 4 1 -3 0 0 5 2 2 3 3 -3 -3 0 -1 0 -3 3 1 2 4 0 4 1 3 5 5 3 -2 1 1 0 -5 0 0 -4 -5 0 1 2 -3 -3 -3 -3 4 -3 0 3 4 0

94 168 126.674786 -3 4 -1 1 -1 -2 0 -1 1 -3 -1 -1 1 -3 3 -3 4 0 3 5 0 0 -1 -2 3 -2 0 0 4 3 -1 -1 -4 2 -3 -1 0 -3 5 1 -4 -2 -4 1 0 -4 0 2 0 -1 -1 -4 -4 1 -2 0 -1 0 -4 0 0 0 3 3 0 2 -4 -2 0 2 0 0 0 0 -3 4 -2 -1 -3 5 3 0 -1 1 -4 0 -2 0 -4 -1 1 -2 2 0 -3 5 2 4 2 1 -3 -2 1 0 4 2 0 2 0 1 -3 -1 1 1 3 -3 -4 -2 0 5 0 4 -2 0 2 -1 0 2 0 2 -1 0 0 1 1 -1 0 4 2 -2 2 2 0 2 -1 1 4 -1 -1 0 1 -4 2 -3 0 3 -1 0 -3 3 0 0 0 2 0 3 5 0 1 0 1 0 -4 0 2 -2 1 2 -4 0 3 1 1 1 -3 1 -2 1 3 1 -2 5 1 0 4 2 -4 0 0 0 -1 0 2 -2 1 -2 4 1 -3 0 0 5 2 2 3 3 -3 -3 0 -1 0 -3 3 1 2 4 0 4 1 3 5 5 3 -2 1 1 0 -5 0 0 -4 -5 0 1 2 -3 -3 -3 -3 4 -3 0 3 4 0

95 39 126.674786 -3 4 -1 1 -1 -2 0 -1 1 -3 -1 -1 1 -3 3 -3 4 0 3 5 0 0 -1 -2 3 -2 0 0 4 3 -1 -1 -4 2 -3 -1 0 -3 5 1 -4 -2 -4 1 0 -4 0 2 0 -1 -1 -4 -4 1 -2 0 -1 0 -4 0 0 0 3 3 0 2 -4 -2 0 2 0 0 0 0 -3 4 -2 -1 -3 5 3 0 -1 1 -4 0 -2 0 -4 -1 1 -2 2 0 -3 5 2 4 2 1 -3 -2 1 0 4 2 0 2 0 1 -3 -1 1 1 3 -3 -4 -2 0 5 0 4 -2 0 2 -1 0 2 0 2 -1 0 0 1 1 -1 0 4 2 -2 2 2 0 2 -1 1 4 -1 -1 0 1 -4 2 -3 0 3 -1 0 -3 3 0 0 0 2 0 3 5 0 1 0 1 0 -4 0 2 -2 1 2 -4 0 3 1 1 1 -3 1 -2 1 3 1 -2 5 1 0 4 2 -4 0 0 0 -1 0 2 -2 1 -2 4 1 -3 0 0 5 2 2 3 3 -3 -3 0 -1 0 -3 3 1 2 4 0 4 1 3 5 5 3 -2 1 1 0 -5 0 0 -4 -5 0 1 2 -3 -3 -3 -3 4 -3 0 3 4 0

96 35 126.674786 -3 4 -1 1 -1 -2 0 -1 1 -3 -1 -1 1 -3 3 -3 4 0 3 5 0 0 -1 -2 3 -2 0 0 4 3 -1 -1 -4 2 -3 -1 0 -3 5 1 -4 -2 -4 1 0 -4 0 2 0 -1 -1 -4 -4 1 -2 0 -1 0 -4 0 0 0 3 3 0 2 -4 -2 0 2 0 0 0 0 -3 4 -2 -1 -3 5 3 0 -1 1 -4 0 -2 0 -4 -1 1 -2 2 0 -3 5 2 4 2 1 -3 -2 1 0 4 2 0 2 0 1 -3 -1 1 1 3 -3 -4 -2 0 5 0 4 -2 0 2 -1 0 2 0 2 -1 0 0 1 1 -1 0 4 2 -2 2 2 0 2 -1 1 4 -1 -1 0 1 -4 2 -3 0 3 -1 0 -3 3 0 0 0 2 0 3 5 0 1 0 1 0 -4 0 2 -2 1 2 -4 0 3 1 1 1 -3 1 -2 1 3 1 -2 5 1 0 4 2 -4 0 0 0 -1 0 2 -2 1 -2 4 1 -3 0 0 5 2 2 3 3 -3 -3 0 -1 0 -3 3 1 2 4 0 4 1 3 5 5 3 -2 1 1 0 -5 0 0 -4 -5 0 1 2 -3 -3 -3 -3 4 -3 0 3 4 0

97 34 126.674786 -3 4 -1 1 -1 -2 0 -1 1 -3 -1 -1 1 -3 3 -3 4 0 3 5 0 0 -1 -2 3 -2 0 0 4 3 -1 -1 -4 2 -3 -1 0 -3 5 1 -4 -2 -4 1 0 -4 0 2 0 -1 -1 -4 -4 1 -2 0 -1 0 -4 0 0 0 3 3 0 2 -4 -2 0 2 0 0 0 0 -3 4 -2 -1 -3 5 3 0 -1 1 -4 0 -2 0 -4 -1 1 -2 2 0 -3 5 2 4 2 1 -3 -2 1 0 4 2 0 2 0 1 -3 -1 1 1 3 -3 -4 -2 0 5 0 4 -2 0 2 -1 0 2 0 2 -1 0 0 1 1 -1 0 4 2 -2 2 2 0 2 -1 1 4 -1 -1 0 1 -4 2 -3 0 3 -1 0 -3 3 0 0 0 2 0 3 5 0 1 0 1 0 -4 0 2 -2 1 2 -4 0 3 1 1 1 -3 1 -2 1 3 1 -2 5 1 0 4 2 -4 0 0 0 -1 0 2 -2 1 -2 4 1 -3 0 0 5 2 2 3 3 -3 -3 0 -1 0 -3 3 1 2 4 0 4 1 3 5 5 3 -2 1 1 0 -5 0 0 -4 -5 0 1 2 -3 -3 -3 -3 4 -3 0 3 4 0

98 32 126.674786 -3 4 -1 1 -1 -2 0 -1 1 -3 -1 -1 1 -3 3 -3 4 0 3 5 0 0 -1 -2 3 -2 0 0 4 3 -1 -1 -4 2 -3 -1 0 -3 5 1 -4 -2 -4 1 0 -4 0 2 0 -1 -1 -4 -4 1 -2 0 -1 0 -4 0 0 0 3 3 0 2 -4 -2 0 2 0 0 0 0 -3 4 -2 -1 -3 5 3 0 -1 1 -4 0 -2 0 -4 -1 1 -2 2 0 -3 5 2 4 2 1 -3 -2 1 0 4 2 0 2 0 1 -3 -1 1 1 3 -3 -4 -2 0 5 0 4 -2 0 2 -1 0 2 0 2 -1 0 0 1 1 -1 0 4 2 -2 2 2 0 2 -1 1 4 -1 -1 0 1 -4 2 -3 0 3 -1 0 -3 3 0 0 0 2 0 3 5 0 1 0 1 0 -4 0 2 -2 1 2 -4 0 3 1 1 1 -3 1 -2 1 3 1 -2 5 1 0 4 2 -4 0 0 0 -1 0 2 -2 1 -2 4 1 -3 0 0 5 2 2 3 3 -3 -3 0 -1 0 -3 3 1 2 4 0 4 1 3 5 5 3 -2 1 1 0 -5 0 0 -4 -5 0 1 2 -3 -3 -3 -3 4 -3 0 3 4 0

