0.156481 0.456632 0.557421 0.518723 0.0522315 0.00323356 0.0933229 0.0705441 0.0104253 0.0792157 0.0638541 0.0356256 0.033129 
0.17316 0.147383 0.5609 0.162357 0.0397357 0.0557067 0.0971592 0.000502888 0.0469759 0.0145443 0.0594183 0.0475578 0.0453251 
0.524073 0.580494 0.177591 -0.206362 0.047911 0.0719802 0.0360928 0.0782516 0.0219062 0.0489142 0.0498623 0.0671022 0.0737385 
0.882143 0.891174 0.213632 -0.243962 0.0993904 0.0110408 0.0644205 0.092686 0.0922708 0.00128457 0.0567853 0.0959645 0.0509886 
0.505113 1 0.0771619 0.127734 0.0604478 0.0216647 0.00679473 0.000829566 0.0320323 0.0186612 0.0426504 0.00890843 0.0382514 
0.133193 -0.111919 0.525118 0.555016 0.0944909 0.081102 0.0207912 0.0824628 0.0857544 0.048523 0.00762394 0.0797742 0.0905483 
-0.229602 -0.156825 0.543395 0.44959 0.0490442 0.0138662 0.00396038 0.0767336 0.0259847 0.0838226 0.0290587 0.0590776 0.0965258 
-0.21545 -1 0.163348 0.131284 0.0437947 0.0881899 0.0469359 0.0997137 0.0878063 0.0141057 0.0561335 0.0912197 0.0628267 
0.148359 -1 0.351247 0.135841 0.0772656 0.0923556 0.0150097 0.0227653 0.0188268 0.0732217 0.0633333 0.0101129 0.0132031 
0.23435 0.993026 0.907924 0.133516 0.0744067 0.00127556 0.0991307 0.0919542 0.0759194 0.0691067 0.0930776 0.0293295 0.0618302 
0.22738 1 1 0.126724 0.0442904 0.0377159 0.0427062 0.0641999 0.00316893 0.00344926 0.0977769 0.00515882 0.038302 
0.149725 0.978067 1 0.225265 0.00530001 0.0167812 0.0955372 0.010532 0.0642339 0.0488857 0.00935965 0.0504128 0.0991194 
-0.237059 -1 0.22978 0.928415 0.00878218 0.0540223 0.0724247 0.0268161 0.0566871 0.097139 0.0661735 0.0768376 0.0286827 
-0.20669 -1 0.537177 0.563544 0.0797986 0.0101662 0.0580892 0.0763844 0.037641 0.0112451 0.0602773 0.0282985 0.0706191 
0.169932 -0.248895 0.156288 0.145562 0.0655582 0.00392677 0.0540258 0.080551 0.0212548 0.0743214 0.0473818 0.022536 0.0535206 
